1,1.520974938715384e+18,0.61901
2,1.164585305363094e+18,2.7161
3,8.999059463606051e+17,3.3399
4,6.194395202218821e+17,3.802
5,5.01716818830676e+17,4.2363
6,4.371083306524728e+17,4.646
7,3.641703768628402e+17,5.0509
8,3.166677672447694e+17,5.4566
9,2.69352164810188e+17,5.8624
10,2.412441304556531e+17,6.2675
11,2.213996378379884e+17,6.6723
12,2.097539905531584e+17,7.0779
13,2.007231913686116e+17,7.4893
14,1.949285931527005e+17,7.8942
15,1.833404852947648e+17,8.2998
16,1.780224036496343e+17,8.7042
17,1.742711051826144e+17,9.108
18,1.716305826897863e+17,9.5127
19,1.695265360367728e+17,9.9189
20,1.695868339174321e+17,10.3244
21,1.710908339773651e+17,10.7354
22,1.552321611373651e+17,11.1531
23,1.477466793368388e+17,11.5615
24,1.40840184758474e+17,11.966
25,1.34021164028474e+17,12.371
26,1.282754135591151e+17,12.7856
27,1.226313604091151e+17,13.1912
28,1.174280398841151e+17,13.6154
29,1.123453592865314e+17,14.0365
30,1.077738457273057e+17,14.447
31,1.032400278547461e+17,14.8524
32,9.888402561995699e+16,15.2578
33,9.487704144524509e+16,15.6625
34,9.092048829524512e+16,16.0677
35,8.724482309318994e+16,16.4801
36,8.379688102575797e+16,16.8851
37,8.056205305596566e+16,17.293
38,7.745383357596566e+16,17.7003
39,7.436826360121408e+16,18.1059
40,7.133840505121409e+16,18.5114
41,6.852524629235003e+16,18.9298
42,6.563980422491809e+16,19.3367
43,6.290485734491809e+16,19.7485
44,6.017434431328521e+16,20.1529
45,5.770903972503508e+16,20.5576
46,5.54291747727442e+16,20.9625
47,5.3207263045327e+16,21.3671
48,5.106499460738053e+16,21.7712
49,4.891115583904412e+16,22.1811
50,4.692595623904412e+16,22.5878
51,4.497529423554552e+16,22.9915
52,4.310457475554552e+16,23.395
53,4.1301687592688e+16,23.798
54,3.9126596617688e+16,24.2013
55,3.755237261754379e+16,24.6039
56,3.597823736754379e+16,25.0068
57,3.444753631828959e+16,25.4113
58,3.305399616058047e+16,25.8143
59,3.172131763558047e+16,26.2179
60,3.050378349713047e+16,26.6206
61,2.936674194294534e+16,27.0232
62,2.823974037354897e+16,27.4269
63,2.722810512354897e+16,27.8291
64,2.621865115048785e+16,28.2318
65,2.52165645139992e+16,28.6344
66,2.42752532989992e+16,29.0371
67,2.336372710801587e+16,29.4399
68,2.246426308720722e+16,29.8429
69,2.125387394659611e+16,30.2458
70,2.013554511297289e+16,30.6483
71,1.928463066820726e+16,31.0513
72,1.845142874972602e+16,31.4558
73,1.763399974408538e+16,31.8587
74,1.690131017908538e+16,32.2615
75,1.618942381855026e+16,32.6641
76,1.556923425355026e+16,33.0668
77,1.495095274666624e+16,33.4768
78,1.434132282166624e+16,33.88
79,1.374998626527556e+16,34.2846
80,1.320054048818326e+16,34.6902
81,1.266746071289518e+16,35.093
82,1.203547653818326e+16,35.4958
83,1.152778697318326e+16,35.8997
84,1.104994598563326e+16,36.3025
85,1.041419554048027e+16,36.7056
86,9942741141832272,37.1082
87,9495899166832272,37.5129
88,9089183259037852,37.9165
89,8693993694037853,38.3205
90,8301516804037853,38.7259
91,7942717044037853,39.1303
92,7589753829037853,39.5381
93,7240140504037853,39.9436
94,6898856079037853,40.3479
95,6560617089528883,40.751
96,6246057354528883,41.1547
97,5959723254528883,41.5577
98,5677033689528883,41.9608
99,5400330321141683,42.3643
100,5154030561141683,42.7696
101,4913567346141683,43.1756
102,4676897469981913,43.5832
103,4474837734981913,43.9874
104,4302562317095953,44.3922
105,4132372752095953,44.7957
106,3998572992095953,45.199
107,3865649294277323,45.6024
108,3737686079277323,46.0077
109,3612848249033738,46.4132
110,3477656819633958,46.8165
111,3373803753906308,47.2197
112,3264035673906308,47.6241
113,3163741211202023,48.0288
114,3066896626761098,48.4333
115,2761675923975553,48.8384
116,2249288360327038,49.2426
117,2153436471311033,49.6494
118,1812152046311033,50.054
119,1722592311311033,50.4573
120,1636818789698233,50.8631
121,1550115421311033,51.2667
122,1464341899698233,51.6699
123,1392188074306419,52.0735
124,1331582229430119,52.4829
125,1273645683302039,52.8873
126,1215956118302039,53.2912
127,1159252749914839,53.6941
128,1073479228302039,54.0978
129,1017630050387279,54.5016
130,972277461742659,54.9073
131,939811919742659,55.3114
132,910853807326454,55.7166
133,881177447326454,56.1206
134,853359228905209,56.5247
135,767585707292409,56.9286
136,740856972732153,57.3324
137,714327162732153,57.7359
138,688625027247148,58.1405
139,663537004847143,58.5472
140,639163047349898,58.9509
141,616306224213737,59.355
142,595459014213737,59.7585
143,566524833052221,60.1619
144,534706303052221,60.5651
145,512887773052221,60.9686
146,492422231052221,61.3725
147,472745871052221,61.7767
148,447977791052221,62.1812
149,426159261052221,62.5848
150,406482901052221,62.9889
151,393829557643901,63.3926
152,372011027643901,63.7952
153,352334667643901,64.1991
154,340563310771021,64.6082
155,329602198819021,65.0129
156,319885228771021,65.4187
157,303355418771021,65.8239
158,293679058771021,66.227
159,280414418771021,66.631
160,268910978771021,67.0349
161,259504475278336,67.4419
162,250543363326336,67.8461
163,240826393278336,68.2518
164,232907033278336,68.6563
165,225945921326336,69.0604
166,219174874691211,69.4646
167,212645064691211,69.8697
168,202928094643211,70.2735
169,197080884643211,70.6809
170,192119772691211,71.0854
171,187188490710010,71.4906
172,183034229194405,71.8948
173,179391294862760,72.3041
174,176073310862760,72.7131
175,173958574271080,73.118
176,171305230862760,73.5245
177,160086816235170,73.9292
178,155738298278965,74.3331
179,151628870862760,74.7381
180,141952510862760,75.1421
181,140634526862760,75.5568
182,139541109720280,75.9609
183,138646918316900,76.3674
184,133294329672280,76.7713
185,127040579672280,77.1768
186,117669071905900,77.5821
187,114035989672280,77.9876
188,110832316618875,78.3927
189,110002349114230,78.7978
190,109408833114230,79.2026
191,103561623114230,79.6105
192,103135489973750,80.0157
193,103110211517686,80.4201
194,103101001084845,80.8245
195,103101001084845,81.228
196,99554402473604,81.6351
197,103101001084845,82.0407
198,4685739560303091,82.4468
199,103101001084845,82.8526
200,4685739560303091,83.2579
201,103101001084845,83.6641
202,4685739560303091,84.0718
203,103101001084845,84.4857
204,4685739560303091,84.894
205,103101001084845,85.304
206,4685739560303091,85.7125
207,103101001084845,86.1214
208,103101001084845,86.527
209,103101001084845,86.9309
210,103101001084845,87.3348
211,102710072134845,87.7507
212,102320268184845,88.1618
213,101931589234845,88.5693
214,101544035284845,88.9751
215,101157606334845,89.3809
216,100772302384845,89.7864
217,100388123434845,90.1931
218,100005069484845,90.5989
219,99623140534845,91.005
220,99242336584845,91.4128
221,98862657634845,91.8206
222,98484103684845,92.227
223,98106674734845,92.6331
224,97730370784845,93.039
225,97355191834845,93.4529
226,96981137884845,93.8582
227,96608208934845,94.2655
228,96236404984845,94.6738
229,95865726034845,95.0804
230,95496172084845,95.4864
231,95127743134845,95.8923
232,94760439184845,96.2974
233,94394260234845,96.7037
234,94029206284845,97.11
235,93665277334845,97.5194
236,93302473384845,97.9267
237,92940794434845,98.3336
238,92580240484845,98.7406
239,92220811534845,99.1476
240,91862507584845,99.5536
241,91505328634845,99.959
242,91149274684845,100.3657
243,90794345734845,100.7717
244,90440541784845,101.1772
245,90087862834845,101.5817
246,89736308884845,101.9904
247,89385879934845,102.3964
248,89036575984845,102.8027
249,88688397034845,103.2102
250,88341344697645,103.6166
251,88005511497645,104.0235
252,87690490797645,104.4335
253,87396282597645,104.8473
254,87122886897645,105.2615
255,86870303697645,105.6791
256,86638532997645,106.0954
257,86427574797645,106.5292
258,86237429097645,106.9476
259,86068095897645,107.368
260,85900500147645,107.8019
261,85732291947645,108.2304
262,85564696197645,108.6578
263,85397612997645,109.0823
264,85230017247645,109.5287
265,85064059047645,109.9477
266,84896463297645,110.3706
267,84731630097645,110.794
268,84564034347645,111.2177
269,84400326147645,111.6242
270,84232730397645,112.0365
271,84070147197645,112.4575
272,83902551447645,112.8723
273,83741093247645,113.2915
274,83573497497645,113.7109
275,83413164297645,114.1294
276,83245568547645,114.5448
277,83086360347645,114.955
278,82918764597645,115.3646
279,82760681397645,115.7885
280,82593085647645,116.2044
281,82436127447645,116.6108
282,82268531697645,117.0273
283,82112698497645,117.4543
284,81945102747645,117.8744
285,81790394547645,118.2963
286,81622798797645,118.7045
287,81469215597645,119.1121
288,81301619847645,119.5195
289,81149161647645,119.9275
290,80981565897645,120.3345
291,80830232697645,120.7402
292,80662636947645,121.1458
293,80512428747645,121.5541
294,80344832997645,121.9596
295,80195749797645,122.3662
296,80028154047645,122.7722
297,79880195847645,123.1786
298,79712600097645,123.5846
299,79564691847645,124.0034
300,79398171147645,124.4264
301,79250262897645,124.8535
302,79084867197645,125.2703
303,78936958947645,125.6895
304,78772688247645,126.1105
305,78624779997645,126.5331
306,78461634297645,126.9549
307,78313726047645,127.3746
308,78151705347645,127.8078
309,78003797097645,128.2316
310,77842901397645,128.6781
311,77694993147645,129.1159
312,77535222447645,129.5444
313,77387314197645,129.9729
314,77228668497645,130.4093
315,77080760247645,130.8625
316,76923239547645,131.3105
317,76775331297645,131.7485
318,76618935597645,132.177
319,76471027347645,132.5912
320,76315756647645,133.0165
321,76167848397645,133.4454
322,76013702697645,133.877
323,75865794447645,134.304
324,75712773747645,134.7306
325,75564865497645,135.1529
326,75412969797645,135.5614
327,75265061547645,135.9817
328,75114290847645,136.3943
329,74966382597645,136.8019
330,74816736897645,137.2116
331,74668828647645,137.6315
332,74520307947645,138.052
333,74372399697645,138.4621
334,74225003997645,138.8679
335,74077095747645,139.2745
336,73930825047645,139.6824
337,73782916797645,140.0962
338,73637771097645,140.5116
339,73489862847645,140.9224
340,73345842147645,141.3416
341,73197933897645,141.7553
342,73055038197645,142.163
343,72907129947645,142.5722
344,72765359247645,142.979
345,72617450997645,143.3856
346,72476805297645,143.7913
347,72328897047645,144.2104
348,72189376347645,144.6287
349,72041468097645,145.0377
350,71903072397645,145.4468
351,71755164147645,145.8572
352,71617893447645,146.2637
353,71469985197645,146.6723
354,71333839497645,147.0785
355,71185931247645,147.4848
356,71050910547645,147.8904
357,70903002297645,148.2959
358,70769106597645,148.7028
359,70621198347645,149.1077
360,70488427647645,149.5207
361,70340519397645,149.9307
362,70208873697645,150.337
363,70060965447645,150.7443
364,69930444747645,151.1529
365,69782536497645,151.5617
366,69653140797645,151.967
367,69505232547645,152.3725
368,69376961847645,152.7782
369,69229053597645,153.1847
370,69100832847645,153.5904
371,68953999647645,153.9985
372,68825778897645,154.4044
373,68680070697645,154.8113
374,68551849947645,155.2171
375,68407266747645,155.6233
376,68279045997645,156.0288
377,68135587797645,156.4346
378,68007367047645,156.8404
379,67865033847645,157.246
380,67736813097645,157.6522
381,67595604897645,158.0586
382,67467384147645,158.4676
383,67327300947645,158.8759
384,67199080197645,159.2812
385,67060121997645,159.6897
386,66931901247645,160.0967
387,66794068047645,160.5048
388,66665847297645,160.9114
389,66529139097645,161.3181
390,66400918347645,161.7239
391,66265335147645,162.1307
392,66137114397645,162.5397
393,66002656197645,162.9467
394,65874435447645,163.3545
395,65741102247645,163.7676
396,65612881497645,164.1893
397,65480673297645,164.6101
398,65352452547645,165.0172
399,65221369347645,165.4293
400,65093148597645,165.8374
401,64963190397645,166.2455
402,64834969647645,166.6535
403,64706136447645,167.0603
404,64577915697645,167.4675
405,64450207497645,167.8745
406,64321986747645,168.2825
407,64195403547645,168.6889
408,64067182797645,169.0948
409,63941724597645,169.5042
410,63813503847645,169.9133
411,63689170647645,170.3212
412,63560949897645,170.7281
413,63437741697645,171.1359
414,63309520947645,171.5421
415,63187437747645,171.9555
416,63059216997645,172.3695
417,62938258797645,172.7769
418,62810038047645,173.1832
419,62690204847645,173.5948
420,62561984097645,174.0049
421,62443275897645,174.4126
422,62315055147645,174.8229
423,62197471947645,175.2406
424,62069251197645,175.6584
425,61952792997645,176.0722
426,61824572247645,176.5028
427,61709239047645,176.9186
428,61581018297645,177.3331
429,61466810097645,177.7617
430,61338589347645,178.1927
431,61225506147645,178.6332
432,61097285397645,179.0577
433,60985327197645,179.5907
434,60857106447645,180.0027
435,60746273247645,180.4125
436,60618052497645,180.8265
437,60508344297645,181.2456
438,60380123547645,181.6575
439,60271540347645,182.0643
440,60143319597645,182.4728
441,60034786347645,182.8805
442,59907640647645,183.2913
443,59799107397645,183.7021
444,59673086697645,184.1103
445,59564553447645,184.5175
446,59439657747645,184.925
447,59331124497645,185.3341
448,59207353797645,185.7398
449,59098820547645,186.1459
450,58976174847645,186.5576
451,58867641597645,186.9652
452,58746120897645,187.3721
453,58637587647645,187.7798
454,58517191947645,188.1877
455,58408658697645,188.5951
456,58289387997645,188.9996
457,58180854747645,189.4072
458,58062709047645,189.8131
459,57954175797645,190.2224
460,57837155097645,190.6317
461,57728621847645,191.039
462,57612726147645,191.4469
463,57504192897645,191.8559
464,57389422197645,192.2633
465,57280888947645,192.6719
466,57167243247645,193.0825
467,57058709997645,193.4984
468,56946189297645,193.9059
469,56837656047645,194.3141
470,56726260347645,194.7199
471,56617727097645,195.131
472,56507456397645,195.542
473,56398923147645,195.9487
474,56289777447645,196.3615
475,56181244197645,196.7683
476,56073223497645,197.1742
477,55964690247645,197.581
478,55857794547645,197.9867
479,55749261297645,198.3944
480,55643490597645,198.802
481,55534957347645,199.2082
482,55430311647645,199.617
483,55321778397645,200.0274
484,55218257697645,200.4342
485,55109724447645,200.8429
486,55007328747645,201.2518
487,54898795497645,201.6587
488,54797524797645,202.0658
489,54688991547645,202.4749
490,54588845847645,202.8855
491,54480312597645,203.2962
492,54381291897645,203.7046
493,54272758647645,204.1122
494,54174862947645,204.5231
495,54066329697645,204.932
496,53969558997645,205.339
497,53861025747645,205.7465
498,53765380047645,206.153
499,53656846797645,206.5601
500,53562326097645,206.9708
501,53453792847645,207.3835
502,53360397147645,207.7903
503,53251863897645,208.1971
504,53159593197645,208.6066
505,53051059947645,209.0148
506,52959914247645,209.421
507,52851380997645,209.8285
508,52761360297645,210.2352
509,52652827047645,210.6462
510,52563931347645,211.0574
511,52455398097645,211.4687
512,52366552347645,211.8785
513,52259094147645,212.2914
514,52170248397645,212.7048
515,52063915197645,213.1176
516,51975069447645,213.5574
517,51869861247645,214.042
518,51781015497645,214.4544
519,51676932297645,214.864
520,51588086547645,215.2719
521,51485128347645,215.6802
522,51396282597645,216.0927
523,51294449397645,216.5033
524,51205603647645,216.9107
525,51104895447645,217.3498
526,51016049697645,217.7666
527,50916466497645,218.1748
528,50827620747645,218.62
529,50729162547645,219.0631
530,50640316797645,219.4753
531,50542983597645,219.8857
532,50454137847645,220.2987
533,50357929647645,220.7108
534,50269083897645,221.1223
535,50174000697645,221.5326
536,50085154947645,221.9445
537,49991196747645,222.3526
538,49902350997645,222.7631
539,49809517797645,223.1728
540,49720672047645,223.5866
541,49628963847645,224.0028
542,49540118097645,224.4131
543,49449534897645,224.8229
544,49360689147645,225.234
545,49271230947645,225.6433
546,49182385197645,226.0549
547,49094051997645,226.4683
548,49005206247645,226.8823
549,48917998047645,227.3358
550,48829152297645,227.7771
551,48743069097645,228.2309
552,48654223347645,228.6557
553,48569265147645,229.0646
