1,79212597379,0.76018
2,12053369712.0593,6.7413
3,10750544824.9419,7.5726
4,9457548198.1366,8.22
5,8426302055.5859,8.8102
6,7608925142.1253,9.4356
7,7135761870.3286,10.0141
8,6956278002.1523,10.585
9,6776901783.593,11.1824
10,6597550196.6784,11.7786
11,6276808547.9056,12.3738
12,5920385667.2015,12.9476
13,5575177929.1951,13.5193
14,5200323908.3094,14.0874
15,4959680812.507,14.6562
16,4761481644.6038,15.2498
17,4582207036.4403,15.8195
18,4402371465.7987,16.3906
19,4046786919.1181,16.9678
20,3895412963.0737,17.5375
21,3769865085.7651,18.1465
22,3643104625.5692,18.7184
23,3514400788.8092,19.2961
24,3395427232.7936,19.8655
25,3288893555.3701,20.4355
26,2851829475.0805,21.0284
27,2821505154.339,21.6031
28,2703385988.8302,22.1758
29,2484527052.2511,22.7449
30,2390601407.2994,23.3157
31,2374996653.4595,23.8974
32,2357903873.5073,24.4824
33,2287534746.1699,25.052
34,2217618896.4315,25.6284
35,2214916357.0739,26.1979
36,2216339513.0016,26.7687
37,2209077179.382,27.3638
38,2216314262.3035,27.9499
39,2141563541.5307,28.5179
40,2073942394.6406,29.0974
41,2019024201.8733,29.6832
42,1983008223.2779,30.2838
43,1933604117.8624,30.8599
44,1992631110.5706,31.4365
45,2061571488.1841,32.0055
46,2112310484.4882,32.5842
47,2116829022.1315,33.1829
48,1892296742.4398,33.9125
49,1801089685.7008,34.6152
50,1648096983.3731,35.3168
51,1554650242.2005,36.035
52,1490461932.8033,36.7476
53,1417032328.0549,37.4455
54,1334789624.2379,38.1766
55,1252900356.539,38.9076
56,1177379204.5376,39.6539
57,1101609628.4987,40.3594
58,1053273832.3325,41.0591
59,1011914832.1086,41.7587
60,968873145.1537,42.4824
61,918671896.6885,43.1836
62,890162588.3975,43.8846
63,860878702.0508,44.5853
64,829266768.7131,45.302
65,796893474.3985,46.0059
66,764705976.8275,46.7074
67,733369739.9744,47.4071
68,702718230.5024,48.1133
69,672970844.8012,48.8122
70,645456387.6866,49.5145
71,623976379.3175,50.2122
72,602853272.6383,50.911
73,581888122.5748,51.6121
74,563813943.9177,52.311
75,546060121.9295,53.0093
76,528767871.6864,53.7065
77,511938177.4801,54.4084
78,495671076.184,55.1087
79,479776109.5452,55.806
80,465353574.2363,56.5061
81,451453821.7255,57.2083
82,435224782.2538,57.9198
83,424567992.0758,58.6169
84,412656294.1945,59.3172
85,397667386.1667,60.0176
86,385562083.0884,60.7147
87,373361447.3911,61.4116
88,361421243.8211,62.1076
89,349789696.5932,62.8036
90,338185011.8054,63.5026
91,326978946.5555,64.1992
92,315127863.9602,64.8952
93,304115515.8796,65.5909
94,292839967.1193,66.2911
95,282871072.7396,66.9857
96,265293942.6992,67.6828
97,270238352.71,68.3784
98,259719720.9868,69.0787
99,245079019.606,69.7792
100,231941378.4906,70.4777
101,223448387.4754,71.1729
102,218415102.0829,71.8704
103,209719155.3726,72.5729
104,201305308.251,73.2668
105,194096179.0291,73.9602
106,186055184.8039,74.6548
107,180350704.4089,75.3544
108,173656241.3098,76.0497
109,166400014.602,76.7455
110,158839365.6618,77.4399
111,151631472.2107,78.143
112,145162048.5452,78.8383
113,138851852.4083,79.5338
114,132500863.9171,80.2286
115,126341260.6575,80.9258
116,120169773.4654,81.624
117,114535331.956,82.32
118,108949753.323,83.016
119,103498371.9976,83.7117
120,98989864.0299,84.4159
121,94705575.7053,85.1136
122,91117621.3746,85.8093
123,88095978.2462,86.5071
124,85279682.1098,87.2104
125,82502697.0276,87.9078
126,80283528.4081,88.6073
127,78216975.8019,89.3233
128,76492501.707,90.0282
129,75056279.4558,90.7259
130,72963472.1332,91.4233
131,69219476.1344,92.1213
132,66596287.5156,92.8203
133,65680330.5785,93.5237
134,65034625.42,94.2206
135,59436760.5057,94.9165
136,59417459.8273,95.6137
137,59946345.8438,96.3178
138,60751370.0727,97.0138
139,62923716.5925,97.7095
140,65245386.1767,98.4062
141,64418772.0562,99.11
142,67425119.3848,99.8065
143,70404376.9677,100.5029
144,72799802.6905,101.1984
145,74627205.7257,101.8958
146,59219725.489,102.5952
147,55903353.4744,103.328
148,58077762.6005,104.0268
149,61098657.5823,104.7236
150,67454746.0755,105.4248
151,67159186.9345,106.1232
152,65163145.312,106.8212
153,54021761.2911,107.5182
154,57904640.2855,108.2283
155,61784691.0658,108.9252
156,65661763.0557,109.621
157,64198388.6243,110.3163
158,65726172.3781,111.0169
159,66763450.478,111.7139
160,67388706.4685,112.4109
161,67298132.9044,113.1084
162,53833207.0371,113.8072
163,52739519.4063,114.5094
164,52269458.4665,115.208
165,51925885.1812,115.9076
166,51756765.2467,116.6076
167,51823063.6476,117.3119
168,52195729.9902,118.009
169,53228946.6288,118.7068
170,54581376.7057,119.4034
171,56218303.3142,120.1039
172,56801688.0597,120.8017
173,49936671.0211,121.5008
174,49929441.8528,122.203
175,46893200.8754,122.9057
176,45444691.5796,123.6082
177,44856862.7837,124.3061
178,44277565.3738,125.0073
179,43960203.9183,125.7051
180,43687886.3759,126.4098
181,43444435.7158,127.1074
182,43219759.1882,127.8051
183,43017316.1265,128.5051
184,42840811.5954,129.2085
185,42694125.5421,129.9078
186,42581186.075,130.6061
187,42505774.0089,131.3001
188,42213156.6993,131.9996
189,42353350.3275,132.6977
190,42182501.2243,133.3951
191,42117531.8485,134.0926
192,41965756.7879,134.7912
193,42025593.0882,135.4935
194,41585486.0218,136.192
195,41568478.9422,136.8906
196,41558613.3311,137.5893
197,41555848.7754,138.2963
198,41091191.6108,138.9958
199,41141421.2949,139.6927
200,40785532.3282,140.3912
201,40757657.9499,141.0932
202,40690056.0965,141.7899
203,40585165.0568,142.4878
204,40446097.671,143.1867
205,40276352.177,143.8855
206,40079579.8016,144.586
207,39859414.4672,145.2858
208,39619360.6272,145.9851
209,39362730.3311,146.6857
210,39092619.071,147.392
211,38811910.5003,148.0913
212,38523301.7084,148.7885
213,38229342.661,149.4853
214,37932485.2313,150.1862
215,37635138.7378,150.8833
216,37339729.9557,151.5779
217,37048766.1455,152.2804
218,36764899.686,152.9804
219,36490992.3503,153.6768
220,36230176.011,154.3703
221,35985904.4604,155.0663
222,35761987.9774,155.7637
223,35590551.7843,156.4676
224,35418057.8171,157.1659
225,35311405.0642,157.8635
226,35250838.4344,158.5607
227,35221500.2483,159.2656
228,35157288.792,159.9633
229,35117889.4742,160.6663
230,35038934.4448,161.3621
231,34922997.7221,162.0619
232,34773495.0513,162.7597
233,34594244.3647,163.4585
234,34389211.2899,164.1551
235,34162330.0867,164.8533
236,33917393.5039,165.5543
237,33657999.7705,166.2529
238,33387543.6758,166.9528
239,33109239.8967,167.6507
240,32826168.9855,168.3532
241,32541338.8201,169.0514
242,32334770.6139,169.7489
243,32056659.0171,170.4462
244,31891831.6828,171.1453
245,31741261.9872,171.8429
246,31626335.1469,172.5407
247,31534317.8481,173.2373
248,31438162.1317,173.9354
249,31336410.6402,174.6334
250,31245268.5276,175.3295
251,31147511.3298,176.024
252,31050019.5911,176.7193
253,30957423.0891,177.4187
254,30865012.9839,178.1152
255,30782075.2698,178.8111
256,30710727.775,179.5091
257,30646709.2388,180.2098
258,30576495.9684,180.9062
259,30519705.3982,181.6032
260,30458733.4137,182.3004
261,30412799.7313,182.9996
262,30370727.4988,183.7064
263,30334587.9343,184.4027
264,30291248.4755,185.1022
265,30265086.497,185.7984
266,30246598.4256,186.497
267,30192513.3324,187.1932
268,30193078.0602,187.8899
269,28471869.1639,188.5856
270,24591804.1342,189.2856
271,15494245.9032,189.9824
272,16145528.644,190.6775
273,22951041.2439,191.3729
274,23907314.4126,192.0729
275,25310044.1528,192.7697
276,26725584.8591,193.4634
277,28139027.0627,194.1565
278,29295719.3712,194.8524
279,30115316.8519,195.5507
280,30706887.3973,196.2473
281,31081783.0817,196.9426
282,31307891.5672,197.6383
283,14939964.1566,198.3372
284,12854659.6772,199.0344
285,38388110.2783,199.7297
286,67890539.6578,200.4224
287,75016269.3195,201.1177
288,76018366.5575,201.8138
289,76070901.5573,202.5078
290,75106304.3382,203.2
291,75104812.3411,203.8954
292,75104810.0037,204.5956
293,75019853.09,205.2927
294,74793904.2686,205.9883
295,74480187.6643,206.6847
296,74391127.5193,207.3852
297,74387130.763,208.0794
298,74387124.0114,208.7732
299,74308647.7977,209.4667
300,73909191.4532,210.1668
301,73908516.1502,210.8613
302,73908515.002,211.5567
303,73908515,212.2505
304,73908515,212.9474
305,19388239.1877,213.644
306,8453157.2963,214.3389
307,3145859.3754,215.0318
308,10251429.6543,215.7258
309,18637072.1888,216.427
310,23388575.9932,217.1209
311,24568642.4686,217.8144
312,24824343.4559,218.5092
313,24838880.4328,219.2083
314,24838905.9551,219.9021
315,24838905.9999,220.5974
316,24441899.2623,221.2929
317,24438911.6181,221.9906
318,24438906.0105,222.689
319,24438906,223.3871
320,24438906,224.0866
321,24434906,224.7831
322,24438899.145,225.4852
323,24438905.9883,226.1832
324,24438906,226.8803
325,24438906,227.5776
326,4505869.2519,228.286
327,18693517.6728,228.9911
328,71176531.2152,229.7019
329,73729253.6977,230.4106
