1,1.559091291591636e+18,0.59366
2,1.171430292895076e+18,2.3739
3,8.512716448892241e+17,2.8907
4,6.195217515009996e+17,3.3467
5,4.035324685693852e+17,3.8023
6,3.227468534810756e+17,4.2812
7,2.599651029097799e+17,4.7364
8,2.026440107479997e+17,5.1984
9,1.711431372566679e+17,5.6536
10,1.528514102006138e+17,6.1091
11,1.384127120280211e+17,6.5679
12,1.25677493791012e+17,7.0344
13,1.173863467899855e+17,7.492
14,1.15088582631826e+17,7.9595
15,1.145487930489884e+17,8.4237
16,1.145487930489884e+17,8.8839
17,1.148862473315124e+17,9.3545
18,5.004790764029374e+16,10.0726
19,4.00607303526477e+16,10.6364
20,3.541079052448469e+16,11.1284
21,3.252672498610392e+16,11.6518
22,2.891974443369216e+16,12.185
23,2.661526837061249e+16,12.6897
24,2.467732924661249e+16,13.1894
25,2.300429612661249e+16,13.7238
26,2.134298352526711e+16,14.408
27,2.008880336151667e+16,14.9593
28,1.888678838821162e+16,15.4652
29,1.774950049852886e+16,15.9698
30,1.668716157252886e+16,16.4604
31,1.5645212255676e+16,16.9398
32,1.461866037767601e+16,17.4308
33,1.34009450480885e+16,17.9222
34,1.26079119280885e+16,18.4113
35,1.19268089160325e+16,18.8976
36,1.125743131935557e+16,19.3909
37,1.059862443996546e+16,19.8801
38,1.002387305433857e+16,20.3881
39,9496921125790704,20.8818
40,9009714403087892,21.3824
41,8524130606095391,21.8783
42,8053912738977636,22.3724
43,7627066761759135,22.8559
44,7219785759446793,23.3603
45,6838073697722535,23.8602
46,6086064172636889,24.3708
47,5716751187644997,24.8786
48,5378918960075781,25.3577
49,5064704262071612,25.8416
50,4812365230071612,26.364
51,4573915875634432,26.8881
52,4312654796638852,27.4243
53,4121147216638852,27.9346
54,3938458182577654,28.4676
55,3759644656828354,28.9765
56,3583726012828354,29.5365
57,3458338753604156,30.0756
58,3352894106025325,30.5948
59,3250960140046815,31.1221
60,3153154164323586,31.7193
61,3069665420151711,32.2175
62,2988179577186151,32.7176
63,2915241917351118,33.2362
64,2869195553644988,33.7282
65,2819918369168086,34.2738
66,2773872005461956,34.7707
67,2735153138276734,35.3026
68,2712621717239412,35.8168
69,2695952545618262,36.3382
70,2656875349513057,36.8515
71,2575389506547497,37.3553
72,2560290675644187,37.8648
73,2548554147018650,38.3631
74,2542699272155185,38.8459
75,2523602486152872,39.352
76,2161087645575932,39.8511
77,2058436419523262,40.3359
78,2055023529851715,40.8253
79,2025033876969470,41.3087
80,2022204629746380,41.7923
81,2020700756765853,42.2755
82,2019423602480413,42.7546
83,2019012376551590,43.2323
84,2018618670021230,43.7117
85,2018618670021230,44.19
86,2018618670021230,44.6734
87,4935144850653831,45.159
88,4305776887481482,45.643
89,3603462066060942,46.1249
90,3325315536237180,46.603
91,3151389854853232,47.093
92,3087037214853232,47.5741
93,2685731854853232,48.0668
94,2571266457505697,48.5551
95,2449526026271277,49.0518
96,2399213729471277,49.5451
97,2355448786886152,50.0236
98,2319856490086152,50.5012
99,2291085994086152,50.9782
100,2263915498086152,51.5047
101,2238345002086152,51.9931
102,2213926392744753,52.4736
103,2069452350461652,52.9542
104,2045033741120253,53.4357
105,2020926329120253,53.9214
106,1996955833120253,54.4007
107,1974448421120253,54.8774
108,1952077925120253,55.3539
109,1931170513120253,55.8305
110,1910298216320253,56.3075
111,1890525851707220,56.7847
112,1871218439707220,57.261
113,1852252447707220,57.7388
114,1833787179707220,58.2151
115,1816079767707220,58.6923
116,1798713775707220,59.1691
117,1782606363707220,59.6458
118,1766840371707220,60.1224
119,1751456931707220,60.6008
120,1736191663707220,61.08
121,1721684251707220,61.5608
122,1707518259707220,62.0377
123,1693734819707220,62.5153
124,1680827407707220,62.9922
125,1668287533715572,63.4704
126,1655986095315572,63.9468
127,1594959077865732,64.4234
128,958873898275327,64.8996
129,822270069499520,65.3788
130,750526112399952,65.8572
131,718863744399952,66.3349
132,691041376399952,66.8125
133,666894245999952,67.2903
134,641311877999952,67.7708
135,619404747599952,68.2488
136,596062379599952,68.7262
137,576395249199952,69.2027
138,555292881199952,69.6892
139,536122385199952,70.1853
140,518551889199952,70.6847
141,501124758799952,71.1853
142,482262390799952,71.6837
143,466291894799952,72.164
144,451104764399952,72.6431
145,434482396399952,73.1274
146,420111900399952,73.6108
147,407164769999952,74.0913
148,392782401999952,74.57
149,380571966205572,75.0526
150,368388526205572,75.5366
151,357183963555992,76.0284
152,346476833155992,76.5118
153,334334465155992,76.9904
154,323751025155992,77.4755
155,313276444405992,77.9593
156,304244676405992,78.4386
157,295261236405992,78.9196
158,286398086005992,79.4026
159,277930955605992,79.8821
160,268028587605992,80.366
161,260351771611772,80.8485
162,252968331611772,81.3311
163,246011542880895,81.8199
164,238349174880895,82.3117
165,231434638880895,82.7941
166,225036060105395,83.2903
167,219204292105395,83.8175
168,213426148162757,84.3204
169,208003780162757,84.8107
170,201089244162757,85.2992
171,195774708162757,85.8069
172,190747552962757,86.3064
173,185922609040685,86.7947
174,171249943870665,87.2786
175,166467575870665,87.8192
176,160932843870665,88.3112
177,155618307870665,88.7988
178,151231152670665,89.2989
179,147053500833545,89.7803
180,142911132833545,90.2575
181,137596596833545,90.7344
182,133661864833545,91.2184
183,129914709633545,91.6983
184,126175981633545,92.1751
185,121944213633545,92.6527
186,118205485633545,93.136
187,114490949633545,93.6446
188,109388581633545,94.131
189,105674045633545,94.6099
190,102566890433545,95.0869
191,99683030433545,95.5688
192,95232805083125,96.0523
193,92320244914465,96.5335
194,82990282852620,97.0107
195,77766730852620,97.4877
196,74904062230040,97.9684
197,70969630852620,98.4553
198,67255094852620,98.9384
199,64623326852620,99.416
200,60884598852620,99.8934
201,58301158852620,100.3767
202,56078490230040,100.8598
203,52363954230040,101.3382
204,50029522852620,101.8213
205,47890794852620,102.3037
206,45259026852620,102.7821
207,43120298852620,103.2646
208,41089702846840,103.7481
209,39117686179472,104.2331
210,34223448410640,104.7185
211,32640779788060,105.2018
212,31273366563560,105.6846
213,30280878885520,106.171
214,28806211363560,106.6661
215,26979056163560,107.1498
216,25791900963560,107.6328
217,24808460963560,108.1109
218,24074029586140,108.5912
219,23445220947935,109.0678
220,22885160742315,109.5445
221,22338005542315,110.0219
222,21835163942315,110.5001
223,21343752692315,110.9773
224,21240903341895,111.4554
225,21200591244327,111.9332
226,21168316986279,112.4114
227,21142198977927,112.8886
228,21131683279927,113.3669
229,21131683279927,113.8441
230,21131683279927,114.3205
231,21131683279927,114.7973
232,21131683279927,115.2733
233,21131683279927,115.7497
234,21131683279927,116.2267
235,21131683279927,116.7037
236,21131683279927,117.1805
237,21131683279927,117.6567
238,21131683279927,118.1341
239,21131683279927,118.6101
240,21131683279927,119.0888
241,21131683279927,119.5663
242,21131683279927,120.0433
243,21131683279927,120.52
244,21131683279927,121.0006
245,21131683279927,121.4821
246,21131683279927,121.9648
247,21131683279927,122.444
248,21131683279927,122.9244
249,21131683279927,123.376
250,21131683279927,123.829
251,2937735835801860,124.2804
252,22362340001407.3,124.7583
253,22362340001407.3,125.236
254,22362340001407.3,125.7142
255,21131683279927,126.1948
256,21131683279927,126.6758
257,21131683279927,127.1555
258,21131683279927,127.6346
259,21131683279927,128.1147
260,21131683279927,128.5953
261,21131683279927,129.0755
262,21131683279927,129.5551
263,21131683279927,130.0337
264,21131683279927,130.521
265,21131683279927,130.9996
266,21131683279927,131.4793
267,21131683279927,131.9584
268,21131683279927,132.4371
269,21131683279927,132.9165
270,21131683279927,133.3961
271,21131683279927,133.8767
272,21131683279927,134.3565
273,21131683279927,134.8359
274,21131683279927,135.315
275,21131683279927,135.7936
276,21131683279927,136.2725
277,21131683279927,136.767
278,21131683279927,137.2595
279,21131683279927,137.7537
280,21131683279927,138.2362
281,21131683279927,138.7328
282,21131683279927,139.2286
283,21131683279927,139.7285
284,21131683279927,140.2111
285,21131683279927,140.696
286,21131683279927,141.1937
287,21131683279927,141.6832
288,21131683279927,142.1873
289,21131683279927,142.6922
290,21131683279927,143.1856
291,21131683279927,143.688
292,21131683279927,144.1999
293,21131683279927,144.6916
294,21131683279927,145.1708
295,21131683279927,145.713
296,21131683279927,146.2356
297,21131683279927,146.7435
298,21131683279927,147.2339
299,21131683279927,147.7214
300,21131683279927,148.203
301,21131683279927,148.6825
302,21131683279927,149.1618
303,21131683279927,149.6447
304,21131683279927,150.1246
305,21131683279927,150.6039
306,21131683279927,151.0892
307,21131683279927,151.5686
308,21131683279927,152.0522
309,21131683279927,152.5518
310,21131683279927,153.0308
311,21131683279927,153.5162
312,21131683279927,154.023
313,21131683279927,154.5134
314,21131683279927,154.9968
315,21131683279927,155.4808
316,21131683279927,155.9644
317,21131683279927,156.4438
318,21131683279927,156.9217
319,21131683279927,157.4006
320,21131683279927,157.8831
321,21131683279927,158.3729
322,21131683279927,158.862
323,21131683279927,159.3453
324,21131683279927,159.8229
325,21131683279927,160.301
326,21131683279927,160.7782
327,21131683279927,161.2647
328,21131683279927,161.7421
329,21131683279927,162.219
330,21131683279927,162.6992
331,21131683279927,163.1806
332,21131683279927,163.6611
333,21131683279927,164.1384
334,21131683279927,164.6176
335,21131683279927,165.1133
336,21131683279927,165.6055
337,21131683279927,166.0951
338,21131683279927,166.5814
339,21131683279927,167.0617
340,21131683279927,167.5423
341,21131683279927,168.0213
342,21131683279927,168.5029
343,21131683279927,168.988
344,21131683279927,169.4681
345,21131683279927,169.9527
346,21131683279927,170.4591
347,21131683279927,170.9582
348,21131683279927,171.4579
349,21131683279927,171.9532
350,21131683279927,172.434
351,21131683279927,172.9286
352,21131683279927,173.4206
353,21131683279927,173.9066
354,21131683279927,174.3911
355,21131683279927,174.8732
356,21131683279927,175.3568
357,21131683279927,175.8426
358,21131683279927,176.3316
359,21131683279927,176.8197
360,21131683279927,177.306
361,21131683279927,177.8368
362,21131683279927,178.3375
363,21131683279927,178.8194
364,21131683279927,179.2986
365,21131683279927,179.7938
366,21131683279927,180.2763
367,21131683279927,180.7602
368,21131683279927,181.2467
369,21131683279927,181.7378
370,21131683279927,182.2199
371,21131683279927,182.7097
372,21131683279927,183.1941
373,21131683279927,183.6818
374,21131683279927,184.1745
375,21131683279927,184.6591
376,21131683279927,185.1453
377,21131683279927,185.6325
378,21131683279927,186.1211
379,21131683279927,186.6107
380,21131683279927,187.0942
381,21131683279927,187.5747
382,21131683279927,188.1238
383,21131683279927,188.6362
384,21131683279927,189.1341
385,21131683279927,189.6163
386,21131683279927,190.1005
387,21131683279927,190.5808
388,21131683279927,191.0596
389,21131683279927,191.5461
390,21131683279927,192.0257
391,21131683279927,192.5039
392,21131683279927,192.982
393,21131683279927,193.4594
394,21131683279927,193.937
395,21131683279927,194.4199
396,21131683279927,194.9009
397,21131683279927,195.382
398,21131683279927,195.8817
399,21131683279927,196.384
400,21131683279927,196.87
401,21131683279927,197.3551
402,21131683279927,197.8438
403,21131683279927,198.3251
404,21131683279927,198.8027
405,21131683279927,199.2881
406,21131683279927,199.7649
407,21131683279927,200.2431
408,21131683279927,200.7206
409,21131683279927,201.1985
410,21131683279927,201.6763
411,21131683279927,202.1546
412,21131683279927,202.6487
413,21131683279927,203.1275
414,21131683279927,203.6071
415,21131683279927,204.0845
416,21131683279927,204.5638
417,21131683279927,205.0406
418,21131683279927,205.4896
419,21131683279927,205.938
420,2937735835801860,206.3877
421,22362340001407.3,206.8636
422,22362340001407.3,207.34
423,22362340001407.3,207.8171
424,21131683279927,208.2958
425,21131683279927,208.7723
426,21131683279927,209.2495
427,21131683279927,209.7261
428,21131683279927,210.2026
429,21131683279927,210.6792
430,21131683279927,211.1555
431,21131683279927,211.6324
432,21131683279927,212.1086
433,21131683279927,212.5856
434,21131683279927,213.0619
435,21131683279927,213.5385
436,21131683279927,214.0146
437,21131683279927,214.4913
438,21131683279927,214.9674
439,21131683279927,215.4449
440,21131683279927,215.9212
441,21131683279927,216.3982
442,21131683279927,216.8748
443,21131683279927,217.3517
444,21131683279927,217.8284
445,21131683279927,218.3064
446,21131683279927,218.7832
447,21131683279927,219.2606
448,21131683279927,219.739
449,21131683279927,220.2181
450,21131683279927,220.6992
451,21131683279927,221.1787
452,21131683279927,221.6584
453,21131683279927,222.1371
454,21131683279927,222.6208
455,21131683279927,223.1103
456,21131683279927,223.6187
457,21131683279927,224.0987
458,21131683279927,224.5785
459,21131683279927,225.0599
460,21131683279927,225.5395
461,21131683279927,226.0247
462,21131683279927,226.5007
463,21131683279927,226.9804
464,21131683279927,227.4613
465,21131683279927,227.9577
466,21131683279927,228.4357
467,21131683279927,228.9121
468,21131683279927,229.3889
469,21131683279927,229.8624
470,21131683279927,230.3373
471,21131683279927,230.8108
472,21131683279927,231.2858
473,21131683279927,231.7601
474,21131683279927,232.2347
475,21131683279927,232.7089
476,21131683279927,233.1836
477,21131683279927,233.6584
478,21131683279927,234.1331
479,21131683279927,234.6141
480,21131683279927,235.0893
481,21131683279927,235.5668
482,21131683279927,236.0474
483,21131683279927,236.528
484,21131683279927,237.0097
485,21131683279927,237.5963
486,21131683279927,238.0755
487,21131683279927,238.5568
488,21131683279927,239.044
489,21131683279927,239.5265
490,21131683279927,240.0051
491,21131683279927,240.4862
