1,1.967468770942659e+18,0.23661
2,1.473669267443514e+18,0.28646
3,1.112316432016303e+18,0.3195
4,7.67495089371616e+17,0.35203
5,6.210571938141775e+17,0.3859
6,4.946390747795379e+17,0.41867
7,3.83435741572557e+17,0.45139
8,2.747110348811592e+17,0.4838
9,2.248462991853194e+17,0.5166
10,1.747774214139063e+17,0.54948
11,1.463837286332749e+17,0.58177
12,1.247330954332749e+17,0.62137
13,1.096358086332749e+17,0.65451
14,5.838317196709034e+16,0.70157
15,4.812664761905374e+16,0.73825
16,3.840225469851162e+16,0.77014
17,3.220484237936612e+16,0.80161
18,2.872098394289462e+16,0.83338
19,2.525118058238058e+16,0.86513
20,2.220543208764559e+16,0.8967
21,1.952648744576818e+16,0.9284
22,1.685952985877217e+16,0.96039
23,1.490804460872507e+16,0.99196
24,1.313920625617157e+16,1.0238
25,8755356544663184,1.059
26,6626840230882706,1.092
27,5283792005617706,1.1236
28,4146700779132800,1.1552
29,3067499497499840,1.1875
30,2220344502431690,1.2208
31,1720940214431690,1.2525
32,1395569304382755,1.284
33,1073534789673486,1.3155
34,653984777947086,1.3488
35,402154806361590,1.3812
36,221252844361190,1.4129
37,93314866630256,1.4443
38,68637140507672,1.4771
39,59966470137368,1.5099
40,55101201258104,1.5416
41,51723563743010,1.5733
42,49011727743010,1.608
43,46708284543010,1.6414
44,44316448543010,1.6735
45,42013005343010,1.7049
46,39781962943010,1.7366
47,37710126943010,1.7698
48,35406683743010,1.8022
49,33495641343010,1.8341
50,31743805343010,1.8656
51,29440362143010,1.8981
52,27849319743010,1.9306
53,26417483743010,1.9622
54,24114040543010,1.9936
55,22842998143010,2.0306
56,21731162143010,2.0634
57,19427718943010,2.095
58,18476676543010,2.1264
59,17684840543010,2.1621
60,15381397343010,2.1942
61,14750354943010,2.2258
62,14278518943010,2.2572
63,11975075743010,2.2886
64,11503707565346,2.32
65,11033697244610,2.3514
66,9048428365346,2.3828
67,8578418044610,2.4142
68,6913149165346,2.446
69,6443138844610,2.4774
70,5097869965346,2.5088
71,4627859644610,2.5402
72,3602590765346,2.5716
73,3132580444610,2.6032
74,2427311565346,2.6352
75,1957301244610,2.6667
76,1572032365346,2.6991
77,1102022044610,2.731
78,790979644610,2.7629
79,725710765346,2.7943
80,255700444610,2.8259
81,255700444610,2.8572
82,255700444610,2.8888
83,255700444610,2.9205
84,255700444610,2.9532
85,255700444610,2.9847
86,255700444610,3.0163
87,255700444610,3.0481
88,255700444610,3.0827
89,255700444610,3.1213
90,255700444610,3.1532
91,255700444610,3.1883
92,255700444610,3.2205
93,255700444610,3.2523
94,255700444610,3.2838
95,255700444610,3.3155
96,255700444610,3.3479
97,255700444610,3.38
98,255700444610,3.412
99,255700444610,3.4439
100,255700444610,3.4763
101,255700444610,3.5215
102,255700444610,3.5544
103,255700444610,3.5863
104,118756298066,3.6328
105,40421244610,3.6669
106,27803341305,3.702
107,4774671801,3.7366
108,4774671801,3.7713
109,4774671801,3.8068
110,14324015403,3.8559
111,14324015403,3.8883
112,14324015403,3.9196
113,14324015403,3.9548
114,14324015403,3.9885
115,14324015403,4.0226
116,14324015403,4.0593
117,14324015403,4.0961
118,14324015403,4.13
119,14324015403,4.1634
120,14324015403,4.1987
121,14324015403,4.2308
122,14324015403,4.2626
123,14324015403,4.2944
124,14324015403,4.3261
125,14324015403,4.3579
126,14324015403,4.3895
127,14324015403,4.4208
128,14324015403,4.4523
129,14324015403,4.4839
130,14324015403,4.5156
131,14324015403,4.5607
132,14324015403,4.5935
133,14324015403,4.6253
134,14324015403,4.6579
135,14324015403,4.6896
136,14324015403,4.7215
137,14324015403,4.755
138,14324015403,4.7867
139,14324015403,4.8188
140,14324015403,4.8506
141,14324015403,4.8823
142,14324015403,4.9139
143,14324015403,4.9454
144,14324015403,4.9774
145,14324015403,5.0091
146,14324015403,5.0408
147,14324015403,5.0734
148,14324015403,5.1051
149,14324015403,5.1368
150,14324015403,5.1684
151,14324015403,5.2003
152,9549343602,5.2374
153,9549343602,5.2729
154,9549343602,5.3096
155,4774671801,5.3455
156,4774671801,5.3777
157,4774671801,5.4099
158,4774671801,5.4418
159,4774671801,5.4732
160,4774671801,5.5048
161,4774671801,5.5361
162,4774671801,5.5684
163,4774671801,5.6013
164,4774671801,5.6338
165,4774671801,5.6657
166,4774671801,5.6976
167,4774671801,5.7296
168,4774671801,5.7617
169,4774671801,5.7935
170,4774671801,5.8254
171,4774671801,5.8573
172,4774671801,5.8891
173,4774671801,5.921
174,4774671801,5.9529
175,4774671801,5.9847
176,4774671801,6.0189
177,4774671801,6.051
178,4774671801,6.0854
179,4774671801,6.1246
180,4774671801,6.1586
181,4774671801,6.1943
182,4774671801,6.2307
183,4774671801,6.2671
184,4774671801,6.305
185,4774671801,6.3422
186,14324015403,6.3753
187,14324015403,6.4076
188,14324015403,6.4396
189,14324015403,6.4743
190,14324015403,6.5117
191,14324015403,6.5436
192,14324015403,6.5749
193,14324015403,6.607
194,14324015403,6.639
195,14324015403,6.6737
196,14324015403,6.7092
197,14324015403,6.7469
198,14324015403,6.7834
199,14324015403,6.818
200,14324015403,6.8524
201,14324015403,6.8857
202,14324015403,6.9198
203,14324015403,6.9538
204,14324015403,6.9885
205,14324015403,7.023
206,14324015403,7.0583
207,14324015403,7.0909
208,14324015403,7.1244
209,14324015403,7.1562
210,14324015403,7.1897
211,14324015403,7.2216
212,14324015403,7.253
213,14324015403,7.2847
214,14324015403,7.3162
215,14324015403,7.3473
216,14324015403,7.386
217,14324015403,7.419
218,14324015403,7.4504
219,14324015403,7.4816
220,14324015403,7.5128
221,14324015403,7.5444
222,14324015403,7.5764
223,14324015403,7.6081
224,14324015403,7.6396
225,14324015403,7.6711
226,14324015403,7.7027
227,14324015403,7.7342
228,14324015403,7.7663
229,14324015403,7.7982
230,9549343602,7.8311
231,9549343602,7.8636
232,9549343602,7.9
233,4774671801,7.9366
234,4774671801,7.978
235,4774671801,8.0099
236,4774671801,8.0417
237,4774671801,8.0829
238,4774671801,8.1217
239,4774671801,8.1535
240,4774671801,8.1852
241,4774671801,8.2202
242,4774671801,8.2537
243,4774671801,8.2856
244,4774671801,8.3173
245,4774671801,8.3523
246,4774671801,8.3857
247,4774671801,8.4177
248,4774671801,8.4493
249,4774671801,8.4806
250,4774671801,8.521
251,4774671801,8.5528
252,4774671801,8.5842
253,4774671801,8.6154
254,4774671801,8.6522
255,4774671801,8.6849
256,4774671801,8.7167
257,4774671801,8.7509
258,4774671801,8.7863
259,4774671801,8.8225
260,4774671801,8.8583
261,4774671801,8.8943
262,4774671801,8.9317
263,4774671801,8.9684
264,14324015403,9.0029
265,14324015403,9.038
266,14324015403,9.0712
267,14324015403,9.104
268,14324015403,9.1362
269,14324015403,9.1701
270,14324015403,9.2099
271,14324015403,9.2456
272,14324015403,9.2778
273,14324015403,9.3099
274,14324015403,9.3419
275,14324015403,9.3737
276,14324015403,9.4052
277,14324015403,9.4369
278,14324015403,9.4683
279,14324015403,9.4996
280,14324015403,9.5311
281,14324015403,9.5626
282,14324015403,9.5943
283,14324015403,9.6257
284,14324015403,9.657
285,14324015403,9.6889
286,14324015403,9.7241
287,14324015403,9.7572
288,14324015403,9.7937
289,14324015403,9.8291
290,14324015403,9.861
291,14324015403,9.8922
292,14324015403,9.9241
293,14324015403,9.9552
294,14324015403,9.9873
295,14324015403,10.019
296,14324015403,10.0508
297,14324015403,10.0826
298,14324015403,10.1142
299,14324015403,10.1456
300,14324015403,10.1769
301,14324015403,10.2082
302,14324015403,10.2402
303,14324015403,10.2719
304,14324015403,10.3033
305,14324015403,10.3383
306,14324015403,10.3699
307,14324015403,10.4015
308,9549343602,10.435
309,9549343602,10.4687
310,9549343602,10.5036
311,4774671801,10.5386
312,4774671801,10.571
313,4774671801,10.6035
314,4774671801,10.6364
315,4774671801,10.6684
316,4774671801,10.7004
317,4774671801,10.7324
318,4774671801,10.7641
319,4774671801,10.7956
320,4774671801,10.8274
321,4774671801,10.8591
322,4774671801,10.891
323,4774671801,10.9229
324,4774671801,10.9545
325,4774671801,10.9868
326,4774671801,11.0227
327,4774671801,11.0542
328,4774671801,11.0898
329,4774671801,11.1235
330,4774671801,11.1589
331,4774671801,11.1915
332,4774671801,11.2267
333,4774671801,11.26
334,4774671801,11.2953
335,4774671801,11.3343
336,4774671801,11.3689
337,4774671801,11.4046
338,4774671801,11.4399
339,4774671801,11.476
340,4774671801,11.5124
341,4774671801,11.5492
342,14324015403,11.5835
343,14324015403,11.6163
344,14324015403,11.6487
345,14324015403,11.6808
346,14324015403,11.7129
347,14324015403,11.7451
348,14324015403,11.7766
349,14324015403,11.8079
350,14324015403,11.8393
351,14324015403,11.8725
352,14324015403,11.9054
353,14324015403,11.9389
354,14324015403,11.9713
355,14324015403,12.0037
356,14324015403,12.035
357,14324015403,12.0675
358,14324015403,12.1068
359,14324015403,12.1396
360,14324015403,12.1711
361,14324015403,12.2025
362,14324015403,12.2338
363,14324015403,12.2673
364,14324015403,12.3012
365,14324015403,12.3342
366,14324015403,12.3666
367,14324015403,12.3982
368,14324015403,12.4313
369,14324015403,12.4635
370,14324015403,12.4951
371,14324015403,12.5266
372,14324015403,12.5578
373,14324015403,12.5893
374,14324015403,12.6213
375,14324015403,12.6558
376,14324015403,12.6956
377,14324015403,12.7278
378,14324015403,12.7606
379,14324015403,12.7945
380,14324015403,12.8278
381,14324015403,12.8605
382,14324015403,12.893
383,14324015403,12.925
384,14324015403,12.9569
385,14324015403,12.9894
386,9549343602,13.0258
387,9549343602,13.0624
388,9549343602,13.0978
389,4774671801,13.1323
390,4774671801,13.165
391,4774671801,13.1972
392,4774671801,13.2291
393,4774671801,13.2607
394,4774671801,13.2922
395,4774671801,13.3236
396,4774671801,13.3548
397,4774671801,13.3862
398,4774671801,13.4176
399,4774671801,13.449
400,4774671801,13.4803
401,4774671801,13.5117
402,4774671801,13.543
403,4774671801,13.5746
404,4774671801,13.6062
405,4774671801,13.6379
406,4774671801,13.6697
407,4774671801,13.7017
408,4774671801,13.7347
409,4774671801,13.7672
410,4774671801,13.8024
411,4774671801,13.8341
412,4774671801,13.8655
413,4774671801,13.9007
414,4774671801,13.9355
415,4774671801,13.971
416,4774671801,14.0053
417,4774671801,14.0397
418,4774671801,14.0766
419,4774671801,14.1117
420,14324015403,14.1448
421,14324015403,14.1767
422,14324015403,14.2087
423,14324015403,14.2405
424,14324015403,14.2722
425,14324015403,14.3038
426,14324015403,14.3357
427,14324015403,14.3672
428,14324015403,14.3988
429,14324015403,14.4301
430,14324015403,14.4617
431,14324015403,14.4931
432,14324015403,14.5246
433,14324015403,14.5561
434,14324015403,14.5895
435,14324015403,14.6223
436,14324015403,14.6541
437,14324015403,14.6856
438,14324015403,14.7174
439,14324015403,14.7492
440,14324015403,14.7807
441,14324015403,14.8124
442,14324015403,14.8451
443,14324015403,14.8767
444,14324015403,14.9081
445,14324015403,14.9394
446,14324015403,14.9714
447,14324015403,15.0027
448,14324015403,15.0343
449,14324015403,15.0686
450,14324015403,15.1093
451,14324015403,15.1409
452,14324015403,15.1723
453,14324015403,15.2037
454,14324015403,15.2351
455,14324015403,15.2664
456,14324015403,15.298
457,14324015403,15.3294
458,14324015403,15.3608
459,14324015403,15.3921
460,14324015403,15.4236
461,14324015403,15.455
462,14324015403,15.4863
463,14324015403,15.5179
464,9549343602,15.5503
465,9549343602,15.5826
466,9549343602,15.6162
467,4774671801,15.6493
468,4774671801,15.6815
469,4774671801,15.7131
470,4774671801,15.7447
471,4774671801,15.776
472,4774671801,15.8075
473,4774671801,15.8389
474,4774671801,15.8707
475,4774671801,15.902
476,4774671801,15.9334
477,4774671801,15.9648
478,4774671801,15.9964
479,4774671801,16.029
480,4774671801,16.0606
481,4774671801,16.0925
482,4774671801,16.124
483,4774671801,16.1557
484,4774671801,16.1871
485,4774671801,16.2185
486,4774671801,16.2499
487,4774671801,16.2812
488,4774671801,16.3138
489,4774671801,16.3454
490,4774671801,16.377
491,4774671801,16.4094
492,4774671801,16.4418
493,4774671801,16.4752
494,4774671801,16.5086
495,4774671801,16.5425
496,4774671801,16.577
497,4774671801,16.6122
498,14324015403,16.6455
499,14324015403,16.6778
500,14324015403,16.7093
501,14324015403,16.7419
502,14324015403,16.7734
503,14324015403,16.8049
504,14324015403,16.8363
