1,79212597379,0.95731
2,12053369712.0593,4.2434
3,10750544824.9419,5.1559
4,9457548198.1366,5.9183
5,8426302055.5859,6.5206
6,7608925142.1253,7.1499
7,7135761870.3286,7.741
8,6956278002.1523,8.3514
9,6776901783.593,8.9569
10,6597550196.6784,9.5569
11,6276808547.9056,10.1538
12,5920385667.2015,10.751
13,5575177929.1951,11.3661
14,5200323908.3094,11.972
15,4959680812.507,12.5754
16,4761481644.6038,13.1683
17,4582207036.4403,13.7584
18,4402371465.7987,14.3685
19,4046786919.1181,14.9797
20,3895412963.0737,15.5743
21,3769865085.7651,16.1732
22,3643104625.5692,16.7626
23,3514400788.8092,17.3663
24,3395427232.7936,17.9653
25,3288893555.3701,18.5659
26,2851829475.0805,19.1614
27,2821505154.339,19.758
28,2703385988.8302,20.3555
29,2484527052.2511,20.9581
30,2390601407.2994,21.5561
31,2374996653.4595,22.1526
32,2357903873.5073,22.7458
33,2287534746.1699,23.3547
34,2217618896.4315,23.968
35,2214916357.0739,24.5736
36,2216339513.0016,25.1813
37,2209077179.382,25.7785
38,2216314262.3035,26.3908
39,2141563541.5307,26.9916
40,2073942394.6406,27.5896
41,2019024201.8733,28.179
42,1983008223.2779,28.7743
43,1933604117.8624,29.3712
44,1992631110.5706,29.9651
45,2061571488.1841,30.5632
46,2112310484.4882,31.1739
47,2116829022.1315,31.768
48,1892296742.4398,32.5175
49,1801089685.7008,33.255
50,1648096983.3731,33.9882
51,1554650242.2005,34.7131
52,1490461932.8033,35.4559
53,1417032328.0549,36.1962
54,1334789624.2379,36.934
55,1252900356.539,37.6827
56,1177379204.5376,38.4262
57,1101609628.4987,39.174
58,1053273832.3325,39.8978
59,1011914832.1086,40.6258
60,968873145.1537,41.3515
61,918671896.6885,42.0797
62,890162588.3975,42.8109
63,860878702.0508,43.5389
64,829266768.7131,44.2723
65,796893474.3985,45.0094
66,764705976.8275,45.7419
67,733369739.9744,46.4885
68,702718230.5024,47.2478
69,672970844.8012,48.0041
70,645456387.6866,48.7307
71,623976379.3175,49.4607
72,602853272.6383,50.1871
73,581888122.5748,50.9114
74,563813943.9177,51.6354
75,546060121.9295,52.3604
76,528767871.6864,53.0835
77,511938177.4801,53.8103
78,495671076.184,54.5348
79,479776109.5452,55.2582
80,465353574.2363,55.9774
81,451453821.7255,56.7034
82,435224782.2538,57.4245
83,424567992.0758,58.1479
84,412656294.1945,58.8704
85,397667386.1667,59.601
86,385562083.0884,60.3244
87,373361447.3911,61.0462
88,361421243.8211,61.7693
89,349789696.5932,62.5021
90,338185011.8054,63.2327
91,326978946.5555,63.9596
92,315127863.9602,64.687
93,304115515.8796,65.4214
94,292839967.1193,66.1547
95,282871072.7396,66.8874
96,265293942.6992,67.6236
97,270238352.71,68.3603
98,259719720.9868,69.0883
99,245079019.606,69.8451
100,231941378.4906,70.5639
101,223448387.4754,71.2772
