1,2.640927268453851e+18,0.79681
2,3.781692377854195e+17,4.5452
3,3.027703622582551e+17,5.4643
4,2.440003135723049e+17,6.2554
5,1.956957508378404e+17,7.0563
6,1.65167079945502e+17,7.8959
7,1.400008379880748e+17,8.6811
8,1.221899532295197e+17,9.4673
9,1.105372151167583e+17,10.255
10,9.996983737450085e+16,11.0434
11,8.989098746248981e+16,11.8203
12,7.76611241129893e+16,12.6103
13,7.332518181862866e+16,13.396
14,6.718347485299436e+16,14.182
15,6.234953815998322e+16,14.9689
16,5.930798707566533e+16,15.7593
17,5.662004250627023e+16,16.5466
18,5.437507119467093e+16,17.3351
19,5.235534337335398e+16,18.1227
20,5.09598446233625e+16,18.912
21,4.981960652632118e+16,19.6895
22,4.89081638261507e+16,20.4764
23,4.874489250215636e+16,21.2675
24,4.86685491660819e+16,22.0559
25,4.859290121504734e+16,22.844
26,4.861686930671673e+16,23.6324
27,4.859757034610418e+16,24.4238
28,4.381108522736866e+16,25.2767
29,4.164893309383678e+16,26.1279
30,3.890358676278072e+16,26.9772
31,3.628451559513947e+16,27.8216
32,3.381081384575316e+16,28.6706
33,3.13216218938888e+16,29.522
34,2.884580418705527e+16,30.3739
35,2.688083671333838e+16,31.2231
36,2.508591473284528e+16,32.0726
37,2.371773990332992e+16,32.9218
38,2.252873354041232e+16,33.7741
39,2.177387575088807e+16,34.6252
40,2.078214466049275e+16,35.4818
41,1.953475008989072e+16,36.3244
42,1.881483595474084e+16,37.1783
43,1.795389243139188e+16,38.0299
44,1.700208295534852e+16,38.8813
45,1.612257306721452e+16,39.7368
46,1.518522934212587e+16,40.5874
47,1.441211545277537e+16,41.4392
48,1.367494067383929e+16,42.2954
49,1.308806725191009e+16,43.1492
50,1.254605057570585e+16,44.0042
51,1.196684652426771e+16,44.845
52,1.144431424125955e+16,45.699
53,1.099617921346285e+16,46.5509
54,1.055363979497962e+16,47.4072
55,1.011380293555327e+16,48.2578
56,9713224335325736,49.1112
57,9297733919950622,49.9658
58,8905303119665732,50.8186
59,8541734044388345,51.6748
60,8230131854513712,52.5259
61,7928525393371334,53.3665
62,7636270401978786,54.2191
63,7353857547363314,55.073
64,7037177457220086,55.9254
65,6787749250823302,56.7775
66,6547160621731698,57.6319
67,6319265722355992,58.4881
68,6057155712434200,59.3389
69,5841409023067110,60.1894
70,5650435725776298,61.0415
71,5481649505682304,61.8814
72,5269463056961680,62.7326
73,5105294368577454,63.5851
74,4775735398389156,64.4348
75,4423071182933822,65.2855
76,3654932028157406,66.1368
77,2867983929674248,66.9889
78,3491203574861789,67.8397
79,3624409348482352,68.6893
80,3804952459949571,69.4759
81,3796505352400548,70.2515
82,3824762298955996,71.0386
83,3797230008678472,71.8267
84,3824949835148046,72.6178
85,3797231288231638,73.4078
86,3824951532837434,74.1953
87,3797231299814344,74.984
88,3824951548205164,75.7777
89,3797231299919192,76.5687
90,3824951548344276,77.3576
91,3797231299920140,78.139
92,3824951548345535,78.931
93,3797231299920149,79.7233
94,3824951548345546,80.5128
95,3797231299920150,81.3067
96,3824951548345546,82.0983
97,3797231299920150,82.8891
98,3824951548345546,83.6809
99,3797231299920150,84.4905
100,3824951548345546,85.2841
101,3797231299920150,86.0674
102,3824951548345546,86.863
103,3797231299920150,87.6583
104,3824951548345546,88.4495
105,3797231299920150,89.2463
106,3824951548345546,90.0402
107,3518416446290510,90.8927
108,3296287390910332,91.7459
109,3046812109239696,92.5999
110,2891948919897371,93.4586
111,2911937742329804,94.3001
112,2608723861132031,95.1516
113,2493904110157988,96.0026
114,2376658734504914,96.8556
115,2260747116413436,97.7076
116,2143270598918475,98.557
117,2021078958954370,99.4089
118,1846026480459602,100.2623
119,1801909251900290,101.1107
120,1727852468585452,101.9617
121,1624054334696628,102.807
122,1510436839995852,103.6591
123,1407946794609234,104.5126
124,1326044400890947,105.367
125,1244868195787481,106.2228
126,1174242315469780,107.0809
127,1081383797144852,107.9446
128,1011162306521857,108.7956
129,955797836767132.5,109.6491
130,882634558981352.4,110.5007
131,894111481400346.6,111.346
132,836406316709080.8,112.1977
133,784096099918663.5,113.0504
134,754941211896893.8,113.9051
135,687305602216277.4,114.7563
136,620162768896349.4,115.6053
137,604397559315219.8,116.4548
138,580839049218655.2,117.3084
139,546779571672728.3,118.1633
140,516869398242128.4,119.0137
141,487079618020858,119.8575
142,457280946211217.3,120.7116
143,428334331500456.3,121.5651
144,403437696621289.1,122.4159
145,382047671462294.3,123.2667
146,359533978979405.3,124.1193
147,336741243199706.1,124.9717
148,314839994801400.6,125.8243
149,296427234566185.8,126.6832
150,278763150426576.4,127.5323
151,261858361419447.4,128.3774
152,250311349020912.3,129.2324
153,262690004861188.1,130.085
154,252110141605895.2,130.9321
155,293090359157837.2,131.7199
156,250703486822615.2,132.5039
157,671238941971629.9,133.2952
158,250955149560679.2,134.0803
159,594976495176060.2,134.8662
160,252742220162537.8,135.6532
161,495715848199349.8,136.4306
162,251221965737508.4,137.223
163,564738791747101.2,138.0114
164,250904487766753.4,138.8027
165,627939667976402.9,139.5907
166,250988280280937,140.3805
167,673563100764265.1,141.1711
168,251053319519102.5,141.9634
169,581042998687450,142.7538
170,252691864478971.5,143.5427
171,499770271911865.6,144.325
172,251199521797732.7,145.1142
173,568932802819228.2,145.9041
174,250884205584953.8,146.7011
175,631300981038373.4,147.4921
176,251022539717435,148.284
177,675717395430554,149.0761
178,251054160217171.5,149.8821
179,567625563968505.8,150.6733
180,252640529277192.9,151.4646
181,503863916206660.6,152.2553
182,249335939972430.9,153.1115
183,238755262528825.6,153.9705
184,223584014070609,154.8299
185,216130353817743,155.6789
186,206458501341778.2,156.5312
187,197486930883621.8,157.3863
188,164493721843491.8,158.2396
189,155531215737477.3,159.0963
190,147224801181506.4,159.9498
191,139820152431119.2,160.792
192,134107273085822.1,161.6473
193,129453755177051.1,162.4985
194,125016287297652.9,163.3597
195,119771892532355.4,164.2118
196,113447313134947.4,165.0653
197,109581031447706.3,165.9164
198,105666972146980.5,166.7852
199,102054554100069.9,167.6501
200,98354060181815.86,168.5054
201,94706083815453.78,169.3486
202,91358814503667.22,170.2031
203,88192228231278.61,171.0629
204,85349001619815.84,171.9199
205,83159458843374.05,172.769
206,82090626371590.25,173.6188
207,82394908987424.7,174.4676
208,82132219577820.31,175.3191
209,1277637207306614,176.1035
210,75822647895105.78,176.8888
211,269069852494960.3,177.6727
212,101938606299756.2,178.4756
213,790581425462425.4,179.2692
214,77857212095914.73,180.0742
215,440157204246425.6,180.8639
216,106044747799293.6,181.6533
217,479601637816390.4,182.4396
218,81423004416861.33,183.2317
219,710243126813259,184.0185
220,108487511822000,184.8031
221,303484790958346.9,185.5805
222,86891821683570.95,186.3697
223,1065136233760158,187.1576
224,109988880726805,187.9497
225,211668481828145.5,188.7389
226,92805709634384.52,189.5329
227,1437448088078638,190.3388
228,110690177650658.6,191.147
229,162957101547402.2,191.9713
230,98648663042398.45,192.7924
231,1047345161253230,193.5707
232,76508984244512.05,194.3628
233,331478521903179.2,195.1592
234,103938661441365.5,195.9568
235,637149540090489.5,196.7445
236,74443943953767.7,197.5947
237,71261897289609.02,198.4451
238,69064489679905.41,199.2996
239,67590027986661.54,200.1521
240,67215048168781.82,201.0045
241,68556490569387.82,201.8472
242,71833248102662.14,202.6975
243,75481922182516.75,203.5458
244,80063698979813.25,204.3983
245,83202105455872.77,205.2494
246,83388257179972.86,206.0995
247,81603919844997.03,206.9551
248,78884709074281.44,207.8058
249,76062802827352.28,208.6547
250,73277071893508.03,209.5045
251,71013258892854.12,210.347
252,69389028618884.73,211.1993
253,68519199195018.78,212.0505
254,68492318079473.62,212.901
255,68876705304800.84,213.7548
256,68698332240807.42,214.6056
257,67858149684987.95,215.4557
258,66698939268510.62,216.307
259,65315452836849.91,217.1581
260,64007141824382.28,218.0062
261,62787365997171.58,218.846
262,61880976487234.07,219.6983
263,61256587623171.45,220.5451
264,60183231892594.97,221.3933
265,59363848869636.08,222.2425
266,58627191862346.91,223.1013
267,57959246079841.45,223.9493
268,57275149610415.64,224.7991
269,56739176898177.69,225.6491
270,56250117856826.61,226.4995
271,55477098527219.48,227.3396
272,54777670707031.98,228.1881
273,54091208665856.92,229.0368
274,53447869099355.33,229.8857
275,52859416974488.36,230.7343
276,52046742197375.2,231.5869
277,51567299832757.17,232.435
278,51036609811017.75,233.285
279,50458870274918.89,234.1344
280,49860595486902.19,234.9887
281,49391669804155.52,235.8285
282,48740813877155.55,236.6806
283,48143933395481.94,237.5323
284,47648803642587.5,238.3821
285,47227215468763.92,239.2307
286,46894828550226.22,240.0785
287,46206508957642.69,240.9308
288,45545687184189.05,241.779
289,45326505899366.16,242.6281
290,44921350800811.62,243.4779
291,44346147238967,244.3178
292,43795180197258.62,245.1731
293,43247174545992.52,246.0215
294,40144250543861.25,246.8714
295,39666390700865.44,247.7238
296,39320254285680.9,248.5717
297,39079836109393.3,249.4218
298,38617216082617.97,250.2724
299,38123352720023.53,251.1201
300,37628976124732.7,251.9672
301,37170664740235.52,252.8097
302,36752926930644.05,253.6585
303,36406359813758.38,254.5072
304,35981990942315.97,255.3559
305,35624601034258.98,256.2045
306,35007238501174.1,257.0526
307,34428037140313.02,257.9023
308,34659605943471.92,258.7536
309,34154959060429.34,259.6019
310,33686097210612.06,260.4528
311,32688211558823.27,261.2938
312,32372534286420.17,262.141
313,32061732461099.86,262.9885
314,31599927269228.35,263.8364
315,31239798362174.13,264.6865
316,30846946012789.17,265.5357
317,30580470364738.52,266.3832
318,30001603064202.54,267.2391
319,29634276129184.44,268.0885
320,29266012801549,268.9351
321,28940289530698.52,269.7745
322,28600606395042.07,270.6239
323,28154787084433.28,271.472
324,28152904498373.2,272.3203
325,28025314613268.75,273.1718
326,27516517733431.29,274.0243
327,27473841629390.86,274.8734
328,28212947453149.33,275.7239
329,27937094471476.66,276.5754
330,592177821342398.4,277.3597
331,29588860540774.38,278.1357
332,97240609973255.61,278.9199
333,2543971961616883,281.7071
334,1418216641081530,284.3491
335,2268066560174994,286.9983
336,2217465744333114,289.6523
337,2285310749999450,292.2998
338,2217723147143480,294.9425
339,2285314096828202,297.5825
340,2217723196724320,300.2288
341,2285314097472793,302.8728
342,2217723196733870,305.5254
343,2285314097472917,308.1727
344,2217723196733871,310.813
345,2285314097472917,313.454
346,2217723196733871,316.1035
347,2285314097472917,318.752
348,2217723196733871,321.3943
349,2285314097472917,324.0391
350,2217723196733871,326.6919
351,2285314097472917,329.3408
352,2217723196733871,331.9851
353,2285314097472917,334.6343
354,2217723196733871,337.2849
355,2285314097472917,339.9343
356,2217723196733871,342.5954
357,76124220089017.23,343.3024
358,25624616565463.41,344.1535
359,8300863281167.738,344.9988
360,26890767199499.34,345.8455
361,26541917626925.68,346.6834
362,27307411720122.39,347.5348
363,27367405426308.38,348.381
364,26782266118270.55,349.231
365,26576973948611.54,350.0764
366,26392084802278.94,350.9256
367,26312543198443.58,351.7732
368,26038821556185.33,352.6203
369,25794510696011.56,353.4661
370,25575342790216.35,354.3133
371,25234621186188.35,355.1501
372,24960493227903.06,356.0184
373,24702889454782.45,356.8718
374,24479063591576.85,357.7299
375,24215211113902.57,358.5823
376,23984092681443.3,359.4319
377,24149170332278.06,360.287
378,23974775904386.23,361.1445
379,23825527365813.58,362.0236
380,23714998883201.21,362.8756
381,23768069032259.44,363.725
382,23653227293477.98,364.6038
383,23581071520116.67,365.495
384,85047445771112.64,366.3274
385,25264967120887.8,367.1119
386,814070086070676.5,367.8958
387,26016353435999.3,368.6817
388,413821389389712.1,369.4762
389,4075157862178322,372.2639
390,4166756715897681,374.9121
391,4320785583374021,377.548
392,58226193969887.25,378.1879
393,3047663986890862,380.9875
394,900517132750419.4,381.6444
395,26432989487730.32,382.4376
396,117979305608075,383.2322
397,3184275078025005,386.0651
398,4126301888361310,388.7234
399,4320573165970916,391.3654
400,58226184942833.7,392.0085
401,3047664392895668,394.7887
402,900517143045660.1,395.4358
403,26432989537730.52,396.2235
404,117979270651575.4,397.021
405,3184274708796035,399.8129
406,4126301866903793,402.4693
407,4320573165857144,405.1243
408,58226184942828.86,405.7715
409,3047664392895886,408.5581
410,900517143045665.5,409.2018
411,26015341146674.59,410.0438
412,24692621867652.29,410.9029
413,23030756612066.64,411.7656
414,21931191836308.31,412.619
415,22705063509947.67,413.5257
416,23372848557492.1,414.455
417,24068973623389.37,415.3488
418,23624919308737.95,416.2066
419,23026529470812.3,417.0593
420,22604795303214.44,417.9179
421,23086950175952.09,418.7592
422,24913118019957.18,419.6092
423,23978976428468.02,420.4664
424,22563042427495.22,421.3133
425,23466816656999.2,422.1671
426,22660716883091.76,423.0164
427,21854929059127.08,423.8752
428,21706585897134.55,424.7542
429,23093104517319.83,425.6103
430,23286507815551,426.4702
431,22761824562676.81,427.3124
432,23156930787294.27,428.1709
433,22952629567067.82,429.0259
434,22716216144320.97,429.8853
435,22613069812640.3,430.7426
436,22386571698333.48,431.5938
437,22590985969380.79,432.4534
438,64374129198518.24,433.2383
439,21948131375612.12,434.0238
440,568588921672173.1,434.8088
441,1042325447467761,437.5966
442,263912484904639.7,438.2357
443,25048503943689.29,439.0309
444,79068920814517.03,439.8268
445,1786211165252348,442.6297
446,399746542045672.9,443.2804
447,1095072540841936,446.0676
448,494305260183562.9,446.7118
449,25248442744885.02,447.5253
450,51894577374753.53,448.3271
451,22428626549128.01,449.1134
452,473784883330445.9,449.902
453,1066361556626744,452.7037
454,372019000056652.9,453.5202
455,25173159095474.59,454.3174
456,62075958822425,455.1138
457,22022020796271.21,455.9064
458,553724994192817.2,456.7074
459,1045549906520520,459.5016
460,278703730302688.4,460.1572
461,25071269876294.42,460.9402
462,75952861694653.67,461.766
463,1821659619847460,464.5744
464,385354500416890.9,465.2248
465,20070534913924.66,466.0866
466,10113964063796.91,466.9393
467,23534344268640.7,467.7881
468,21706418674634.49,468.6498
469,20378825009728.43,469.4991
470,21138504461282.65,470.3514
471,23110449304355.98,471.1905
472,22722792629604.39,472.0538
473,21713743606340.16,472.9018
474,21608567665344.43,473.7483
475,22268871535743.79,474.615
476,22281329997307.84,475.4719
477,22212414077595.39,476.3262
478,22187905598024.26,477.1773
479,21978053988163.77,478.0339
480,21883453939914,478.885
481,21744788089233.81,479.7228
482,21348133935520.65,480.5875
483,21773789523944.69,481.4413
484,21598907335685.24,482.3026
485,21616205287194.72,483.1679
486,21538462342104.45,484.0322
487,21242068724215.77,484.8888
488,20713620353585.35,485.7457
489,21351169830465.84,486.6057
490,21268814622415.44,487.4587
491,20662075809666.92,488.2967
492,1222849408848893,489.0835
493,21633148103594.56,489.8809
494,927385354138593.2,490.6637
495,4267013486382238,493.455
496,98977466779563.08,494.0985
497,21650761015696.68,494.8883
498,793967192581943,495.6858
499,4263229304776672,498.4762
500,4171741910107676,501.1291
501,4319281721091654,503.7717
502,56656757861968.68,504.4247
503,3600439492874202,507.218
504,1414235189130660,507.8672
505,22006206377386.2,508.651
506,200122105674531.9,509.4328
507,880373796463152,512.2227
508,1554838004171730,514.8703
509,1183081979793204,515.5253
510,1326833020495202,518.3205
511,821565001482161.1,520.9632
512,902609553687870.5,523.6114
513,446884546614660.3,524.2562
514,22009687759554.35,525.0446
515,176529373067469.8,525.8318
516,889652931019500,528.6228
517,1649824644283996,531.2672
518,1206430109934551,531.915
519,21025812080641.18,532.7653
520,19958960240692.73,533.611
521,20194147494621.18,534.4515
522,20874344816551.21,535.2978
523,20771467750010.09,536.1466
524,20533213042051.88,536.9915
525,20866004219263.37,537.8404
526,20577070773526.83,538.6872
527,20260050552804.24,539.5345
528,20824569130083.36,540.3831
529,20693030203829.33,541.2293
530,20763317950024.42,542.0765
531,20470377361992.28,542.9189
532,20783805641806.77,543.7667
533,20643312240230.68,544.6146
534,20179096552894.59,545.4769
535,20533347272054.88,546.3414
536,20452188205189.83,547.1906
537,20391415753184.23,548.0377
538,20153253066266.59,548.8878
539,20243182177032.34,549.7376
540,20176616819835.54,550.5855
541,20394048391982.6,551.4612
542,19989483013421.58,552.3086
543,20242387609367.25,553.1696
544,20197787012956.24,554.019
545,20162219998612.78,554.8977
546,376597448732614.3,555.6942
547,20028808149442.52,556.6078
548,175739393231909.5,557.4532
549,22387168453637.91,558.2398
550,115105737282864.1,559.0227
551,20378531483795.73,559.7898
552,735832229915593.1,560.5686
553,22634129977997.19,561.3492
554,41074607206716.66,562.127
555,21286324635938.84,562.9081
556,434731351261018,563.6844
557,1071162665422800,566.5607
558,391461026529669.7,567.2089
559,22565289731889.18,568.0105
560,61556196375619.8,568.7982
561,20816688654586,569.5738
562,618408784193665.4,570.3641
563,1029159880389995,573.1513
564,201399387069786.6,573.8004
565,22427193157096.71,574.586
566,103013379666527.3,575.3765
567,20437655419945.34,576.1653
568,772806665979393.2,576.9576
569,20029623877709.16,577.7516
570,61062718180041.84,578.5382
571,21777829922292.18,579.3165
572,304948221272072.6,580.1034
573,19901627143282.25,580.9514
574,8058949425407.359,581.7966
575,21343386662150.52,582.6451
576,19953032181448.82,583.491
577,18656963590532.32,584.3377
578,18629598383234.57,585.1899
579,20341083608018.79,586.0377
580,20158140936860.19,586.8816
581,20119909448705.79,587.7189
582,19994533041867.24,588.5694
583,19630808054866.08,589.4138
584,20107818664581.92,590.2607
585,20071643414272.51,591.1076
586,20056183724491.2,591.9545
587,19933459597733.76,592.8008
588,19894200375610.05,593.6482
589,19881720774901,594.4992
590,19762561593948.87,595.3435
591,19733037094456.1,596.1807
592,19709080640406.54,597.0249
593,19755807679421.25,597.8728
594,19475122223079.31,598.7171
595,19588435083172.91,599.5659
596,19656309507773.56,600.413
597,19544248428773.01,601.2625
598,19501185293565.7,602.1183
599,19545968453771.97,602.9699
600,1248684182645591,603.7512
601,19078400713068.73,604.5236
602,880123428834809.4,605.3072
603,19848403489400.47,606.0934
604,112239498084205.5,606.8879
605,4176612756792572,609.6744
606,763036847532681,610.32
607,19844494762733.91,611.1069
608,132028432429608.7,611.8959
609,4175521081496204,614.6879
610,649764248112513.1,615.3331
611,19837283174449.86,616.1081
612,155904619042070,616.9011
613,4174571685163220,619.6872
614,551324692794966.6,620.3325
615,19828609287303.63,621.1175
616,184645203694029.8,621.905
617,4173754524184798,624.6917
618,466560293056761.2,625.332
619,19818207555507.35,626.1152
620,219144108083183.9,626.9207
621,4173056699210898,629.735
622,394148380758923.6,630.3775
623,19805778163802.32,631.1631
624,260415571757364.2,631.9512
625,4172464780378668,634.7385
626,332707152419651.8,635.3805
627,765691731641773.5,636.2266
628,20681508047402.58,637.0752
629,9406934534660.918,637.9248
630,22364075513287.91,638.7803
631,14665104669932.79,639.6207
632,14214935087782.64,640.4688
633,19902423175359.6,641.3203
634,19282166549232.48,642.1706
635,18768003626958.76,643.0192
636,19577363657995.61,643.8663
637,19565420673052.94,644.7137
638,19446759725147.59,645.5666
639,19423528406930.25,646.415
640,19507866159868.25,647.2621
641,19312011855782,648.1012
642,19376116636857.27,648.9586
643,19478725306685.07,649.8067
644,19138748888985.86,650.654
645,19337210416264.54,651.5027
646,19142302842591.09,652.3481
647,19505759412671.12,653.195
648,18961627953117.01,654.0416
649,19318058272735.44,654.8904
650,18998165289362.88,655.7371
651,18936758088148.27,656.5743
652,19023630381202.18,657.422
653,18661925224739.11,658.2712
654,283495366028358.3,659.0534
655,19700666791116.04,659.8389
656,273847210395520.5,660.622
657,4126874236621014,663.4032
658,234822088063532.9,664.0631
659,3692738484223440,666.8557
660,380367039353584.6,667.5073
661,4137348654940261,670.2926
662,170690256656655.5,670.9304
663,3707872320260955,673.7266
664,523106123799421.6,674.3662
665,4144828199456645,677.1585
666,125059107104169,677.7983
667,3728091354788578,680.6004
668,711999314581446.8,681.2441
669,4150115960828768,684.0506
670,92898814228192.78,684.6976
671,3754274243512984,687.4991
672,953585571962284.6,688.1473
673,4153825824099634,690.9499
674,70384210735716.02,691.5978
