1,1.063113450696695e+17,0.081144
2,7.871146142772826e+16,0.091312
3,5.97929957847064e+16,0.10083
4,4.103813370040177e+16,0.11042
5,2.061423674656516e+16,0.12002
6,9359197794796376,0.12942
7,4239242472945590,0.1396
8,4320626777644007,0.14897
9,3905128973906066,0.15853
10,4320626777644007,0.16826
11,4239242472945590,0.17881
12,3140325787909133,0.19442
13,2268123028083647,0.20886
14,1283199684030070,0.22337
15,831649864117614.4,0.23744
16,656766228735801.9,0.25156
17,497233340904463.9,0.26624
18,339386676020331.5,0.2803
19,82053978420331.5,0.29435
20,29181816682225.9,0.30866
21,7801496481244.4,0.32266
22,1725764141534.4,0.33688
23,0,0.35104
