1,7.776428197490478e+17,0.048714
2,6.470232342395301e+16,0.060134
3,2.520003134712718e+16,0.071363
4,1.682481262414592e+16,0.082576
5,9108560260524212,0.093765
6,6335647731217386,0.10492
7,3799295880629730,0.11603
8,2292446952321580,0.12716
9,1293412697241292,0.13833
10,1292329722744809,0.14945
11,1329547687752185,2.1615
12,1373068227615112,4.1781
13,1066225692582620,4.1987
14,670126631866830.8,4.2163
15,346053308536276.9,4.233
16,243753060838021,4.2498
17,105670603350391.9,4.2667
18,124517044509221.5,4.2837
19,45376681588198.91,4.3007
20,14914990196257.01,4.3177
21,165645065118.6638,4.3332
22,5220233357089,4.3501
23,0,4.367
