1,15398786367,0.028794,11095107860,0,4303678507
2,12830598312,0.043796,9018538255,0,3812060057
3,10545500754,0.058641,6747567245,0,3797933509
4,8714038969,0.073674,5966105460,0,2747933509
5,7415608574,0.088524,5792675065,0,1622933509
6,6322856014,0.10393,5417675065,0,905180949
7,5321509624,0.11864,4416328675,0,905180949
8,4365790888,0.13349,3719139975,44443804,602207109
9,3738232723,0.14842,3091581810,44443804,602207109
10,3117566218,0.16312,2470915305,44443804,602207109
11,2560333943,0.17779,1913683030,44443804,602207109
12,2087114482,0.19266,1450570370,44443804,592100308
13,1668509134,0.20738,1075570370,44443804,548494960
14,1254053649,0.22205,661114885,44443804,548494960
15,976228694,0.2368,540654120,44443804,391130770
16,807358426,0.25151,540654120,44443804,222260502
17,662594340,0.26624,505019870,91794990,65779480
18,609783040,0.2809,452208570,91794990,65779480
19,571411525,0.29579,452208570,119202955,0
20,578551314,0.31051,452208570,126342744,0
21,578551314,0.32561,452208570,126342744,0
22,578551314,0.34042,452208570,126342744,0
23,594356419,0.3554,468013675,126342744,0
24,391290009,0.3783,264947265,126342744,0
25,53164062.5999,0.4005,27658657.5013,25505405.0985,0
26,44314366.9115,0.42237,27658657.5013,16655709.4102,0
27,44204200.9206,0.44437,31997417.5354,2305350.2852,9901433.1
28,34302767.8206,0.46725,31997417.5354,2305350.2852,0
29,29964007.7865,0.48924,27658657.5013,2305350.2852,0
30,27658657.5013,0.51134,27658657.5013,0,0
31,27658657.5013,0.53336,27658657.5013,0,0
32,27658657.5013,0.55558,27658657.5013,0,0
33,23945905.6615,0.57754,19993291.6208,3952614.0406,0
34,23945905.6615,0.59968,19993291.6208,3952614.0406,0
35,24750649.7115,0.62183,19993291.6208,3952614.0406,804744.05
36,25280254.457,0.64405,20096128.0464,3952614.0406,1231512.37
37,28948481.2521,0.66624,20096128.0464,7620840.8357,1231512.37
38,215149210,0.70303,148395835,23602138,43151237
39,165149210,0.7387,98395835,23602138,43151237
40,128820570,0.77487,62067195,23602138,43151237
41,103820570,0.8106,37067195,23602138,43151237
42,80059660,0.84634,13306285,23602138,43151237
43,67353175,0.88209,13306285,23602138,30444752
44,57353175,0.91801,13306285,13602138,30444752
45,57353175,0.95459,13306285,13602138,30444752
46,57353175,0.99145,13306285,13602138,30444752
47,26908423,1.0272,13306285,13602138,0
48,13602138,1.0629,0,13602138,0
49,2241450,1.0985,0,2241450,0
50,0,1.1342,0,0,0
