1,6511716001,0.030355,5625415605,0,886300396
2,4317698091,0.043717,3515963675,0,801734416
3,3024283695,0.056909,2984407775,0,39875920
4,2031445075,0.070114,1991569155,0,39875920
5,1390340650,0.083554,1334569510,15895220,39875920
6,1015340650,0.09666,959569510,15895220,39875920
7,749130300,0.10973,693359160,15895220,39875920
8,493958620,0.12292,478063400,15895220,0
9,445602470,0.13599,429707250,15895220,0
10,445602470,0.14907,429707250,15895220,0
11,445602470,0.16265,429707250,15895220,0
12,445602470,0.17584,429707250,15895220,0
13,465184950,0.18902,449289730,15895220,0
14,220850325,0.20921,204955105,15895220,0
15,160567090,0.22877,144671870,15895220,0
16,104411660,0.24797,79057870,25353790,0
17,84829180,0.26728,59475390,25353790,0
18,68933960,0.28649,59475390,9458570,0
19,54972425,0.30569,45513855,9458570,0
20,54972425,0.32501,45513855,9458570,0
21,54972425,0.34446,45513855,9458570,0
22,54972425,0.36395,45513855,9458570,0
23,54972425,0.38333,45513855,9458570,0
24,19194725,0.41546,9736155,9458570,0
25,987695.4651,0.44811,987695.4651,0,0
26,0,0.48738,0,0,0
