1,31195163088,0.030256,27164405845,20803540,4009953703
2,26628194085,0.047088,23572185080,20803540,3035205465
3,22071163065,0.06344,19072185080,20803540,2978174445
4,18288651059,0.079964,15642650590,20803540,2625196929
5,14982592266,0.096426,11757564915,20803540,3204223811
6,11355701551,0.1128,9347618460,20803540,1987279551
7,8466054961,0.12916,7018926510,20803540,1426324911
8,7165718960,0.14614,5630523250,20803540,1514392170
9,5965741645,0.16233,4430545935,20803540,1514392170
10,4976013950,0.17833,3420495020,30220563,1525298367
11,4197235503,0.1944,3336725450,59597941,800912112
12,3634511733,0.21035,2774001680,59597941,800912112
13,3259152153,0.2264,2398642100,59597941,800912112
14,2933587234,0.2426,2125813870,94928511,712844853
15,2705811139,0.25856,1926201310,104941436,674668393
16,2530138174,0.27448,1949680045,104941436,475516693
17,2191782924,0.2905,1611324795,104941436,475516693
18,2023523591,0.30657,1332051540,125411860,566060191
19,1875484041,0.3226,1184011990,125411860,566060191
20,1783002375,0.33856,1281974110,125411860,375616405
21,1711579910,0.35464,1210551645,125411860,375616405
22,1646745155,0.37059,1145716890,125411860,375616405
23,1646745155,0.38664,1145716890,125411860,375616405
24,1670368848,0.40267,1097350995,197401448,375616405
25,249821996.3879,0.41889,150536041.2744,14820967.7102,84464987.4033
26,247702838.9163,0.43509,176240787.1915,14820967.7102,56641084.0145
27,249129376.862,0.45131,180125853.3386,12362439.5088,56641084.0145
28,252440903.5713,0.46759,180125853.3386,15673966.2181,56641084.0145
29,258702483.7368,0.48401,189859203.8037,12202195.9186,56641084.0145
30,220326779.6648,0.50025,151483499.7316,12202195.9186,56641084.0145
31,171055431.7684,0.51644,102212151.8353,12202195.9186,56641084.0145
32,167743905.0592,0.53346,102212151.8353,8890669.2094,56641084.0145
33,174836639.2445,0.54999,115187554.3641,7777780.8924,51871303.988
34,183355294.6295,0.56648,123706209.7491,7777780.8924,51871303.988
35,182599800.2922,0.58283,115187554.3641,15540941.94,51871303.988
36,191843048.825,0.59972,125614113.934,14357630.903,51871303.988
37,201227265.1467,0.61645,134998330.2556,14357630.903,51871303.988
38,200321500.761,0.63309,134092565.8699,14357630.903,51871303.988
39,219772455.8822,0.65008,153543520.9912,14357630.903,51871303.988
40,232526552.2607,0.66691,180561672.8637,15227823.5347,36737055.8623
41,243829870.023,0.6838,180514427.5536,19791808.6201,43523633.8492
42,239593552.9078,0.70063,131243079.6573,19791808.6201,88558664.6303
43,220443889.7358,0.71732,146512068.6863,26602215.1533,47329605.8962
44,218396226.7902,0.73403,133536666.1575,27715103.4703,57144457.1624
45,217681961.7391,0.75084,132822401.1064,27715103.4703,57144457.1624
46,217681961.7391,0.76769,132822401.1064,27715103.4703,57144457.1624
47,208438713.2063,0.78426,122395841.5366,28898414.5073,57144457.1624
48,209194207.5436,0.80091,130914496.9216,21135253.4597,57144457.1624
49,200675552.1586,0.81764,122395841.5366,21135253.4597,57144457.1624
50,207784116.2734,0.83428,113633315.637,21786963.6543,72363836.9822
51,214588392.2495,0.85109,119533171.7545,29368944.4809,65686276.0141
52,235081792.1547,0.86808,133909262.5535,35486253.5871,65686276.0141
53,236310406.9839,0.88479,135137877.3827,35486253.5871,65686276.0141
54,1289588210,0.9098,872338070,286935800,130314340
55,1121735760,0.93419,754485620,236935800,130314340
56,986732725,0.95871,619482585,236935800,130314340
57,886816580,0.9832,571116690,186935800,128764090
58,858795149,1.0077,571116690,158914369,128764090
59,832707959,1.0322,545029500,158914369,128764090
60,792135093,1.0569,536501830,120294903,135338360
61,769029813,1.0816,513396550,120294903,135338360
62,748944938,1.1061,503324600,110281978,135338360
63,733597663,1.1298,487977325,110281978,135338360
64,564130533,1.1538,318510195,110281978,135338360
65,501407933,1.1778,255787595,110281978,135338360
66,436763093,1.2019,191142755,110281978,135338360
67,436763093,1.2258,191142755,110281978,135338360
68,383373178,1.2497,142776860,110281978,130314340
69,386394608,1.2733,142776860,113303408,130314340
70,390771986,1.2972,142776860,117680786,130314340
71,390771986,1.3211,142776860,117680786,130314340
72,413877266,1.3451,165882140,117680786,130314340
73,324040314,1.3853,165882140,117680786,40477388
74,274040314,1.4245,115882140,117680786,40477388
75,62020482.6764,1.4635,9800507.2137,46241223.9594,5978751.5033
76,57726195.3038,1.5027,9800507.2137,41946936.5868,5978751.5033
77,53431907.9312,1.5422,9800507.2137,37652649.2142,5978751.5033
78,49170437.7374,1.5822,7686180.7062,35505505.5278,5978751.5033
79,45237552.6176,1.6218,8047582.959,31211218.1552,5978751.5033
80,41589266.1572,1.6625,8047582.959,29064074.4689,4477608.7293
81,38118286.0011,1.7032,8047582.959,25593094.3128,4477608.7293
82,36164201.7625,1.7434,6093498.7204,25593094.3128,4477608.7293
83,34284429.8554,1.7839,6093498.7204,23713322.4057,4477608.7293
84,32807370.2429,1.8247,6093498.7204,23713322.4057,3000549.1168
85,31330310.6304,1.8642,6093498.7204,23713322.4057,1523489.5043
86,29924013.2921,1.9032,4687201.382,23713322.4057,1523489.5043
87,28626524.4224,1.9422,4687201.382,22415833.5361,1523489.5043
88,27468959.894,1.9818,4687201.382,22415833.5361,365924.9759
89,26785701.7514,2.021,4003943.2394,22415833.5361,365924.9759
90,26275575.4603,2.0599,4003943.2394,22201119.1675,70513.0534
91,25792283.1301,2.099,3520650.9092,22201119.1675,70513.0534
92,23645139.4438,2.1406,3520650.9092,20053975.4812,70513.0534
93,21938974.0415,2.1798,3520650.9092,18371893.2404,46429.8919
94,21509545.3043,2.2188,3520650.9092,17942464.5032,46429.8919
95,21080116.567,2.2576,3520650.9092,17513035.7659,46429.8919
96,20650687.8297,2.2966,3520650.9092,17083607.0287,46429.8919
97,20229278.2017,2.3355,3520650.9092,16658649.5034,49977.789
98,19829005.0415,2.3744,3335092.1177,16443935.1348,49977.789
99,19553845.7012,2.4134,2912226.8162,16443935.1348,197683.7503
100,26933516.9807,2.4525,0,26010112.4583,923404.5224
101,26480228.305,2.4912,0,26010112.4583,470115.8467
102,17954352.5989,2.5301,5015429.1194,923898.4415,12015025.038
103,10430744.0233,2.5695,9036729.7351,923898.4415,470115.8467
104,7928056.4232,2.6088,6534042.135,923898.4415,470115.8467
105,6363376.2745,2.6484,4969361.9863,923898.4415,470115.8467
106,4874039.1585,2.6891,3480024.8704,923898.4415,470115.8467
107,3384702.0426,2.7283,1990687.7544,923898.4415,470115.8467
108,2361297.6393,2.7675,967283.3511,923898.4415,470115.8467
109,1394014.2882,2.8067,0,923898.4415,470115.8467
110,935867.9941,2.8461,70145.991,395606.1565,470115.8467
111,540261.8376,2.8853,70145.991,0,470115.8467
112,449274.4288,2.9243,70145.991,0,379128.4379
113,358287.02,2.9633,70145.991,0,288141.029
114,288141.029,3.0023,0,0,288141.029
115,237592.4686,3.0407,0,0,237592.4686
116,192098.7642,3.0795,0,0,192098.7642
117,151659.9158,3.1184,0,0,151659.9158
118,140150.685,3.1571,13765.0494,0,126385.6356
119,118282.8924,3.1959,13765.0494,0,104517.8431
120,99462.987,3.2344,0,0,99462.987
121,69382.7003,3.2731,13765.0494,0,55617.651
122,67734.332,3.3119,13765.0494,0,53969.2826
123,67734.332,3.3505,13765.0494,0,53969.2826
124,67734.332,3.3892,13765.0494,0,53969.2826
125,3878781.272,3.4282,18782.5123,4895.88,3855102.8797
126,3878781.272,3.4675,18782.5123,4895.88,3855102.8797
127,1485708.3101,3.485,56371.158,51563.6626,1377773.4895
128,1485708.3101,3.5028,56371.158,51563.6626,1377773.4895
129,1485708.3101,3.5192,56371.158,51563.6626,1377773.4895
130,1485708.3101,3.5356,56371.158,51563.6626,1377773.4895
131,11704239.5712,3.5524,10274902.4191,51563.6626,1377773.4895
132,89559638,3.5775,84231690,489588,4838360
133,119709003,3.6025,114381055,489588,4838360
134,119709003,3.6268,114381055,489588,4838360
135,168503348,3.6517,163175400,489588,4838360
136,194023403,3.6763,188695455,489588,4838360
137,8045486.3094,3.7174,7770992.3403,4895.88,269598.0891
138,6138414.6639,3.7593,5863920.6948,4895.88,269598.0891
139,6013274.733,3.7994,5738780.7639,4895.88,269598.0891
140,5971149.76,3.8386,5715794.4187,4895.88,250459.4613
141,5927545.2964,3.8781,5919015.5764,8529.72,0
142,5927545.2964,3.9181,5919015.5764,8529.72,0
143,5927545.2964,3.9579,5919015.5764,8529.72,0
144,5927545.2964,3.9978,5919015.5764,8529.72,0
145,5927545.2964,4.0379,5919015.5764,8529.72,0
146,17854326.03,4.0553,17764490.5756,89835.4544,0
147,17854326.03,4.072,17764490.5756,89835.4544,0
148,17854326.03,4.0884,17764490.5756,89835.4544,0
149,21541905.4899,4.105,17764490.5756,3777414.9143,0
150,31145524.5123,4.1215,23942466.4612,6289154.611,913903.44
151,213876117,4.1467,86983260,35502513,91390344
152,122485773,4.1709,86983260,35502513,0
153,122485773,4.1949,86983260,35502513,0
154,122485773,4.2191,86983260,35502513,0
155,126920223,4.2429,91417710,35502513,0
156,134076183,4.267,98573670,35502513,0
157,3019372.7814,4.3072,2664347.6514,355025.13,0
158,2894232.8505,4.3467,2539207.7205,355025.13,0
159,535259.9425,4.3859,180234.8125,355025.13,0
160,435259.9425,4.425,180234.8125,255025.13,0
161,430364.0625,4.4642,180234.8125,250129.25,0
162,250129.25,4.5031,0,250129.25,0
163,250129.25,4.5422,0,250129.25,0
164,250129.25,4.5818,0,250129.25,0
165,250129.25,4.6215,0,250129.25,0
166,250129.25,4.6617,0,250129.25,0
167,4386064.9184,4.6792,0,4386064.9184,0
168,0,4.6956,0,0,0
