1,20256145625,0.049842,15374906845,0,4881238780
2,17239795150,0.085252,13629064435,0,3610730715
3,14911539187,0.1204,11308885435,0,3602653752
4,13365928654,0.1555,9795470650,0,3570458004
5,11935328852,0.1908,8231086230,0,3704242622
6,10732388868,0.22605,7741529345,17074945,2973784578
7,9673005343,0.26132,6682145820,17074945,2973784578
8,8979674813,0.29668,5719445910,17074945,3243153958
9,8467913533,0.33206,4393110935,17074945,4057727653
10,7780092691,0.36713,4483673325,17074945,3279344421
11,7405092691,0.40236,4108673325,17074945,3279344421
12,6657209177,0.43749,3358673325,17074945,3281460907
13,6301594591,0.47263,3005175225,17074945,3279344421
14,5950911347,0.50787,2733511985,17074945,3200324417
15,5562550969,0.54398,2733511985,17074945,2811964039
16,5270288442,0.57974,2794540395,65200534,2410547513
17,5025913848,0.61563,2548049315,65200534,2412663999
18,4856652208,0.65153,2378787675,65200534,2412663999
19,4756215599,0.68683,2195840840,65200534,2495174225
20,4653911788,0.72194,2057771035,100966528,2495174225
21,4509182193,0.75699,1913041440,100966528,2495174225
22,4481478558,0.79218,1650966500,118962895,2711549163
23,4265103620,0.8273,1650966500,118962895,2495174225
24,4256692389,0.86267,1650966500,135277334,2470448555
25,1266745658.6029,0.89795,197205325.4341,6139471.578,1063400861.5908
26,1081448567.7311,0.93336,255383119.9207,9556118.9672,816509328.8432
27,997181165.6814,0.96883,279250172.6448,11044942.075,706886050.9616
28,894918711.698,1.0043,306075752.3874,14571834.3167,574271124.994
29,882536021.6379,1.0398,356227959.2976,14571834.3167,511736228.0236
30,880601337.2235,1.0752,347468318.0535,13999911.2536,519133107.9163
31,873204457.3308,1.1105,347468318.0535,13999911.2536,511736228.0236
32,872783357.033,1.1461,340840434.9242,13999911.2536,517943010.8552
33,874585539.8227,1.182,340840434.9242,15802094.0433,517943010.8552
34,877158819.7047,1.2176,351756725.8464,16549549.0328,508852544.8255
35,839091622.2701,1.253,330555347.474,16549549.0328,491986725.7632
36,824224033.9258,1.2884,324604532.087,16794544.3912,482824957.4476
37,667869103.2965,1.3238,341443400.4461,18902684.3983,307523018.4521
38,666066920.5068,1.3591,341443400.4461,17100501.6086,307523018.4521
39,675937592.4007,1.3947,351314072.34,17100501.6086,307523018.4521
40,686570859.1614,1.4311,360246346.4929,18801494.2165,307523018.4521
41,697797590.6735,1.467,371473078.005,18801494.2165,307523018.4521
42,705194470.5662,1.5029,371473078.005,18801494.2165,314919898.3448
43,5373087849,1.5557,4288851330,541615572,542620947
44,5169660581,1.6078,4062844290,491615572,615200719
45,4971638185,1.6599,3812844290,491615572,667178323
46,4787862595,1.7136,3629068700,491615572,667178323
47,4604131845,1.7779,3364507660,491615572,748008613
48,4435457150,1.8316,3249357100,438091437,748008613
49,4308209220,1.8843,3122109170,438091437,748008613
50,614785748.5242,1.9364,449389580.3177,44548464.8893,120847703.3172
51,597657236.3584,1.9891,432643925.4149,46378472.1793,118634838.7642
52,576418358.4023,2.0413,411405047.4588,46378472.1793,118634838.7642
53,565349279.484,2.0951,401119890.926,45594549.7938,118634838.7642
54,558215160.7973,2.1481,393985772.2393,45594549.7938,118634838.7642
55,553950410.0204,2.2006,385651307.2544,49664264.0017,118634838.7642
56,550721054.6457,2.2527,349416888.1424,44579884.2209,156724282.2825
57,496995418.9698,2.3048,335528611.41,38379112.3251,123087695.2347
58,495448569.1138,2.3569,281176982.7418,30752542.6538,183519043.7182
59,459130991.608,2.4089,299775155.6575,34095091.1026,125260744.8479
60,429517548.2525,2.4609,273467539.0213,30789264.3834,125260744.8479
61,423524444.5443,2.5127,263540736.5454,30789264.3834,129194443.6156
62,405960303.6113,2.5652,237233119.9092,30789264.3834,137937919.3188
63,395853299.2049,2.6172,218634946.9936,27446715.9345,149771636.2768
64,395392067.2267,2.6695,218634946.9936,28039336.8021,148717783.431
65,391900896.7489,2.7217,220650485.832,28039336.8021,143211074.1147
66,391900896.7489,2.7737,220650485.832,28039336.8021,143211074.1147
67,360626557.6575,2.8255,155658975.0889,23275484.2543,181692098.3142
68,348954777.5047,2.8774,155658975.0889,22682863.3866,170612939.0291
69,317316847.1707,2.9293,153643436.2505,22682863.3866,140990547.5336
70,315223235.9301,2.9811,153643436.2505,22682863.3866,138896936.2929
71,315549045.6811,3.033,153969246.0015,22682863.3866,138896936.2929
72,316922313.0684,3.085,153969246.0015,24056130.7739,138896936.2929
73,315468517.6682,3.137,137643084.9403,24056130.7739,153769301.954
74,315142707.9172,3.1891,137317275.1893,24056130.7739,153769301.954
75,513195555.7622,3.2416,93746651.1815,20567436.3844,398881468.1963
76,494367795.0551,3.2935,106117328.095,20567436.3844,367683030.5758
77,483517129.8499,3.3456,106117328.095,19322088.584,358077713.1708
78,473086625.1371,3.3977,120258606.6015,19322088.584,333505929.9515
79,447481723.9718,3.4516,120258606.6015,33192620.1293,294030497.241
80,447481723.9718,3.505,120258606.6015,33192620.1293,294030497.241
81,447481723.9718,3.558,120258606.6015,33192620.1293,294030497.241
82,449437931.3004,3.6104,125269836.6703,30137597.3891,294030497.241
83,446910873.7526,3.6625,122742779.1224,30137597.3891,294030497.241
84,414931440.537,3.7143,132559143.9839,30137597.3891,252234699.1639
85,390814807.6987,3.766,146555602.681,30137597.3891,214121607.6286
86,378535189.5386,3.8179,178567920.441,33681454.9944,166285814.1032
87,377504315.4079,3.8703,178567920.441,32650580.8637,166285814.1032
88,357888022.0643,3.9222,204439864.077,32650580.8637,120797577.1236
89,305541383.7489,3.974,196415578.3983,31403617.5288,77722187.8218
90,246271860.0834,4.0258,196415578.3983,17533085.9836,32323195.7016
91,223761888.1106,4.0776,176635770.9107,14802921.4984,32323195.7016
92,218277003.7879,4.1294,171150886.5879,14802921.4984,32323195.7016
93,218277003.7879,4.1813,171150886.5879,14802921.4984,32323195.7016
94,218277003.7879,4.2336,171150886.5879,14802921.4984,32323195.7016
95,218277003.7879,4.2857,171150886.5879,14802921.4984,32323195.7016
96,218472902.0998,4.3381,171346784.8998,14802921.4984,32323195.7016
97,2116716770,4.4243,1856549130,193922822,66244818
98,2017117530,4.5093,1756949890,193922822,66244818
99,1917117530,4.5937,1656949890,193922822,66244818
100,271382923.8206,4.6785,240768644.1422,19615939.192,10998340.4864
101,249120593.0541,4.7634,218587720.9289,16290952.4623,14241919.663
102,233036365.1453,4.8481,202503493.0201,16290952.4623,14241919.663
103,204401748.349,4.9327,169029229.8471,16290952.4623,19081566.0396
104,190919179.1256,5.0185,160386307.0003,16290952.4623,14241919.663
105,180923972.9057,5.1033,149837030.2184,11422888.8808,19664053.8065
106,168377155.828,5.1877,141189490.3223,11422888.8808,15764776.625
107,159734232.9812,5.2726,132546567.4755,11422888.8808,15764776.625
108,151091310.1345,5.3571,123903644.6287,11422888.8808,15764776.625
109,142448387.2877,5.4415,115260721.7819,11422888.8808,15764776.625
110,134058040.0324,5.526,106870374.5267,11422888.8808,15764776.625
111,126757334.4635,5.6108,98227451.6799,11422888.8808,17106993.9028
112,103616834.5455,5.6954,71646933.2921,6726782.4198,25243118.8337
113,92702906.9753,5.7803,63904176.0455,6726782.4198,22071948.51
114,86368411.2007,5.8651,56934225.7453,6726782.4198,22707403.0356
115,77770550.9486,5.9507,48291302.8986,6771845.0144,22707403.0356
116,71541795.3218,6.0355,39648380.0518,5971741.2927,25921673.9772
117,65914609.6723,6.1203,34468328.9442,5971741.2927,25474539.4353
118,57524262.417,6.2053,26077981.689,5971741.2927,25474539.4353
119,52241964.6679,6.2901,20795683.9398,5971741.2927,25474539.4353
120,47920503.2445,6.3751,16474222.5164,5971741.2927,25474539.4353
121,43685477.9625,6.4599,16474222.5164,5971741.2927,21239514.1533
122,38847803.7428,6.5448,16474222.5164,5971741.2927,16401839.9337
123,35032108.969,6.6296,12152761.093,6477507.9423,16401839.9337
124,32323604.677,6.7163,12152761.093,6983274.5919,13187568.9921
125,153432187.5342,6.8021,5286515.3537,14914828.6439,133230843.5366
126,131068301.6682,6.8868,16849181.4416,24944739.7176,89274380.5089
127,109853044.4455,6.9715,16849181.4416,24944739.7176,68059123.2862
128,94757572.9601,7.0561,16849181.4416,24944739.7176,52963651.8008
129,80070087.1905,7.1411,16849181.4416,24944739.7176,38276166.0313
130,71115934.8194,7.2314,18094671.966,24944739.7176,28076523.1357
131,62633319.5411,7.317,18269191.2687,24944739.7176,19419388.5547
132,60472893.8517,7.4035,18269191.2687,22784314.0282,19419388.5547
133,58916539.057,7.4888,18269191.2687,22568271.4593,18079076.329
134,57671048.5326,7.5746,17023700.7444,22568271.4593,18079076.329
135,56855483.5445,7.6601,16208135.7562,22568271.4593,18079076.329
136,56086240.9035,7.7452,15438893.1152,22568271.4593,18079076.329
137,55325028.2663,7.8347,14677680.478,22568271.4593,18079076.329
138,55009056.8347,7.9306,14865666.3357,22676292.7437,17467097.7553
139,54716868.9123,8.0195,14573478.4133,22676292.7437,17467097.7553
140,54547837.2927,8.1046,14404446.7937,22676292.7437,17467097.7553
141,53422700.4054,8.1893,14404446.7937,22676292.7437,16341960.868
142,46725680.1579,8.274,14404446.7937,22676292.7437,9644940.6205
143,43560220.1693,8.3587,14404446.7937,22676292.7437,6479480.6319
144,41832664.5004,8.4438,14404446.7937,20948737.0749,6479480.6319
145,40319324.7167,8.5288,14404446.7937,20948737.0749,4966140.8481
146,40224769.9871,8.614,14417913.3486,20840715.7904,4966140.8481
147,40224769.9871,8.6989,14417913.3486,20840715.7904,4966140.8481
148,40224769.9871,8.7838,14417913.3486,20840715.7904,4966140.8481
149,35554636.2811,8.8687,14605899.2062,20948737.0749,0
150,72918197.1254,8.9537,15958981.9913,56837491.7342,121723.4
151,71578291.0683,9.0384,15958981.9913,50945507.097,4673801.98
152,68756990.9801,9.1236,15753581.2232,50945507.097,2057902.66
153,67652983.2987,9.2088,13699573.5417,50945507.097,3007902.66
154,67484675.4906,9.2936,13494172.7736,50945507.097,3044995.62
155,67484253.9906,9.3787,13494172.7736,50945507.097,3044574.12
156,67450252.1106,9.464,13494172.7736,50945507.097,3010572.24
157,66590385.8601,9.5489,15548180.455,48031633.165,3010572.24
158,66587716.2801,9.6343,15548180.455,48031633.165,3007902.66
159,66587716.2801,9.7206,15548180.455,48031633.165,3007902.66
160,66587716.2801,9.8067,15548180.455,48031633.165,3007902.66
161,66587716.2801,9.8925,15548180.455,48031633.165,3007902.66
162,62595731.6429,9.9772,15548180.455,42139648.5279,4907902.66
163,62595731.6429,10.0627,15548180.455,42139648.5279,4907902.66
164,61170017.5067,10.1471,12884617.6488,42139648.5279,6145751.33
165,61028142.3126,10.2321,12705649.4947,42139648.5279,6182844.29
166,56059832.196,10.3168,71824.1298,14196543.7262,41791464.34
167,21545224.976,10.4014,71824.1298,14196543.7262,7276857.12
168,14354615.5297,10.4862,71824.1298,12973989.3199,1308802.08
169,14154615.5297,10.5709,71824.1298,12973989.3199,1108802.08
170,13954615.5297,10.6565,71824.1298,12973989.3199,908802.08
171,12633230.4311,10.7414,71824.1298,10027997.0013,2533409.3
172,10704031.9674,10.826,71824.1298,9438798.5376,1193409.3
173,10481017.4274,10.9112,71824.1298,9438798.5376,970394.76
174,10388540.4316,10.9963,26432.6141,9438798.5376,923309.28
175,22284027.5569,11.081,1748.39,14555170.3606,7727108.8063
176,22280281.363,11.1656,1748.39,14555170.3606,7723362.6125
177,22280281.363,11.2503,1748.39,14555170.3606,7723362.6125
178,21517783.6117,11.335,128027.35,14555170.3606,6834585.9012
179,21461325.9117,11.4202,71569.65,14555170.3606,6834585.9012
180,21428198.6717,11.5051,38442.41,14555170.3606,6834585.9012
181,21428198.6717,11.591,38442.41,14555170.3606,6834585.9012
182,21428198.6717,11.6763,38442.41,14555170.3606,6834585.9012
183,21428198.6717,11.7616,38442.41,14555170.3606,6834585.9012
184,21428198.6717,11.8472,38442.41,14555170.3606,6834585.9012
185,46629711.6139,11.884,1490996.419,509105.6064,44629609.5885
186,46629711.6139,11.9196,1490996.419,509105.6064,44629609.5885
187,47058892.0302,11.9551,1490996.419,938286.0226,44629609.5885
188,47656282.2468,11.9909,17186654.4389,2604368.0412,27865259.7666
189,44390284.1438,12.0264,17186654.4389,2095262.4348,25108367.2701
190,46192466.9335,12.0618,17186654.4389,3897445.2245,25108367.2701
191,52381202.1882,12.0977,21531463.6642,5741371.254,25108367.2701
192,59135949.3165,12.1335,26585218.1847,7442363.8618,25108367.2701
193,66758397.7445,12.1691,34207666.6127,7442363.8618,25108367.2701
194,67652836.7722,12.2219,32752824.673,13790543.2695,21109468.8296
195,58342645.0944,12.274,27871669.2952,9361506.9696,21109468.8296
196,57311770.9637,12.3262,27871669.2952,8330632.8389,21109468.8296
197,57721737.9831,12.3786,28281636.3146,8330632.8389,21109468.8296
198,53392967.2694,12.4307,28281636.3146,4001862.1252,21109468.8296
199,56178962.7346,12.4831,28281636.3146,6787857.5904,21109468.8296
200,61030357.8712,12.5357,12302637.2545,4702897.8585,44024822.7583
201,36506714.2577,12.5877,12302637.2545,4702897.8585,19501179.1448
202,36506714.2577,12.6399,12302637.2545,4702897.8585,19501179.1448
203,36506714.2577,12.693,12302637.2545,4702897.8585,19501179.1448
204,26613001.0432,12.7462,2408924.04,4702897.8585,19501179.1448
205,26613001.0432,12.799,2408924.04,4702897.8585,19501179.1448
206,29929429.9766,12.8517,5725352.9734,4702897.8585,19501179.1448
207,33375876.0633,12.9044,5725352.9734,8149343.9451,19501179.1448
208,32902221.3942,12.9568,5251698.3043,8149343.9451,19501179.1448
209,32902221.3942,13.0096,5251698.3043,8149343.9451,19501179.1448
210,28492401.0416,13.0619,5251698.3043,3739523.5925,19501179.1448
211,30124122.9088,13.1143,5251698.3043,5371245.4598,19501179.1448
212,34113994.5126,13.1668,5251698.3043,9361117.0635,19501179.1448
213,34113994.5126,13.2189,5251698.3043,9361117.0635,19501179.1448
214,34113994.5126,13.2712,5251698.3043,9361117.0635,19501179.1448
215,74532228.2408,13.3574,293905.27,70393223.3939,3845099.5769
216,73283909.3715,13.4423,293905.27,69484645.4662,3505358.6353
217,71495541.6619,13.5271,295368.9,69484645.4662,1715527.2957
218,45579142.1931,13.6121,295368.9,43568245.9974,1715527.2957
219,44418639.7779,13.6969,295368.9,43568245.9974,555024.8805
220,43905789.5197,13.7826,294725.46,43568245.9974,42818.0624
221,43839911.5997,13.8683,228847.54,43568245.9974,42818.0624
222,42931333.672,13.9545,228847.54,42659668.0696,42818.0624
223,12928512.2983,14.0395,228847.54,12656846.6959,42818.0624
224,12872054.5983,14.1253,172389.84,12656846.6959,42818.0624
225,13888815.7482,14.211,186508.3554,13697489.7529,4817.64
226,13882119.4652,14.2962,179812.0724,13697489.7529,4817.64
227,13618901.8461,14.3829,179812.0724,13205849.2537,233240.52
228,13397175.2491,14.4676,186508.3554,13205849.2537,4817.64
229,13392357.6091,14.5523,186508.3554,13205849.2537,0
230,13390397.4329,14.6374,184548.1792,13205849.2537,0
231,13390397.4329,14.7224,184548.1792,13205849.2537,0
232,13390397.4329,14.8075,184548.1792,13205849.2537,0
233,11673024.26,14.8919,184548.1792,910148.4908,10578327.59
234,1385484.8606,14.9765,475336.3698,910148.4908,0
235,1126346.2215,15.0612,475336.3698,418507.9916,232501.86
236,900540.6445,15.1457,482032.6528,418507.9916,0
237,714534.5128,15.2305,482032.6528,0,232501.86
238,488728.9358,15.3152,488728.9358,0,0
239,354803.2764,15.4,354803.2764,0,0
240,220877.617,15.4849,220877.617,0,0
241,197940.7452,15.5694,197940.7452,0,0
242,196460.9336,15.6547,196460.9336,0,0
243,196460.9336,15.7412,196460.9336,0,0
244,196460.9336,15.8264,196460.9336,0,0
245,196460.9336,15.9114,196460.9336,0,0
246,196460.9336,15.9962,196460.9336,0,0
247,5689556.3653,16.0327,5689556.3653,0,0
248,5689556.3653,16.0682,5689556.3653,0,0
249,5689556.3653,16.104,5689556.3653,0,0
250,14736484.27,16.1397,14669402,67082.27,0
251,17975616.93,16.1752,14669402,225360.85,3080854.08
252,8195401.9702,16.228,7384876.3331,810525.6371,0
253,8195401.9702,16.2801,7384876.3331,810525.6371,0
254,8195401.9702,16.3322,7384876.3331,810525.6371,0
255,9582384.5965,16.3845,8771858.9595,810525.6371,0
256,13028830.6832,16.4367,8771858.9595,4256971.7237,0
257,28280598.9723,16.5222,233359.0331,28047239.9392,0
258,28277614.4926,16.6074,230374.5533,28047239.9392,0
259,28273902.6894,16.6923,226662.7501,28047239.9392,0
260,28273902.6894,16.7771,226662.7501,28047239.9392,0
261,28273902.6894,16.8628,226662.7501,28047239.9392,0
262,28273902.6894,16.9481,226662.7501,28047239.9392,0
263,28273902.6894,17.0333,226662.7501,28047239.9392,0
264,17209761.35,17.0699,16924520,285241.35,0
265,17209761.35,17.1053,16924520,285241.35,0
266,17413392.35,17.1407,17128151,285241.35,0
267,21535921.75,17.176,17128151,360289.03,4047481.72
268,21853004.02,17.2115,17128151,677371.3,4047481.72
269,91087253.7314,17.2641,82902873.5001,8184380.2313,0
270,81038040.4975,17.316,72853660.2662,8184380.2313,0
271,77206874.5442,17.368,72853660.2662,4353214.278,0
272,80955094.9227,17.4202,72853660.2662,8101434.6565,0
273,80955094.9227,17.4722,72853660.2662,8101434.6565,0
274,80955094.9227,17.5245,72853660.2662,8101434.6565,0
275,101124099.9463,17.5768,88737852.6796,6709971.4867,5676275.78
276,65547182.6885,17.6632,1320582.4421,58550324.4665,5676275.78
277,62645214.1685,17.7484,1320582.4421,58550324.4665,2774307.26
278,61838954.7685,17.8336,1320582.4421,58550324.4665,1968047.86
279,34203833.3862,17.9187,1732700.999,30503084.5272,1968047.86
280,33919602.5977,18.0052,1448470.2105,30503084.5272,1968047.86
281,33749194.3347,18.0904,1441773.9275,30503084.5272,1804335.88
282,33599194.3347,18.1755,1441773.9275,30503084.5272,1654335.88
283,3096109.8075,18.2606,1441773.9275,0,1654335.88
284,2951400.695,18.3456,1297064.815,0,1654335.88
285,2817475.0356,18.4303,1163139.1556,0,1654335.88
286,2683549.3762,18.5157,1029213.4962,0,1654335.88
287,2595598.4013,18.601,1051262.5213,0,1544335.88
288,2528635.5716,18.6864,984299.6916,0,1544335.88
289,2428635.5716,18.7738,984299.6916,0,1444335.88
290,2294709.9122,18.8587,850374.0322,0,1444335.88
291,2254862.3947,18.9444,810526.5147,0,1444335.88
292,2238742.6871,19.0302,794406.8071,0,1444335.88
293,2225350.1212,19.1159,781014.2412,0,1444335.88
294,2219006.9012,19.2023,781014.2412,0,1437992.66
295,2219006.9012,19.288,781014.2412,0,1437992.66
296,2085081.2418,19.3726,647088.5818,0,1437992.66
297,2032663.7833,19.4575,594671.1233,0,1437992.66
298,1936056.3492,19.5423,608063.6892,0,1327992.66
299,1936056.3492,19.6276,608063.6892,0,1327992.66
300,91690197.9022,19.7125,14259895.8477,58278.58,77372023.4744
301,85551448.732,19.7971,7735905.3276,443519.93,77372023.4744
302,85551448.732,19.8825,7735905.3276,443519.93,77372023.4744
303,85551448.732,19.9683,7735905.3276,443519.93,77372023.4744
304,83734855.6917,20.0529,5843722.1072,519110.11,77372023.4744
305,83180260.2721,20.1378,5289126.6876,519110.11,77372023.4744
306,83180260.2721,20.2229,5289126.6876,519110.11,77372023.4744
307,83180260.2721,20.3089,5289126.6876,519110.11,77372023.4744
308,83180260.2721,20.3952,5289126.6876,519110.11,77372023.4744
309,75949140.3843,20.4797,5603200.0303,519110.11,69826830.244
310,75949140.3843,20.565,5603200.0303,519110.11,69826830.244
311,62330607.2381,20.6501,5603200.0303,619110.11,56108297.0978
312,62230607.2381,20.735,5603200.0303,519110.11,56108297.0978
313,62230607.2381,20.8207,5603200.0303,519110.11,56108297.0978
314,62230607.2381,20.9062,5603200.0303,519110.11,56108297.0978
315,61926533.8954,20.9911,5289126.6876,529110.11,56108297.0978
316,61918790.7313,21.0761,5281383.5234,529110.11,56108297.0978
317,61918790.7313,21.161,5281383.5234,529110.11,56108297.0978
318,61918790.7313,21.2472,5281383.5234,529110.11,56108297.0978
319,61918790.7313,21.3336,5281383.5234,529110.11,56108297.0978
320,54687670.8435,21.4186,5595456.8661,529110.11,48563103.8674
321,54687670.8435,21.5043,5595456.8661,529110.11,48563103.8674
322,47146803.1911,21.5896,5595456.8661,629110.11,40922236.215
323,47046803.1911,21.6749,5595456.8661,529110.11,40922236.215
324,47046803.1911,21.7613,5595456.8661,529110.11,40922236.215
325,54607214.4029,21.8469,2118897.3072,595061.7035,51893255.3922
326,54604523.3665,21.9321,2121829.5021,589438.4722,51893255.3922
327,54601591.1716,22.0174,2118897.3072,589438.4722,51893255.3922
328,54601591.1716,22.1022,2118897.3072,589438.4722,51893255.3922
329,54601591.1716,22.1879,2118897.3072,589438.4722,51893255.3922
330,54601591.1716,22.2738,2118897.3072,589438.4722,51893255.3922
331,44684369.6129,22.3583,2237831.1451,589438.4722,41857099.9956
332,40033034.8644,22.4427,2237831.1451,589438.4722,37205765.247
333,27739051.9413,22.5272,2237831.1451,589438.4722,24911782.3239
334,23050739.4176,22.6119,2237831.1451,589438.4722,20223469.8003
335,2832056.3817,22.6967,2237831.1451,594225.2366,0
336,2775824.069,22.7811,2237831.1451,537992.9239,0
337,2764577.6065,22.8658,2237831.1451,526746.4613,0
338,2764577.6065,22.9508,2237831.1451,526746.4613,0
339,2761886.57,23.0355,2240763.34,521123.23,0
340,2758954.3752,23.1203,2237831.1451,521123.23,0
341,2758954.3752,23.2051,2237831.1451,521123.23,0
342,2758954.3752,23.29,2237831.1451,521123.23,0
343,2758954.3752,23.3751,2237831.1451,521123.23,0
344,2758954.3752,23.4605,2237831.1451,521123.23,0
345,19279131.35,23.4972,18815765,463366.35,0
346,19279131.35,23.5326,18815765,463366.35,0
347,19596213.62,23.5683,18815765,780448.62,0
348,20039426.08,23.6038,18815765,943593.01,280068.07
349,20789426.08,23.6391,18815765,1693593.01,280068.07
350,95846350.0807,23.6926,9326480.1033,84023867.9273,2496002.05
351,87576160.0687,23.7451,9326480.1033,75929820.1853,2319859.78
352,88693962.7813,23.798,10444282.816,75929820.1853,2319859.78
353,51484373.1258,23.85,10444282.816,38720230.5299,2319859.78
354,53898716.0769,23.9026,11541038.7271,38720230.5299,3637446.82
355,55245629.6469,23.9549,11541038.7271,38720230.5299,4984360.39
356,39514294.7753,24.0071,11541038.7271,22988895.6582,4984360.39
357,42093597.8749,24.0597,14120341.8267,22988895.6582,4984360.39
358,42093597.8749,24.1123,14120341.8267,22988895.6582,4984360.39
359,42093597.8749,24.165,14120341.8267,22988895.6582,4984360.39
360,46094532.3421,24.2177,18121276.2939,22988895.6582,4984360.39
361,317030417.4772,24.303,4734566.5077,521123.23,311774727.7395
362,256589526.2479,24.3876,5181054.2447,521123.23,250887348.7732
363,214838180.6711,24.4721,5181054.2447,521123.23,209136003.1963
364,180985520.3604,24.5568,4586385.055,521123.23,175878012.0754
365,139353108.6215,24.642,4705318.8929,521123.23,134126666.4985
366,102425515.6436,24.7281,8454409.2531,521123.23,93449983.1604
367,59202994.4292,24.8131,8454409.2531,521123.23,50227461.946
368,50278627.7855,24.8982,8454409.2531,521123.23,41303095.3024
369,46947317.1526,24.9829,10262371.0486,761073.2901,35923872.8139
370,35204751.2091,25.0678,10262371.0486,761073.2901,24181306.8704
371,34015412.8297,25.1529,9073032.6692,761073.2901,24181306.8704
372,28353262.1572,25.2378,8686554.1895,761073.2901,18905634.6776
373,27163923.7778,25.3234,7497215.8101,761073.2901,18905634.6776
374,9020142.4295,25.4078,7497215.8101,761073.2901,761853.3293
375,50556495.0815,25.4927,44772681.6314,5709835.8727,73977.5774
376,43847581.9685,25.5774,38063768.5183,5709835.8727,73977.5774
377,39522512.2805,25.6623,33738698.8303,5709835.8727,73977.5774
378,36402252.7464,25.7471,30618439.2963,5709835.8727,73977.5774
379,33732008.5633,25.8319,27948195.1132,5709835.8727,73977.5774
380,31857636.129,25.917,26073822.6789,5709835.8727,73977.5774
381,30195308.5397,26.0015,24411495.0896,5709835.8727,73977.5774
382,25872086.5288,26.0859,20088273.0787,5709835.8727,73977.5774
383,24397665.9567,26.1705,18613852.5066,5709835.8727,73977.5774
384,16086028.0101,26.2557,10302214.5599,5709835.8727,73977.5774
385,14569009.6056,26.3403,7735004.7655,5709835.8727,1124168.9674
386,14153427.7083,26.4247,7319422.8681,5709835.8727,1124168.9674
387,13957786.1996,26.5093,7545655.6791,5287961.5531,1124168.9674
388,13831094.1875,26.5952,7545655.6791,5287961.5531,997476.9553
389,13746719.3236,26.68,7545655.6791,5203586.6892,997476.9553
390,13676776.8868,26.7648,7545655.6791,5203586.6892,927534.5185
391,13676776.8868,26.8509,7545655.6791,5203586.6892,927534.5185
392,12845613.0921,26.9363,6714491.8844,5203586.6892,927534.5185
393,12845613.0921,27.0223,6714491.8844,5203586.6892,927534.5185
394,12823917.1723,27.108,6734983.3966,5161399.2572,927534.5185
395,9781964.904,27.1941,3693031.1283,5161399.2572,927534.5185
396,9528580.8798,27.2792,3693031.1283,5161399.2572,674150.4943
397,9508089.3676,27.3646,3672539.6161,5161399.2572,674150.4943
398,9324043.9886,27.4514,3446306.8051,5203586.6892,674150.4943
399,9324043.9886,27.5371,3446306.8051,5203586.6892,674150.4943
400,31611702.4547,27.6239,8523427.9483,22511174.0388,577100.4676
401,27915552.1477,27.7149,4827277.6413,22511174.0388,577100.4676
402,27357469.5501,27.8013,4827277.6413,21953091.4412,577100.4676
403,27325809.429,27.888,4904071.0778,21953091.4412,468646.91
404,27249015.9925,27.9734,4827277.6413,21953091.4412,468646.91
405,27153773.8993,28.0587,5011076.8468,21674050.1424,468646.91
406,26979087.1827,28.1441,4836390.1303,21674050.1424,468646.91
407,26794962.3335,28.2305,4869172.3962,21674050.1424,251739.7949
408,26719888.9011,28.3163,4869172.3962,21674050.1424,176666.3625
409,25295623.767,28.4013,8481119.9639,16637837.4406,176666.3625
410,25262841.5011,28.4871,8448337.6979,16637837.4406,176666.3625
411,24893226.4704,28.5736,8078722.6672,16637837.4406,176666.3625
412,21968121.9473,28.6589,5153618.1442,16637837.4406,176666.3625
413,21689080.6485,28.7442,5153618.1442,16358796.1418,176666.3625
414,21521254.1186,28.8303,5153618.1442,16358796.1418,8839.8326
415,21512141.6296,28.9156,5144505.6552,16358796.1418,8839.8326
416,21416899.5364,29.0008,5328304.8608,16079754.843,8839.8326
417,21242212.8198,29.0863,5153618.1442,16079754.843,8839.8326
418,21233372.9872,29.1718,5153618.1442,16079754.843,0
419,21233372.9872,29.2568,5153618.1442,16079754.843,0
420,20877227.28,29.3418,4784003.1135,16093224.1665,0
421,20877227.28,29.4269,4784003.1135,16093224.1665,0
422,20877227.28,29.5123,4784003.1135,16093224.1665,0
423,20692419.7647,29.5984,4599195.5981,16093224.1665,0
424,20507612.2493,29.6832,4414388.0828,16093224.1665,0
425,24616331.7491,29.7697,2570847.4093,21844630.2598,200854.08
426,24395570.65,29.855,2570847.4093,21510624.4106,314098.83
427,22618517.6056,29.9401,4717513.9992,17586904.7765,314098.83
428,22141446.2816,30.0249,3647127.7751,17586904.7765,907413.73
429,21773459.3516,30.1099,3279140.8451,17586904.7765,907413.73
430,21065165.9158,30.1951,2570847.4093,17586904.7765,907413.73
431,20951921.1658,30.2805,2570847.4093,17586904.7765,794168.98
432,20358606.2658,30.3655,2570847.4093,17586904.7765,200854.08
433,20358606.2658,30.4512,2570847.4093,17586904.7765,200854.08
434,20358606.2658,30.5392,2570847.4093,17586904.7765,200854.08
435,20250978.2292,30.6249,2463219.3727,17586904.7765,200854.08
436,19942496.1126,30.7101,2355591.3361,17586904.7765,0
437,19750978.2292,30.7957,2355591.3361,17194532.8131,200854.08
438,19390852.3069,30.8814,2780209.3407,16409788.8862,200854.08
439,19181490.3755,30.9665,2570847.4093,16409788.8862,200854.08
440,18966234.3024,31.0514,2355591.3361,16409788.8862,200854.08
441,18966234.3024,31.1367,2355591.3361,16409788.8862,200854.08
442,18966234.3024,31.2242,2355591.3361,16409788.8862,200854.08
443,18966234.3024,31.3097,2355591.3361,16409788.8862,200854.08
444,18966234.3024,31.3948,2355591.3361,16409788.8862,200854.08
445,4330981.19,31.4322,3171017,959110.11,200854.08
446,4330981.19,31.4685,3171017,959110.11,200854.08
447,4330981.19,31.5047,3171017,959110.11,200854.08
448,4648063.46,31.5403,3171017,1276192.38,200854.08
449,5379319.35,31.5763,3171017,2007448.27,200854.08
450,125637550.8397,31.6297,49169.2111,125387527.5487,200854.08
451,125637550.8397,31.6835,49169.2111,125387527.5487,200854.08
452,125742294.467,31.7363,153912.8384,125387527.5487,200854.08
453,52174352.8937,31.7885,274426.9675,51699071.8462,200854.08
454,52436605.9802,31.8417,536680.054,51699071.8462,200854.08
455,52436605.9802,31.8943,536680.054,51699071.8462,200854.08
456,21282868.9043,31.9465,536680.054,20545334.7702,200854.08
457,21340296.7309,31.9991,594107.8806,20545334.7702,200854.08
458,21340296.7309,32.0519,594107.8806,20545334.7702,200854.08
459,21340296.7309,32.1044,594107.8806,20545334.7702,200854.08
460,21451097.7368,32.1569,704908.8865,20545334.7702,200854.08
461,26259183.4635,32.2441,9648540.4973,16409788.8862,200854.08
462,26253876.5403,32.3297,9643233.5741,16409788.8862,200854.08
463,25015052.439,32.4149,8404409.4728,16409788.8862,200854.08
464,25015052.439,32.501,8404409.4728,16409788.8862,200854.08
465,21374382.1308,32.5876,4763739.1646,16409788.8862,200854.08
466,21374382.1308,32.673,4763739.1646,16409788.8862,200854.08
467,21374382.1308,32.7592,4763739.1646,16409788.8862,200854.08
468,20577153.0653,32.8443,3966510.0991,16409788.8862,200854.08
469,20536145.9715,32.9295,3971817.0223,16363474.8691,200854.08
470,20536145.9715,33.0149,3971817.0223,16363474.8691,200854.08
471,18997975.5815,33.0999,2433646.6324,16363474.8691,200854.08
472,18890347.5449,33.185,2326018.5958,16363474.8691,200854.08
473,18581865.4284,33.2703,2218390.5592,16363474.8691,0
474,18390347.5449,33.3553,2218390.5592,15971102.9057,200854.08
475,19093490.3175,33.4409,1199428.7789,17674694.4964,219367.0422
476,19093490.3175,33.5273,1199428.7789,17674694.4964,219367.0422
477,19093490.3175,33.6132,1199428.7789,17674694.4964,219367.0422
478,19093490.3175,33.6981,1199428.7789,17674694.4964,219367.0422
479,3825391.01,33.7352,2671017,953519.93,200854.08
480,3825391.01,33.7707,2671017,953519.93,200854.08
481,3825391.01,33.8067,2671017,953519.93,200854.08
482,3825391.01,33.8422,2671017,953519.93,200854.08
483,4142473.28,33.8777,2671017,1270602.2,200854.08
484,125385291.2069,33.9315,346151.8866,124838285.2403,200854.08
485,125385291.2069,33.9851,346151.8866,124838285.2403,200854.08
486,125490034.8342,34.0376,450895.5139,124838285.2403,200854.08
487,51914340.3521,34.0903,563656.7343,51149829.5378,200854.08
488,52128933.3467,34.1428,778249.729,51149829.5378,200854.08
489,31955699.7499,34.1961,778249.729,31177450.021,0
490,801962.674,34.2487,778249.729,23712.945,0
491,801962.674,34.3009,778249.729,23712.945,0
492,801962.674,34.3528,778249.729,23712.945,0
493,801962.674,34.405,778249.729,23712.945,0
494,851637.5918,34.4578,827924.6468,23712.945,0
495,4091125.4487,34.5448,4070165.4007,20960.0481,0
496,2884845.6034,34.6301,2863885.5553,20960.0481,0
497,2069989.3338,34.7149,2049029.2857,20960.0481,0
498,2049029.2857,34.8002,2049029.2857,0,0
499,1928401.3012,34.8861,1928401.3012,0,0
500,15280888.6,34.9715,14986351,0,294537.6
501,14986351,35.0567,14986351,0,0
502,14961697,35.142,14961697,0,0
503,14961697,35.2271,14961697,0,0
504,14961697,35.3123,14961697,0,0
505,12258066,35.397,12258066,0,0
506,12258066,35.482,12258066,0,0
507,2258066,35.5675,2258066,0,0
508,2258066,35.6531,2258066,0,0
509,2258066,35.7395,2258066,0,0
510,2146363,35.8245,2146363,0,0
511,1940900.6,35.9095,1646363,0,294537.6
512,1646363,35.9946,1646363,0,0
513,1646363,36.0804,1646363,0,0
514,1646363,36.1651,1646363,0,0
515,1646363,36.2506,1646363,0,0
516,1646363,36.3366,1646363,0,0
517,1646363,36.374,1646363,0,0
518,1963445.27,36.4098,1646363,317082.27,0
519,2694701.16,36.4473,1646363,1048338.16,0
520,2694701.16,36.4832,1646363,1048338.16,0
521,10097031.64,36.5197,1646363,1048338.16,7402330.48
522,38581595.7602,36.5742,25528.2043,31153737.0759,7402330.48
523,31179265.2802,36.6276,25528.2043,31153737.0759,0
524,25528.2043,36.6796,25528.2043,0,0
525,1646363,36.7326,1646363,0,0
526,1901336.97,36.7848,1646363,254973.97,0
527,2206554.34,36.837,1646363,560191.34,0
528,2600687,36.8893,1646363,753469.92,200854.08
529,753469.92,36.9763,0,753469.92,0
530,753469.92,37.0615,0,753469.92,0
531,753469.92,37.147,0,753469.92,0
532,753469.92,37.2356,0,753469.92,0
533,753469.92,37.3214,0,753469.92,0
534,753469.92,37.3583,0,753469.92,0
535,753469.92,37.3938,0,753469.92,0
536,753469.92,37.43,0,753469.92,0
537,1070552.19,37.4656,0,1070552.19,0
538,1010552.19,37.5012,0,1010552.19,0
539,1741808.08,37.5368,0,1741808.08,0
540,3241808.08,37.5726,0,3241808.08,0
541,10644138.56,37.6082,0,3241808.08,7402330.48
542,21475779.78,37.6439,0,3737162.92,17738616.86
543,10644138.56,37.6972,0,3241808.08,7402330.48
544,10644138.56,37.7502,0,3241808.08,7402330.48
545,10644138.56,37.8026,0,3241808.08,7402330.48
546,10644138.56,37.8552,0,3241808.08,7402330.48
547,9912882.67,37.9079,0,2510552.19,7402330.48
548,2510552.19,37.96,0,2510552.19,0
549,2193469.92,38.0119,0,2193469.92,0
550,219346992,38.0644,0,219346992,0
551,193849595,38.1165,0,193849595,0
552,184333000.75,38.1684,0,174849595,9483405.75
553,90776274.6,38.2202,0,5521737,85254537.6
554,30664519.98,38.2722,189293.67,24869659,5605567.31
555,29415215.47,38.3242,1028117.5,24869659,3517438.97
556,29311058.37,38.3763,923960.4,24869659,3517438.97
557,29311058.37,38.4291,923960.4,24869659,3517438.97
558,29311058.37,38.4814,923960.4,24869659,3517438.97
559,29311058.37,38.5338,923960.4,24869659,3517438.97
560,29311058.37,38.587,923960.4,24869659,3517438.97
561,85434422.36,38.6749,51406356,248696.59,33779369.77
562,61755277.26,38.7609,51406356,248696.59,10100224.67
563,53730033.42,38.8463,43276743,248696.59,10204593.83
564,52038742.42,38.9315,41585452,248696.59,10204593.83
565,49978742.42,39.0164,40585452,238696.59,9154593.83
566,48309523.42,39.1018,38916233,238696.59,9154593.83
567,39510931.42,39.187,30117641,238696.59,9154593.83
568,38353628.68,39.2719,30117641,238696.59,7997291.09
569,37253628.68,39.3571,30117641,238696.59,6897291.09
570,36616244.68,39.4424,29480257,238696.59,6897291.09
571,36096244.68,39.5293,29480257,238696.59,6377291.09
572,35546244.68,39.6157,29480257,238696.59,5827291.09
573,35183628.68,39.7009,29117641,238696.59,5827291.09
574,34893628.68,39.7858,29117641,238696.59,5537291.09
575,107806037.0852,39.8714,24297760.0633,238696.59,83269580.4319
576,105442573.7801,39.9566,24297760.0633,238696.59,80906117.1268
577,104645424.8282,40.0426,25459537.4298,334286.77,78851600.6284
578,103483647.4618,40.1281,24297760.0633,334286.77,78851600.6284
579,103007575.643,40.215,24297760.0633,334286.77,78375528.8097
580,73718725.7155,40.3004,38605368.4839,334286.77,34779070.4616
581,73289673.1299,40.3859,38605368.4839,334286.77,34350017.876
582,73121804.7302,40.4715,38437500.0843,334286.77,34350017.876
583,72963114.124,40.5569,38437500.0843,334286.77,34191327.2697
584,72848471.476,40.6428,38322857.4363,334286.77,34191327.2697
585,65735347.5443,40.7279,38322857.4363,334286.77,27078203.3381
586,65432755.8418,40.8132,38020265.7338,334286.77,27078203.3381
587,65230238.6987,40.8987,38020265.7338,334286.77,26875686.1949
588,64855110.0025,40.9841,39182043.1003,384286.77,25288780.1323
589,64020641.3015,41.0696,38347574.3992,384286.77,25288780.1323
590,63544569.4827,41.1549,38347574.3992,384286.77,24812708.3135
591,55199882.472,41.2405,30002887.3886,384286.77,24812708.3135
592,55144665.102,41.3262,30002887.3886,329069.4,24812708.3135
593,55133335.0606,41.4118,29753521.4377,329069.4,25050744.2229
594,54678487.1582,41.497,29753521.4377,329069.4,24595896.3205
595,54510618.7586,41.5835,29585653.038,329069.4,24595896.3205
596,54395976.1105,41.6688,29471010.39,329069.4,24595896.3205
597,54093384.408,41.7548,29168418.6875,329069.4,24595896.3205
598,54093384.408,41.8407,29168418.6875,329069.4,24595896.3205
599,53919766.3489,41.9267,28841110.0221,324069.4,24754586.9268
600,90427389.8956,42.0134,18486976.4925,324069.4,71616344.0031
601,85460437.47,42.0993,20406530.2416,324069.4,64729837.8284
602,81638241.0342,42.1845,16584333.8058,324069.4,64729837.8284
603,81638241.0342,42.2698,16584333.8058,324069.4,64729837.8284
604,81217035.1033,42.3552,16851778.4923,324069.4,64041187.2109
605,81217035.1033,42.442,16851778.4923,324069.4,64041187.2109
606,81217035.1033,42.5284,16851778.4923,324069.4,64041187.2109
607,80608660.4885,42.6141,16243403.8776,324069.4,64041187.2109
608,80147256.357,42.7006,15781999.7461,324069.4,64041187.2109
609,80147256.357,42.7869,15781999.7461,324069.4,64041187.2109
610,76356500.037,42.8721,21073251.659,424069.4,54859178.9779
611,75121596.1272,42.9572,19838347.7493,424069.4,54859178.9779
612,74586706.7541,43.0424,19303458.3761,424069.4,54859178.9779
613,74586706.7541,43.1281,19303458.3761,424069.4,54859178.9779
614,74586706.7541,43.2146,19303458.3761,424069.4,54859178.9779
615,74586706.7541,43.301,19303458.3761,424069.4,54859178.9779
616,74586706.7541,43.3865,19303458.3761,424069.4,54859178.9779
617,37707690.08,43.4235,36088693,424069.4,1194927.68
618,37707690.08,43.4592,36088693,424069.4,1194927.68
619,37707690.08,43.4954,36088693,424069.4,1194927.68
620,38024772.35,43.5309,36088693,741151.67,1194927.68
621,38410127.19,43.5667,36088693,1126506.51,1194927.68
622,75670981.61,43.6199,360886.93,74115167,1194927.68
623,43962754.61,43.6725,360886.93,42406940,1194927.68
624,39787734.89,43.725,1167397.41,37406941,1213396.48
625,42065822.0356,43.7775,3196749.9203,35168607.5834,3700464.532
626,35814835.4863,43.8298,2964097.2567,17918577.2003,14932161.0293
627,23889201.0975,43.882,2964097.2567,17918577.2003,3006526.6405
628,23047861.48,43.9343,2964097.2567,17918577.2003,2165187.023
629,22857957.8566,43.9863,3720853.6747,17918577.2003,1218526.9816
630,22857957.8566,44.0384,3720853.6747,17918577.2003,1218526.9816
631,22857957.8566,44.0904,3720853.6747,17918577.2003,1218526.9816
632,22857957.8566,44.1426,3720853.6747,17918577.2003,1218526.9816
633,22857957.8566,44.195,3720853.6747,17918577.2003,1218526.9816
634,75668982.5358,44.282,57134591.9073,190590.19,18343800.4385
635,61127512.1405,44.3669,47854297.121,90590.19,13182624.8295
636,54361125.7327,44.4518,41087910.7132,90590.19,13182624.8295
637,48107578.4186,44.5371,34834363.3991,90590.19,13182624.8295
638,42758684.6872,44.6232,29485469.6677,90590.19,13182624.8295
639,40284141.7322,44.7089,29485469.6677,90590.19,10708081.8745
640,29797237.9084,44.7947,29485469.6677,90590.19,221178.0507
641,26056488.0076,44.8803,25744719.7669,90590.19,221178.0507
642,25521598.6345,44.9665,25209830.3937,90590.19,221178.0507
643,25061470.749,45.0519,24749702.5083,90590.19,221178.0507
644,24600066.6175,45.1373,24288298.3768,90590.19,221178.0507
645,20970468.868,45.2228,20658700.6273,90590.19,221178.0507
646,11599583.8916,45.3078,11378405.8409,0,221178.0507
647,9775970.5749,45.3927,9554792.5242,0,221178.0507
648,9554792.5242,45.4782,9554792.5242,0,0
649,8705017.5213,45.5631,8705017.5213,0,0
650,15249772,45.6486,15249772,0,0
651,14972618,45.7353,14972618,0,0
652,14972618,45.8211,14972618,0,0
653,2016519.84,45.9062,0,145354.84,1871165
654,145354.84,45.9913,0,145354.84,0
655,145354.84,46.0767,0,145354.84,0
656,145354.84,46.1623,0,145354.84,0
657,145354.84,46.2492,0,145354.84,0
658,145354.84,46.3351,0,145354.84,0
659,145354.84,46.3724,0,145354.84,0
660,145354.84,46.4083,0,145354.84,0
661,145354.84,46.4444,0,145354.84,0
662,156577.46,46.4799,0,145354.84,11222.62
663,473659.73,46.5154,0,462437.11,11222.62
664,13699944.032,46.5691,0,13665718.6919,34225.3402
665,13665718.6919,46.6218,0,13665718.6919,0
666,13665718.6919,46.6741,0,13665718.6919,0
667,13746555.6037,46.7264,80836.9118,13665718.6919,0
668,14242799.809,46.7789,577081.1171,13665718.6919,0
669,14242799.809,46.831,577081.1171,13665718.6919,0
670,19803678.84,46.9182,19668324,135354.84,0
671,19803678.84,47.0036,19668324,135354.84,0
672,19803678.84,47.089,19668324,135354.84,0
673,19803678.84,47.1745,19668324,135354.84,0
674,19803678.84,47.2602,19668324,135354.84,0
675,19669249.1277,47.2977,19533894.2877,135354.84,0
676,19669249.1277,47.3332,19533894.2877,135354.84,0
677,19669249.1277,47.3693,19533894.2877,135354.84,0
678,19943616.1377,47.4049,19533894.2877,148499.23,261222.62
679,20260698.4077,47.4406,19533894.2877,465581.5,261222.62
680,45452299.1689,47.4946,883422.9617,43772232.195,796644.0122
681,45452299.1689,47.5482,883422.9617,43772232.195,796644.0122
682,45452299.1689,47.6018,883422.9617,43772232.195,796644.0122
683,45452299.1689,47.6545,883422.9617,43772232.195,796644.0122
684,45452299.1689,47.707,883422.9617,43772232.195,796644.0122
685,27981771.12,47.7951,27254967,465581.5,261222.62
686,27664688.85,47.8811,27254967,148499.23,261222.62
687,27390321.84,47.967,27254967,135354.84,0
688,24635203.84,48.0523,24499849,135354.84,0
689,7721997.84,48.1373,7586643,135354.84,0
690,7454499.7,48.2226,7086643,135354.84,232501.86
691,2013626.7,48.3075,1645770,135354.84,232501.86
692,1785381.08,48.3929,1645770,139611.08,0
693,1775381.08,48.478,1645770,129611.08,0
694,1775381.08,48.5633,1645770,129611.08,0
695,1775381.08,48.6488,1645770,129611.08,0
696,129611.08,48.735,0,129611.08,0
697,129611.08,48.8216,0,129611.08,0
698,129611.08,48.9079,0,129611.08,0
699,129611.08,48.9937,0,129611.08,0
700,12961108,49.0798,0,12961108,0
701,129611.08,49.1167,0,129611.08,0
702,696693.35,49.1523,0,696693.35,0
703,3121973.1882,49.189,1694023.9482,1427949.24,0
704,6325747.185,49.2254,4834653.545,1491093.64,0
705,9569879.845,49.2616,4834653.545,1654372.22,3080854.08
706,96276331.4808,49.3152,92782.2179,86787946.5567,9395602.7062
707,42961376.3201,49.3679,92782.2179,33472991.396,9395602.7062
708,33986828.7873,49.4201,590769.609,22191039.0394,11205020.139
709,27957446.1276,49.4723,497987.3911,16254438.5976,11205020.139
710,27957446.1276,49.5248,497987.3911,16254438.5976,11205020.139
711,28038283.0394,49.5777,578824.3029,16254438.5976,11205020.139
712,28534527.2447,49.6305,1075068.5081,16254438.5976,11205020.139
713,28534527.2447,49.683,1075068.5081,16254438.5976,11205020.139
714,18449543.4,49.7703,366409.42,17288965,794168.98
715,17856228.5,49.8556,366409.42,17288965,200854.08
716,17543849.25,49.9409,366409.42,16863341,314098.83
717,17430604.5,50.0263,366409.42,16863341,200854.08
718,17380604.5,50.1123,316409.42,16863341,200854.08
719,16835121.5,50.1974,306409.42,16327858,200854.08
720,16835121.5,50.2828,306409.42,16327858,200854.08
721,16835121.5,50.3685,306409.42,16327858,200854.08
722,16807570.32,50.4538,278858.24,16327858,200854.08
723,16638438.26,50.5393,109726.18,16327858,200854.08
724,16638438.26,50.6259,109726.18,16327858,200854.08
725,16132801.345,50.7108,109726.18,16023075.165,0
726,15884599.393,50.7966,109726.18,15532408.3805,242464.8325
727,15884599.393,50.8818,109726.18,15532408.3805,242464.8325
728,15884599.393,50.9677,109726.18,15532408.3805,242464.8325
729,15879599.393,51.0528,104726.18,15532408.3805,242464.8325
730,15879599.393,51.1391,104726.18,15532408.3805,242464.8325
731,15879599.393,51.2248,104726.18,15532408.3805,242464.8325
732,15879599.393,51.3104,104726.18,15532408.3805,242464.8325
733,15879599.393,51.3964,104726.18,15532408.3805,242464.8325
734,3373005.74,51.4339,0,543633.42,2829372.32
735,3373005.74,51.4699,0,543633.42,2829372.32
736,3940088.01,51.5064,0,1110715.69,2829372.32
737,2610715.69,51.5418,0,2610715.69,0
738,5035995.5282,51.5775,1694023.9482,3341971.58,0
739,5035995.5282,51.6133,1694023.9482,3341971.58,0
740,8239769.525,51.6492,4834653.545,3405115.98,0
741,14477325.4823,51.685,10326968.1523,4150357.33,0
742,320279103.4591,51.7389,142828.011,320136275.4481,0
743,273270972.5572,51.7927,142828.011,273128144.5462,0
744,273270972.5572,51.8452,142828.011,273128144.5462,0
745,204470981.5643,51.8979,92782.2179,204378199.3464,0
746,151156026.4036,51.9505,92782.2179,151063244.1857,0
747,125307787.7821,52.0027,400055.4809,114833622.6609,10074109.6402
748,119278405.1224,52.0548,307273.2631,108897022.2191,10074109.6402
749,119278405.1224,52.1068,307273.2631,108897022.2191,10074109.6402
750,133751121.2428,52.1596,104726.18,105746793.0869,27899601.9759
751,133751121.2428,52.2129,104726.18,105746793.0869,27899601.9759
752,116832760.4617,52.266,104726.18,105746793.0869,10981241.1948
753,116832760.4617,52.3183,104726.18,105746793.0869,10981241.1948
754,7152580.8667,52.3704,104726.18,0,7047854.6867
755,7152580.8667,52.4228,104726.18,0,7047854.6867
756,7152580.8667,52.4751,104726.18,0,7047854.6867
757,7152580.8667,52.5274,104726.18,0,7047854.6867
758,7180132.0467,52.5801,132277.36,0,7047854.6867
759,132277.36,52.6673,132277.36,0,0
760,32277.36,52.753,32277.36,0,0
761,4726.18,52.8381,4726.18,0,0
762,0,52.9233,0,0,0
