1,3346562122,0.030988,2543078240,0,803483882
2,2712862501,0.048222,1893665215,0,819197286
3,2090591546,0.064806,1271039455,354805,819197286
4,1691731402,0.081471,970622055,354805,720754542
5,1399533334,0.098049,970622055,354805,428556474
6,1126477344,0.11459,697566065,354805,428556474
7,870252629,0.13112,854372930,15879699,0
8,781430239,0.14766,765550540,15879699,0
9,741401029,0.16428,725521330,15879699,0
10,741401029,0.18227,725521330,15879699,0
11,741401029,0.19898,725521330,15879699,0
12,761638562,0.21605,700366420,61272142,0
13,787297725,0.23303,700366420,86931305,0
14,597005835,0.2612,510074530,86931305,0
15,434023815,0.28596,347092510,86931305,0
16,308982556,0.31047,237576145,71406411,0
17,261692056,0.33618,190285645,71406411,0
18,227313373,0.36102,154690080,72623293,0
19,201654210,0.38558,154690080,46964130,0
20,56416677,0.41005,54844990,1571687,0
21,42113007,0.43469,40541320,1571687,0
22,42113007,0.45933,40541320,1571687,0
23,42113007,0.48376,40541320,1571687,0
24,42113007,0.50828,40541320,1571687,0
25,7864314.3553,0.53351,7805657.8925,58656.4627,0
26,7864314.3553,0.5583,7805657.8925,58656.4627,0
27,8350413.294,0.58334,7805657.8925,544755.4015,0
28,9102952.774,0.60828,7805657.8925,544755.4015,752539.48
29,10122310.6958,0.63328,7805657.8925,1564113.3233,752539.48
30,82451392,0.67526,40541320,41910072,0
31,56750980,0.71738,16057790,40693190,0
32,44528105,0.75914,3834915,40693190,0
33,42156155,0.80046,1462965,40693190,0
34,40338385,0.84111,0,40338385,0
35,40338385,0.88133,0,40338385,0
36,40338385,0.92175,0,40338385,0
37,40338385,0.96233,0,40338385,0
38,27313471,1.0022,0,27313471,0
39,0,1.042,0,0,0
