1,12761505608,0.033754,7950398975,0,4811106633
2,11062511058,0.051425,7560163905,0,3502347153
3,9444907533,0.068775,6546837480,0,2898070053
4,8059445793,0.086216,6262466640,0,1796979153
5,6263066930,0.10351,5007755390,0,1255311540
6,5139957584,0.12065,3882755390,0,1257202194
7,4389957584,0.13778,3132755390,0,1257202194
8,3659035812,0.15514,2637476340,0,1021559472
9,2960350125,0.17225,2251690965,0,708659160
10,2195049820,0.18938,1799018620,0,396031200
11,1716077705,0.20661,1320046505,0,396031200
12,1557122345,0.22365,1233263840,0,323858505
13,1399370605,0.24073,1075512100,0,323858505
14,1246055665,0.25794,849197730,0,396857935
15,1112188950,0.27505,715331015,0,396857935
16,1004026420,0.29211,607168485,0,396857935
17,902106599,0.30931,447024540,58224124,396857935
18,838917215,0.3264,447024540,68034170,323858505
19,718752782,0.34349,327626700,77987467,313138615
20,718752782,0.36067,327626700,77987467,313138615
21,772027406,0.37781,306204655,152684136,313138615
22,825395312,0.39498,306204655,206052042,313138615
23,891543182,0.41233,372352525,206052042,313138615
24,660475957,0.43826,264403680,206052042,190020235
25,80958395.5918,0.46396,16675292.532,64283103.0598,0
26,59370043.2518,0.4894,18390439.7591,40979603.4927,0
27,43771289.0643,0.51518,18390439.7591,25380849.3052,0
28,28172534.8768,0.54064,18390439.7591,9782095.1177,0
29,25067354.2116,0.56615,18390439.7591,6676914.4525,0
30,24325513.7612,0.59147,17648599.3087,6676914.4525,0
31,24275842.8912,0.62152,17598928.4387,6676914.4525,0
32,24275842.8912,0.6526,17598928.4387,6676914.4525,0
33,24275842.8912,0.67829,17598928.4387,6676914.4525,0
34,24275842.8912,0.70401,17598928.4387,6676914.4525,0
35,24275842.8912,0.72955,17598928.4387,6676914.4525,0
36,154614021,0.77485,133211945,21402076,0
37,120163616,0.82187,98761540,21402076,0
38,87411876,0.86341,66009800,21402076,0
39,56267786,0.90575,34865710,21402076,0
40,34845741,0.9472,13443665,21402076,0
41,21402076,0.98877,0,21402076,0
42,11592030,1.0302,0,11592030,0
43,3367906,1.0716,0,3367906,0
44,0,1.113,0,0,0
