1,31283028902,0.078384,26681518670,0,4601510232
2,27843400555,0.12468,22382890345,0,5460510210
3,24973484314,0.16996,19558380435,46023835,5369080044
4,22263278964,0.21551,17283892825,46023835,4933362304
5,19574813489,0.26101,14595427350,46023835,4933362304
6,18046937333,0.30651,13845427350,46023835,4155486148
7,16559715102,0.35197,13302798270,46023835,3210892997
8,15178516950,0.39797,11802798270,46023835,3329694845
9,13951740783,0.44348,10582758315,46023835,3322958633
10,12839979293,0.48923,9621641725,46023835,3172313733
11,11792074683,0.53464,9651812010,111404087,2028858586
12,10849635651,0.58067,9056404040,148840830,1644390781
13,9910747641,0.62734,8440303090,148840830,1321603721
14,8781610988,0.66425,7484749975,148840830,1148020183
15,7701389289,0.69252,6520524430,187081860,993782999
16,6832309872,0.72041,5876284925,187081860,768943087
17,5968892517,0.74822,5012867570,187081860,768943087
18,5127138807,0.77611,4167546150,187081860,772510797
19,4781867922,0.80388,3822275265,187081860,772510797
20,4624843442,0.83163,3665250785,187081860,772510797
21,4047251002,0.8594,3087658345,187081860,772510797
22,3951947131,0.88704,3087658345,203474320,660814466
23,3760945954,0.9148,2940107945,166037577,654800432
24,3673307839,0.9425,2940107945,166037577,567162317
25,559237676.0245,0.97034,499824023.3662,7505082.1179,51908570.5404
26,556684277.8096,0.99828,499824023.3662,10259586.4855,46600667.958
27,554469963.3639,1.0262,497609708.9204,10259586.4855,46600667.958
28,555398536.0856,1.0546,497609708.9204,10259586.4855,47529240.6797
29,560706438.6681,1.0832,497609708.9204,10259586.4855,52837143.2622
30,566638891.1851,1.1118,503542161.4374,10259586.4855,52837143.2622
31,563609514.2798,1.1402,497609708.9204,13162662.0971,52837143.2622
32,570166886.4613,1.1691,513096785.9162,13162662.0971,43907438.4479
33,569425929.1392,1.1978,513096785.9162,12421704.7751,43907438.4479
34,581438586.6999,1.2267,456128323.2617,9466445.0742,115843818.364
35,546776796.4955,1.2551,478167466.4153,9466445.0742,59142885.0061
36,540219424.314,1.2832,462680389.4195,9466445.0742,68072589.8203
37,534911521.7315,1.3113,462680389.4195,9466445.0742,62764687.2379
38,534911521.7315,1.3393,462680389.4195,9466445.0742,62764687.2379
39,483224384.6865,1.3675,410993252.3745,9466445.0742,62764687.2379
40,448524893.0445,1.3959,376293760.7325,9466445.0742,62764687.2379
41,448524893.0445,1.4241,376293760.7325,9466445.0742,62764687.2379
42,451078291.2594,1.4523,376293760.7325,6711940.7066,68072589.8203
43,454107668.1647,1.4804,382226213.2495,3808865.0949,68072589.8203
44,448175215.6477,1.5087,376293760.7325,3808865.0949,68072589.8203
45,445621817.4328,1.5367,376293760.7325,6563369.4625,62764687.2379
46,446362774.7549,1.5648,376293760.7325,7304326.7845,62764687.2379
47,445434202.0331,1.5954,376293760.7325,7304326.7845,61836114.5161
48,449633068.7594,1.6243,347120992.6994,7304326.7845,95207749.2754
49,454940971.3418,1.6533,347120992.6994,7304326.7845,100515651.8579
50,479317216.967,1.6824,345666540.7303,2594515.5461,131056160.6906
51,482219553.5942,1.7116,367093039.932,2594515.5461,112531998.1161
52,2698643423,1.754,2027719420,161596196,509327807
53,2485087210,1.7959,2045132245,161596196,278358769
54,2388317295,1.837,1907456080,161596196,319265019
55,2311185199,1.8782,1812911450,161596196,336677553
56,2233742295,1.919,1793787330,161596196,278358769
57,2140400599,1.96,1771933210,161596196,206871193
58,1943812809,2.0011,1575345420,161596196,206871193
59,1882873938,2.042,1575345420,100657325,206871193
60,1867004913,2.083,1597717425,62416295,206871193
61,1744419897,2.1239,1554961005,62416295,127042597
62,1663188723,2.1647,1554961005,62416295,45811423
63,1659700954,2.2056,1549425740,64463791,45811423
64,1659700954,2.2467,1549425740,64463791,45811423
65,1659700954,2.2876,1549425740,64463791,45811423
66,1659700954,2.3287,1549425740,64463791,45811423
67,1659700954,2.3697,1549425740,64463791,45811423
68,1558286659,2.4382,1458011445,64463791,35811423
69,1467804509,2.5056,1367529295,64463791,35811423
70,1417804509,2.5721,1317529295,64463791,35811423
71,1367804509,2.6394,1267529295,64463791,35811423
72,1317804509,2.7062,1217529295,64463791,35811423
73,1267804509,2.7731,1167529295,64463791,35811423
74,1215757013,2.8397,1117529295,62416295,35811423
75,200220263.7144,2.9068,196255542.4606,3204418.1854,760303.0683
76,191028218.8974,2.9736,187063497.6437,3204418.1854,760303.0683
77,181836174.0805,3.0407,177871452.8268,3204418.1854,760303.0683
78,172644129.2636,3.1076,168679408.0098,3204418.1854,760303.0683
79,163452084.4466,3.1744,159487363.1929,3204418.1854,760303.0683
80,154260039.6297,3.2416,150295318.376,3204418.1854,760303.0683
81,145224433.3043,3.3085,141259712.0506,3204418.1854,760303.0683
82,136505410.9582,3.3759,132067667.2336,3204418.1854,1233325.5392
83,127909838.8487,3.4435,123472095.1241,3204418.1854,1233325.5392
84,121340357.9544,3.5129,116902614.2298,3204418.1854,1233325.5392
85,116445500.3305,3.5807,112007756.6059,3204418.1854,1233325.5392
86,111982043.6076,3.648,107411734.1974,3204418.1854,1365891.2247
87,107526954.5494,3.7152,102956645.1393,3204418.1854,1365891.2247
88,104035679.8857,3.782,99465370.4755,3204418.1854,1365891.2247
89,101955791.7482,3.8488,97233222.1108,3356678.4126,1365891.2247
90,99896800.3661,3.9156,95174230.7288,3356678.4126,1365891.2247
91,97923341.8803,3.9824,93200772.2429,3356678.4126,1365891.2247
92,96504740.9573,4.0494,91782171.32,3356678.4126,1365891.2247
93,95458025.3491,4.1173,90735455.7118,3356678.4126,1365891.2247
94,94538820.8674,4.184,89816251.2301,3356678.4126,1365891.2247
95,93697241.0055,4.2509,89816251.2301,2515098.5507,1365891.2247
96,93100768.2981,4.3177,89219778.5227,2515098.5507,1365891.2247
97,92598957.1067,4.3849,88717967.3313,2515098.5507,1365891.2247
98,92120043.7326,4.4515,88327422.1655,2515098.5507,1277523.0164
99,91647021.2617,4.5184,88327422.1655,2515098.5507,804500.5455
100,73727123.3896,4.5853,32748981.8743,1344437.0053,39633704.51
101,47615402.5021,4.6521,32748981.8743,2429700.1178,12436720.51
102,43478185.9011,4.7188,32748981.8743,2292483.5167,8436720.51
103,40505211.2039,4.7861,21676007.1772,2292483.5167,16536720.51
104,35554752.7288,4.8531,9919904.4021,2292483.5167,23342364.81
105,23124136.7584,4.9203,5589288.4317,2292483.5167,15242364.81
106,19074136.7584,4.987,5589288.4317,2292483.5167,11192364.81
107,16514243.87,5.0538,3110785.7074,2211093.3526,11192364.81
108,14885903.1995,5.1203,582445.0368,2211093.3526,12092364.81
109,14058459.8792,5.1871,582445.0368,2183650.0324,11292364.81
110,13248459.8792,5.2537,582445.0368,2183650.0324,10482364.81
111,12438459.8792,5.3204,582445.0368,2183650.0324,9672364.81
112,11628459.8792,5.3872,582445.0368,2183650.0324,8862364.81
113,11104164.8828,5.4539,28150.0404,2183650.0324,8892364.81
114,10699164.8828,5.5206,28150.0404,2183650.0324,8487364.81
115,10519164.8828,5.5873,28150.0404,2183650.0324,8307364.81
116,10339164.8828,5.6546,28150.0404,2183650.0324,8127364.81
117,10189079.1128,5.7215,28150.0404,2183650.0324,7977279.04
118,10113997.4391,5.7882,43068.3667,2183650.0324,7887279.04
119,10085847.3987,5.8547,14918.3263,2183650.0324,7887279.04
120,10070929.0724,5.9217,0,2183650.0324,7887279.04
121,9170929.0724,5.9885,0,2183650.0324,6987279.04
122,7883623.4645,6.0553,439306.5921,2183650.0324,5260666.84
123,6083623.4645,6.1221,439306.5921,2183650.0324,3460666.84
124,4283623.4645,6.1886,439306.5921,2183650.0324,1660666.84
125,84565628.7501,6.2555,3084767.4099,17100451.2434,64380410.0969
126,84518882.4816,6.3227,3038021.1414,17100451.2434,64380410.0969
127,84518882.4816,6.3899,3038021.1414,17100451.2434,64380410.0969
128,84518882.4816,6.4574,3038021.1414,17100451.2434,64380410.0969
129,84518882.4816,6.5249,3038021.1414,17100451.2434,64380410.0969
130,84518882.4816,6.5939,3038021.1414,17100451.2434,64380410.0969
131,60810829.3314,6.6237,22602693.1391,1517000.3183,36691135.874
132,66466109.8146,6.6522,28257973.6223,1517000.3183,36691135.874
133,61842009.2099,6.6808,22602693.1391,2548180.1968,36691135.874
134,71469383.2394,6.7089,32058261.3049,2719986.0604,36691135.874
135,71469383.2394,6.737,32058261.3049,2719986.0604,36691135.874
136,88387217.3494,6.7652,48976095.4149,2719986.0604,36691135.874
137,105609419.0228,6.7934,65533718.4435,3384564.7054,36691135.874
138,599754025,6.836,281329605,210803432,107620988
139,449858460,6.8772,172826500,169410972,107620988
140,399858460,6.9189,172826500,119410972,107620988
141,351634721,6.96,172826500,69410972,109397249
142,351634721,7.0011,172826500,69410972,109397249
143,238994870,7.0422,61962910,69410972,107620988
144,238994870,7.0843,61962910,69410972,107620988
145,238994870,7.1256,61962910,69410972,107620988
146,238994870,7.1667,61962910,69410972,107620988
147,238994870,7.2078,61962910,69410972,107620988
148,44709663.6428,7.2756,1270920.0543,35383425.3903,8055318.1982
149,22215238.5743,7.3432,1270920.0543,18282974.1469,2661344.3731
150,22246262.18,7.4101,136878.1359,21286990.0242,822394.0199
151,14016337.4436,7.4775,136878.1359,13057065.2877,822394.0199
152,5786412.7071,7.5442,136878.1359,4827140.5513,822394.0199
153,2308639.9167,7.6111,136878.1359,1349367.7609,822394.0199
154,1486245.8968,7.6778,136878.1359,1349367.7609,0
155,713562.1301,7.745,136878.1359,576683.9942,0
156,0,7.8121,0,0,0
