1,7185399944,0.041864,6393998360,0,791401584
2,5730137544,0.058996,4893998360,0,836139184
3,4656481701,0.075728,3843332365,0,813149336
4,3711006026,0.092323,2897856690,0,813149336
5,2857304706,0.10898,2049393730,0,807910976
6,2354361648,0.12636,1875181180,0,479180468
7,1964554920,0.14445,1560479440,1242252,402833228
8,1666510218,0.17116,1254999580,8677410,402833228
9,1523505308,0.18899,1111994670,8677410,402833228
10,1415921033,0.20723,1004410395,8677410,402833228
11,1114524928,0.22464,703014290,8677410,402833228
12,1058778258,0.2429,647267620,8677410,402833228
13,872896344,0.26059,647267620,8677410,216951314
14,850593396,0.28132,647267620,8677410,194648366
15,744097320,0.29885,527804125,8677410,207615785
16,645823479,0.32058,420194755,8677410,216951314
17,644192796,0.35039,346408610,80832872,216951314
18,644192796,0.38044,346408610,80832872,216951314
19,675815866,0.41079,378031680,80832872,216951314
20,635706471,0.44101,337922285,80832872,216951314
21,635403459,0.47118,262514285,79590620,293298554
22,671154553,0.50141,262514285,115341714,293298554
23,740786237,0.53158,262514285,143409502,334862450
24,827418722,0.56212,349146770,143409502,334862450
25,165524243.376,0.59248,35829966.7852,25071267.368,104623009.2227
26,128742834.6125,0.62263,57592520.0216,25071267.368,46079047.2229
27,100957787.8782,0.65141,57592520.0216,20206514.6228,23158753.2339
28,94678814.6155,0.66861,63819643.8496,7700417.5321,23158753.2339
29,94678814.6155,0.68583,63819643.8496,7700417.5321,23158753.2339
30,99982265.6516,0.70314,72901252.2198,7700417.5321,19380595.8997
31,103367266.58,0.72033,76286253.1483,7700417.5321,19380595.8997
32,100698462.3931,0.73815,73617448.9614,7700417.5321,19380595.8997
33,100698462.3931,0.7555,73617448.9614,7700417.5321,19380595.8997
34,104007710.5822,0.77304,83699476.9124,7700417.5321,12607816.1377
35,112103123.5948,0.79703,91794889.925,7700417.5321,12607816.1377
36,124171910.7984,0.82131,103863677.1287,7700417.5321,12607816.1377
37,1065304274,0.8682,989722850,44428504,31152920
38,932726397,0.89498,828414465,44428504,59883428
39,830653532,0.92037,726341600,44428504,59883428
40,734729742,0.94792,630417810,44428504,59883428
41,650835417,0.97558,546523485,44428504,59883428
42,618834239,1.0097,467366845,91583966,59883428
43,609598386,1.0422,442403135,91583966,75611285
44,602163228,1.0743,442403135,84148808,75611285
45,594763752,1.1052,442403135,84148808,68211809
46,594763752,1.1308,442403135,84148808,68211809
47,594763752,1.1592,442403135,84148808,68211809
48,508131267,1.1997,355770650,84148808,68211809
49,492805806,1.2267,337765740,86828257,68211809
50,71040429.512,1.2561,46300467.1328,15298411.9137,9441550.4655
51,74302619.4333,1.2856,46300467.1328,18560601.835,9441550.4655
52,74167548.5162,1.3119,49147950.2466,18560601.835,6458996.4346
53,76709835.2108,1.3553,59998634.5364,10252204.2397,6458996.4346
54,76960667.5591,1.4014,63420625.868,10252204.2397,3287837.4514
55,78203343.0808,1.4455,59357528.0339,15557977.5955,3287837.4514
56,79227542.9532,1.4731,59357528.0339,15557977.5955,4312037.3237
57,477350928,1.5167,357896550,88301458,31152920
58,408246698,1.5591,288792320,88301458,31152920
59,377350928,1.6012,257896550,88301458,31152920
60,348455388,1.6451,229856270,88301458,30297660
61,331977828,1.6947,213378710,88301458,30297660
62,320272164,1.7397,204352495,85622009,30297660
63,310272164,1.7827,204352495,75622009,30297660
64,287427626,1.8247,179352495,77777471,30297660
65,277427626,1.865,179352495,77777471,20297660
66,267427626,1.9057,179352495,67777471,20297660
67,257427626,1.9457,179352495,57777471,20297660
68,207427626,1.9857,129352495,57777471,20297660
69,187899941,2.0259,109824810,57777471,20297660
70,180500465,2.066,109824810,57777471,12898184
71,154674501,2.1061,90774550,57777471,6122480
72,148778731,2.1463,84878780,57777471,6122480
73,144483666,2.1868,80583715,57777471,6122480
74,135968655,2.2272,80583715,49262460,6122480
75,22713074.4791,2.2673,3625172.8359,17848157.4687,1239744.1744
76,16570591.1647,2.3076,6812503.3534,8518343.6368,1239744.1744
77,12947516.42,2.3477,6812503.3534,4895268.8921,1239744.1744
78,9324441.6753,2.3877,6812503.3534,1272194.1474,1239744.1744
79,6137111.1577,2.4277,3625172.8359,1272194.1474,1239744.1744
80,5469385.7243,2.4682,3921504.792,1272194.1474,275686.7849
81,5019308.5395,2.5085,3921504.792,822116.9626,275686.7849
82,4657001.0651,2.5487,3921504.792,459809.4882,275686.7849
83,4294693.5906,2.5888,3921504.792,97502.0137,275686.7849
84,4118274.185,2.6287,3921504.792,97502.0137,99267.3794
85,4019006.8057,2.6695,3921504.792,97502.0137,0
86,3962681.7611,2.7097,3921504.792,41176.9691,0
87,3921504.792,2.7498,3921504.792,0,0
88,3921504.792,2.7899,3921504.792,0,0
89,3921504.792,2.8317,3921504.792,0,0
90,3921504.792,2.8723,3921504.792,0,0
91,3921504.792,2.913,3921504.792,0,0
92,2792074.1759,2.9311,2792074.1759,0,0
93,2792074.1759,2.9481,2792074.1759,0,0
94,7046217.7949,2.9649,7046217.7949,0,0
95,17575692.0561,2.9817,7046217.7949,10529474.2612,0
96,30259658.2351,2.9991,19730183.9739,10529474.2612,0
97,32047062.7116,3.0251,32047062.7116,0,0
98,11444930.4604,3.0497,11444930.4604,0,0
99,4535070.5462,3.0744,4535070.5462,0,0
100,6616743,3.0997,6616743,0,0
101,6616743,3.1243,6616743,0,0
102,6666981.15,3.149,6616743,50238.15,0
103,6841332.73,3.1745,6616743,224589.73,0
104,12058558.5788,3.2167,3921504.792,8137053.7868,0
105,12058558.5788,3.259,3921504.792,8137053.7868,0
106,12058558.5788,3.3012,3921504.792,8137053.7868,0
107,12058558.5788,3.3439,3921504.792,8137053.7868,0
108,12058558.5788,3.3883,3921504.792,8137053.7868,0
109,6684698.3669,3.4067,2792074.1759,3892624.191,0
110,17214172.6281,3.4246,2792074.1759,14422098.4522,0
111,21089874.8616,3.4542,6667776.4095,14422098.4522,0
112,21089874.8616,3.4839,6667776.4095,14422098.4522,0
113,25765989.5585,3.5136,11343891.1064,14422098.4522,0
114,25258432.17,3.5583,15801501,832100.67,8624830.5
115,20826562.73,3.6165,15801501,912778.55,4112283.18
116,19742570.35,3.6639,15054864,912778.55,3774927.8
117,17254075.17,3.7073,12005604,912778.55,4335692.62
118,16646564.23,3.7499,12005604,305267.61,4335692.62
119,16377974.48,3.7926,12005604,305267.61,4067102.87
120,16377974.48,3.8357,12005604,305267.61,4067102.87
121,7193216.48,3.8783,2820846,305267.61,4067102.87
122,7193216.48,3.9207,2820846,305267.61,4067102.87
123,7142978.33,3.9621,2820846,255029.46,4067102.87
124,6968626.75,4.0036,2820846,80677.88,4067102.87
125,183726935.6824,4.0308,19846571.4642,93403.1991,163786961.0191
126,134657865.0731,4.0556,24332317.1003,93403.1991,110232144.7737
127,62927230.7062,4.0804,24332317.1003,0,38594913.6059
128,37211337.0406,4.1055,37211337.0406,0,0
129,30439088.4601,4.1304,30439088.4601,0,0
130,25953342.824,4.1555,25953342.824,0,0
131,25953342.824,4.1804,25953342.824,0,0
132,25953342.824,4.2053,25953342.824,0,0
133,25953342.824,4.2303,25953342.824,0,0
134,25953342.824,4.2555,25953342.824,0,0
135,28849523.7254,4.2972,22532635.6634,6316888.0619,0
136,19924685.5868,4.3385,13607797.5249,6316888.0619,0
137,13998046.4655,4.3806,7681158.4035,6316888.0619,0
138,12326232.8396,4.4218,6009344.7776,6316888.0619,0
139,10315950.0388,4.4624,3999061.9768,6316888.0619,0
140,9822553.506,4.5031,3406398.0647,6316888.0619,99267.3794
141,9822553.506,4.5439,3406398.0647,6316888.0619,99267.3794
142,9822553.506,4.5847,3406398.0647,6316888.0619,99267.3794
143,9822553.506,4.6273,3406398.0647,6316888.0619,99267.3794
144,9822553.506,4.6718,3406398.0647,6316888.0619,99267.3794
145,6339405.3979,4.6907,2425323.0772,3021888.7482,892193.5725
146,6339405.3979,4.7085,2425323.0772,3021888.7482,892193.5725
147,9963952.4245,4.7259,3707427.3412,5364331.5109,892193.5725
148,15062038.1993,4.7434,8805513.116,5364331.5109,892193.5725
149,24975854.3125,4.7604,16855933.0404,7227727.6996,892193.5725
150,19800366.9908,4.7882,18809304.1149,832948.1281,158114.7478
151,20716595.9667,4.8135,18809304.1149,1749177.104,158114.7478
152,22038369.8316,4.8384,18809304.1149,3070950.9688,158114.7478
153,22711824.6312,4.8665,18809304.1149,3744405.7684,158114.7478
154,24057452.3853,4.8916,18809304.1149,5090033.5226,158114.7478
155,75064133.9347,4.9326,6440819.5149,68524047.0404,99267.3794
156,72018108.7178,4.9747,3394794.298,68524047.0404,99267.3794
157,70217376.4671,5.0156,1594062.0473,68524047.0404,99267.3794
158,68983687.2676,5.0559,360372.8478,68524047.0404,99267.3794
159,65360612.5229,5.0961,360372.8478,64900972.2957,99267.3794
160,65000239.6751,5.1365,0,64900972.2957,99267.3794
161,64900972.2957,5.1776,0,64900972.2957,0
162,52566334.9758,5.2181,0,52566334.9758,0
163,48943260.2312,5.2587,0,48943260.2312,0
164,39876945.0169,5.2996,0,39876945.0169,0
165,21761571.2935,5.3399,0,21761571.2935,0
166,21761571.2935,5.3806,0,21761571.2935,0
167,21761571.2935,5.421,0,21761571.2935,0
168,21761571.2935,5.4615,0,21761571.2935,0
169,21761571.2935,5.5024,0,21761571.2935,0
170,10410355.034,5.52,0,10410355.034,0
171,10410355.034,5.5367,0,10410355.034,0
172,15300710.6564,5.5533,4023747.8324,11276962.8239,0
173,21497145.968,5.5707,4023747.8324,17473398.1356,0
174,34115172.1153,5.5875,23421013.0827,10694159.0326,0
175,38246624.7072,5.613,33402420.7155,1982159.1917,2862044.8
176,37700535.8472,5.6377,33402420.7155,1982159.1917,2315955.94
177,37700535.8472,5.6624,33402420.7155,1982159.1917,2315955.94
178,37700535.8472,5.687,33402420.7155,1982159.1917,2315955.94
179,28197721.4022,5.7115,24173151.8431,1708613.6191,2315955.94
180,28197721.4022,5.7359,24173151.8431,1708613.6191,2315955.94
181,27049213.9626,5.7604,24173151.8431,560106.1795,2315955.94
182,28142902.2656,5.785,24173151.8431,1653794.4825,2315955.94
183,16043673.8202,5.8094,11620520.9278,2107196.9524,2315955.94
184,2634374.8924,5.8339,0,2107196.9524,527177.94
185,1540686.5894,5.8582,0,1013508.6494,527177.94
186,1013508.6494,5.8825,0,1013508.6494,0
187,1540686.5894,5.907,0,1013508.6494,527177.94
188,1540686.5894,5.9313,0,1013508.6494,527177.94
189,2058028.0618,5.9558,0,1530850.1218,527177.94
190,3653214.702,5.9804,0,3126036.762,527177.94
191,34006236.0129,6.0211,0,31632426.8478,2373809.1651
192,34006236.0129,6.0616,0,31632426.8478,2373809.1651
193,34006236.0129,6.1021,0,31632426.8478,2373809.1651
194,30383161.2683,6.1421,0,28009352.1031,2373809.1651
195,30383161.2683,6.1843,0,28009352.1031,2373809.1651
196,30383161.2683,6.2262,0,28009352.1031,2373809.1651
197,28009352.1031,6.2664,0,28009352.1031,0
198,28009352.1031,6.3073,0,28009352.1031,0
199,28009352.1031,6.3491,0,28009352.1031,0
200,61204272,6.389,0,61204272,0
201,11548810,6.4285,0,11548810,0
202,4113652,6.468,0,4113652,0
203,0,6.5077,0,0,0
