1,18949771211,0.033479,17674681755,0,1275089456
2,15955937375,0.050923,14728350760,0,1227586615
3,13635105329,0.068261,12478350760,0,1156754569
4,11819702355,0.085588,10595898365,0,1223803990
5,9877151112,0.10327,9095898365,0,781252747
6,8377151112,0.12057,7595898365,0,781252747
7,6981610027,0.13796,6049196490,0,932413537
8,5950469371,0.15525,4785621280,0,1164848091
9,5075238126,0.17272,3914214285,0,1161023841
10,4364330225,0.18984,3173139800,0,1191190425
11,3706059713,0.20842,2730818675,25275029,949966009
12,3137002888,0.22579,2161761850,25275029,949966009
13,2743576264,0.24303,1754718040,38892215,949966009
14,2426915149,0.26097,1438056925,38892215,949966009
15,2143528322,0.27818,1438056925,51331184,654140213
16,1650146645,0.2953,1235326180,51331184,363489281
17,1488132005,0.3125,1073311540,51331184,363489281
18,1488132005,0.32982,1073311540,51331184,363489281
19,1525829290,0.34722,1073311540,51331184,401186566
20,1576812077,0.36473,1073311540,102313971,401186566
21,1631915669,0.38222,1073311540,157417563,401186566
22,1573191314,0.40986,1014587185,157417563,401186566
23,1515296928,0.43546,857223215,157417563,500656150
24,1154197959,0.46078,971117365,183080594,0
25,164182268.3286,0.48622,135141752.6718,29040515.6568,0
26,127983606.8137,0.512,98943091.1569,29040515.6568,0
27,105761889.8555,0.53742,76721374.1987,29040515.6568,0
28,87532125.1104,0.56353,57555756.0351,24969807.5753,5006561.5
29,72663878.8443,0.58904,42687509.7689,24969807.5753,5006561.5
30,63923265.2639,0.61472,42687509.7689,16229193.9949,5006561.5
31,55836299.8911,0.64038,42687509.7689,8142228.6222,5006561.5
32,51234606.348,0.6658,33115636.9251,13112407.9229,5006561.5
33,46264427.0473,0.69143,33115636.9251,8142228.6222,5006561.5
34,44104448.7853,0.71696,33115636.9251,5982250.3602,5006561.5
35,42131361.0532,0.74253,33115636.9251,4009162.6281,5006561.5
36,42131361.0532,0.76797,33115636.9251,4009162.6281,5006561.5
37,42131361.0532,0.79343,33115636.9251,4009162.6281,5006561.5
38,44155435.1232,0.82201,33115636.9251,4009162.6281,7030635.57
39,48606428.5732,0.84789,33115636.9251,4009162.6281,11481629.02
40,1000231861,0.88975,196793930,25275029,778162902
41,696976178,0.93143,335024055,25275029,336677094
42,416976178,0.9725,235024055,25275029,156677094
43,358126588,1.016,176174465,25275029,156677094
44,290117738,1.058,176174465,25275029,88668244
45,240089438,1.1096,126146165,25275029,88668244
46,196530658,1.1532,82587385,25275029,88668244
47,166500053,1.2031,52556780,25275029,88668244
48,156500053,1.2448,52556780,15275029,88668244
49,34275294,1.2856,7885435,15275029,11114830
50,6318010.9821,1.3266,362827.4356,2350854.2611,3604329.2854
51,2713681.6968,1.3677,362827.4356,2350854.2611,0
52,362827.4356,1.4087,362827.4356,0,0
53,0,1.4495,0,0,0
