1,52014321606,0.085604,44146651175,0,7867670431
2,48824445928,0.13106,41189293790,0,7635152138
3,45691861098,0.17569,38056708960,0,7635152138
4,42598251576,0.22112,34975800130,0,7622451446
5,39200702660,0.26602,31020534600,0,8180168060
6,36437325918,0.31503,28533236515,0,7904089403
7,33517569868,0.35997,25613480465,0,7904089403
8,30819835153,0.40467,22956008765,0,7863826388
9,28127210785,0.44951,19956008765,0,8171202020
10,25642553982,0.50073,17677318345,0,7965235637
11,23421580953,0.54533,16014061930,0,7407519023
12,21538105608,0.58991,14130586585,0,7407519023
13,19770735067,0.63464,12247466765,0,7523268302
14,18232167875,0.67946,11902867360,148008635,6181291880
15,16760821871,0.724,10634490850,148008635,5978322386
16,15720214916,0.76989,9591237185,148008635,5980969096
17,14820366483,0.81473,9163282720,148008635,5509075128
18,14036870517,0.86084,8343267670,148008635,5545594212
19,12627262785,0.91454,6832227960,148008635,5647026190
20,10931410656,0.97201,6623869525,161434669,4146106462
21,9820686907,1.0218,5283264860,161434669,4375987378
22,8992256971,1.0665,4811306540,161434669,4019515762
23,8385755681,1.111,4504353495,161434669,3719967517
24,8063823971,1.1561,4182421785,161434669,3719967517
25,1872621656.4424,1.2011,509279691.3353,3231860.2748,1360110104.8323
26,1717922012.4213,1.2459,520327755.563,3753514.9434,1193840741.9149
27,1569358686.7805,1.2906,425059290.4461,3753514.9434,1140545881.391
28,1434006611.1228,1.3352,502859013.0103,3753514.9434,927394083.1691
29,1340265374.8573,1.3807,513027237.0635,3767926.6655,823470211.1283
30,1256387205.8151,1.4253,540274448.3245,3767926.6655,712344830.8251
31,1190749723.6416,1.47,552356395.6587,3767926.6655,634625401.3174
32,1140446816.7397,1.5147,606949905.9821,4919154.2516,528577756.5061
33,1100597355.2023,1.5592,621959443.391,6476216.5144,472161695.2968
34,1091943992.3681,1.6043,612116502.5712,7665794.5001,472161695.2968
35,1088867493.5492,1.649,661975340.1373,8926683.1228,417965470.289
36,1086132660.5856,1.6937,659240507.1738,8926683.1228,417965470.289
37,1085145647.1699,1.7384,659240507.1738,10428154.4122,415476985.5839
38,1012293728.1195,1.7833,687625583.9825,11722298.1416,312945845.9953
39,1013156229.6033,1.8299,687625583.9825,12584799.6255,312945845.9953
40,1014405507.1885,1.882,687625583.9825,13834077.2107,312945845.9953
41,1016592212.2437,1.9268,726525445.2646,14813986.2019,275252780.7771
42,1022732113.4446,1.9719,732665346.4656,14813986.2019,275252780.7771
43,7841238279,2.0409,6582348430,689973500,568916349
44,7298979353,2.1102,6013758540,716304464,568916349
45,6456128658,2.1761,5370907845,516304464,568916349
46,6006796708,2.242,4700676045,466304464,839816199
47,5658500468,2.3077,4402379805,416304464,839816199
48,5316260797,2.3736,4027379805,367357025,921523967
49,4986745037,2.4398,3697864045,367357025,921523967
50,695715657.0989,2.5057,548421801.9508,27061977.8664,120231877.2817
51,654955391.2358,2.5715,511344870.8308,23378643.1233,120231877.2817
52,615780562.9542,2.6372,472389347.2694,23378643.1233,120012572.5616
53,577327983.2569,2.7037,430128056.3939,23378643.1233,123821283.7397
54,541074479.046,2.7724,395794098.1428,21459097.1636,123821283.7397
55,505958078.9301,2.845,375557554.3713,21459097.1636,108941427.3952
56,485338075.897,2.911,354937551.3382,21459097.1636,108941427.3952
57,469001570.957,2.9772,354937551.3382,21459097.0899,92604922.5289
58,410819633.2484,3.0427,316571688.9078,21459097.0899,72788847.2507
59,383409032.0578,3.1085,317091743.2914,21459097.0899,44858191.6765
60,371527280.108,3.1742,305209991.3416,21459097.0899,44858191.6765
61,363978842.5751,3.2404,297661553.8087,21459097.0899,44858191.6765
62,358672708.0887,3.306,292355419.3223,21459097.0899,44858191.6765
63,353505993.9863,3.3718,287188705.2199,21459097.0899,44858191.6765
64,347630531.5129,3.4373,283252957.8369,19519381.9995,44858191.6765
65,342619552.3401,3.5065,278295009.8444,19466350.8192,44858191.6765
66,338022553.8169,3.5754,278295009.8444,14869352.296,44858191.6765
67,333545130.5062,3.641,271697511.8009,16989427.0288,44858191.6765
68,329503642.6818,3.7068,267656023.9765,16989427.0288,44858191.6765
69,317609524.0924,3.7724,255761905.3871,16989427.0288,44858191.6765
70,308599197.5262,3.8382,256231128.0397,16989427.0288,35378642.4577
71,304221877.1387,3.9053,256231128.0397,12612106.6413,35378642.4577
72,304221877.1387,3.9709,256231128.0397,12612106.6413,35378642.4577
73,276477762.1875,4.0363,256231128.0397,12612106.6413,7634527.5065
74,276477762.1875,4.102,256231128.0397,12612106.6413,7634527.5065
75,315973170.0423,4.1681,266766997.2864,7809871.31,41396301.4459
76,295626845.0358,4.2344,279030771.7085,9625814.4642,6970258.8631
77,281114074.3345,4.3002,260699472.3562,8358716.9722,12055885.0061
78,276155118.824,4.3662,260699472.3562,8485387.6047,6970258.8631
79,276326900.227,4.4317,260699472.3562,8657169.0078,6970258.8631
80,276887244.1746,4.4978,260699472.3562,9217512.9554,6970258.8631
81,278593444.5995,4.5672,260699472.3562,10923713.3803,6970258.8631
82,280336874.6405,4.633,260699472.3562,10923713.3803,8713688.9041
83,1781009105,4.7424,1225985000,239465453,315558652
84,1619091100,4.8586,1225985000,239465453,153640647
85,1492944565,4.9696,1212165545,239465453,41313567
86,1366969510,5.0821,1096190490,229465453,41313567
87,1266969510,5.1899,996190490,229465453,41313567
88,1178367845,5.2977,907588825,229465453,41313567
89,1124182415,5.4051,853403395,229465453,41313567
90,1074182415,5.5137,803403395,229465453,41313567
91,1024182415,5.6289,753403395,229465453,41313567
92,981311835,5.7374,710532815,229465453,41313567
93,942171440,5.8457,671392420,229465453,41313567
94,809248110,5.9541,538469090,229465453,41313567
95,733115845,6.0668,462336825,229465453,41313567
96,695713174,6.1754,462336825,192062782,41313567
97,625929635,6.2833,395979320,188636748,41313567
98,575764575,6.3906,345814260,188636748,41313567
99,540926780,6.5013,310976465,188636748,41313567
100,94658052.1074,6.613,35755804.8,55746901.9236,3155345.3838
101,89312228.7087,6.7215,33897269.422,52259613.9028,3155345.3838
102,84576312.7038,6.8407,32648641.438,48772325.882,3155345.3838
103,80292651.8979,6.9497,32648641.438,44488665.0761,3155345.3838
104,76805363.8771,7.057,32648641.438,41001377.0553,3155345.3838
105,73318075.8563,7.1655,32648641.438,37514089.0346,3155345.3838
106,69830787.8356,7.2733,32648641.438,34026801.0138,3155345.3838
107,66343499.8148,7.3806,32648641.438,30539512.9931,3155345.3838
108,62856211.7941,7.4879,32648641.438,27052224.9723,3155345.3838
109,59368923.7733,7.5953,32648641.438,23564936.9515,3155345.3838
110,55881635.7526,7.7059,32648641.438,20077648.9308,3155345.3838
111,52461161.0317,7.8142,32648641.438,16657174.2099,3155345.3838
112,49327900.2806,7.9301,29515380.6868,16657174.2099,3155345.3838
113,46213096.5551,8.0422,26400576.9613,16657174.2099,3155345.3838
114,43681636.9089,8.15,23526098.5984,17000192.9266,3155345.3838
115,41390371.1483,8.2589,23526098.5984,17000192.9266,864079.6232
116,39746773.1652,8.3668,21882500.6153,17000192.9266,864079.6232
117,37112620.165,8.4744,19248347.6152,17000192.9266,864079.6232
118,35493200.3285,8.5817,19248347.6152,15380773.0901,864079.6232
119,34106368.5746,8.6895,17861515.8612,15380773.0901,864079.6232
120,32619158.3115,8.7979,16374305.5981,15380773.0901,864079.6232
121,31232326.5575,8.9058,14987473.8442,15380773.0901,864079.6232
122,29851561.6776,9.0177,13606708.9642,15380773.0901,864079.6232
123,28500763.2346,9.1259,12255910.5212,15380773.0901,864079.6232
124,27187546.1177,9.2345,12255910.5212,14067555.9732,864079.6232
125,29299199.8841,9.3421,9610193.0655,19329436.938,359569.8806
126,27862397.1309,9.4533,9610193.0655,17892634.1848,359569.8806
127,27014866.5743,9.5677,8762662.509,17892634.1848,359569.8806
128,24598320.2224,9.675,6346116.157,17892634.1848,359569.8806
129,24080893.754,9.783,6346116.157,17375207.7164,359569.8806
130,23630102.4075,9.8953,5895324.8105,17375207.7164,359569.8806
131,23179311.061,10.0025,5444533.4641,17375207.7164,359569.8806
132,22728519.7146,10.1102,4993742.1176,17375207.7164,359569.8806
133,22277728.3681,10.2182,4542950.7712,17375207.7164,359569.8806
134,21826937.0217,10.3261,4092159.4247,17375207.7164,359569.8806
135,21376145.6752,10.4337,3641368.0783,17375207.7164,359569.8806
136,20953179.8754,10.5445,3218402.2785,17375207.7164,359569.8806
137,20552544.0249,10.6521,2817766.428,17375207.7164,359569.8806
138,20165709.7605,10.7599,2817766.428,16857781.2479,490162.0846
139,19821810.9444,10.8759,2817766.428,16857781.2479,146263.2685
140,19563097.7102,10.9851,2817766.428,16599068.0137,146263.2685
141,19309876.4903,11.0974,2564545.2081,16599068.0137,146263.2685
142,19163613.2218,11.2065,2564545.2081,16599068.0137,0
143,16654453.808,11.3144,2642518.1365,14011935.6715,0
144,16556310.8959,11.422,2417122.4633,14139188.4326,0
145,16478337.9675,11.5302,2339149.5349,14139188.4326,0
146,16264280.1007,11.6377,2642518.1365,13621761.9642,0
147,15960911.4991,11.7457,2339149.5349,13621761.9642,0
148,15780171.1932,11.8538,2417122.4633,13363048.7299,0
149,15702198.2648,11.9618,2339149.5349,13363048.7299,0
150,22063574.9713,12.0717,921970.3598,21141604.6115,0
151,22052086.737,12.1801,910482.1254,21141604.6115,0
152,22052086.737,12.2885,910482.1254,21141604.6115,0
153,22052086.737,12.3981,910482.1254,21141604.6115,0
154,22052086.737,12.5126,910482.1254,21141604.6115,0
155,21917274.1952,12.6197,984966.9044,20932307.2908,0
156,21917274.1952,12.7275,984966.9044,20932307.2908,0
157,21917274.1952,12.8358,984966.9044,20932307.2908,0
158,21917274.1952,12.9464,984966.9044,20932307.2908,0
159,21917274.1952,13.0546,984966.9044,20932307.2908,0
160,3921753.821,13.1009,3429342.7882,492411.0328,0
161,3921753.821,13.1458,3429342.7882,492411.0328,0
162,4497632.6438,13.1908,3429342.7882,1068289.8556,0
163,5444233.1161,13.2356,3429342.7882,2014890.3279,0
164,6693510.7012,13.28,3429342.7882,3264167.913,0
165,13565470.0628,13.3469,6127675.9709,7437794.0918,0
166,14878296.8015,13.4128,6127675.9709,8750620.8306,0
167,14878296.8015,13.4784,6127675.9709,8750620.8306,0
168,16882254.2403,13.5441,6127675.9709,10754578.2693,0
169,19037736.5523,13.6098,6127675.9709,10754578.2693,2155482.312
170,202328083.2442,13.7199,910482.1254,200637011.9788,780589.14
171,202298083.2442,13.8335,910482.1254,200637011.9788,750589.14
172,177817574.7315,13.9482,910482.1254,176156503.4661,750589.14
173,137577753.4271,14.0611,910482.1254,135916682.1616,750589.14
174,95026231.3263,14.169,910482.1254,93365160.0608,750589.14
175,108599199.4979,14.2783,62848.36,107785761.9979,750589.14
176,108597469.8079,14.3867,61118.67,107785761.9979,750589.14
177,80321251.5512,14.495,61118.67,79509543.7412,750589.14
178,80320927.1412,14.6036,60794.26,79509543.7412,750589.14
179,37158843.187,14.7114,60794.26,36347459.787,750589.14
180,36408254.047,14.8198,60794.26,36347459.787,0
181,36403578.457,14.9281,56118.67,36347459.787,0
182,36403578.457,15.0398,56118.67,36347459.787,0
183,36403578.457,15.1517,56118.67,36347459.787,0
184,36403578.457,15.2598,56118.67,36347459.787,0
185,26578379.7979,15.3674,56118.67,26522261.1279,0
186,26578379.7979,15.4789,56118.67,26522261.1279,0
187,26578379.7979,15.5908,56118.67,26522261.1279,0
188,26578379.7979,15.6991,56118.67,26522261.1279,0
189,26578379.7979,15.8072,56118.67,26522261.1279,0
190,3451089.96,15.8551,2910677.9711,540411.9889,0
191,3451089.96,15.8999,2910677.9711,540411.9889,0
192,4527459.2125,15.9446,2910677.9711,1616781.2414,0
193,6028930.5019,15.9894,2910677.9711,3118252.5308,0
194,9918396.8124,16.0339,5299910.0444,4618486.768,0
195,12306215.1484,16.1006,5200906.5772,7105308.5712,0
196,8884934.5701,16.1697,5200906.5772,3684027.9929,0
197,6432299.4483,16.2362,5200906.5772,1231392.871,0
198,6432299.4483,16.3025,5200906.5772,1231392.871,0
199,6432299.4483,16.3704,5200906.5772,1231392.871,0
200,9705264.1724,16.4363,4537536.8833,5167727.2891,0
201,9705264.1724,16.5015,4537536.8833,5167727.2891,0
202,24217707.8091,16.6108,56118.67,24161589.1391,0
203,24212707.8091,16.7184,51118.67,24161589.1391,0
204,24212383.3991,16.8299,50794.26,24161589.1391,0
205,24207707.8091,16.9418,46118.67,24161589.1391,0
206,24207707.8091,17.0544,46118.67,24161589.1391,0
207,24207707.8091,17.1624,46118.67,24161589.1391,0
208,24207707.8091,17.2705,46118.67,24161589.1391,0
209,24207707.8091,17.3777,46118.67,24161589.1391,0
210,2884324.5892,17.4241,2392013.154,492311.4352,0
211,2884324.5892,17.4687,2392013.154,492311.4352,0
212,3960693.8418,17.5137,2392013.154,1568680.6878,0
213,5009775.275,17.5583,2392013.154,2617762.121,0
214,6511246.5644,17.6028,2392013.154,4119233.4104,0
215,33087518.018,17.6702,3728975.8673,29358542.1507,0
216,33087518.018,17.7363,3728975.8673,29358542.1507,0
217,33087518.018,17.8024,3728975.8673,29358542.1507,0
218,33838107.158,17.8683,3728975.8673,29358542.1507,750589.14
219,35954429.078,17.9341,3728975.8673,29358542.1507,2866911.06
220,104463509.4171,18.0456,46118.67,101550479.6871,2866911.06
221,55337516.1215,18.1545,46118.67,52424486.3915,2866911.06
222,45512317.4624,18.2653,46118.67,42599287.7324,2866911.06
223,45021170.1924,18.3735,169945.2,42599287.7324,2251937.26
224,43519822.0724,18.4861,169945.2,42599287.7324,750589.14
225,43086986.93,18.5951,646903.99,42440082.94,0
226,42986986.93,18.7033,546903.99,42440082.94,0
227,42936986.93,18.8111,496903.99,42440082.94,0
228,42895080.78,18.9201,454997.84,42440082.94,0
229,42869750.66,19.0279,429667.72,42440082.94,0
230,42847406.63,19.1358,407323.69,42440082.94,0
231,22991765.852,19.2436,407323.69,16419548.5353,6164893.6267
232,19236180.8746,19.351,407323.69,16419548.5353,2409308.6492
233,7300997.5478,19.4584,407323.69,6631069.2393,262604.6185
234,3614924.4492,19.5656,407323.69,2944996.1407,262604.6185
235,709127.1185,19.6726,446522.5,0,262604.6185
236,446522.5,19.7803,446522.5,0,0
237,313296.87,19.8959,313296.87,0,0
238,213296.87,20.0033,213296.87,0,0
239,147039.25,20.116,147039.25,0,0
240,137039.25,20.2237,137039.25,0,0
241,127039.25,20.3353,127039.25,0,0
242,117039.25,20.4431,117039.25,0,0
243,107039.25,20.5503,107039.25,0,0
244,97039.25,20.6573,97039.25,0,0
245,87039.25,20.7692,87039.25,0,0
246,77960.37,20.8775,77960.37,0,0
247,69866.52,20.9863,69866.52,0,0
248,59866.52,21.0962,59866.52,0,0
249,51370.11,21.2041,51370.11,0,0
250,2839447.34,21.312,2791988,47459.34,0
251,2293776.78,21.423,1952322,47459.34,293995.44
252,1999781.34,21.5357,1952322,47459.34,0
253,1967340.34,21.6459,1919881,47459.34,0
254,1541456.34,21.7535,1493997,47459.34,0
255,161661.69,21.8624,74116,87545.69,0
256,87545.69,21.9698,0,87545.69,0
257,87545.69,22.0779,0,87545.69,0
258,87545.69,22.1861,0,87545.69,0
259,87545.69,22.2939,0,87545.69,0
260,87545.69,22.402,0,87545.69,0
261,175263.1201,22.4513,0,175263.1201,0
262,1207931.35,22.496,0,1207931.35,0
263,2257012.7833,22.5405,0,2257012.7833,0
264,3733774.3797,22.585,0,3733774.3797,0
265,7623240.6901,22.6296,2389232.0733,5234008.6169,0
266,35704477.6037,22.6966,0,35704477.6037,0
267,21582841.9658,22.7623,0,21582841.9658,0
268,11707880.08,22.8321,0,11707880.08,0
269,11707880.08,22.9029,0,11707880.08,0
270,11707880.08,22.9685,0,11707880.08,0
271,11707880.08,23.0383,0,11707880.08,0
272,1675965.7945,23.1045,0,1675965.7945,0
273,5245393.6965,23.1702,2968838.7619,1675965.7945,600589.14
274,5245393.6965,23.2364,2968838.7619,1675965.7945,600589.14
275,4875365.1693,23.3021,2078176.047,2797189.1223,0
276,4875365.1693,23.3748,2078176.047,2797189.1223,0
277,9409082.9665,23.441,6611893.8442,2797189.1223,0
278,9409082.9665,23.5104,6611893.8442,2797189.1223,0
279,14490232.7856,23.5763,11693043.6633,2797189.1223,0
280,12736761.69,23.6858,12649216,87545.69,0
281,7736761.69,23.7936,7649216,87545.69,0
282,4065005.69,23.9022,3977460,87545.69,0
283,4055005.69,24.0114,3977460,77545.69,0
284,4045005.69,24.1208,3977460,67545.69,0
285,4045005.69,24.2349,3977460,67545.69,0
286,4045005.69,24.3428,3977460,67545.69,0
287,4045005.69,24.4524,3977460,67545.69,0
288,4045005.69,24.5678,3977460,67545.69,0
289,2198192.4491,24.6148,2062968.5634,135223.8857,0
290,323821.0117,24.6595,0,323821.0117,0
291,323821.0117,24.7042,0,323821.0117,0
292,799601.7485,24.7487,0,799601.7485,0
293,1832269.9785,24.7934,0,1832269.9785,0
294,2881351.4117,24.838,0,2881351.4117,0
295,29504875.2121,24.9063,0,29504875.2121,0
296,29504875.2121,24.9717,0,29504875.2121,0
297,29504875.2121,25.0379,0,29504875.2121,0
298,12761597.0339,25.1034,0,12761597.0339,0
299,12761597.0339,25.1689,0,12761597.0339,0
300,39940911,25.2352,0,39940911,0
301,40035565.28,25.3009,94654.28,39940911,0
302,40035565.28,25.3668,94654.28,39940911,0
303,399409.11,25.4756,0,399409.11,0
304,299409.11,25.5829,0,299409.11,0
305,205202.95,25.6907,0,205202.95,0
306,195202.95,25.7983,0,195202.95,0
307,185202.95,25.9144,0,185202.95,0
308,185202.95,26.029,0,185202.95,0
309,185202.95,26.1379,0,185202.95,0
310,185202.95,26.2465,0,185202.95,0
311,185202.95,26.3612,0,185202.95,0
312,1403437.4462,26.4083,0,1403437.4462,0
313,1403437.4462,26.4529,0,1403437.4462,0
314,2452518.8794,26.4975,0,2452518.8794,0
315,2176934.3145,26.5421,0,2176934.3145,0
316,3834631.5283,26.5867,968609.6579,2866021.8704,0
317,3834631.5283,26.6318,968609.6579,2866021.8704,0
318,5336102.8176,26.6766,968609.6579,4367493.1597,0
319,5341781.282,26.7217,968609.6579,4373171.624,0
320,143462993.06,26.7895,18675.06,143444318,0
321,143462993.06,26.8587,18675.06,143444318,0
322,109023702,26.9286,0,109023702,0
323,57440886,26.9947,0,57440886,0
324,57157241,27.06,0,57157241,0
325,57157241,27.1257,0,57157241,0
326,4754569,27.1912,0,4754569,0
327,4754569,27.257,0,4754569,0
328,4754569,27.3236,0,4754569,0
329,4754569,27.3893,0,4754569,0
330,4754569,27.4549,0,4754569,0
331,37545.69,27.5699,0,37545.69,0
332,32545.69,27.6776,0,32545.69,0
333,27545.69,27.7854,0,27545.69,0
334,27545.69,27.8952,0,27545.69,0
335,27545.69,28.0021,0,27545.69,0
336,27545.69,28.1097,0,27545.69,0
337,27545.69,28.2186,0,27545.69,0
338,330729.9818,28.2654,0,330729.9818,0
339,1363398.2118,28.31,0,1363398.2118,0
340,2412479.645,28.3545,0,2412479.645,0
341,2412479.645,28.3995,0,2412479.645,0
342,6301945.9555,28.4442,2389232.0733,3912713.8822,0
343,120505783,28.5124,0,120505783,0
344,106740057,28.5776,0,106740057,0
345,106745336.11,28.6432,0,106740057,5279.11
346,55162520.11,28.7088,0,55157241,5279.11
347,55162520.11,28.7757,0,55157241,5279.11
348,55162520.11,28.8434,0,55157241,5279.11
349,2759848.11,28.9161,0,2754569,5279.11
350,3030766.758,28.9819,191528.28,2749299.988,89938.49
351,3030766.758,29.0521,191528.28,2749299.988,89938.49
352,3030766.758,29.1185,191528.28,2749299.988,89938.49
353,3030766.758,29.1841,191528.28,2749299.988,89938.49
354,10857137.18,29.2928,10739653,27545.69,89938.49
355,9270312.18,29.4002,9152828,27545.69,89938.49
356,9180373.69,29.5078,9152828,27545.69,0
357,9180373.69,29.6158,9152828,27545.69,0
358,9180373.69,29.7236,9152828,27545.69,0
359,9180373.69,29.832,9152828,27545.69,0
360,9180373.69,29.9409,9152828,27545.69,0
361,55145.4169,29.9876,0,55145.4169,0
362,1087813.6469,30.0347,0,1087813.6469,0
363,2136895.0802,30.0812,0,2136895.0802,0
364,2136895.0802,30.1262,0,2136895.0802,0
365,6026361.3906,30.1712,2389232.0733,3637129.3173,0
366,106535881.8136,30.2387,0,106535881.8136,0
367,106535881.8136,30.3043,0,106535881.8136,0
368,106541160.9236,30.3698,0,106535881.8136,5279.11
369,55057013.8898,30.435,0,55051734.7798,5279.11
370,55051734.7798,30.505,0,55051734.7798,0
371,55051734.7798,30.5754,0,55051734.7798,0
372,2749299.988,30.6411,0,2749299.988,0
373,2749299.988,30.7082,0,2749299.988,0
374,2895632.708,30.7736,146332.72,2749299.988,0
375,3354867.137,30.84,739502.1089,2615365.0281,0
376,3354867.137,30.9067,739502.1089,2615365.0281,0
377,4660817.69,31.0154,4633272,27545.69,0
378,4660817.69,31.1231,4633272,27545.69,0
379,4660817.69,31.2319,4633272,27545.69,0
380,4660817.69,31.3402,4633272,27545.69,0
381,4660817.69,31.4488,4633272,27545.69,0
382,2701794.1529,31.4942,2403115.1744,55145.4169,243533.5616
383,3197953.2385,31.5389,2403115.1744,551304.5024,243533.5616
384,4230621.4684,31.5835,2403115.1744,1583972.7324,243533.5616
385,2838974.2631,31.6278,1011467.9691,1583972.7324,243533.5616
386,3888055.6964,31.6725,1011467.9691,2633054.1657,243533.5616
387,3888055.6964,31.7173,1011467.9691,2633054.1657,243533.5616
388,7777522.0068,31.7624,3400700.0423,4133288.4028,243533.5616
389,11926014.6312,31.8071,3400700.0423,5634759.6922,2890554.8966
390,196248100.1694,31.8816,98551.5176,196086889.7018,62658.95
391,124980895.088,31.947,98551.5176,124877064.4604,5279.11
392,124975615.978,32.0134,98551.5176,124877064.4604,0
393,75999571.8071,32.0827,98551.5176,75901020.2894,0
394,75999571.8071,32.1482,98551.5176,75901020.2894,0
395,52468384.7498,32.2139,98551.5176,52369833.2321,0
396,2713916.5457,32.2793,98551.5176,2615365.0281,0
397,2713916.5457,32.3452,98551.5176,2615365.0281,0
398,2713916.5457,32.4103,98551.5176,2615365.0281,0
399,2713916.5457,32.4761,98551.5176,2615365.0281,0
400,2725357.3811,32.5416,70816.1273,2654541.2538,0
401,27545.69,32.6496,0,27545.69,0
402,27545.69,32.7576,0,27545.69,0
403,27545.69,32.8653,0,27545.69,0
404,27545.69,32.9744,0,27545.69,0
405,27545.69,33.0841,0,27545.69,0
406,1051794.9322,33.1304,0,1051794.9322,0
407,2084463.1622,33.1752,0,2084463.1622,0
408,3133544.5955,33.2201,0,3133544.5955,0
409,4410110.0199,33.265,0,4410110.0199,0
410,8299576.3304,33.3095,2389232.0733,5910344.2571,0
411,212289971.4638,33.3757,0,212289971.4638,0
412,150839795.3214,33.4418,0,150839795.3214,0
413,150845074.4314,33.5141,0,150839795.3214,5279.11
414,101135405.4923,33.5794,0,101130126.3823,5279.11
415,101135405.4923,33.6451,0,101130126.3823,5279.11
416,53159573.5499,33.7107,0,53154294.4399,5279.11
417,2659820.3638,33.7759,0,2654541.2538,5279.11
418,2659820.3638,33.8419,0,2654541.2538,5279.11
419,2659820.3638,33.909,0,2654541.2538,5279.11
420,2659820.3638,33.9744,0,2654541.2538,5279.11
421,2659820.3638,34.0398,0,2654541.2538,5279.11
422,32824.8,34.1494,0,27545.69,5279.11
423,27545.69,34.2575,0,27545.69,0
424,27545.69,34.3682,0,27545.69,0
425,557085.23,34.4758,48450.23,508635,0
426,57649.04,34.5832,57649.04,0,0
427,52973.45,34.6906,52973.45,0,0
428,48714.61,34.8021,48714.61,0,0
429,47973.45,34.9163,47973.45,0,0
430,47649.04,35.0315,47649.04,0,0
431,47649.04,35.1758,47649.04,0,0
432,47649.04,35.346,47649.04,0,0
433,47649.04,35.506,47649.04,0,0
434,47649.04,35.6151,47649.04,0,0
435,2746972.6265,35.6626,2471388.0616,275584.5649,0
436,3779640.8565,35.7084,2471388.0616,1308252.7949,0
437,4828722.2898,35.753,2471388.0616,2357334.2281,0
438,8718188.6002,35.7993,4860620.1349,3857568.4653,0
439,12872822.414,35.8455,9015253.9487,3857568.4653,0
440,113939177.0224,35.9128,463909.1131,113475267.9093,0
441,100673331.2383,35.9795,463909.1131,100209422.1252,0
442,100382451.956,36.0465,173029.8308,100209422.1252,0
443,50672783.0169,36.1144,173029.8308,50499753.1861,0
444,50672783.0169,36.1816,173029.8308,50499753.1861,0
445,50672783.0169,36.2479,173029.8308,50499753.1861,0
446,173029.8308,36.3134,173029.8308,0,0
447,173029.8308,36.3819,173029.8308,0,0
448,173029.8308,36.4477,173029.8308,0,0
449,173029.8308,36.5189,173029.8308,0,0
450,4764904,36.5858,4764904,0,0
451,37649.04,36.6955,37649.04,0,0
452,32973.45,36.8055,32973.45,0,0
453,22973.45,36.9139,22973.45,0,0
454,17973.45,37.0223,17973.45,0,0
455,14515.8,37.13,14515.8,0,0
456,13774.64,37.2373,13774.64,0,0
457,13450.23,37.3438,13450.23,0,0
458,8774.64,37.451,8774.64,0,0
459,8450.23,37.5574,8450.23,0,0
460,3774.64,37.664,3774.64,0,0
461,3450.23,37.7716,3450.23,0,0
462,324.41,37.8842,324.41,0,0
463,0,37.9915,0,0,0
