1,45767833286,0.08915,36719783400,0,9048049886
2,42767833286,0.13883,33719783400,0,9048049886
3,39955220052,0.188,31200903775,0,8754316277
4,37738198093,0.23739,29144677160,0,8593520933
5,35624320403,0.28669,27332356760,0,8291963643
6,33380432675,0.33598,25408756360,0,7971676315
7,31453869525,0.38536,22682527760,0,8771341765
8,29807327406,0.43462,21042897485,32491156,8731938765
9,28184091082,0.48384,19395625770,32491156,8755974156
10,26775873158,0.53971,17885633755,32491156,8857748247
11,25260180534,0.59003,16609728580,32491156,8617960798
12,23553908392,0.64046,15972030275,32491156,7549386961
13,21757896427,0.69053,15904149590,32491156,5821255681
14,20516618137,0.73986,14662871300,32491156,5821255681
15,19298106317,0.78889,13444359480,32491156,5821255681
16,18199725987,0.83831,12345979150,32491156,5821255681
17,17280297102,0.88881,11423898145,32491156,5823907801
18,16062983253,0.93819,10864055650,32491156,5166436447
19,14950569278,0.98743,9939588755,32491156,4978489367
20,13894932548,1.0366,8883952025,32491156,4978489367
21,13164455039,1.0863,8266127100,32491156,4865836783
22,12500140265,1.1357,8475166645,32491156,3992482464
23,11888106623,1.185,8729662620,32491156,3125952847
24,11371131450,1.2352,8097415760,32491156,3241224534
25,1888065107.8212,1.2846,1227331026.4417,1485401.5,659248679.8795
26,1814527754.4996,1.3341,1153367053.0401,1912021.58,659248679.8795
27,1741579221.3286,1.3841,1080418519.8691,1912021.58,659248679.8795
28,1661632954.0103,1.4339,1000472252.5508,1912021.58,659248679.8795
29,1597508457.8838,1.4846,930480948.1645,1912021.58,665115488.1393
30,1544530759.5869,1.5353,877503249.8676,1912021.58,665115488.1393
31,1499240028.4471,1.5856,832212518.7278,1912021.58,665115488.1393
32,1459147916.9904,1.6348,792120407.271,1912021.58,665115488.1393
33,1422253870.2141,1.6843,807156282.8361,1912021.58,613185565.7981
34,1393131772.4951,1.7343,774950645.5595,1912021.58,616269105.3556
35,1365880946.0205,1.7839,743485118.9092,2608531.06,619787296.0513
36,1340956568.7998,1.8332,718560741.6885,2608531.06,619787296.0513
37,1322164950.7038,1.8824,699769123.5924,2608531.06,619787296.0513
38,1303393662.4979,1.9316,697254163.4084,2800397.93,603339101.1595
39,1268564893.29,1.9809,697254163.4084,2800397.93,568510331.9516
40,1255423306.6246,2.0301,698973293.7621,3021485,553428527.8625
41,1234582973.031,2.0796,617549973.337,2271485,614761514.694
42,1232538146.2155,2.1288,617549973.337,3016439.19,611971733.6885
43,1242088695.1409,2.1816,627233922.0084,3016439.19,611838333.9425
44,1252120225.7699,2.2309,685733621.5846,3016439.19,563370164.9953
45,1252120225.7699,2.2808,685733621.5846,3016439.19,563370164.9953
46,1262861815.3144,2.3311,696475211.1291,3016439.19,563370164.9953
47,6608910019,2.4063,4479517675,301643919,1827748425
48,6324939269,2.4802,4009856625,301643919,2013438725
49,5918553403,2.555,3755360650,301643919,1861548834
50,1008649063.4438,2.6275,496420847.4613,15373529.2519,496854686.7307
51,978802809.858,2.7,464854606.8201,17093516.3073,496854686.7307
52,951159449.3253,2.774,435723167.5182,18581595.0764,496854686.7307
53,923838846.5462,2.8478,408402564.7391,18581595.0764,496854686.7307
54,877243560.5374,2.9211,444009062.3691,18581595.0764,414652903.0918
55,851396938.4773,2.9937,419818378.6712,16925656.7142,414652903.0918
56,826362156.5119,3.0717,382176360.0535,16925656.7142,427260139.7441
57,806501463.2403,3.1546,362315666.7819,16925656.7142,427260139.7441
58,791423721.5044,3.2384,362315666.7819,14833561.1331,414274493.5894
59,777217107.2275,3.311,362315666.7819,14833561.1331,400067879.3125
60,763509121.7257,3.3843,359421114.0827,14833561.1331,389254446.5099
61,751220856.6307,3.4576,362463769.4838,14833561.1331,373923526.0137
62,703456177.5441,3.5309,308683674.915,13706772.7831,381065729.846
63,694827468.9792,3.6043,300054966.3501,13706772.7831,381065729.846
64,685361043.0454,3.6775,290588540.4163,13706772.7831,381065729.846
65,682059691.5407,3.7529,290588540.4163,9910052.7732,381561098.3511
66,680902906.2263,3.8261,290588540.4163,12002148.3543,378312217.4557
67,661461293.426,3.9,271967482.5087,12002148.3543,377491662.563
68,661461293.426,3.9729,271967482.5087,12002148.3543,377491662.563
69,661681118.7382,4.0454,274361611.9809,9827844.1943,377491662.563
70,660011177.5579,4.119,272691670.8007,9827844.1943,377491662.563
71,661527270.7968,4.1914,268922507.9863,7279553.2653,385325209.5452
72,650792820.9931,4.2639,254656381.0523,7279553.2653,388856886.6755
73,641001667.0006,4.3364,246546531.9354,10682495.7652,383772639.3
74,620241861.6152,4.4088,255877847.9569,10682495.7652,353681517.893
75,792055399.6286,4.4813,185481156.1937,4305844.8385,602268398.5964
76,770189697.9241,4.5541,163487121.8179,4434177.5098,602268398.5964
77,755840963.8096,4.6269,163487121.8179,4434177.5098,587919664.482
78,748958300.7674,4.6992,184114385.4542,4434177.5098,560409737.8034
79,732917750.4111,4.7723,240053630.0281,4434177.5098,488429942.8731
80,718170778.6469,4.8448,222805974.8076,4434177.5098,490930626.3295
81,718516972.2979,4.9176,222805974.8076,4780371.1608,490930626.3295
82,704314927.3978,4.9899,222805974.8076,4780371.1435,476728581.4467
83,704699878.4457,5.0627,222805974.8076,6063414.1744,475830489.4637
84,705496069.6056,5.1358,222805974.8076,6859605.3343,475830489.4637
85,706581836.7827,5.2138,223891741.9847,6859605.3343,475830489.4637
86,705759987.3626,5.287,222335119.9735,7594377.9255,475830489.4637
87,705759987.3626,5.3594,222335119.9735,7594377.9255,475830489.4637
88,705759987.3626,5.432,222335119.9735,7594377.9255,475830489.4637
89,709508365.8723,5.5045,226083498.4831,7594377.9255,475830489.4637
90,714047751.8422,5.5796,220879889.2139,8007404.2997,485160458.3286
91,3720571487,5.7019,2568407655,464922005,687241827
92,3543059387,5.8205,2390895555,464922005,687241827
93,3366737842,5.9395,2369855555,464922005,531960282
94,3235622877,6.0581,2359131365,454922005,421569507
95,3061560779,6.1772,2359131365,454922005,247507409
96,2936534784,6.2966,2234105370,454922005,247507409
97,2848765599,6.4156,2136336185,454922005,257507409
98,2773765599,6.5355,2061336185,454922005,257507409
99,2704765599,6.6539,2066336185,455922005,182507409
100,389607199.8109,6.7734,300440941.1627,76851345.1665,12314913.4817
101,377241943.3422,6.8949,288075684.694,76851345.1665,12314913.4817
102,367916705.7285,7.0143,280436071.9092,75165720.3376,12314913.4817
103,358591468.1148,7.1337,272796459.1244,73480095.5087,12314913.4817
104,350371999.5521,7.2538,264576990.5618,73480095.5087,12314913.4817
105,342579682.4737,7.374,264576990.5618,65687778.4303,12314913.4817
106,334940069.6889,7.4926,256937377.777,65687778.4303,12314913.4817
107,327300456.9041,7.6119,249297764.9922,65687778.4303,12314913.4817
108,319660844.1193,7.7309,241658152.2074,65687778.4303,12314913.4817
109,312021231.3345,7.8495,234018539.4226,65687778.4303,12314913.4817
110,304381618.5497,7.9682,226378926.6378,65687778.4303,12314913.4817
111,296742005.7649,8.0869,218739313.853,65687778.4303,12314913.4817
112,289209910.8065,8.2067,218739313.853,57259654.2858,13210942.6677
113,281796444.3143,8.3259,211099701.0682,57485800.5785,13210942.6677
114,274156831.5295,8.4449,203460088.2834,57485800.5785,13210942.6677
115,267451040.2631,8.5641,196615602.5774,57485800.5785,13349637.1072
116,261373594.4804,8.6828,189936963.6975,58086993.6757,13349637.1072
117,255419606.5245,8.8017,182297350.9127,59772618.5046,13349637.1072
118,249465618.5686,8.921,174657738.1279,61458243.3335,13349637.1072
119,243634955.8942,9.0402,167944363.4565,62340955.3305,13349637.1072
120,237924827.0959,9.1589,161559472.2719,62340955.3305,14024399.4935
121,232825934.8131,9.2779,158146204.818,60655330.5016,14024399.4935
122,227305498.6655,9.3969,152625768.6704,60655330.5016,14024399.4935
123,222527957.564,9.517,147848227.5689,60655330.5016,14024399.4935
124,217927041.6666,9.636,147848227.5689,59812518.0871,10266296.0105
125,230335628.5051,9.7558,131295479.8484,91872683.7442,7167464.9125
126,225053106.5871,9.8751,62414605.0921,91872683.7442,70765817.7508
127,186976844.3422,9.9943,62414605.0921,89128071.7112,35434167.5389
128,167720950.0781,10.1133,59882358.595,89128071.7112,18710519.7719
129,159615113.403,10.2322,59522388.4233,82546235.1604,17546489.8193
130,155586318.3238,10.3509,55493593.3442,82546235.1604,17546489.8193
131,151725055.7456,10.4699,53004636.7825,81173929.1439,17546489.8193
132,145867576.6312,10.5891,58236126.6607,70084960.1512,17546489.8193
133,136839029.0286,10.7085,49880335.3406,69412203.8688,17546489.8193
134,130398465.0746,10.8294,43439771.3865,69412203.8688,17546489.8193
135,113042705.4146,10.9487,23645129.0597,69412203.8688,19985372.4861
136,107093035.7185,11.0675,17695459.3637,69412203.8688,19985372.4861
137,103609818.7996,11.1875,16733631.6131,66890814.7004,19985372.4861
138,100217669.1508,11.3067,13341481.9643,66890814.7004,19985372.4861
139,96920048.4644,11.4264,13341481.9643,66890814.7004,16687751.7997
140,93771946.3772,11.5455,13341481.9643,66616353.4971,13814110.9157
141,90623844.29,11.6652,13341481.9643,66341892.2938,10940470.0318
142,87538825.9399,11.7851,13341481.9643,63597280.2608,10600063.7147
143,84419512.2875,11.9042,13341481.9643,60852668.2278,10225362.0953
144,81674900.2545,12.0238,13341481.9643,58108056.1948,10225362.0953
145,78930288.2215,12.1425,13341481.9643,55363444.1619,10225362.0953
146,76185676.1885,12.2614,13341481.9643,52618832.1289,10225362.0953
147,73441064.1555,12.3801,13341481.9643,49874220.0959,10225362.0953
148,60604757.1243,12.4994,13341481.9643,37037913.0647,10225362.0953
149,57938527.5004,12.6196,10675252.3404,37037913.0647,10225362.0953
150,118303554.3166,12.7392,2899237.8557,86266980.9399,29137335.521
151,111577208.0347,12.8583,3232347.5431,86266980.9399,22077879.5517
152,105874741.7365,12.9775,3232347.5431,85947349.8182,16695044.3752
153,102678430.5199,13.0968,3232347.5431,82751038.6016,16695044.3752
154,99718541.4681,13.2154,3232347.5431,82751038.6016,13735155.3234
155,93353685.5302,13.3343,3260114.0384,76358416.1684,13735155.3234
156,90479933.8956,13.4542,3260114.0384,73484664.5338,13735155.3234
157,87981490.3567,13.5743,3957981.7161,70288353.3172,13735155.3234
158,86390994.8085,13.6935,4647471.8531,68008367.632,13735155.3234
159,85751732.5652,13.8128,4647471.8531,67369105.3887,13735155.3234
160,85112470.3219,13.9319,4647471.8531,66729843.1454,13735155.3234
161,84574933.3849,14.0508,4109934.9161,66729843.1454,13735155.3234
162,81838210.8341,14.1714,5952448.4906,66729843.1454,9155919.1982
163,74799396.6866,14.2899,5952448.4906,60337220.7121,8509727.4839
164,72956883.1121,14.4091,4109934.9161,60337220.7121,8509727.4839
165,72637251.9905,14.5292,4109934.9161,60017589.5905,8509727.4839
166,71856787.5719,14.6496,5031191.7034,58315868.3847,8509727.4839
167,70907764.2893,14.7696,4082168.4208,58315868.3847,8509727.4839
168,70643976.6777,14.8891,4700812.8053,58315868.3847,7627295.4877
169,70275473.9628,15.0076,4332310.0904,58315868.3847,7627295.4877
170,70074378.8652,15.1262,4349597.8426,58097485.5349,7627295.4877
171,69435116.6218,15.2449,4349597.8426,57458223.2916,7627295.4877
172,69250865.2644,15.3642,4165346.4851,57458223.2916,7627295.4877
173,69066613.9069,15.4829,3981095.1277,57458223.2916,7627295.4877
174,65177795.015,15.6029,5013051.0517,52537448.4756,7627295.4877
175,72965228.9458,15.7224,1661859.5697,66245935.2266,5057434.1494
176,71867915.6897,15.8412,1661859.5697,58185299.1675,12020756.9525
177,64904592.8866,15.9597,1661859.5697,58185299.1675,5057434.1494
178,64752250.3409,16.0786,1700316.3098,57994499.8816,5057434.1494
179,64351156.0057,16.1975,2469451.1127,57994499.8816,3887205.0114
180,64197329.0452,16.3162,2315624.1521,57994499.8816,3887205.0114
181,64120415.5649,16.4354,2238710.6718,57994499.8816,3887205.0114
182,63314351.959,16.5543,2238710.6718,57188436.2757,3887205.0114
183,63237438.4787,16.6756,2161797.1915,57188436.2757,3887205.0114
184,63175299.3857,16.7956,2099658.0986,57188436.2757,3887205.0114
185,63115092.4363,16.9152,2039451.1492,57188436.2757,3887205.0114
186,63054921.2517,17.0343,1979279.9646,57188436.2757,3887205.0114
187,62892943.1036,17.1539,1979279.9646,56382372.6698,4531290.4693
188,62248857.6458,17.2737,1979279.9646,56382372.6698,3887205.0114
189,62210400.9056,17.3932,1940823.2244,56382372.6698,3887205.0114
190,62009853.738,17.512,2325390.6258,56382372.6698,3302090.4424
191,61706081.9003,17.6314,3592086.1163,29179454.9765,28934540.8075
192,32848454.573,17.7502,3668999.5966,29179454.9765,0
193,32042390.9671,17.8686,3668999.5966,28373391.3706,0
194,31273256.1643,17.9871,2899864.7937,28373391.3706,0
195,30775695.4767,18.1061,2402304.1061,28373391.3706,0
196,30641703.1951,18.2244,2268311.8246,28373391.3706,0
197,30531327.2371,18.3435,2268311.8246,27567327.7646,695687.6479
198,29835639.5892,18.4618,2268311.8246,27567327.7646,0
199,29725263.6312,18.582,2268311.8246,26761264.1587,695687.6479
200,8476668.2939,18.7023,2250491.2831,1036182.4568,5189994.5539
201,3425807.3207,18.8215,2250491.2831,1036182.4568,139133.5807
202,2665943.9751,18.9406,2250491.2831,135895.6002,279557.0918
203,2525520.464,19.0605,2250491.2831,135895.6002,139133.5807
204,2438371.6671,19.18,2250491.2831,135895.6002,51984.7838
205,2313963.0378,19.2997,2250491.2831,0,63471.7547
206,2237653.813,19.4185,2174182.0583,0,63471.7547
207,2230493.9474,19.5379,2167022.1927,0,63471.7547
208,2230493.9474,19.6566,2167022.1927,0,63471.7547
209,2230493.9474,19.7773,2167022.1927,0,63471.7547
210,2230493.9474,19.8964,2167022.1927,0,63471.7547
211,2230493.9474,20.0156,2167022.1927,0,63471.7547
212,20995263.2206,20.0664,20222231.4118,0,773031.8088
213,21446268.4906,20.1163,20222231.4118,451005.27,773031.8088
214,22158549.1206,20.1665,20222231.4118,1163285.9,773031.8088
215,22903503.3106,20.2157,20222231.4118,1908240.09,773031.8088
216,31718232.114,20.2648,29036960.2152,1908240.09,773031.8088
217,22460661.4272,20.3385,16822092.0818,4092093.2247,1546476.1207
218,21683889.9474,20.4115,16822092.0818,3315321.7449,1546476.1207
219,21683889.9474,20.4841,16822092.0818,3315321.7449,1546476.1207
220,20400846.9165,20.5566,16822092.0818,2032278.7141,1546476.1207
221,19174077.9278,20.629,16822092.0818,805509.7253,1546476.1207
222,22110208.8389,20.7015,19758222.9928,805509.7253,1546476.1207
223,30973394.5976,20.7743,28621408.7515,805509.7253,1546476.1207
224,30973394.5976,20.8469,28621408.7515,805509.7253,1546476.1207
225,65461091.9535,20.9195,64109382.1781,1216301.1467,135408.6287
226,46700149.5637,21.0404,4531060.0762,42105617.7328,63471.7547
227,45937057.3157,21.1598,3767967.8282,42105617.7328,63471.7547
228,3831439.5829,21.2785,3767967.8282,0,63471.7547
229,2192000.522,21.3982,2128528.7674,0,63471.7547
230,1648899.2225,21.5178,1585427.4678,0,63471.7547
231,1240064.0803,21.6375,1176592.3257,0,63471.7547
232,1058566.5572,21.757,995094.8026,0,63471.7547
233,1058566.5572,21.876,995094.8026,0,63471.7547
234,1058566.5572,21.9952,995094.8026,0,63471.7547
235,1058566.5572,22.1138,995094.8026,0,63471.7547
236,1058566.5572,22.2326,995094.8026,0,63471.7547
237,10059063.7848,22.2838,9286031.976,0,773031.8088
238,10771344.4148,22.3338,9286031.976,712280.63,773031.8088
239,11516298.6048,22.3833,9286031.976,1457234.82,773031.8088
240,28696244.8593,22.4329,16055236.6342,1457234.82,11183773.4051
241,22378045.4711,22.482,9286031.976,1908240.09,11183773.4051
242,40382978.0336,22.5319,27304161.0462,2554749.57,10524067.4174
243,50927733.0772,22.5818,37848916.0898,2554749.57,10524067.4174
244,83759319.4905,22.6318,70680502.5031,2554749.57,10524067.4174
245,118012669.7485,22.6828,86417325.883,2554749.57,29040594.2955
246,98653450.0133,22.7567,88758600.108,4962665.4445,4932184.4608
247,75259301.7971,22.8299,68337623.2774,4962665.4445,1959013.0751
248,76475602.9438,22.9034,68337623.2774,6178966.5912,1959013.0751
249,75302695.8864,22.9764,68337623.2774,5006059.5338,1959013.0751
250,79980354.5454,23.0492,67113056.1058,12796744.9113,70553.5283
251,75027962.0962,23.1214,67113056.1058,7844352.4621,70553.5283
252,70292780.7104,23.195,67113056.1058,3109171.0764,70553.5283
253,28452127.5579,23.2674,25272402.9532,3109171.0764,70553.5283
254,29045098.2133,23.3397,25272402.9532,3772695.2601,0
255,39287534.6887,23.4123,25272402.9532,5570889.504,8444242.2314
256,39287534.6887,23.485,25272402.9532,5570889.504,8444242.2314
257,42750813.8,23.5578,25547108.5487,8206850.9915,8996854.2598
258,114131024.7434,23.6783,2148173.9668,111140404.3555,842446.4211
259,72025407.0106,23.7972,2148173.9668,69034786.6227,842446.4211
260,71262314.7626,23.917,1385081.7188,69034786.6227,842446.4211
261,70989308.265,24.037,1463133.9989,69034786.6227,491387.6434
262,70795095.1068,24.1561,1268920.8408,69034786.6227,491387.6434
263,70622420.4563,24.275,1096246.1903,69034786.6227,491387.6434
264,70544368.1762,24.394,1018193.9102,69034786.6227,491387.6434
265,61558662.678,24.5137,1018193.9102,60049081.1244,491387.6434
266,42510212.9149,24.6329,1018193.9102,35697227.3396,5794791.6652
267,41954129.3515,24.753,1018193.9102,35697227.3396,5238708.1018
268,5855937.4188,24.8727,995094.8026,0,4860842.6162
269,1562705.5916,24.9912,995094.8026,0,567610.789
270,995094.8026,25.1098,995094.8026,0,0
271,995094.8026,25.2283,995094.8026,0,0
272,995094.8026,25.347,995094.8026,0,0
273,995094.8026,25.4659,995094.8026,0,0
274,995094.8026,25.5853,995094.8026,0,0
275,13040295,25.6363,13040295,0,0
276,13752575.63,25.6872,13040295,712280.63,0
277,14497529.82,25.737,13040295,1457234.82,0
278,21354078.03,25.7874,13040295,1681090.59,6632692.44
279,33732526.03,25.8372,25418743,1681090.59,6632692.44
280,32755227.1622,25.911,23067653.3273,9687573.8349,0
281,35864398.2386,25.9848,23067653.3273,12796744.9113,0
282,35864398.2386,26.0576,23067653.3273,12796744.9113,0
283,39013042.2704,26.13,23067653.3273,12796744.9113,3148644.0318
284,34060649.8212,26.2029,23067653.3273,7844352.4621,3148644.0318
285,29325468.4355,26.2754,23067653.3273,3109171.0764,3148644.0318
286,29501192.9536,26.3479,23067653.3273,3109171.0764,3324368.5499
287,30927034.0275,26.42,23067653.3273,3109171.0764,4750209.6239
288,37188669.7632,26.4929,29329289.063,3109171.0764,4750209.6239
289,37188669.7632,26.5652,29329289.063,3109171.0764,4750209.6239
290,47675036.9437,26.6864,2466205.3285,42105617.7328,3103213.8824
291,46911944.6957,26.8077,1703113.0805,42105617.7328,3103213.8824
292,4806326.9629,26.9272,1703113.0805,0,3103213.8824
293,4314844.6741,27.0463,1703113.0805,0,2611731.5936
294,3799958.4667,27.1649,1703113.0805,0,2096845.3862
295,3618460.9436,27.2835,1521615.5574,0,2096845.3862
296,3542151.7188,27.4028,1445306.3326,0,2096845.3862
297,3360661.5391,27.5224,1445306.3326,0,1915355.2065
298,2734397.324,27.6409,1445306.3326,0,1289090.9914
299,2284185.7939,27.7602,995094.8026,0,1289090.9914
300,34945177.1462,27.8791,3813076.9627,47367.05,31084733.1335
301,34634816.9007,27.9978,3502716.7172,47367.05,31084733.1335
302,34503395.6214,28.1168,3502716.7172,47367.05,30953311.8542
303,34503395.6214,28.236,3502716.7172,47367.05,30953311.8542
304,5080621.618,28.3544,3502716.7172,47367.05,1530537.8508
305,4805137.8996,28.4734,3502716.7172,48876.52,1253544.6624
306,4805137.8996,28.595,3502716.7172,48876.52,1253544.6624
307,4805137.8996,28.7143,3502716.7172,48876.52,1253544.6624
308,4805137.8996,28.833,3502716.7172,48876.52,1253544.6624
309,3651402.5972,28.9518,3502716.7172,148685.88,0
310,3651402.5972,29.071,3502716.7172,148685.88,0
311,3531117.544,29.1903,3377431.664,153685.88,0
312,3531117.544,29.3098,3377431.664,153685.88,0
313,3531117.544,29.4291,3377431.664,153685.88,0
314,3531117.544,29.5475,3377431.664,153685.88,0
315,3531117.544,29.6672,3377431.664,153685.88,0
316,7906395.88,29.7177,7752710,153685.88,0
317,8618676.51,29.7674,7752710,865966.51,0
318,9192607.98,29.8164,7752710,1089822.28,350075.7
319,9937562.17,29.8657,7752710,1834776.47,350075.7
320,14383933.36,29.915,7752710,1834776.47,4796446.89
321,34152855.3353,29.9888,7035628.2617,14790125.8743,12327101.1994
322,25818663.861,30.0617,7035628.2617,13301951.6484,5481083.9509
323,28927834.9373,30.1344,7035628.2617,16411122.7247,5481083.9509
324,28927834.9373,30.207,7035628.2617,16411122.7247,5481083.9509
325,150376638.3893,30.2795,3224676.3268,140047438.5783,7104523.4841
326,108114455.0532,30.3516,3224676.3268,97785255.2423,7104523.4841
327,67705883.6593,30.4239,3224676.3268,57376683.8484,7104523.4841
328,72886567.7379,30.4971,8405360.4054,57376683.8484,7104523.4841
329,78799812.5766,30.5699,14318605.2441,57376683.8484,7104523.4841
330,80234728.7331,30.6425,15753521.4006,57376683.8484,7104523.4841
331,80234728.7331,30.7152,15753521.4006,57376683.8484,7104523.4841
332,28839214.3006,30.8358,28217837.2906,621377.01,0
333,24482761.3132,30.9547,23861384.3032,621377.01,0
334,20126308.3259,31.0741,19504931.3159,621377.01,0
335,17778678.4623,31.1931,17106296.1823,672382.28,0
336,17310987.3323,31.3121,17106296.1823,204691.15,0
337,16875342.0336,31.4312,16670650.8836,204691.15,0
338,16775532.6736,31.5507,16670650.8836,104881.79,0
339,12419079.6862,31.6716,12314197.8962,104881.79,0
340,7482652.5483,31.791,7377770.7583,104881.79,0
341,5348064.2086,31.9095,5243182.4186,104881.79,0
342,5348064.2086,32.0283,5243182.4186,104881.79,0
343,5346554.7386,32.1473,5243182.4186,103372.32,0
344,4779776.7198,32.2661,4676404.3998,103372.32,0
345,4779776.7198,32.3851,4676404.3998,103372.32,0
346,4769776.7198,32.5036,4676404.3998,93372.32,0
347,4769776.7198,32.6223,4676404.3998,93372.32,0
348,4769776.7198,32.7409,4676404.3998,93372.32,0
349,4769776.7198,32.8608,4676404.3998,93372.32,0
350,10458004.2883,32.9799,10034083.5577,182784.0307,241136.7
351,11281220.65,33.0306,10234431,805652.95,241136.7
352,12026174.84,33.0805,10234431,1550607.14,241136.7
353,14173850.39,33.1297,10234431,1550607.14,2388812.25
354,16995953.62,33.1788,10234431,1774462.91,4987059.71
355,20599728.7,33.2278,10234431,1774462.91,8590834.79
356,221706074.0572,33.3014,14004016.4024,113210046.766,94492010.8889
357,159776320.2181,33.3745,14004016.4024,100510428.8304,45261874.9853
358,144272230.2208,33.4468,27732325.954,100510428.8304,16029475.4364
359,141945949.9451,33.5197,27732325.954,98184148.5547,16029475.4364
360,141945949.9451,33.5923,27732325.954,98184148.5547,16029475.4364
361,91687654.6973,33.6649,27732325.954,55921965.2186,8033363.5247
362,51279083.3034,33.7372,27732325.954,15513393.8247,8033363.5247
363,56887895.3928,33.8098,33341138.0434,15513393.8247,8033363.5247
364,62511583.486,33.8822,24612276.2524,29865943.7089,8033363.5247
365,63703286.5476,33.9554,25803979.314,29865943.7089,8033363.5247
366,70679249.3017,34.0281,32779942.0681,29865943.7089,8033363.5247
367,112453121.9186,34.148,85722324.8578,597765.4708,26133031.59
368,86744071.8186,34.2671,85722324.8578,597765.4708,423981.49
369,68491635.1976,34.3859,65865667.5908,1373965.5368,1252002.07
370,58687393.4595,34.5053,56061425.8527,1373965.5368,1252002.07
371,48883151.7213,34.6245,46257184.1145,1373965.5368,1252002.07
372,44801275.6013,34.7455,41453271.3545,1373965.5368,1974038.71
373,41877924.2533,34.8657,38529920.0065,1373965.5368,1974038.71
374,30347841.842,34.985,26999837.5952,1373965.5368,1974038.71
375,37527111.4531,35.1042,24500812.1637,3177633.2166,9848666.0728
376,35262444.0391,35.2244,24500812.1637,3177633.2166,7583998.6588
377,18641004.5478,35.3434,7879372.6723,3177633.2166,7583998.6588
378,14944554.4782,35.4627,7879372.6723,3177633.2166,3887548.5892
379,13446335.6206,35.5816,7927270.3207,3177633.2166,2341432.0833
380,12406535.0842,35.7012,8837271.3688,3179244.2435,390019.4719
381,11249055.5872,35.8205,7679791.8719,3179244.2435,390019.4719
382,10359376.5868,35.9392,6790112.8714,3179244.2435,390019.4719
383,10090067.1947,36.0577,6520803.4793,3179244.2435,390019.4719
384,10044793.2821,36.1761,6520803.4793,3133970.331,390019.4719
385,10044793.2821,36.295,6520803.4793,3133970.331,390019.4719
386,10044793.2821,36.4143,6520803.4793,3133970.331,390019.4719
387,10044793.2821,36.5328,6520803.4793,3133970.331,390019.4719
388,10044793.2821,36.652,6520803.4793,3133970.331,390019.4719
389,8081572.88,36.7026,7329389,692224.32,59959.56
390,8372578.15,36.7524,7329389,983229.59,59959.56
391,9084858.78,36.8017,7329389,1695510.22,59959.56
392,9829812.98,36.8507,7329389,2440464.42,59959.56
393,12006668.31,36.8999,7329389,2440464.42,2236814.89
394,141369283.7242,36.9732,1782603.3819,138450600.2218,1136080.1205
395,144112069.0007,37.0465,9214182.0907,115956121.2817,18941765.6283
396,139265326.3608,37.1191,15260920.0305,124004406.3303,0
397,122756233.2681,37.1917,15260920.0305,107495313.2376,0
398,122756233.2681,37.2643,15260920.0305,107495313.2376,0
399,80494049.3647,37.3365,15260920.0305,65233129.3342,0
400,47358297.4458,37.4088,11896267.0125,35462030.4333,0
401,48380509.4458,37.4818,11896267.0125,35462030.4333,1022212
402,19208681.8361,37.5546,2416733.9595,15769735.8766,1022212
403,19208681.8361,37.6287,2416733.9595,15769735.8766,1022212
404,21276163.9861,37.7026,2416733.9595,15769735.8766,3089694.15
405,21276163.9861,37.7758,2416733.9595,15769735.8766,3089694.15
406,24818193.976,37.8488,5958763.9494,15769735.8766,3089694.15
407,41071080.3601,37.9693,27962280.0229,880983.9772,12227816.36
408,35798304.1826,38.0881,23142242.9706,428244.852,12227816.36
409,32524016.7556,38.2069,23121920.9229,426633.8251,8975462.0076
410,30677310.5052,38.3257,23121920.9229,426633.8251,7128755.7572
411,29246274.5902,38.4443,23121920.9229,426633.8251,5697719.8422
412,25929405.4311,38.563,23121920.9229,426633.8251,2380850.6831
413,24906536.1462,38.6822,22099051.638,426633.8251,2380850.6831
414,24906536.1462,38.802,22099051.638,426633.8251,2380850.6831
415,24727351.4559,38.9212,22099051.638,426633.8251,2201665.9928
416,24727351.4559,39.0407,22099051.638,426633.8251,2201665.9928
417,12554306.9667,39.1596,9926007.1488,426633.8251,2201665.9928
418,10529049.5846,39.2783,9926007.1488,426633.8251,176408.6107
419,10339501.8836,39.3968,9926007.1488,237086.1241,176408.6107
420,10314409.8239,39.5157,9926007.1488,243920.0854,144482.5897
421,10169927.2342,39.6348,9926007.1488,243920.0854,0
422,10169927.2342,39.7537,9926007.1488,243920.0854,0
423,10169927.2342,39.8735,9926007.1488,243920.0854,0
424,6744401.5169,39.9918,6500481.4316,243920.0854,0
425,6996367.51,40.1106,6560379.3421,194851.4679,241136.7
426,6654656.2628,40.2291,6078462.4948,194851.4679,381342.3
427,5064945.3953,40.348,3464080.9474,194851.4679,1406012.98
428,4844945.3953,40.4668,3464080.9474,194851.4679,1186012.98
429,4664133.0857,40.5855,3283268.6378,194851.4679,1186012.98
430,4627462.8857,40.7067,3283268.6378,194851.4679,1149342.78
431,4627462.8857,40.8267,3283268.6378,194851.4679,1149342.78
432,4627462.8857,40.9462,3283268.6378,194851.4679,1149342.78
433,4627462.8857,41.0657,3283268.6378,194851.4679,1149342.78
434,4627462.8857,41.1852,3283268.6378,194851.4679,1149342.78
435,5321967.93,41.237,3406468,766157.15,1149342.78
436,6066922.12,41.286,3406468,1511111.34,1149342.78
437,7317216.97,41.3353,3406468,1511111.34,2399637.63
438,7608222.24,41.3845,3406468,1802116.61,2399637.63
439,10435389.45,41.4336,3406468,2025972.38,5002949.07
440,149090685.2103,41.5064,645834.52,146045213.0603,2399637.63
441,125507346.3614,41.5794,645834.52,122461874.2114,2399637.63
442,124257051.5114,41.6516,645834.52,122461874.2114,1149342.78
443,63885268.2456,41.7239,645834.52,62090090.9456,1149342.78
444,6161380.7958,41.7964,645834.52,4366203.4958,1149342.78
445,9026592.0873,41.8693,2163707.0216,4366203.4958,2496681.57
446,11949742.8873,41.942,4913376.2116,4366203.4958,2670163.18
447,13826658.391,42.0145,6790291.7152,4366203.4958,2670163.18
448,17370709.951,42.0871,6790291.7152,4366203.4958,6214214.74
449,31692531.4964,42.2064,24978432.5885,194851.4679,6519247.44
450,89345488.4264,42.325,20425435.7319,53876.52,68866176.1745
451,51246478.1219,42.4432,25524046.3734,53876.52,25668555.2284
452,46147867.4803,42.5618,20425435.7319,53876.52,25668555.2284
453,40593887.6444,42.6812,20425435.7319,53876.52,20114575.3925
454,38536858.0756,42.7998,20425435.7319,53876.52,18057545.8237
455,36970395.5008,42.9195,20425435.7319,53876.52,16491083.2489
456,36576321.0705,43.0391,20031361.3016,53876.52,16491083.2489
457,25691140.3085,43.1588,8600689.4162,53876.52,17036574.3724
458,25651654.5974,43.2784,8600689.4162,53876.52,16997088.6613
459,19365979.6758,43.3988,8600689.4162,53876.52,10711413.7397
460,19364470.2058,43.5176,8600689.4162,52367.05,10711413.7397
461,17512930.4856,43.6377,8600689.4162,52367.05,8859874.0194
462,17131611.7148,43.7578,8600689.4162,52367.05,8478555.2487
463,17131611.7148,43.8762,8600689.4162,52367.05,8478555.2487
464,17131611.7148,43.9951,8600689.4162,52367.05,8478555.2487
465,15074582.1459,44.1138,8600689.4162,52367.05,6421525.6798
466,15074582.1459,44.2339,8600689.4162,52367.05,6421525.6798
467,15074582.1459,44.3532,8600689.4162,52367.05,6421525.6798
468,15074582.1459,44.4731,8600689.4162,52367.05,6421525.6798
469,15074582.1459,44.5918,8600689.4162,52367.05,6421525.6798
470,11989341.37,44.6422,10912519,764647.68,312174.69
471,12734295.56,44.6911,10912519,1509601.87,312174.69
472,13838171.21,44.7402,10912519,1509601.87,1416050.34
473,14129176.48,44.7893,10912519,1800607.14,1416050.34
474,18413266.57,44.8386,10912519,2024462.91,5476284.66
475,202426732.6654,44.9122,1176120.507,193545289.1831,7705322.9753
476,201961707.4001,44.9862,711095.2417,193545289.1831,7705322.9753
477,180560362.1218,45.0584,711095.2417,172143943.9048,7705322.9753
478,152739304.5674,45.1311,711095.2417,144322886.3504,7705322.9753
479,151431350.9752,45.2036,1054760.617,144322886.3504,6053704.0078
480,81622451.2808,45.276,1054760.617,73102824.269,7464866.3948
481,13526088.6199,45.3482,1054760.617,5006461.6081,7464866.3948
482,12562277.9851,45.4204,1747320.3831,5006461.6081,5808495.9939
483,12847792.5431,45.4928,2032834.9411,5006461.6081,5808495.9939
484,12847792.5431,45.5655,2032834.9411,5006461.6081,5808495.9939
485,9927695.5603,45.6383,2299259.8248,5006461.6081,2621974.1274
486,9348160.8096,45.7115,1719725.0741,5006461.6081,2621974.1274
487,9348160.8096,45.7841,1719725.0741,5006461.6081,2621974.1274
488,9698521.7071,45.8565,2070085.9716,5006461.6081,2621974.1274
489,9644729.528,45.929,2016293.7925,5006461.6081,2621974.1274
490,7972330.2882,46.0011,1672628.4172,5006461.6081,1293240.2628
491,8324087.5991,46.0734,2024385.7282,5006461.6081,1293240.2628
492,8730764.1491,46.1469,2431062.2782,5006461.6081,1293240.2628
493,7741154.224,46.2193,1738502.5121,5006461.6081,996190.1039
494,7455639.666,46.2914,1452987.9541,5006461.6081,996190.1039
495,7455639.666,46.3636,1452987.9541,5006461.6081,996190.1039
496,7189214.7823,46.4368,1186563.0704,5006461.6081,996190.1039
497,7612945.5931,46.5091,1610293.8812,5006461.6081,996190.1039
498,7612945.5931,46.5823,1610293.8812,5006461.6081,996190.1039
499,8037938.852,46.6588,2035287.14,5006461.6081,996190.1039
500,34722788.6754,46.7329,27592117.8309,3261702.1625,3868968.682
501,84505586.5976,46.855,78031693.8678,52367.05,6421525.6798
502,80214574.8106,46.9743,70150205.2618,52367.05,10012002.4989
503,57919347.2758,47.093,51445454.5461,52367.05,6421525.6798
504,54097376.218,47.212,47623483.4882,52367.05,6421525.6798
505,53309227.3574,47.3315,46835334.6276,52367.05,6421525.6798
506,53103524.4005,47.4504,46835334.6276,52367.05,6215822.7229
507,52984751.1553,47.5698,46716561.3824,52367.05,6215822.7229
508,29224343.911,47.6893,22956154.1381,52367.05,6215822.7229
509,29195168.2165,47.8085,22926978.4436,52367.05,6215822.7229
510,29195168.2165,47.9282,22926978.4436,52367.05,6215822.7229
511,29195168.2165,48.0489,22926978.4436,52367.05,6215822.7229
512,29195168.2165,48.1678,22926978.4436,52367.05,6215822.7229
513,18459356.0081,48.2866,8600689.4162,52367.05,9806299.542
514,15579514.6117,48.4052,8600689.4162,52367.05,6926458.1456
515,15579514.6117,48.5243,8600689.4162,52367.05,6926458.1456
516,15579514.6117,48.6436,8600689.4162,52367.05,6926458.1456
517,15579514.6117,48.7627,8600689.4162,52367.05,6926458.1456
518,15579514.6117,48.8828,8600689.4162,52367.05,6926458.1456
519,12013888.05,48.9339,10912519,764647.68,336721.37
520,12758842.24,48.9845,10912519,1509601.87,336721.37
521,14922542.36,49.0344,10912519,1509601.87,2500421.49
522,19778532.63,49.0847,15477504,1800607.14,2500421.49
523,15378400.64,49.1351,10912519,1800607.14,2665274.5
524,19303827.84,49.1847,10912519,2024462.91,6366845.93
525,170263743.9031,49.2342,55481012.7515,26875854.6331,87906876.5185
526,174413073.4914,49.2836,59630342.3398,26875854.6331,87906876.5185
527,186905761.3591,49.3332,72123030.2075,26875854.6331,87906876.5185
528,184036562.6287,49.4068,32305270.2426,113218318.8648,38512973.5213
529,157245756.0269,49.48,49879140.8791,68853641.6265,38512973.5213
530,129205299.6182,49.5525,37218636.8775,54910697.5597,37075965.1811
531,85745916.605,49.6255,27282872.3602,21387079.0637,37075965.1811
532,68508278.0389,49.6998,28170610.6953,3261702.1625,37075965.1811
533,54497643.4576,49.7728,14159976.114,3261702.1625,37075965.1811
534,45463455.3216,49.8453,13272237.7789,3261702.1625,28929515.3802
535,41927455.9413,49.9176,7676526.4442,3261702.1625,30989227.3346
536,15111419.0568,49.99,7676526.4442,3261702.1625,4173190.4501
537,15111419.0568,50.0623,7676526.4442,3261702.1625,4173190.4501
538,15111419.0568,50.1348,7676526.4442,3261702.1625,4173190.4501
539,18630164.3284,50.2081,11195271.7158,3261702.1625,4173190.4501
540,22804640.6073,50.281,15797905.7771,3261702.1625,3745032.6677
541,40609994.9545,50.4002,33879524.5516,514647.68,6215822.7229
542,38240779.284,50.5194,31510308.8811,514647.68,6215822.7229
543,37452630.4234,50.6389,30722160.0205,514647.68,6215822.7229
544,37452630.4234,50.7584,30722160.0205,514647.68,6215822.7229
545,37452630.4234,50.8796,30722160.0205,514647.68,6215822.7229
546,37452630.4234,51.0018,30722160.0205,514647.68,6215822.7229
547,37452630.4234,51.1212,30722160.0205,514647.68,6215822.7229
548,45071817.5031,51.1723,29708103.8415,5397298.1344,9966415.5271
549,52877475.0422,51.2221,37513761.3806,5397298.1344,9966415.5271
550,65631593.9363,51.2716,47079185.1128,12856980.8177,5695428.0058
551,89826833.2032,51.3211,64675386.8737,19456018.3237,5695428.0058
552,113018142.9383,51.3706,82248330.1271,19456018.3237,11313794.4875
553,105423571.7015,51.444,29355411.8046,72323127.2291,3745032.6677
554,69718345.0601,51.5178,23075117.1398,32055031.7571,14588196.1632
555,45838382.1003,51.5905,27988483.7746,3261702.1625,14588196.1632
556,51553998.7773,51.6629,24492182.0317,3261702.1625,23800114.5831
557,34438841.8562,51.736,18220188.6061,3261702.1625,12956951.0876
558,38990608.4431,51.8088,23976289.2825,3261702.1625,11752616.9981
559,35553953.1198,51.8813,20539633.9592,3261702.1625,11752616.9981
560,41459191.1376,51.954,20539633.9592,9166940.1802,11752616.9981
561,41459191.1376,52.0269,20539633.9592,9166940.1802,11752616.9981
562,40472546.6663,52.0993,19552989.4879,9166940.1802,11752616.9981
563,38509986.8426,52.172,16386095.5747,9166940.1802,12956951.0876
564,38509986.8426,52.2444,16386095.5747,9166940.1802,12956951.0876
565,44453669.4069,52.317,19931844.1821,9166940.1802,15354885.0445
566,50261375.7961,52.39,28350249.5738,9166940.1802,12744186.0421
567,40932850.8139,52.4627,28350249.5738,9166940.1802,3415661.06
568,32514445.4223,52.5372,19931844.1821,9166940.1802,3415661.06
569,29098784.3624,52.6101,19931844.1821,9166940.1802,0
570,30254684.5795,52.6835,21087744.3993,9166940.1802,0
571,24349446.5618,52.7567,21087744.3993,3261702.1625,0
572,24349446.5618,52.8298,21087744.3993,3261702.1625,0
573,27497788.2789,52.9024,24236086.1164,3261702.1625,0
574,28368019.1626,52.9751,25106317.0002,3261702.1625,0
575,76495881.894,53.0476,70578558.442,5917323.452,0
576,55486307.8136,53.1684,54971660.1336,514647.68,0
577,51545563.5106,53.2881,51030915.8306,514647.68,0
578,47864786.9567,53.4068,47350139.2767,514647.68,0
579,44266899.2302,53.5252,43752251.5502,514647.68,0
580,41558193.955,53.6439,41043546.275,514647.68,0
581,39967489.6608,53.7623,39452841.9808,514647.68,0
582,39179340.8002,53.8813,38664693.1202,514647.68,0
583,38539046.3014,54.0001,38024398.6214,514647.68,0
584,31836524.3552,54.119,31321876.6752,514647.68,0
585,26500943.3602,54.238,25986295.6802,514647.68,0
586,23200493.556,54.3569,22685845.876,514647.68,0
587,20045384.7068,54.4753,19530737.0268,514647.68,0
588,19257235.8462,54.5953,18742588.1662,514647.68,0
589,18892337.1105,54.7146,18377689.4305,514647.68,0
590,18792337.1105,54.8335,18377689.4305,414647.68,0
591,18742337.1105,54.9525,18377689.4305,364647.68,0
592,16608167.1338,55.0708,16243519.4538,364647.68,0
593,16578991.4393,55.1899,16214343.7593,364647.68,0
594,16578991.4393,55.3087,16214343.7593,364647.68,0
595,14553118.6332,55.427,14188470.9532,364647.68,0
596,13158281.9412,55.5455,12793634.2612,364647.68,0
597,13158281.9412,55.6648,12793634.2612,364647.68,0
598,13158281.9412,55.7852,12793634.2612,364647.68,0
599,12764207.5109,55.9034,12399559.8309,364647.68,0
600,15875033.2839,56.0229,14833308.3636,1041724.9204,0
601,15589353.4408,56.1414,14833308.3636,756045.0772,0
602,15589353.4408,56.2615,14833308.3636,756045.0772,0
603,15589353.4408,56.3799,14833308.3636,756045.0772,0
604,15553392.9704,56.4985,14797347.8932,756045.0772,0
605,15553392.9704,56.6175,14797347.8932,756045.0772,0
606,15553392.9704,56.7368,14797347.8932,756045.0772,0
607,15553392.9704,56.856,14797347.8932,756045.0772,0
608,15553392.9704,56.9754,14797347.8932,756045.0772,0
609,21111843.4347,57.026,10806657.1808,10305186.2539,0
610,40392578.6457,57.0757,30087392.3918,10305186.2539,0
611,61406351.8558,57.1248,30087392.3918,10305186.2539,21013773.2102
612,85601591.1228,57.1739,47683594.1527,16904223.7599,21013773.2102
613,110500822.016,57.2231,63361722.4725,16904223.7599,30234875.7837
614,70303983.8837,57.2962,57091637.7906,11608214.8131,1604131.28
615,46251624.5117,57.3691,33039278.4186,11608214.8131,1604131.28
616,26204218.7009,57.4411,13481104.2877,11608214.8131,1114899.6
617,17638873.766,57.5141,13481104.2877,3042869.8782,1114899.6
618,17638873.766,57.5876,13481104.2877,3042869.8782,1114899.6
619,16523974.166,57.6596,13481104.2877,3042869.8782,0
620,16523974.166,57.7326,13481104.2877,3042869.8782,0
621,16523974.166,57.8049,13481104.2877,3042869.8782,0
622,16799572.916,57.8771,13481104.2877,3042869.8782,275598.75
623,11213247.5304,57.9491,5082764.6021,3042869.8782,3087613.05
624,12303347.9451,58.0221,5082764.6021,4132970.2929,3087613.05
625,93543154.8837,58.0955,3982332.3853,12074967.5173,77485854.9811
626,23873066.7923,58.1679,4881751.7827,12074967.5173,6916347.4923
627,29480081.2643,58.2404,10488766.2547,12074967.5173,6916347.4923
628,35396943.9208,58.3127,16405628.9112,12074967.5173,6916347.4923
629,35396943.9208,58.385,16405628.9112,12074967.5173,6916347.4923
630,35396943.9208,58.4573,16405628.9112,12074967.5173,6916347.4923
631,30165188.6492,58.5775,28862693.5911,1026896.3082,275598.75
632,21252046.3616,58.6965,19949551.3034,1026896.3082,275598.75
633,15673020.0095,58.8162,14370524.9513,1026896.3082,275598.75
634,11887791.4459,58.9353,10585296.3878,1026896.3082,275598.75
635,8749835.8059,59.0548,7447340.7477,1026896.3082,275598.75
636,6634896.193,59.1741,5332401.1348,1026896.3082,275598.75
637,5727857.4913,59.2939,4425362.4332,1026896.3082,275598.75
638,2257564.273,59.4126,955069.2148,1026896.3082,275598.75
639,1971884.4298,59.5311,955069.2148,741216.465,275598.75
640,1696285.6798,59.65,955069.2148,741216.465,0
641,1425434.4488,59.7703,955069.2148,470365.234,0
642,1282530.9707,59.8908,812165.7367,470365.234,0
643,939718.441,60.0095,469353.207,470365.234,0
644,796814.9629,60.1281,326449.7289,470365.234,0
645,677662.0261,60.2469,207296.7921,470365.234,0
646,534758.548,60.3656,64393.314,470365.234,0
647,520474.5559,60.484,64393.314,456081.2419,0
648,520020.0619,60.6026,0,456081.2419,63938.82
649,456081.2419,60.7223,0,456081.2419,0
650,15730938.85,60.842,2875.85,15728063,0
651,15728063,60.9611,0,15728063,0
652,15728063,61.0798,0,15728063,0
653,15728063,61.1986,0,15728063,0
654,15728063,61.3175,0,15728063,0
655,15728063,61.4369,0,15728063,0
656,1605391.4265,61.4887,0,1605391.4265,0
657,9209271.6358,61.5394,0,9209271.6358,0
658,18295803.1244,61.5888,9086531.4886,9209271.6358,0
659,28562353.7724,61.6381,15872380.5598,12689973.2127,0
660,30111906.6675,61.6874,9086531.4886,12689973.2127,8335401.9662
661,44225759.5503,61.7613,5291209.0906,16738540.0404,22196010.4192
662,32770628.3377,61.8346,5291209.0906,5283408.8278,22196010.4192
663,32770628.3377,61.9068,5291209.0906,5283408.8278,22196010.4192
664,33680573.6375,61.9793,5291209.0906,18603050.8393,9786313.7075
665,37102810.9537,62.0523,8713446.4069,18603050.8393,9786313.7075
666,41757082.9198,62.1248,13367718.373,18603050.8393,9786313.7075
667,46191592.85,62.2453,422622.29,45379011,389959.56
668,45891592.85,62.3646,422622.29,45379011,89959.56
669,45792549.76,62.484,323579.2,45379011,89959.56
670,45699894.61,62.6032,230924.05,45379011,89959.56
671,45617055.88,62.7219,148085.32,45379011,89959.56
672,45567055.88,62.8411,98085.32,45379011,89959.56
673,45547049.65,62.9604,78079.09,45379011,89959.56
674,45537049.65,63.0798,68079.09,45379011,89959.56
675,6952026.1356,63.199,359388.45,5708183.4656,884454.22
676,6336768.2656,63.3176,359388.45,5708183.4656,269196.35
677,6098282.1356,63.4362,120902.32,5708183.4656,269196.35
678,489141.76,63.5546,219945.41,0,269196.35
679,359141.76,63.6732,219945.41,0,139196.35
680,294141.76,63.7919,219945.41,0,74196.35
681,241318.53,63.9109,167122.18,0,74196.35
682,231318.53,64.0301,157122.18,0,74196.35
683,221318.53,64.1491,147122.18,0,74196.35
684,211318.53,64.2683,137122.18,0,74196.35
685,201318.53,64.3871,127122.18,0,74196.35
686,191318.53,64.5057,117122.18,0,74196.35
687,181318.53,64.6245,107122.18,0,74196.35
688,171318.53,64.7452,97122.18,0,74196.35
689,161318.53,64.8647,87122.18,0,74196.35
690,156318.53,64.9829,82122.18,0,74196.35
691,151318.53,65.1013,77122.18,0,74196.35
692,146318.53,65.2198,77122.18,0,69196.35
693,146318.53,65.3384,77122.18,0,69196.35
694,146318.53,65.4569,77122.18,0,69196.35
695,146318.53,65.5757,77122.18,0,69196.35
696,146318.53,65.6941,77122.18,0,69196.35
697,5471409.2444,65.7448,5471409.2444,0,0
698,5471409.2444,65.7945,5471409.2444,0,0
699,13048758.7577,65.8435,5421132.1607,7627626.5971,0
700,56037866.0173,65.8931,12355721.8786,43682144.1387,0
701,57084958.2923,65.9426,11396896.6037,43682144.1387,2005917.55
702,61702148.5854,66.0158,11362214.8352,0,50339933.7502
703,52572564.2998,66.0887,2232630.5496,0,50339933.7502
704,52572564.2998,66.1611,2232630.5496,0,50339933.7502
705,3186074.9472,66.2332,3186074.9472,0,0
706,3661452.2324,66.3053,3661452.2324,0,0
707,5397984.0628,66.3774,3661452.2324,0,1736531.8304
708,16398722.4372,66.4497,3661452.2324,11000738.3744,1736531.8304
709,16398722.4372,66.522,3661452.2324,11000738.3744,1736531.8304
710,32780520.4314,66.6429,77122.18,32634201.9014,69196.35
711,32780520.4314,66.7625,77122.18,32634201.9014,69196.35
712,32780520.4314,67.1777,77122.18,32634201.9014,69196.35
713,32780520.4314,67.2964,77122.18,32634201.9014,69196.35
714,32780520.4314,67.4152,77122.18,32634201.9014,69196.35
715,35730797.32,67.4662,15661030.5212,19142695.0588,927071.74
716,36619179.635,67.516,14702205.2462,19142695.0588,2774279.33
717,51617105.195,67.5658,14702205.2462,19142695.0588,17772204.89
718,52115714.825,67.6151,14702205.2462,19142695.0588,18270814.52
719,48005939.0385,67.6643,24037034.8042,5698089.7143,18270814.52
720,51332068.4706,67.7137,27363164.2363,5698089.7143,18270814.52
721,61171014.4771,67.763,37202110.2428,5698089.7143,18270814.52
722,76954886.2439,67.8126,52985982.0095,5698089.7143,18270814.52
723,93876589.0636,67.8624,69907684.8292,5698089.7143,18270814.52
724,181911279.3687,67.9358,89074460.3371,10701332.7459,82135486.2857
725,207773087.6232,68.009,115329072.8288,1874032.5536,90569982.2408
726,163394985.6404,68.0813,70950970.846,1874032.5536,90569982.2408
727,144791842.7196,68.1543,52347827.9252,1874032.5536,90569982.2408
728,129330488.0344,68.2271,127456455.4808,1874032.5536,0
729,124560791.9178,68.2999,120683387.6042,3877404.3136,0
730,120640558.5231,68.3724,116763154.2095,3877404.3136,0
731,120919654.1431,68.4455,114116886.7029,6802767.4402,0
732,122229619.2572,68.5188,115426851.817,6802767.4402,0
733,91573479.0454,68.5918,84888366.0221,6685113.0233,0
734,91573479.0454,68.6642,84888366.0221,6685113.0233,0
735,94485156.3749,68.7366,84888366.0221,9596790.3528,0
736,97609468.3341,68.81,84888366.0221,9596790.3528,3124311.9592
737,99615507.1432,68.8827,84888366.0221,11602829.162,3124311.9592
738,188288767.8791,69.0037,1633622.77,186585948.7591,69196.35
739,187988767.8791,69.1232,1333622.77,186585948.7591,69196.35
740,153953265.2104,69.242,1235119.83,152648949.0304,69196.35
741,153853265.2104,69.3622,1135119.83,152648949.0304,69196.35
742,104351829.0756,69.4806,1189162.92,103093469.8056,69196.35
743,104251829.0756,69.6002,1089162.92,103093469.8056,69196.35
744,96530863.401,69.7207,1089162.92,95372504.131,69196.35
745,96476820.311,69.8406,1035119.83,95372504.131,69196.35
746,47153177.6834,69.9602,1035119.83,46048861.5034,69196.35
747,47100098.9034,70.08,982041.05,46048861.5034,69196.35
748,13117919.5191,70.2003,982041.05,12066682.1191,69196.35
749,3052625.0284,70.3192,882041.05,2101387.6284,69196.35
750,18426250.0472,70.4379,16817791.0521,1451605.9651,156853.0301
751,17349610.2582,70.5571,15741151.263,1451605.9651,156853.0301
752,14460159.2389,70.6759,12851700.2437,1451605.9651,156853.0301
753,13687155.6765,70.7947,12078696.6814,1451605.9651,156853.0301
754,11954987.2905,70.9134,10346528.2954,1451605.9651,156853.0301
755,10797704.6572,71.0335,9189245.6621,1451605.9651,156853.0301
756,10731178.8038,71.1525,9122719.8086,1451605.9651,156853.0301
757,10695737.6644,71.272,9087278.6693,1451605.9651,156853.0301
758,10653232.1062,71.391,9044773.1111,1451605.9651,156853.0301
759,10653232.1062,71.5099,9044773.1111,1451605.9651,156853.0301
760,7756900.6315,71.6295,7600047.6014,0,156853.0301
761,2413742.5428,71.7488,2256889.5127,0,156853.0301
762,2190129.3731,71.8676,2033276.3431,0,156853.0301
763,2056352.9919,71.987,1899499.9619,0,156853.0301
764,2056352.9919,72.1058,1899499.9619,0,156853.0301
765,1378842.3184,72.2244,1221989.2884,0,156853.0301
766,1378842.3184,72.3431,1221989.2884,0,156853.0301
767,1378842.3184,72.4619,1221989.2884,0,156853.0301
768,1378842.3184,72.5808,1221989.2884,0,156853.0301
769,1378842.3184,72.7002,1221989.2884,0,156853.0301
770,1757004.4241,72.7513,1757004.4241,0,0
771,1757004.4241,72.8018,1757004.4241,0,0
772,5861024.8251,72.8509,5861024.8251,0,0
773,17636733.4274,72.8999,9077606.2274,0,8559127.2
774,31299450.9977,72.949,9077606.2274,13433461.5203,8788383.25
775,41889240.7541,73.0227,2027289.1178,728225.53,39133726.1063
776,2525705.2878,73.0954,2027289.1178,498416.17,0
777,2267205.8683,73.1676,1768789.6983,498416.17,0
778,2267205.8683,73.24,1768789.6983,498416.17,0
779,2695862.0231,73.3124,2197445.8531,498416.17,0
780,2739057.5467,73.3848,2240641.3767,498416.17,0
781,2938138.0294,73.4572,2439721.8594,498416.17,0
782,58360080.7025,73.5782,24049755.5334,34310325.1691,0
783,55470629.6832,73.6971,21160304.5141,34310325.1691,0
784,52581178.6639,73.8164,18270853.4948,34310325.1691,0
785,49691727.6445,73.9371,15381402.4754,34310325.1691,0
786,29429435.3322,74.0558,10027761.1695,0,19401674.1627
787,7790642.1475,74.1744,7790642.1475,0,0
788,7313680.7567,74.2929,7313680.7567,0,0
789,7158512.0359,74.412,7158512.0359,0,0
790,6091691.4683,74.5312,6091691.4683,0,0
791,6091691.4683,74.6512,6091691.4683,0,0
792,3202240.449,74.7695,3202240.449,0,0
793,1152513.8834,74.888,1152513.8834,0,0
794,0,75.007,0,0,0
