1,1.370918864684455e+17,0.40106
2,9.447662956494822e+16,1.023
3,6.486911116382982e+16,1.5637
4,3.994597125946247e+16,2.0858
5,2.78821430004454e+16,2.6131
6,1.992876713044541e+16,3.1345
7,1.271192497314581e+16,3.6559
8,9562150714776518,4.1837
9,7993533283196832,4.7454
10,6629067549878204,5.3333
11,5476683660088956,5.9024
12,3243262884528481,6.4725
13,2592097749792512,6.9945
14,2531760624865662,7.5159
15,2531760624865662,8.0347
16,2531760624865662,8.5545
17,2531760624865662,9.0756
18,2592097749792512,9.5959
19,2592097749792512,10.1155
20,2592097749792512,10.635
21,3243262884528481,11.1551
22,3182925759601632,11.6748
23,3182925759601632,12.1945
24,3182925759601632,12.715
25,3182925759601632,13.235
26,3243262884528481,13.7608
27,3243262884528481,14.2846
28,3951594840429140,14.805
29,3300429705693171,15.3239
