1,5.302928860783425e+17,0.5453
2,3.857897388354392e+17,1.78
3,2.688442069377242e+17,2.2136
4,1.520948534724182e+17,2.5046
5,9.532876944408155e+16,2.7578
6,5.703658602884548e+16,3.0106
7,3.910785802884548e+16,3.27
8,3.10967379889696e+16,3.5303
9,2.363537633387062e+16,3.7858
10,1.650529709941749e+16,4.0464
11,1.030318012978737e+16,4.3012
12,9789433041936118,4.5531
13,9515173383177712,4.8076
14,9515173383177712,5.0613
15,9789433041936118,5.3212
16,6681347491114800,5.5867
17,3945097167795455,5.85
18,3264518527795455,6.1292
19,1515642515849035,6.4819
20,872887645897910,6.7579
21,598627987139505,7.0124
22,598627987139505,7.2708
23,872887645897910,7.5314
24,570744761626785,7.7931
25,296485102868380,8.0568
26,67164189187880,8.3326
27,26764418884500,8.5897
28,0,8.8457
29,0,9.1003
