1,5.946628613122005e+19,0.28297
2,5.669992343328396e+19,0.62947
3,5.402820486960749e+19,1.0763
4,5.139317781863185e+19,1.409
5,4.914593495327974e+19,1.7378
6,4.706827278327466e+19,2.0661
7,4.499539099419197e+19,2.3937
8,4.298063684702968e+19,2.7222
9,4.105574887606265e+19,3.0492
10,3.925157441912199e+19,3.3899
11,3.748368092458527e+19,3.7191
12,3.600459633724414e+19,4.0478
13,3.457755919496781e+19,4.3763
14,3.315813209290518e+19,4.7048
15,3.084337592816653e+19,5.0331
16,2.945251784176292e+19,5.3604
17,2.818331269728417e+19,5.688
18,2.696848032262776e+19,6.0166
19,2.576033000138649e+19,6.3489
20,2.478682242106726e+19,6.6767
21,2.381607821854167e+19,7.0048
22,2.293024914931524e+19,7.3331
23,2.219223946423349e+19,7.6619
24,2.146063918369246e+19,7.9902
25,2.073557608646766e+19,8.3178
26,2.003174528240432e+19,8.6458
27,1.828399690653063e+19,8.9754
28,1.761582460435153e+19,9.308
29,1.708655959592993e+19,9.6362
30,1.678993081865676e+19,9.9649
1,1.599207464486328e+19,10.2935
2,1.522177656520144e+19,10.6219
3,1.446266168850095e+19,10.9505
4,1.370678681258218e+19,11.2785
5,1.303523678568124e+19,11.6079
6,1.237062119513101e+19,11.9366
7,1.17420939711278e+19,12.2683
8,1.113119311427536e+19,12.5958
9,1.060012106353326e+19,12.9244
10,1.008344061281196e+19,13.2527
11,9.573353009877694e+18,13.5812
12,9.079957156654507e+18,13.9097
13,8.599674534277908e+18,14.2386
14,8.167679023511469e+18,14.5667
15,7.779381030752911e+18,14.8949
16,7.404546961403355e+18,15.2266
17,7.032985598957284e+18,15.554
18,6.674042180587929e+18,15.8827
19,6.327641202931727e+18,16.2109
20,5.996660020559438e+18,16.5393
21,5.746730087268321e+18,16.8678
22,5.500540589862889e+18,17.1956
23,5.260640969922188e+18,17.5239
24,5.021084571089546e+18,17.8524
25,4.80141487654433e+18,18.181
26,4.666000157246209e+18,18.5083
27,4.543986230375347e+18,18.8359
28,4.425063325433687e+18,19.1641
29,4.309283190086865e+18,19.4955
30,4.198726580471105e+18,19.8241
31,4.093953432848069e+18,20.1527
32,3.993662315781633e+18,20.4809
33,3.893678005888531e+18,20.8088
34,3.836678170284787e+18,21.136
35,3.815816314132474e+18,21.4633
36,3.8102137186315e+18,21.792
37,3.81989047740802e+18,22.1194
38,3.825493072908996e+18,22.4477
39,3.846354929061308e+18,22.7752
40,3.840382576305823e+18,23.1033
41,3.830705817529302e+18,23.4312
42,3.859464254878897e+18,23.7609
43,3.838972155981095e+18,24.0901
44,3.84457475148207e+18,24.4208
45,3.854414802284378e+18,24.7492
46,3.848812206783402e+18,25.0793
47,3.869304305681205e+18,25.4082
48,3.87527665843669e+18,25.7367
49,3.865436607634382e+18,26.0656
50,3.912494095376368e+18,26.3938
51,3.883735658026772e+18,26.722
52,3.86287380187446e+18,27.0501
53,3.857271206373485e+18,27.382
54,3.866947965150007e+18,27.7107
55,3.872550560650981e+18,28.0428
56,3.893412416803294e+18,28.3708
57,3.887440064047809e+18,28.6995
58,3.877763305271287e+18,29.0286
59,3.906521742620882e+18,29.3568
60,3.88602964372308e+18,29.6853
1,3.691018529965707e+18,30.0174
2,3.507628951028079e+18,30.3475
3,3.332174733595426e+18,30.6754
4,3.168256858105282e+18,31.0033
5,3.014516383130543e+18,31.3305
6,2.867029790798193e+18,31.6582
7,2.738198981278309e+18,31.986
8,2.612876684511441e+18,32.313
9,2.488069945696084e+18,32.64
10,2.373591783639969e+18,32.9694
11,2.258745753207709e+18,33.301
12,2.146122261013942e+18,33.6295
13,2.033931351812064e+18,33.9572
14,1.9271998302795e+18,34.2844
15,1.82705276322692e+18,34.611
16,1.727817404630981e+18,34.936
17,1.637637147985823e+18,35.2613
18,1.548608232186162e+18,35.5858
19,1.460657969804716e+18,35.9114
20,1.390782203841431e+18,36.2377
21,1.327187080766216e+18,36.5629
22,1.269408722343208e+18,36.8878
23,1.21316269374864e+18,37.2122
24,1.15854631435834e+18,37.5377
25,1.103950570224409e+18,37.8625
26,1.049650466014398e+18,38.1876
27,1.00423042762563e+18,38.5127
28,9.646608176328081e+17,38.8383
29,9.311403128822459e+17,39.1628
30,9.043633112660342e+17,39.4873
31,8.791910538368908e+17,39.8131
32,8.590562367927203e+17,40.1386
33,8.544573550974725e+17,40.4674
34,8.52076299905377e+17,40.7935
35,8.502559499995726e+17,41.1198
36,8.520166928596549e+17,41.4486
37,8.538370427654593e+17,41.777
38,8.562180979575544e+17,42.1081
39,8.543977480517499e+17,42.4366
40,8.526370051916677e+17,42.7688
41,8.568368655645306e+17,43.0951
42,8.544558103724352e+17,43.4262
43,8.562165532325174e+17,43.7535
44,8.584359244607072e+17,44.0818
45,8.566751816006253e+17,44.4081
46,8.610545420569212e+17,44.7371
47,8.564556603616733e+17,45.0655
48,8.546353104558689e+17,45.3937
49,8.563960533159511e+17,45.7236
50,8.582164032217555e+17,46.0531
51,8.605974584138506e+17,46.3858
52,8.587771085080461e+17,46.7266
53,8.57016365647964e+17,47.0589
54,8.588367155537684e+17,47.3867
55,8.634355972490166e+17,47.7132
56,8.612162260208266e+17,48.0432
57,8.588351708287315e+17,48.3783
58,8.605959136888136e+17,48.7139
59,8.628152849170034e+17,49.0438
60,8.651963401090986e+17,49.3717
61,8.608169796528024e+17,49.6984
62,8.585976084246126e+17,50.0273
63,8.629769688809087e+17,50.3543
64,8.683224653748165e+17,50.6824
65,8.639431049185203e+17,51.0126
66,8.597432445456577e+17,51.3397
67,8.573621893535626e+17,51.6718
68,8.556014464934804e+17,52.0003
69,8.574217963992849e+17,52.3275
70,8.59182539259367e+17,52.6564
71,8.615635944514623e+17,52.9857
72,8.598028515913802e+17,53.3133
73,8.579825016855754e+17,53.6501
74,8.621823620584384e+17,53.9792
75,8.59801306866343e+17,54.3086
76,8.615620497264252e+17,54.6519
77,8.63781420954615e+17,54.9796
78,8.62020678094533e+17,55.3066
79,8.644017332866281e+17,55.6329
80,8.661624761467101e+17,55.9595
81,8.705418366030063e+17,56.2869
82,8.659429549077585e+17,56.6141
83,8.635618997156632e+17,56.9409
84,8.617415498098588e+17,57.2679
85,8.599808069497766e+17,57.5947
86,8.618011568555812e+17,57.9212
87,8.641822120476762e+17,58.2493
88,8.623618621418717e+17,58.5765
89,8.64122605001954e+17,58.9026
90,8.706716604480237e+17,59.2293
91,8.65326163954116e+17,59.5563
92,8.609468034978198e+17,59.8841
93,8.585657483057245e+17,60.2105
94,8.568050054456426e+17,60.5372
95,8.58625355351447e+17,60.8656
96,8.60386098211529e+17,61.1917
97,8.627671534036244e+17,61.5185
98,8.610064105435423e+17,61.8463
99,8.591860606377376e+17,62.1727
100,8.633859210106004e+17,62.5
101,8.610048658185051e+17,62.8267
102,8.627656086785873e+17,63.1531
103,8.649849799067772e+17,63.4808
104,8.632242370466949e+17,63.8078
105,8.656052922387901e+17,64.1346
106,8.673660350988723e+17,64.4616
107,8.651466638706825e+17,64.788
108,8.695260243269786e+17,65.116
109,8.671449691348835e+17,65.4434
110,8.629451087620206e+17,65.7703
111,8.611843659019386e+17,66.0975
112,8.630047158077432e+17,66.4248
113,8.647654586678253e+17,66.7521
114,8.671465138599204e+17,67.0787
115,8.653857709998383e+17,67.405
116,8.635654210940339e+17,67.7329
117,8.677652814668964e+17,68.0592
118,8.653842262748014e+17,68.3876
119,8.676035975029911e+17,68.7145
120,8.693643403630732e+17,69.0417
1,8.578132715730733e+17,69.411
2,8.490241531653755e+17,69.7774
3,8.404341092149361e+17,70.1437
4,8.321661194419489e+17,70.5101
5,8.240263897285802e+17,70.8758
6,8.163565141874578e+17,71.2413
7,8.09236873236501e+17,71.6068
8,8.02146801652702e+17,71.9733
9,7.95080079570702e+17,72.3399
10,7.880435701708707e+17,72.706
11,7.811654921951681e+17,73.0729
12,7.744130396819718e+17,73.4382
13,7.676860420048417e+17,73.805
14,7.612344761848417e+17,74.1702
15,7.547912675065283e+17,74.536
16,7.483992367929522e+17,74.9014
17,7.418737549769285e+17,75.2678
18,7.355325443371978e+17,75.6335
19,7.292858222551978e+17,75.9999
20,7.230853299751978e+17,76.3686
21,7.170035895751978e+17,76.734
22,7.109857126454697e+17,77.1015
23,7.050693106092609e+17,77.4701
24,6.991805620092609e+17,77.8366
25,6.933289961892609e+17,78.2023
26,6.875062395409382e+17,78.5676
27,6.817647974209382e+17,78.9344
28,6.760347961586332e+17,79.2997
29,6.704343038786332e+17,79.6656
30,6.649525634786332e+17,80.0318
31,6.595258413966333e+17,80.3974
32,6.542370927966333e+17,80.7638
33,6.489855269766333e+17,81.1308
34,6.438440848566333e+17,81.4971
35,6.387324201586333e+17,81.8635
36,6.336930822209085e+17,82.2301
37,6.281867001123994e+17,82.5968
38,6.231569909048023e+17,82.962
39,6.181484618048023e+17,83.3275
40,6.131479695248023e+17,83.6941
41,6.082177522448023e+17,84.0605
42,6.033360118448023e+17,84.4276
43,5.984887309228023e+17,84.7945
44,5.936891705328023e+17,85.1608
45,5.890004219328023e+17,85.5279
46,5.843488561128023e+17,85.8952
47,5.797421340308023e+17,86.2616
48,5.752006919108023e+17,86.628
49,5.706777963360351e+17,86.9936
50,5.662296111960351e+17,87.3602
51,5.61348533743472e+17,87.7268
52,5.569132562037662e+17,88.0944
53,5.525047271037662e+17,88.4598
54,5.481042348237662e+17,88.8257
55,5.437643326911132e+17,89.1909
56,5.394289301291263e+17,89.5574
57,5.320924856921126e+17,89.9239
58,5.270284803521126e+17,90.2906
59,5.221103026288452e+17,90.6557
60,5.176462972888452e+17,91.0214
61,5.133160800088452e+17,91.3874
62,5.090278783068452e+17,91.7536
63,5.047461379068452e+17,92.119
64,5.004736384668452e+17,92.484
65,4.963371644126006e+17,92.8502
66,4.922252616318135e+17,93.216
67,4.881365130318135e+17,93.582
68,4.840849472118135e+17,93.9478
69,4.800576662898135e+17,94.3131
70,4.760417654843802e+17,94.6799
71,4.720622050943802e+17,95.0457
72,4.681207629743802e+17,95.4115
73,4.642381665779427e+17,95.7773
74,4.603741612379428e+17,96.1428
75,4.565656321379428e+17,96.5084
76,4.527651398579428e+17,96.874
77,4.489784104979428e+17,97.2404
78,4.452462364979428e+17,97.6071
79,4.415160192179428e+17,97.9734
80,4.378185981779428e+17,98.3388
81,4.341368577779428e+17,98.7044
82,4.304910018758172e+17,99.0708
83,4.268633464649645e+17,99.4374
84,4.233745978649645e+17,99.806
85,4.199063961629645e+17,100.1711
86,4.164548303429645e+17,100.5368
87,4.130690296043572e+17,100.9028
88,4.097275874843572e+17,101.2692
89,4.064120961169595e+17,101.6356
90,4.031289553909107e+17,102.0024
91,3.998469723409107e+17,102.3695
92,3.965829670009107e+17,102.7351
93,3.933347818609107e+17,103.1016
94,3.901201449280077e+17,103.4672
95,3.869116158280077e+17,103.8338
96,3.837043349060077e+17,104.1989
97,3.805009648460077e+17,104.5646
98,3.773004725660077e+17,104.9301
99,3.741137432060077e+17,105.2966
100,3.709541828160077e+17,105.6622
101,3.678220088160077e+17,106.0279
102,3.646917915360077e+17,106.3945
103,3.615943704960077e+17,106.7608
104,3.585070975477636e+17,107.1266
105,3.554253571477636e+17,107.493
106,3.523524669877636e+17,107.8592
107,3.492799675477636e+17,108.2249
108,3.463709923179055e+17,108.5902
109,3.389569106651692e+17,108.9556
110,3.337637925251692e+17,109.3215
111,3.291706743851692e+17,109.6903
112,3.251775562451692e+17,110.0588
113,3.217844381051692e+17,110.4287
114,3.188777160231692e+17,110.7994
115,3.159868530831692e+17,111.1688
116,3.130981044831692e+17,111.5379
117,3.102465386631693e+17,111.9072
118,3.074534205231693e+17,112.2759
119,3.047119784031693e+17,112.6455
120,3.020423252631693e+17,113.0165
121,2.992188585559986e+17,113.3867
122,2.962090850412925e+17,113.7565
123,2.929147530012925e+17,114.1293
124,2.902204209612925e+17,114.4983
125,2.875564156212926e+17,114.8676
126,2.849082304812926e+17,115.2365
127,2.822997013812926e+17,115.6075
128,2.796963313212926e+17,115.9804
129,2.770958390412926e+17,116.3493
130,2.745091096812926e+17,116.7189
131,2.719769356812926e+17,117.0894
132,2.694467184012926e+17,117.4623
133,2.669492973612926e+17,117.8322
134,2.644675569612926e+17,118.2018
135,2.619946668012926e+17,118.5714
136,2.595221673612926e+17,118.9406
137,2.570601843112926e+17,119.3099
138,2.546319826092926e+17,119.68
139,2.522188498787505e+17,120.0506
140,2.498315689567505e+17,120.424
141,2.474793156788184e+17,120.7938
142,2.451397552888184e+17,121.1628
143,2.428488923488184e+17,121.5324
144,2.405601437488184e+17,121.9019
145,2.382804759864127e+17,122.2713
146,2.360289101664127e+17,122.6409
147,2.338357920264127e+17,123.0121
148,2.316846613973194e+17,123.3863
149,2.295432192773194e+17,123.7558
150,2.274488872373194e+17,124.1257
151,2.253664305173194e+17,124.4965
152,2.232967773773194e+17,124.8663
153,2.212327720373194e+17,125.2355
154,2.191845868973194e+17,125.6045
155,2.171760577973194e+17,125.9798
156,2.151726877373194e+17,126.3534
157,2.131721954573194e+17,126.7229
158,2.111854660973194e+17,127.0917
159,2.092245390295677e+17,127.4607
160,2.072923650295677e+17,127.8305
161,2.053621477495677e+17,128.201
162,2.034647267095677e+17,128.5704
163,2.015829863095677e+17,128.9411
164,1.997100961495677e+17,129.3134
165,1.978375967095677e+17,129.684
166,1.959708746275677e+17,130.051
167,1.941293618875677e+17,130.4165
168,1.922985107320484e+17,130.7823
169,1.905137502978616e+17,131.1474
170,1.887328286178616e+17,131.5136
171,1.870177313178616e+17,131.8798
172,1.853268683778616e+17,132.2455
173,1.836381197778616e+17,132.6107
174,1.819742472978616e+17,132.9762
175,1.803226814778616e+17,133.3414
176,1.786806984278616e+17,133.7072
177,1.770646478078616e+17,134.0729
178,1.754715296678616e+17,134.4384
179,1.739008643981965e+17,134.8041
180,1.723537471893499e+17,135.1707
181,1.708123050693499e+17,135.5364
182,1.692927446793499e+17,135.903
183,1.677885195393499e+17,136.2692
184,1.662941874993499e+17,136.6346
185,1.648117307793499e+17,137.0003
186,1.633420776393499e+17,137.3658
187,1.618780722993499e+17,137.7321
188,1.604298871593499e+17,138.099
189,1.590112799890394e+17,138.4652
190,1.567581836005036e+17,138.8306
191,1.553496545005036e+17,139.1971
192,1.539462844405036e+17,139.5629
193,1.525457921605036e+17,139.9283
194,1.511575904585036e+17,140.2939
195,1.497708610985036e+17,140.6591
196,1.484386870985036e+17,141.0258
197,1.471084698185036e+17,141.3922
198,1.458110487785036e+17,141.7579
199,1.445293083785036e+17,142.1233
200,1.43249902725535e+17,142.4889
1,2.491228663026292e+18,142.8165
2,1.43249902725535e+17,143.1436
3,2.517966182207691e+18,143.4695
4,4.865944942508449e+18,143.7954
5,7.248989629621021e+18,144.1217
6,4.874273350138865e+18,144.4472
7,2.526294589838108e+18,144.7734
8,4.901010869320264e+18,145.1003
9,7.359576273504202e+18,145.4259
10,4.976531586391629e+18,145.7522
11,2.601815306909473e+18,146.0776
12,4.94979406721023e+18,146.4024
13,7.324510346692385e+18,146.7294
14,9.707555033804962e+18,147.0553
15,7.3328387543228e+18,147.3819
16,4.984859994022046e+18,147.7079
17,7.457977106449916e+18,148.036
18,4.999411702265979e+18,148.3621
19,2.616367015153407e+18,148.6876
20,4.960835234177375e+18,149.0141
21,7.335551513659528e+18,149.3395
22,4.991083294635563e+18,149.6664
23,7.374127981748133e+18,149.9929
24,9.718596200772104e+18,150.3192
25,7.343879921289946e+18,150.6449
26,9.802445325473884e+18,150.9716
27,7.419400638361312e+18,151.2975
28,5.074932419337345e+18,151.6238
29,7.449648698819501e+18,151.9504
30,9.794116917843468e+18,152.2766
1,7.816301843669753e+18,152.6024
2,5.846227742669755e+18,152.9295
3,3.925815261013797e+18,153.2553
4,2.012592105696595e+18,153.5811
5,1.519150823970926e+18,153.9072
6,1.030659520786988e+18,154.2329
7,5.781393490262916e+17,154.5592
8,1.43249902725535e+17,154.8844
9,5.968312268245201e+17,155.2098
10,1.051941927937093e+18,155.5355
11,5.983606038381075e+17,155.8622
12,1.033250050138864e+18,156.1885
13,1.48577022189956e+18,156.5151
14,1.974261525083498e+18,156.8411
15,1.521741353322802e+18,157.1672
16,1.066630652210229e+18,157.4933
17,6.317412059094728e+17,157.8199
18,1.085322530008458e+18,158.1455
19,1.54043323112103e+18,158.4721
20,1.086851907022045e+18,158.7985
21,1.584089825449917e+18,159.1254
22,1.095598522265979e+18,159.4515
23,6.404878211534067e+17,159.778
24,1.071866726177374e+18,160.1045
25,1.524100802512657e+18,160.4312
26,1.094059608738211e+18,160.7575
27,1.549170309850784e+18,161.0832
28,1.97921150362523e+18,161.4094
29,1.526977427289947e+18,161.7362
30,2.015468730473885e+18,162.0628
31,1.560358029361312e+18,162.3899
32,1.128979124337344e+18,162.7154
33,1.582550911922149e+18,163.0427
34,2.037661613034722e+18,163.369
35,2.467702806809168e+18,163.6958
36,2.97325034533785e+18,164.0233
37,2.47980906361218e+18,164.3497
38,1.991317760428242e+18,164.6759
39,1.53620705931567e+18,165.0031
40,1.083686887554973e+18,165.33
41,6.487974412542166e+17,165.6571
42,1.102378765353202e+18,165.9833
43,1.557489466465774e+18,166.3097
44,1.103908142366789e+18,166.6364
45,1.538797588667546e+18,166.9629
46,2.027288891851483e+18,167.2897
47,1.572178190738911e+18,167.6199
48,1.137288744438154e+18,167.9482
49,1.590870068537139e+18,168.276
50,2.024698362499607e+18,168.6024
51,2.518139644225277e+18,168.9294
52,2.029648341041339e+18,169.2556
53,1.577414264706056e+18,169.5828
54,1.146035359682088e+18,169.9091
55,1.599607147266893e+18,170.2357
56,2.054717848379465e+18,170.5627
57,1.601146060794661e+18,170.8895
58,2.032524965818629e+18,171.2153
59,2.484759042153912e+18,171.5428
60,3.003204410673328e+18,171.87
1,2.566271452173327e+18,172.1962
2,2.137317310173327e+18,172.5227
3,1.712378870204469e+18,172.8496
4,1.310911877204469e+18,173.1756
5,9.119657480458408e+17,173.5008
6,5.173896078666804e+17,173.8263
7,4.358771978472655e+17,174.152
8,3.592838013185837e+17,174.4789
9,2.897528926248018e+17,174.8053
10,2.361091845122292e+17,175.1321
11,1.828212373355744e+17,175.4574
12,1.43249902725535e+17,175.7834
13,1.965378499021897e+17,176.1121
14,2.501815580147624e+17,176.438
15,1.968936108381075e+17,176.7634
16,2.364649454481469e+17,177.091
17,3.024191981320846e+17,177.4193
18,2.487754900195121e+17,177.7449
19,2.074730533837938e+17,178.0707
20,2.607610005604486e+17,178.396
21,3.020634371961668e+17,178.7237
22,3.557071453087394e+17,179.0575
23,3.144047086730212e+17,179.3865
24,2.611167614963664e+17,179.7171
25,3.333735990784558e+17,180.0487
26,2.692196925012241e+17,180.3823
27,2.155759843886516e+17,180.7128
28,2.523521460293564e+17,181.0476
29,3.056400932060111e+17,181.3772
30,2.688639315653064e+17,181.7089
31,3.22507639677879e+17,182.042
32,3.866615462551107e+17,182.3712
33,3.33017838142538e+17,182.7013
34,2.797298909658833e+17,183.0302
35,3.18306398713294e+17,183.362
36,3.715943458899487e+17,183.6914
37,4.252380540025213e+17,184.0232
38,3.719501068258666e+17,184.3546
39,3.059958541419289e+17,184.683
40,3.825892506706106e+17,185.0153
41,3.130583419768287e+17,185.344
42,2.594146338642561e+17,185.6738
43,2.198432992542166e+17,186.0037
44,2.731312464308714e+17,186.3383
45,3.127025810409108e+17,186.6679
46,3.663462891534835e+17,186.9977
47,3.267749545434441e+17,187.3267
48,2.734870073667892e+17,187.6576
49,3.377101580250481e+17,187.9878
50,2.840664499124755e+17,188.3173
51,3.253688865481937e+17,188.6472
52,3.786568337248485e+17,188.9774
53,3.373543970891302e+17,189.3111
54,3.909981052017029e+17,189.6404
55,4.323005418374211e+17,189.9681
56,3.790125946607663e+17,190.2974
57,4.485435033545482e+17,190.6248
58,3.948997952419757e+17,190.9522
59,3.28945542558038e+17,191.2794
60,2.921693809173332e+17,191.6064
61,3.45457328093988e+17,191.9341
62,3.822334897346927e+17,192.2645
63,4.481877424186304e+17,192.593
64,4.096112346712197e+17,192.919
65,3.563232874945649e+17,193.2467
66,4.099669956071375e+17,193.5746
67,3.458130890299058e+17,193.9031
68,3.991010362065606e+17,194.2306
69,4.632549427837924e+17,194.5592
70,5.018314505312032e+17,194.8863
71,5.803613771802255e+17,195.2146
72,5.037679806515439e+17,195.5429
73,4.342370719577619e+17,195.87
74,3.682828192738243e+17,196.1948
75,3.130208386141851e+17,196.5223
76,2.597328914375303e+17,196.8497
77,2.201615568274908e+17,197.177
78,2.734495040041457e+17,197.5045
79,3.287114846637848e+17,197.8321
80,2.754235374871299e+17,198.1599
81,3.149948720971693e+17,198.4874
82,3.80949124781107e+17,198.8149
83,3.256871441214679e+17,199.145
84,2.843847074857496e+17,199.4728
85,3.376726546624045e+17,199.8
86,3.789750912981228e+17,200.1274
87,4.485059999919046e+17,200.4557
88,3.82551747307967e+17,200.7831
89,3.292638001313122e+17,201.1108
90,2.924876384906074e+17,201.4384
91,3.457755856672623e+17,201.7657
92,4.010375663269014e+17,202.0934
93,3.477496191502465e+17,202.4208
94,3.845257807909513e+17,202.7496
95,4.378137279676061e+17,203.0767
96,5.144071244962879e+17,203.4062
97,4.448762158025059e+17,203.7337
98,3.896142351428668e+17,204.0618
99,3.36326287966212e+17,204.3894
100,2.967549533561725e+17,204.7168
101,3.500429005328273e+17,205.0457
102,4.053048811924665e+17,205.3744
103,3.520169340158116e+17,205.7021
104,3.915882686258511e+17,206.0299
105,4.575425213097887e+17,206.3589
106,4.022805406501496e+17,206.6867
107,3.609781040144314e+17,207.0141
108,4.142660511910862e+17,207.3431
109,4.555684878268045e+17,207.6716
110,5.108304684864436e+17,208.0036
111,4.695280318507254e+17,208.3315
112,3.929346353220436e+17,208.6618
113,3.396466881453888e+17,208.9906
114,4.119035257274782e+17,209.3206
115,3.566415450678391e+17,209.648
116,3.952180528152499e+17,209.9759
117,4.50480033474889e+17,210.3058
118,5.270734300035706e+17,210.6355
119,4.61119177319633e+17,210.9634
120,4.058571966599939e+17,211.2911
1,3.948890233496195e+17,211.6594
2,3.844875798336408e+17,212.0255
3,3.747210557022902e+17,212.3921
4,3.653460508020299e+17,212.7571
5,3.559878851220299e+17,213.1223
6,3.472151989599327e+17,213.4872
7,3.384570332799327e+17,213.8523
8,3.299693286619327e+17,214.2175
9,3.218111629819327e+17,214.5831
10,3.137935791019327e+17,214.9476
11,3.063231236059327e+17,215.313
12,2.984744663081436e+17,215.6786
13,2.912521371054012e+17,216.0451
14,2.844345532254012e+17,216.412
15,2.777056749229378e+17,216.7773
16,2.714417365843741e+17,217.1425
17,2.652241527043741e+17,217.5078
18,2.595269372339043e+17,217.8739
19,2.540932331913221e+17,218.2392
20,2.46157347974738e+17,218.6048
21,2.39309643356738e+17,218.9704
22,2.339615087898117e+17,219.3358
23,2.286464034268603e+17,219.7013
24,2.233883061929756e+17,220.0677
25,2.183707223129756e+17,220.4337
26,2.133538402597866e+17,220.8006
27,2.083594804172349e+17,221.1679
28,2.014013147372349e+17,221.5332
29,1.926229659378373e+17,221.9031
30,1.867211775397866e+17,222.2709
31,1.817593912597866e+17,222.6366
32,1.773976049797866e+17,223.0041
33,1.731591921783436e+17,223.3723
34,1.692779585126389e+17,223.7379
35,1.654603746326389e+17,224.1067
36,1.618926700146389e+17,224.4745
37,1.584348666341807e+17,224.8427
38,1.552172827541807e+17,225.2077
39,1.521898477922107e+17,225.5745
40,1.494496568522107e+17,225.9403
41,1.468320729722107e+17,226.3076
42,1.443766333853189e+17,226.6754
43,1.419807438811367e+17,227.0415
44,1.398405529411367e+17,227.4069
45,1.378229690611367e+17,227.7751
46,1.358611827811367e+17,228.1413
47,1.339334781631367e+17,228.5085
48,1.323932872231367e+17,228.8764
49,1.309232880824398e+17,229.2424
50,1.295057042024398e+17,229.6099
51,1.281439179224398e+17,229.9754
52,1.268710277624398e+17,230.3427
53,1.255985283224398e+17,230.7072
54,1.204403626424398e+17,231.075
55,1.191955023224398e+17,231.4422
56,1.179539895824398e+17,231.8101
57,1.167293456624398e+17,232.1753
58,1.155484239824398e+17,232.5423
59,1.144122019797056e+17,232.9079
60,1.132818800109401e+17,233.2751
61,1.119954554709401e+17,233.6423
62,1.106285741981906e+17,234.0076
63,1.095134768981906e+17,234.3765
64,1.084226139581906e+17,234.7433
65,1.073338653581906e+17,235.1084
66,1.062699928781906e+17,235.4753
67,1.052184270581906e+17,235.8426
68,1.041989557181906e+17,236.2083
69,1.031829050981906e+17,236.5759
70,1.021897869581906e+17,236.9448
71,1.012041067181906e+17,237.3108
72,1.002380268418472e+17,237.6783
73,9.92965847218472e+16,238.0433
74,9.83563937818472e+16,238.4094
75,9.74521686418472e+16,238.7757
76,9.65578366018472e+16,239.1403
77,9.56753798818472e+16,239.5058
78,9.48113745418472e+16,239.8711
79,9.39631894018472e+16,240.2365
80,9.31364673198472e+16,240.6015
81,9.23144842698472e+16,240.9667
82,9.14962522098472e+16,241.3314
83,9.06786683298472e+16,241.6968
84,8.98701392298472e+16,242.0625
85,8.90667691698472e+16,242.427
86,8.82753205698472e+16,242.7917
87,8.74885912098472e+16,243.1576
88,8.67268049298472e+16,243.5227
89,8.59946309298472e+16,243.8882
90,8.52644136498472e+16,244.2532
91,8.45648532598472e+16,244.6183
92,8.38674322198472e+16,244.9837
93,8.31810076798472e+16,245.3493
94,8.24992672798472e+16,245.7148
95,8.18263771198472e+16,246.0807
96,8.11538776798472e+16,246.4467
97,7.65957119998472e+16,246.8123
98,7.593258190193299e+16,247.178
99,7.528772158193299e+16,247.5436
100,7.464620884193299e+16,247.9087
101,7.402156492193299e+16,248.2735
102,7.340411578193299e+16,248.6381
103,7.282319410193299e+16,249.003
104,7.230809680193299e+16,249.3691
105,7.181723386193299e+16,249.7346
106,7.132848526193299e+16,250.0998
107,7.084676923945142e+16,250.4643
108,7.038116071945142e+16,250.8302
109,6.958066843945142e+16,251.1957
110,6.911679595945142e+16,251.5613
111,6.865711069945144e+16,251.928
112,6.820554487945144e+16,252.2942
113,6.778272831145144e+16,252.659
114,6.736325697145144e+16,253.0245
115,6.694644040345144e+16,253.3891
116,6.653038978345144e+16,253.7545
117,6.613609176789872e+16,254.1199
118,6.574297362789872e+16,254.4857
119,6.535729338789872e+16,254.8513
120,6.49827611936625e+16,255.2168
121,6.340752617683714e+16,255.5812
122,6.104238203683714e+16,255.9467
123,5.927723789683714e+16,256.3123
124,5.811209375683714e+16,256.6778
125,5.707978765963714e+16,257.0434
126,5.641108156243714e+16,257.4075
127,5.584593742243715e+16,257.7732
128,5.548991698440766e+16,258.1393
129,5.513648873509898e+16,258.5044
130,5.479504661509898e+16,258.8697
131,5.445485567509898e+16,259.2355
132,5.414777387509898e+16,259.6011
133,5.384217526249167e+16,259.9666
134,5.353706916529167e+16,260.332
135,5.323284402529167e+16,260.6966
136,5.293848521381621e+16,261.0622
137,5.265577202158858e+16,261.4275
138,5.237876289950144e+16,261.7931
139,5.211367787987768e+16,262.1577
140,5.186325542344699e+16,262.523
141,5.163945170010379e+16,262.888
142,5.141620747274058e+16,263.2535
143,5.12007059347849e+16,263.619
144,5.09895547536979e+16,263.9841
145,5.078753253906709e+16,264.3501
146,4.709575921303098e+16,264.7153
147,4.689449110766267e+16,265.081
148,4.669706988275766e+16,265.4457
149,4.651936440909413e+16,265.8112
150,4.636371910386413e+16,266.1758
151,4.62094800138553e+16,266.5405
152,4.606286509476e+16,266.906
153,4.593124552556443e+16,267.2716
154,4.580680892130259e+16,267.6367
155,4.568537081047579e+16,268.0026
156,4.556931853327579e+16,268.3682
157,4.532969981940261e+16,268.7331
158,4.511447935020261e+16,269.0998
159,4.494605888100261e+16,269.465
160,4.482443841180261e+16,269.8302
161,4.470856585228192e+16,270.1949
162,4.459911595232979e+16,270.5602
163,4.450000875207104e+16,270.9247
164,4.44028162924191e+16,271.2896
165,4.431498823009163e+16,271.6548
166,4.422775711540965e+16,272.0203
167,4.113682255009163e+16,272.3848
168,4.104959143540965e+16,272.7498
169,3.855865687009163e+16,273.1156
170,3.847142575540965e+16,273.4806
171,3.658049119009165e+16,273.8455
172,3.649326007540966e+16,274.2106
173,3.520232551009165e+16,274.5759
174,3.511509439540966e+16,274.9419
175,3.442415983009165e+16,275.3091
176,3.433692871540966e+16,275.6748
177,3.425227160740966e+16,276.0401
178,3.416829331033738e+16,276.4058
179,3.408510119161879e+16,276.7713
180,3.400644408361879e+16,277.1357
181,3.392839874881879e+16,277.5031
182,3.346634005561879e+16,277.8689
183,3.328837546099944e+16,278.2346
184,3.321571835299944e+16,278.6012
185,3.314367301819944e+16,278.9665
186,3.268761432499944e+16,279.3333
187,3.250981728499944e+16,279.7001
188,3.243865871934186e+16,280.0649
189,3.237200161134186e+16,280.4303
190,3.230595627654186e+16,280.7949
191,3.185589758334186e+16,281.1594
192,3.167810054334186e+16,281.5253
193,3.16123363847635e+16,281.8917
194,3.15516792767635e+16,282.2569
195,3.14916339419635e+16,282.6218
196,3.10475752487635e+16,282.9871
197,3.08697782087635e+16,283.3517
198,3.081119369628322e+16,283.7171
199,3.075653658828322e+16,284.0818
200,3.070249125348322e+16,284.4462
1,2.413993875544409e+18,284.7715
2,3.070249125348322e+16,285.0979
3,2.434505512277388e+18,285.4236
4,4.817796896568311e+18,285.7491
5,7.329509861124665e+18,286.0744
6,4.925706840100761e+18,286.4001
7,2.557592620988635e+18,286.7263
8,4.961395642012538e+18,287.0517
9,7.514191858929858e+18,287.3769
10,4.987301729194705e+18,287.7048
11,2.583498708170802e+18,288.0322
12,4.966790092461727e+18,288.3599
13,7.37059311348563e+18,288.6855
14,9.882306078041983e+18,289.0119
15,7.478503057018079e+18,289.3374
16,5.110388837905953e+18,289.6639
17,7.740286861345367e+18,289.9894
18,5.187490644428049e+18,290.3147
19,2.660600514692899e+18,290.6403
20,5.043891898983823e+18,290.9667
21,7.447694920007728e+18,291.2934
22,5.064403535716803e+18,291.6196
23,7.591293665451953e+18,291.9465
24,9.959407884564081e+18,292.2719
25,7.555604863540177e+18,292.5983
26,1.010840108045749e+19,292.9251
27,7.596688115901142e+18,293.2509
28,5.213396731610216e+18,293.5768
29,7.617199752634119e+18,293.9023
30,1.000049113692505e+19,294.2288
1,7.941625219925048e+18,294.5539
2,5.997073999813885e+18,294.8801
3,4.057140013813883e+18,295.206
4,2.13078471786059e+18,295.5322
5,1.522539721054433e+18,295.8579
6,9.515076146150179e+17,296.1833
7,4.87638579591114e+17,296.5085
8,3.070249125348322e+16,296.8345
9,4.945715262773872e+17,297.1606
10,1.030027300148635e+18,297.4885
11,5.661582651247311e+17,297.8188
12,1.007918962627812e+18,298.148
13,1.471787997651716e+18,298.4761
14,2.042820104091132e+18,298.8057
15,1.578951069067227e+18,299.1355
16,1.058670686030529e+18,299.4655
17,6.017345976928983e+17,299.7951
18,1.065603632716802e+18,300.1265
19,1.60105940658805e+18,300.4542
20,1.137190371564146e+18,300.7838
21,1.716023468199867e+18,301.1142
22,1.144991361760452e+18,301.4436
23,6.095355878892041e+17,301.7727
24,1.066471676226834e+18,302.1061
25,1.530340711250739e+18,302.4336
26,1.073404622913108e+18,302.7634
27,1.608860396784356e+18,303.0945
28,2.050621094287438e+18,303.4274
29,1.586752059263533e+18,303.7571
30,2.157784165702949e+18,304.0892
31,1.63750378266625e+18,304.417
32,1.180567694328619e+18,304.7476
33,1.644436729352523e+18,305.0787
34,2.101372817690154e+18,305.4082
35,2.621653200726853e+18,305.7377
36,2.179892503223772e+18,306.0674
37,2.76748813388754e+18,306.4019
38,2.188655037251818e+18,306.7306
39,1.617622930812403e+18,307.0591
40,1.082167156941155e+18,307.3878
41,6.182981219172511e+17,307.7185
42,1.075234210254882e+18,308.048
43,1.539103245278786e+18,308.3776
44,2.059383628315485e+18,308.7083
45,1.59551459329158e+18,309.0383
46,1.153753895788499e+18,309.3732
47,1.724786002227914e+18,309.7065
48,1.189330228356666e+18,310.0348
49,1.646266316694297e+18,310.365
50,2.110135351718202e+18,310.6934
51,1.65319926338057e+18,311.023
52,2.232032360016292e+18,311.3509
53,1.661000253576876e+18,311.6801
54,1.197131218552972e+18,312.0101
55,1.654067306890602e+18,312.3428
56,2.117936341914507e+18,312.6737
57,2.638216724951206e+18,313.0022
58,2.174347689927302e+18,313.3317
59,1.73258699242422e+18,313.6634
60,2.196456027448125e+18,313.9939
1,1.725074533948124e+18,314.3242
2,1.248712605448123e+18,314.6536
3,8.098188507515514e+17,314.9846
4,4.023518577515513e+17,315.311
5,2.949002546158304e+17,315.6395
6,1.836665524520628e+17,315.9648
7,8.710453327738723e+16,316.2902
8,3.070249125348322e+16,316.6157
9,8.678795349058666e+16,316.9416
10,1.431899955144907e+17,317.2674
11,2.245767037800338e+17,317.5935
12,1.681746617561297e+17,317.9187
13,1.272645104281588e+17,318.2455
14,2.163367418454771e+17,318.5709
15,1.197747226708016e+17,318.8962
16,1.75860184907905e+17,319.2223
17,2.32262226931809e+17,319.5481
18,1.761767646947056e+17,319.8731
19,2.727387838693811e+17,320.1989
20,3.136489351973521e+17,320.5246
21,2.572468931734481e+17,320.8501
22,3.61346041112863e+17,321.1762
23,2.722738096955446e+17,321.501
24,1.908871014300016e+17,321.8267
25,1.348016391928982e+17,322.1521
26,1.912036812168022e+17,322.4778
27,2.472891434539057e+17,322.8032
28,3.286758517194487e+17,323.1287
29,2.877657003914777e+17,323.4543
30,2.313636583675738e+17,323.7812
31,3.20435889784892e+17,324.1075
32,2.238738706102165e+17,324.4328
33,2.799593328473199e+17,324.7585
34,3.363613748712241e+17,325.0853
35,2.802759126341206e+17,325.4107
36,3.768379318087961e+17,325.7367
37,4.177480831367671e+17,326.063
38,5.289817853005348e+17,326.3882
39,4.248826373611198e+17,326.7135
40,3.358104059438014e+17,327.0389
41,2.544236976782584e+17,327.3656
42,1.980216556543544e+17,327.691
43,1.419361934172509e+17,328.0186
44,1.98338235441155e+17,328.3439
45,2.874104668584733e+17,328.6694
46,2.310084248345693e+17,328.997
47,2.870938870716727e+17,329.3225
48,3.434959290955768e+17,329.6493
49,4.475950770349917e+17,329.9758
50,3.585228456176735e+17,330.3027
51,3.021208035937695e+17,330.6281
52,2.46035341356666e+17,330.9541
53,3.0243738338057e+17,331.2792
54,3.915096147978883e+17,331.6053
55,3.351075727739844e+17,331.9313
56,3.911930350110878e+17,332.257
57,4.725797432766308e+17,332.5827
58,3.684805953372158e+17,332.9097
59,2.794083639198974e+17,333.2359
60,2.384982125919265e+17,333.5624
61,3.275704440092449e+17,333.889
62,3.839724860331488e+17,334.2153
63,4.880716339725639e+17,334.5424
64,3.989994025552455e+17,334.8685
65,3.425973605313416e+17,335.1956
66,3.835075118593125e+17,335.5215
67,4.399095538832165e+17,335.8476
68,5.473611570189373e+17,336.1749
69,4.432620090795223e+17,336.5015
70,3.608288341870956e+17,336.8274
71,2.794421259215526e+17,337.1533
72,2.230400838976485e+17,337.4797
73,1.669546216605451e+17,337.8066
74,2.233566636844492e+17,338.133
75,3.057898385768758e+17,338.4593
76,2.493877965529718e+17,338.7853
77,3.054732587900753e+17,339.1114
78,3.618753008139793e+17,339.4375
79,4.509475322312975e+17,339.7633
80,3.685143573388708e+17,340.0904
81,3.121123153149668e+17,340.4174
82,2.560268530778634e+17,340.7438
83,3.124288951017675e+17,341.0706
84,3.948620699941941e+17,341.397
85,3.384600279702902e+17,341.724
86,3.945454902073936e+17,342.0504
87,4.759321984729366e+17,342.3773
88,3.868599670556183e+17,342.7029
89,3.044267921631916e+17,343.0285
90,2.635166408352205e+17,343.3554
91,3.199186828591246e+17,343.6835
