1,1.121496271182168e+17,0.054447
2,6.773918084384461e+16,0.080459
3,4.686685103539738e+16,0.10657
4,3.403513767224646e+16,0.13234
5,2.158075523386603e+16,0.15854
6,1.05895603648071e+16,0.18471
7,2300461729366620,0.21082
8,572354000506183.1,0.23655
9,546831773385568.8,0.26244
10,345402775378566.6,0.28862
11,334187650245816.6,0.31435
12,334187650245816.6,0.3401
13,334187650245816.6,0.36638
14,334187650245816.6,0.39377
15,334187650245816.6,0.42297
16,334187650245816.6,0.45142
17,334187650245816.6,0.47906
18,334187650245816.6,0.50573
19,334187650245816.6,0.53246
20,334187650245816.6,0.55957
21,334187650245816.6,0.58558
22,334187650245816.6,0.61176
23,334187650245816.6,0.6387
24,334187650245816.6,0.66469
25,334187650245816.6,0.69073
26,334187650245816.6,0.71794
27,334187650245816.6,0.74413
28,334187650245816.6,0.77019
29,334187650245816.6,0.79719
30,334187650245816.6,0.82345
31,334187650245816.6,0.84947
32,334187650245816.6,0.87655
33,334187650245816.6,0.9026
34,334187650245816.6,0.9286
35,334187650245816.6,0.95605
36,334187650245816.6,0.98197
37,334187650245816.6,1.008
38,334187650245816.6,1.0349
39,334187650245816.6,1.0611
40,334187650245816.6,1.0873
41,334187650245816.6,1.1143
42,334187650245816.6,1.1402
43,334187650245816.6,1.1662
44,334187650245816.6,1.1932
45,334187650245816.6,1.2191
46,334187650245816.6,1.2453
47,334187650245816.6,1.2722
48,334187650245816.6,1.2982
49,334187650245816.6,1.3242
50,334187650245816.6,1.3512
51,334187650245816.6,1.377
52,334187650245816.6,1.4031
53,334187650245816.6,1.4302
54,334187650245816.6,1.4561
55,334187650245816.6,1.4822
56,334187650245816.6,1.5091
57,334187650245816.6,1.5354
58,334187650245816.6,1.5614
59,334187650245816.6,1.5884
60,334187650245816.6,1.6144
61,334187650245816.6,1.6404
62,334187650245816.6,1.6673
63,334187650245816.6,1.6936
64,334187650245816.6,1.7203
65,334187650245816.6,1.7473
66,334187650245816.6,1.7735
67,334187650245816.6,1.8
68,334187650245816.6,1.827
69,334187650245816.6,1.8529
70,334187650245816.6,1.879
71,334187650245816.6,1.9059
72,334187650245816.6,1.9319
73,334187650245816.6,1.9579
74,334187650245816.6,1.9849
75,334187650245816.6,2.0108
76,334187650245816.6,2.0368
77,334187650245816.6,2.0638
78,334187650245816.6,2.0897
79,334187650245816.6,2.1157
80,334187650245816.6,2.1429
81,334187650245816.6,2.1688
82,334187650245816.6,2.1948
83,334187650245816.6,2.2218
84,334187650245816.6,2.2477
85,334187650245816.6,2.2737
86,334187650245816.6,2.3012
87,334187650245816.6,2.3271
88,334187650245816.6,2.3531
89,334187650245816.6,2.3804
90,334187650245816.6,2.4064
91,334187650245816.6,2.4325
92,334187650245816.6,2.4594
93,334187650245816.6,2.4853
94,334187650245816.6,2.5115
95,334187650245816.6,2.5385
96,334187650245816.6,2.5649
97,334187650245816.6,2.5909
98,334187650245816.6,2.6182
99,334187650245816.6,2.6441
100,334187650245816.6,2.6707
101,334187650245816.6,2.6979
102,334187650245816.6,2.724
103,334187650245816.6,2.7501
104,334187650245816.6,2.7771
105,334187650245816.6,2.8032
106,334187650245816.6,2.8292
107,334187650245816.6,2.8575
108,334187650245816.6,2.8843
109,334187650245816.6,2.911
110,334187650245816.6,2.9388
111,334187650245816.6,2.9653
112,334187650245816.6,2.992
113,334187650245816.6,3.0203
114,334187650245816.6,3.0469
115,334187650245816.6,3.0729
116,334187650245816.6,3.1006
117,334187650245816.6,3.1272
118,334187650245816.6,3.154
119,334187650245816.6,3.1817
120,334187650245816.6,3.2083
121,334187650245816.6,3.235
122,334187650245816.6,3.2627
123,334187650245816.6,3.2893
124,334187650245816.6,3.316
125,334187650245816.6,3.3437
126,334187650245816.6,3.3706
127,334187650245816.6,3.3972
128,334187650245816.6,3.4267
129,334187650245816.6,3.4533
130,334187650245816.6,3.4794
131,334187650245816.6,3.5071
132,334187650245816.6,3.5337
133,334187650245816.6,3.5604
134,334187650245816.6,3.5881
135,334187650245816.6,3.6147
136,334187650245816.6,3.6413
137,334187650245816.6,3.669
138,334187650245816.6,3.6955
139,334187650245816.6,3.7217
140,334187650245816.6,3.7495
141,334187650245816.6,3.776
142,334187650245816.6,3.8027
143,334187650245816.6,3.8304
144,334187650245816.6,3.857
145,334187650245816.6,3.8837
146,334187650245816.6,3.9114
147,334187650245816.6,3.938
148,334187650245816.6,3.9647
149,334187650245816.6,3.9926
150,334187650245816.6,4.0192
151,334187650245816.6,4.0459
152,334187650245816.6,4.0736
153,334187650245816.6,4.1003
154,334187650245816.6,4.1269
155,334187650245816.6,4.1545
156,334187650245816.6,4.1804
157,334187650245816.6,4.2064
158,334187650245816.6,4.2341
159,334187650245816.6,4.2606
160,334187650245816.6,4.2874
161,334187650245816.6,4.315
162,334187650245816.6,4.3421
163,334187650245816.6,4.3693
164,334187650245816.6,4.3972
165,334187650245816.6,4.4239
166,334187650245816.6,4.4506
167,334187650245816.6,4.4782
168,334187650245816.6,4.5053
169,334187650245816.6,4.532
170,334187650245816.6,4.5601
171,334187650245816.6,4.5867
172,334187650245816.6,4.6134
173,334187650245816.6,4.6412
174,334187650245816.6,4.6677
175,334187650245816.6,4.6944
176,334187650245816.6,4.722
177,334187650245816.6,4.7484
178,334187650245816.6,4.7744
179,334187650245816.6,4.8021
180,334187650245816.6,4.8287
181,334187650245816.6,4.8554
182,334187650245816.6,4.8834
183,334187650245816.6,4.91
184,334187650245816.6,4.9367
185,334187650245816.6,4.9644
186,334187650245816.6,4.991
187,334187650245816.6,5.0182
188,334187650245816.6,5.046
189,334187650245816.6,5.0726
190,334187650245816.6,5.0998
191,334187650245816.6,5.1275
192,334187650245816.6,5.1539
193,334187650245816.6,5.18
194,334187650245816.6,5.2077
195,334187650245816.6,5.2348
196,334187650245816.6,5.2609
197,334187650245816.6,5.2891
198,334187650245816.6,5.3157
199,334187650245816.6,5.3424
200,334187650245816.6,5.3702
201,334187650245816.6,5.3968
202,334187650245816.6,5.4236
203,334187650245816.6,5.4516
204,334187650245816.6,5.4782
205,334187650245816.6,5.5049
206,334187650245816.6,5.5326
207,334187650245816.6,5.5592
208,334187650245816.6,5.5859
209,334187650245816.6,5.6137
210,334187650245816.6,5.6403
211,334187650245816.6,5.667
212,334187650245816.6,5.6947
213,334187650245816.6,5.7208
214,334187650245816.6,5.7468
215,334187650245816.6,5.7744
216,334187650245816.6,5.8011
217,334187650245816.6,5.8278
218,334187650245816.6,5.8555
219,334187650245816.6,5.8821
220,334187650245816.6,5.9091
221,334187650245816.6,5.9367
222,334187650245816.6,5.9633
223,334187650245816.6,5.9905
224,334187650245816.6,6.0182
225,334187650245816.6,6.0448
226,334187650245816.6,6.0715
227,334187650245816.6,6.0992
228,334187650245816.6,6.1263
229,334187650245816.6,6.1529
230,334187650245816.6,6.1806
231,334187650245816.6,6.2073
232,334187650245816.6,6.2339
233,334187650245816.6,6.2617
234,334187650245816.6,6.2883
235,334187650245816.6,6.315
236,334187650245816.6,6.3427
237,334187650245816.6,6.3692
238,334187650245816.6,6.3959
239,334187650245816.6,6.4258
240,334187650245816.6,6.4526
241,334187650245816.6,6.4786
242,334187650245816.6,6.5063
243,334187650245816.6,6.5329
244,334187650245816.6,6.5596
245,334187650245816.6,6.5873
246,334187650245816.6,6.6139
247,334187650245816.6,6.6406
248,334187650245816.6,6.6683
249,334187650245816.6,6.6949
250,334187650245816.6,6.7221
251,334187650245816.6,6.7501
252,334187650245816.6,6.7767
253,334187650245816.6,6.8034
254,334187650245816.6,6.831
255,334187650245816.6,6.8581
256,334187650245816.6,6.8848
257,334187650245816.6,6.913
258,334187650245816.6,6.9396
259,334187650245816.6,6.9663
260,334187650245816.6,6.994
261,334187650245816.6,7.0206
262,334187650245816.6,7.0473
263,334187650245816.6,7.075
264,334187650245816.6,7.1016
265,334187650245816.6,7.1283
266,334187650245816.6,7.1559
267,334187650245816.6,7.1825
268,334187650245816.6,7.2097
269,334187650245816.6,7.2374
270,334187650245816.6,7.264
271,334187650245816.6,7.2907
272,334187650245816.6,7.3184
273,334187650245816.6,7.3455
274,334187650245816.6,7.3722
275,334187650245816.6,7.4004
276,334187650245816.6,7.4271
277,334187650245816.6,7.4537
278,334187650245816.6,7.4815
279,334187650245816.6,7.5081
280,334187650245816.6,7.5348
281,334187650245816.6,7.5624
282,334187650245816.6,7.589
283,334187650245816.6,7.6157
284,334187650245816.6,7.6435
285,334187650245816.6,7.67
286,334187650245816.6,7.6968
287,334187650245816.6,7.7246
288,334187650245816.6,7.7512
289,334187650245816.6,7.7778
290,334187650245816.6,7.8055
291,334187650245816.6,7.8321
292,334187650245816.6,7.8585
293,334187650245816.6,7.8859
294,334187650245816.6,7.9125
295,334187650245816.6,7.9392
296,334187650245816.6,7.9669
297,334187650245816.6,7.9936
298,334187650245816.6,8.0203
299,334187650245816.6,8.0478
300,334187650245816.6,8.0744
301,334187650245816.6,8.1011
302,334187650245816.6,8.1287
303,334187650245816.6,8.1553
304,334187650245816.6,8.182
305,334187650245816.6,8.2097
306,334187650245816.6,8.2363
307,334187650245816.6,8.263
308,334187650245816.6,8.2905
309,334187650245816.6,8.3171
310,334187650245816.6,8.3438
311,334187650245816.6,8.3716
312,334187650245816.6,8.3981
313,334187650245816.6,8.4243
314,334187650245816.6,8.4514
315,334187650245816.6,8.4774
316,334187650245816.6,8.504
317,334187650245816.6,8.5316
318,334187650245816.6,8.5575
319,334187650245816.6,8.5836
320,334187650245816.6,8.6109
321,334187650245816.6,8.6373
322,334187650245816.6,8.6634
323,334187650245816.6,8.6909
324,334187650245816.6,8.717
325,334187650245816.6,8.743
326,334187650245816.6,8.7707
327,334187650245816.6,8.7973
328,334187650245816.6,8.8234
329,334187650245816.6,8.8511
330,334187650245816.6,8.877
331,334187650245816.6,8.9033
332,334187650245816.6,8.9307
333,334187650245816.6,8.9566
334,334187650245816.6,8.9826
335,334187650245816.6,9.01
336,334187650245816.6,9.0358
337,334187650245816.6,9.0619
338,334187650245816.6,9.0894
339,334187650245816.6,9.1156
340,334187650245816.6,9.1416
341,334187650245816.6,9.1687
342,334187650245816.6,9.1946
343,334187650245816.6,9.2208
344,334187650245816.6,9.2482
345,334187650245816.6,9.2741
346,334187650245816.6,9.3001
347,334187650245816.6,9.3273
348,334187650245816.6,9.3531
349,334187650245816.6,9.3791
350,334187650245816.6,9.407
351,334187650245816.6,9.4357
352,334187650245816.6,9.4621
353,334187650245816.6,9.4896
354,334187650245816.6,9.5158
355,334187650245816.6,9.5418
356,334187650245816.6,9.5691
357,334187650245816.6,9.595
358,334187650245816.6,9.6211
359,334187650245816.6,9.6488
360,334187650245816.6,9.6747
361,334187650245816.6,9.7008
362,334187650245816.6,9.7284
363,334187650245816.6,9.7549
364,334187650245816.6,9.7809
365,334187650245816.6,9.8086
366,334187650245816.6,9.8352
367,334187650245816.6,9.8619
368,334187650245816.6,9.8896
369,334187650245816.6,9.9162
370,334187650245816.6,9.9429
371,334187650245816.6,9.9704
372,334187650245816.6,9.997
373,334187650245816.6,10.0233
374,334187650245816.6,10.0509
375,334187650245816.6,10.0776
376,334187650245816.6,10.1047
377,334187650245816.6,10.1324
378,334187650245816.6,10.1592
379,334187650245816.6,10.1859
380,334187650245816.6,10.2136
381,334187650245816.6,10.2407
382,334187650245816.6,10.2674
383,334187650245816.6,10.2954
384,334187650245816.6,10.322
385,334187650245816.6,10.3487
386,334187650245816.6,10.3764
387,334187650245816.6,10.4029
388,334187650245816.6,10.4303
389,334187650245816.6,10.458
390,334187650245816.6,10.4845
391,334187650245816.6,10.5113
392,334187650245816.6,10.5391
393,334187650245816.6,10.5658
394,334187650245816.6,10.5932
395,334187650245816.6,10.6214
396,334187650245816.6,10.648
397,334187650245816.6,10.6752
398,334187650245816.6,10.703
399,334187650245816.6,10.7289
400,334187650245816.6,10.7549
401,334187650245816.6,10.7826
402,334187650245816.6,10.8092
403,334187650245816.6,10.836
404,334187650245816.6,10.8637
405,334187650245816.6,10.8899
406,334187650245816.6,10.916
407,334187650245816.6,10.9436
408,334187650245816.6,10.9702
409,334187650245816.6,10.9974
410,334187650245816.6,11.0251
411,334187650245816.6,11.0517
412,334187650245816.6,11.0784
413,334187650245816.6,11.1062
414,334187650245816.6,11.1327
415,334187650245816.6,11.1596
416,334187650245816.6,11.1873
417,334187650245816.6,11.2138
418,334187650245816.6,11.2398
419,334187650245816.6,11.2674
420,334187650245816.6,11.2945
421,334187650245816.6,11.3212
422,334187650245816.6,11.3494
423,334187650245816.6,11.376
424,334187650245816.6,11.4032
425,334187650245816.6,11.431
426,334187650245816.6,11.4576
427,334187650245816.6,11.4843
428,334187650245816.6,11.512
429,334187650245816.6,11.5386
430,334187650245816.6,11.5653
431,334187650245816.6,11.5931
432,334187650245816.6,11.6197
433,334187650245816.6,11.6464
434,334187650245816.6,11.674
435,334187650245816.6,11.7006
436,334187650245816.6,11.7268
437,334187650245816.6,11.754
438,334187650245816.6,11.7799
439,334187650245816.6,11.8059
440,334187650245816.6,11.8336
441,334187650245816.6,11.8595
442,334187650245816.6,11.8855
443,334187650245816.6,11.9132
444,334187650245816.6,11.9391
445,334187650245816.6,11.9652
446,334187650245816.6,11.9929
447,334187650245816.6,12.0191
448,334187650245816.6,12.0456
449,334187650245816.6,12.0734
450,334187650245816.6,12.1
451,334187650245816.6,12.1272
452,334187650245816.6,12.1547
453,334187650245816.6,12.1806
454,334187650245816.6,12.2066
455,334187650245816.6,12.2337
456,334187650245816.6,12.2597
457,334187650245816.6,12.2857
458,334187650245816.6,12.313
459,334187650245816.6,12.3389
460,334187650245816.6,12.3649
461,334187650245816.6,12.392
462,334187650245816.6,12.4192
463,334187650245816.6,12.4471
464,334187650245816.6,12.4741
465,334187650245816.6,12.5
466,334187650245816.6,12.5261
467,334187650245816.6,12.5531
468,334187650245816.6,12.579
469,334187650245816.6,12.605
470,334187650245816.6,12.6319
471,334187650245816.6,12.6578
472,334187650245816.6,12.6838
473,334187650245816.6,12.7109
474,334187650245816.6,12.7368
475,334187650245816.6,12.7629
476,334187650245816.6,12.7897
477,334187650245816.6,12.8157
478,334187650245816.6,12.8417
479,334187650245816.6,12.8687
480,334187650245816.6,12.8947
481,334187650245816.6,12.9207
482,334187650245816.6,12.9476
483,334187650245816.6,12.9735
484,334187650245816.6,12.9995
485,334187650245816.6,13.0265
486,334187650245816.6,13.0524
487,334187650245816.6,13.0784
488,334187650245816.6,13.1054
489,334187650245816.6,13.1313
490,334187650245816.6,13.1573
491,334187650245816.6,13.1843
492,334187650245816.6,13.2102
493,334187650245816.6,13.2362
494,334187650245816.6,13.2632
495,334187650245816.6,13.2891
496,334187650245816.6,13.3151
497,334187650245816.6,13.3421
498,334187650245816.6,13.368
499,334187650245816.6,13.3941
500,334187650245816.6,13.4211
501,334187650245816.6,13.4471
502,334187650245816.6,13.4731
503,334187650245816.6,13.5001
504,334187650245816.6,13.526
505,334187650245816.6,13.552
506,334187650245816.6,13.5795
507,334187650245816.6,13.6053
508,334187650245816.6,13.6318
509,334187650245816.6,13.6588
510,334187650245816.6,13.685
511,334187650245816.6,13.7112
512,334187650245816.6,13.7382
513,334187650245816.6,13.7646
514,334187650245816.6,13.7906
515,334187650245816.6,13.8176
516,334187650245816.6,13.8435
517,334187650245816.6,13.8696
518,334187650245816.6,13.8987
519,334187650245816.6,13.9252
520,334187650245816.6,13.952
521,334187650245816.6,13.9789
522,334187650245816.6,14.0048
523,334187650245816.6,14.0314
524,334187650245816.6,14.0583
525,334187650245816.6,14.0843
526,334187650245816.6,14.1103
527,334187650245816.6,14.1373
528,334187650245816.6,14.1637
529,334187650245816.6,14.1897
530,334187650245816.6,14.2167
531,334187650245816.6,14.2426
532,334187650245816.6,14.2687
533,334187650245816.6,14.2956
534,334187650245816.6,14.3215
535,334187650245816.6,14.3475
536,334187650245816.6,14.3745
537,334187650245816.6,14.4004
538,334187650245816.6,14.4265
539,334187650245816.6,14.4535
540,334187650245816.6,14.4794
541,334187650245816.6,14.506
542,334187650245816.6,14.5329
543,334187650245816.6,14.5588
544,334187650245816.6,14.5848
545,334187650245816.6,14.6117
546,334187650245816.6,14.6381
547,334187650245816.6,14.6641
548,334187650245816.6,14.691
549,334187650245816.6,14.7169
550,334187650245816.6,14.743
551,334187650245816.6,14.77
552,334187650245816.6,14.7959
553,334187650245816.6,14.822
554,334187650245816.6,14.849
555,334187650245816.6,14.8749
556,334187650245816.6,14.901
557,334187650245816.6,14.9275
558,334187650245816.6,14.9535
559,334187650245816.6,14.9795
560,334187650245816.6,15.0064
561,334187650245816.6,15.0324
562,334187650245816.6,15.0584
563,334187650245816.6,15.0854
564,334187650245816.6,15.1113
565,334187650245816.6,15.1374
566,334187650245816.6,15.1643
567,334187650245816.6,15.1903
568,334187650245816.6,15.2164
569,334187650245816.6,15.2438
570,334187650245816.6,15.2698
571,334187650245816.6,15.2958
572,334187650245816.6,15.3228
573,334187650245816.6,15.3487
574,334187650245816.6,15.3747
575,334187650245816.6,15.4018
576,334187650245816.6,15.4303
577,334187650245816.6,15.4571
578,334187650245816.6,15.4842
579,334187650245816.6,15.5101
580,334187650245816.6,15.5362
581,334187650245816.6,15.5631
582,334187650245816.6,15.589
583,334187650245816.6,15.6152
584,334187650245816.6,15.6423
585,334187650245816.6,15.6685
586,334187650245816.6,15.6946
587,334187650245816.6,15.7217
588,334187650245816.6,15.7476
589,334187650245816.6,15.7741
590,334187650245816.6,15.801
591,334187650245816.6,15.8269
592,334187650245816.6,15.853
593,334187650245816.6,15.8799
594,334187650245816.6,15.9058
595,334187650245816.6,15.9319
596,334187650245816.6,15.9588
597,334187650245816.6,15.9847
598,334187650245816.6,16.0107
599,334187650245816.6,16.0377
600,334187650245816.6,16.0636
601,334187650245816.6,16.0902
602,334187650245816.6,16.1171
603,334187650245816.6,16.143
604,334187650245816.6,16.1691
605,334187650245816.6,16.196
606,334187650245816.6,16.2219
607,334187650245816.6,16.248
608,334187650245816.6,16.2749
609,334187650245816.6,16.3008
610,334187650245816.6,16.3268
611,334187650245816.6,16.3537
612,334187650245816.6,16.3795
613,334187650245816.6,16.4056
614,334187650245816.6,16.4326
615,334187650245816.6,16.4588
616,334187650245816.6,16.4848
617,334187650245816.6,16.5118
618,334187650245816.6,16.5378
619,334187650245816.6,16.5638
620,334187650245816.6,16.5906
621,334187650245816.6,16.6166
622,334187650245816.6,16.6426
623,334187650245816.6,16.6695
624,334187650245816.6,16.6957
625,334187650245816.6,16.7217
626,334187650245816.6,16.7487
627,334187650245816.6,16.7746
628,334187650245816.6,16.8011
629,334187650245816.6,16.828
630,334187650245816.6,16.854
631,334187650245816.6,16.88
632,334187650245816.6,16.907
633,334187650245816.6,16.9328
634,334187650245816.6,16.9593
635,334187650245816.6,16.9863
636,334187650245816.6,17.0122
637,334187650245816.6,17.0382
638,334187650245816.6,17.0651
639,334187650245816.6,17.0916
640,334187650245816.6,17.1176
641,334187650245816.6,17.1445
642,334187650245816.6,17.1704
643,334187650245816.6,17.1964
644,334187650245816.6,17.2234
645,334187650245816.6,17.2494
646,334187650245816.6,17.2759
647,334187650245816.6,17.3029
648,334187650245816.6,17.3288
649,334187650245816.6,17.3548
650,334187650245816.6,17.3818
651,334187650245816.6,17.4089
652,334187650245816.6,17.4349
653,334187650245816.6,17.4628
654,334187650245816.6,17.4886
655,334187650245816.6,17.5147
656,334187650245816.6,17.5417
657,334187650245816.6,17.5676
658,334187650245816.6,17.5937
659,334187650245816.6,17.6209
660,334187650245816.6,17.6468
661,334187650245816.6,17.6734
662,334187650245816.6,17.7006
663,334187650245816.6,17.7267
664,334187650245816.6,17.7527
665,334187650245816.6,17.7797
666,334187650245816.6,17.8061
667,334187650245816.6,17.8321
668,334187650245816.6,17.8596
669,334187650245816.6,17.8855
670,334187650245816.6,17.9117
671,334187650245816.6,17.9386
672,334187650245816.6,17.9645
673,334187650245816.6,17.9911
674,334187650245816.6,18.018
675,334187650245816.6,18.0439
676,334187650245816.6,18.07
677,334187650245816.6,18.097
678,334187650245816.6,18.1229
679,334187650245816.6,18.1489
680,334187650245816.6,18.1758
681,334187650245816.6,18.2017
682,334187650245816.6,18.2278
683,334187650245816.6,18.2551
684,334187650245816.6,18.2817
685,334187650245816.6,18.3084
686,334187650245816.6,18.3353
687,334187650245816.6,18.3613
688,334187650245816.6,18.3873
689,334187650245816.6,18.4151
690,334187650245816.6,18.4434
691,334187650245816.6,18.4695
692,334187650245816.6,18.4966
693,334187650245816.6,18.5225
694,334187650245816.6,18.5485
695,334187650245816.6,18.5754
696,334187650245816.6,18.6013
697,334187650245816.6,18.6273
698,334187650245816.6,18.6543
699,334187650245816.6,18.6802
700,334187650245816.6,18.7062
701,334187650245816.6,18.7331
702,334187650245816.6,18.7591
703,334187650245816.6,18.7851
704,334187650245816.6,18.812
705,334187650245816.6,18.8379
706,334187650245816.6,18.8645
707,334187650245816.6,18.8914
708,334187650245816.6,18.9173
709,334187650245816.6,18.9433
710,334187650245816.6,18.9702
711,334187650245816.6,18.9966
712,334187650245816.6,19.0231
713,334187650245816.6,19.0501
714,334187650245816.6,19.076
715,334187650245816.6,19.102
716,334187650245816.6,19.1289
717,334187650245816.6,19.1553
718,334187650245816.6,19.1813
719,334187650245816.6,19.2082
720,334187650245816.6,19.2342
721,334187650245816.6,19.2603
722,334187650245816.6,19.2872
723,334187650245816.6,19.3131
724,334187650245816.6,19.3391
725,334187650245816.6,19.366
726,334187650245816.6,19.3919
727,334187650245816.6,19.418
728,334187650245816.6,19.445
729,334187650245816.6,19.4709
730,334187650245816.6,19.4969
731,334187650245816.6,19.5239
732,334187650245816.6,19.5497
733,334187650245816.6,19.5757
734,334187650245816.6,19.6027
735,334187650245816.6,19.6286
736,334187650245816.6,19.6546
737,334187650245816.6,19.6817
738,334187650245816.6,19.7079
739,334187650245816.6,19.7345
740,334187650245816.6,19.7615
741,334187650245816.6,19.7874
742,334187650245816.6,19.8134
743,334187650245816.6,19.8403
744,334187650245816.6,19.8668
745,334187650245816.6,19.8933
746,334187650245816.6,19.9203
747,334187650245816.6,19.9462
748,334187650245816.6,19.9722
749,334187650245816.6,19.9992
750,334187650245816.6,20.0257
751,334187650245816.6,20.0517
752,334187650245816.6,20.0786
753,334187650245816.6,20.1045
754,334187650245816.6,20.1306
755,334187650245816.6,20.1575
756,334187650245816.6,20.1834
757,334187650245816.6,20.2094
758,334187650245816.6,20.2364
759,334187650245816.6,20.2623
760,334187650245816.6,20.2884
761,334187650245816.6,20.3153
762,334187650245816.6,20.3412
763,334187650245816.6,20.3672
764,334187650245816.6,20.3946
765,334187650245816.6,20.4205
766,334187650245816.6,20.4466
767,334187650245816.6,20.4735
768,334187650245816.6,20.4994
769,334187650245816.6,20.5255
770,334187650245816.6,20.5525
771,334187650245816.6,20.5786
772,334187650245816.6,20.6046
773,334187650245816.6,20.6316
774,334187650245816.6,20.6575
775,334187650245816.6,20.6835
776,334187650245816.6,20.7105
777,334187650245816.6,20.7364
778,334187650245816.6,20.7625
779,334187650245816.6,20.7894
780,334187650245816.6,20.8153
781,334187650245816.6,20.8413
782,334187650245816.6,20.8683
783,334187650245816.6,20.8947
784,334187650245816.6,20.9207
785,334187650245816.6,20.9476
786,334187650245816.6,20.9736
787,334187650245816.6,20.9996
788,334187650245816.6,21.0265
789,334187650245816.6,21.0524
790,334187650245816.6,21.0785
791,334187650245816.6,21.1054
792,334187650245816.6,21.1313
793,334187650245816.6,21.1573
794,334187650245816.6,21.1842
795,334187650245816.6,21.2102
796,334187650245816.6,21.2362
797,334187650245816.6,21.2633
798,334187650245816.6,21.2892
799,334187650245816.6,21.3152
800,334187650245816.6,21.3421
801,334187650245816.6,21.3681
802,334187650245816.6,21.3945
803,334187650245816.6,21.4229
804,334187650245816.6,21.4514
805,334187650245816.6,21.4795
806,334187650245816.6,21.5065
807,334187650245816.6,21.5329
808,334187650245816.6,21.5595
809,334187650245816.6,21.5875
810,334187650245816.6,21.6141
811,334187650245816.6,21.6407
812,334187650245816.6,21.6685
813,334187650245816.6,21.6944
814,334187650245816.6,21.7206
815,334187650245816.6,21.7481
816,334187650245816.6,21.774
817,334187650245816.6,21.8005
818,334187650245816.6,21.8281
819,334187650245816.6,21.854
820,334187650245816.6,21.8798
821,334187650245816.6,21.9073
822,334187650245816.6,21.9338
823,334187650245816.6,21.9598
824,334187650245816.6,21.9872
825,334187650245816.6,22.0131
826,334187650245816.6,22.0392
827,334187650245816.6,22.0672
828,334187650245816.6,22.0938
829,334187650245816.6,22.1205
830,334187650245816.6,22.1483
831,334187650245816.6,22.1742
832,334187650245816.6,22.2002
833,334187650245816.6,22.228
834,334187650245816.6,22.255
835,334187650245816.6,22.2817
836,334187650245816.6,22.3096
837,334187650245816.6,22.3362
838,334187650245816.6,22.3629
839,334187650245816.6,22.3902
840,334187650245816.6,22.4162
841,334187650245816.6,22.4423
842,334187650245816.6,22.4702
843,334187650245816.6,22.4972
844,334187650245816.6,22.524
845,334187650245816.6,22.5523
846,334187650245816.6,22.5789
847,334187650245816.6,22.6061
848,334187650245816.6,22.6341
849,334187650245816.6,22.6607
850,334187650245816.6,22.6874
851,334187650245816.6,22.7147
852,334187650245816.6,22.7411
853,334187650245816.6,22.7672
854,334187650245816.6,22.7944
855,334187650245816.6,22.8204
856,334187650245816.6,22.8464
857,334187650245816.6,22.8749
858,334187650245816.6,22.9022
859,334187650245816.6,22.9297
860,334187650245816.6,22.9575
861,334187650245816.6,22.9846
862,334187650245816.6,23.0113
863,334187650245816.6,23.039
864,334187650245816.6,23.0649
865,334187650245816.6,23.0914
866,334187650245816.6,23.1197
867,334187650245816.6,23.1466
868,334187650245816.6,23.1733
869,334187650245816.6,23.2015
870,334187650245816.6,23.2284
871,334187650245816.6,23.2547
872,334187650245816.6,23.2825
873,334187650245816.6,23.3085
874,334187650245816.6,23.3345
875,334187650245816.6,23.3622
876,334187650245816.6,23.3887
877,334187650245816.6,23.4155
878,334187650245816.6,23.4427
879,334187650245816.6,23.4686
880,334187650245816.6,23.4947
881,334187650245816.6,23.5218
882,334187650245816.6,23.5477
883,334187650245816.6,23.5742
884,334187650245816.6,23.6015
885,334187650245816.6,23.6274
886,334187650245816.6,23.6539
887,334187650245816.6,23.6819
888,334187650245816.6,23.7086
889,334187650245816.6,23.7346
890,334187650245816.6,23.7626
891,334187650245816.6,23.7893
892,334187650245816.6,23.816
893,334187650245816.6,23.8438
894,334187650245816.6,23.8705
895,334187650245816.6,23.8975
896,334187650245816.6,23.9249
897,334187650245816.6,23.9508
898,334187650245816.6,23.9768
899,334187650245816.6,24.004
900,334187650245816.6,24.0299
901,334187650245816.6,24.0561
902,334187650245816.6,24.084
903,334187650245816.6,24.1105
904,334187650245816.6,24.1372
905,334187650245816.6,24.1657
906,334187650245816.6,24.193
907,334187650245816.6,24.2204
908,334187650245816.6,24.2483
909,334187650245816.6,24.2749
910,334187650245816.6,24.3016
911,334187650245816.6,24.3296
912,334187650245816.6,24.3566
913,334187650245816.6,24.3833
914,334187650245816.6,24.4119
915,334187650245816.6,24.4404
916,334187650245816.6,24.4665
917,334187650245816.6,24.495
918,334187650245816.6,24.5223
919,334187650245816.6,24.5497
920,334187650245816.6,24.5774
921,334187650245816.6,24.6035
922,334187650245816.6,24.6298
923,334187650245816.6,24.6577
924,334187650245816.6,24.6849
925,334187650245816.6,24.7122
926,334187650245816.6,24.7396
927,334187650245816.6,24.7658
928,334187650245816.6,24.7915
929,334187650245816.6,24.8189
930,334187650245816.6,24.8449
931,334187650245816.6,24.8711
932,334187650245816.6,24.8984
933,334187650245816.6,24.9243
934,334187650245816.6,24.9504
935,334187650245816.6,24.9778
936,334187650245816.6,25.0037
937,334187650245816.6,25.0298
938,334187650245816.6,25.0575
939,334187650245816.6,25.0841
940,334187650245816.6,25.1111
941,334187650245816.6,25.1387
942,334187650245816.6,25.1645
943,334187650245816.6,25.1906
944,334187650245816.6,25.2184
945,334187650245816.6,25.245
946,334187650245816.6,25.2719
947,334187650245816.6,25.3003
948,334187650245816.6,25.3276
949,334187650245816.6,25.3551
950,334187650245816.6,25.3826
951,334187650245816.6,25.4086
952,334187650245816.6,25.4347
953,334187650245816.6,25.4626
954,334187650245816.6,25.4892
955,334187650245816.6,25.516
956,334187650245816.6,25.5433
957,334187650245816.6,25.5693
958,334187650245816.6,25.5954
959,334187650245816.6,25.6232
960,334187650245816.6,25.6503
961,334187650245816.6,25.677
962,334187650245816.6,25.7055
963,334187650245816.6,25.7316
964,334187650245816.6,25.7577
965,334187650245816.6,25.7851
966,334187650245816.6,25.811
967,334187650245816.6,25.8371
968,334187650245816.6,25.8648
969,334187650245816.6,25.8914
970,334187650245816.6,25.9181
971,334187650245816.6,25.9461
972,334187650245816.6,25.9723
973,334187650245816.6,25.9983
974,334187650245816.6,26.0263
975,334187650245816.6,26.0529
976,334187650245816.6,26.0797
977,334187650245816.6,26.1082
978,334187650245816.6,26.1355
979,334187650245816.6,26.163
980,334187650245816.6,26.1908
981,334187650245816.6,26.2174
982,334187650245816.6,26.2442
983,334187650245816.6,26.2727
984,334187650245816.6,26.3
985,334187650245816.6,26.3275
986,334187650245816.6,26.3558
987,334187650245816.6,26.3824
988,334187650245816.6,26.4097
989,334187650245816.6,26.4374
990,334187650245816.6,26.4633
991,334187650245816.6,26.4899
992,334187650245816.6,26.5174
993,334187650245816.6,26.5433
994,334187650245816.6,26.5694
995,334187650245816.6,26.5974
996,334187650245816.6,26.624
997,334187650245816.6,26.6508
998,334187650245816.6,26.6793
999,334187650245816.6,26.7065
1000,334187650245816.6,26.734
1001,334187650245816.6,26.7611
1002,334187650245816.6,26.7871
1003,334187650245816.6,26.8131
1004,334187650245816.6,26.8404
1005,334187650245816.6,26.8664
1006,334187650245816.6,26.8927
1007,334187650245816.6,26.9207
1008,334187650245816.6,26.9476
1009,334187650245816.6,26.9748
1010,334187650245816.6,27.0029
1011,334187650245816.6,27.0296
1012,334187650245816.6,27.0569
1013,334187650245816.6,27.0848
1014,334187650245816.6,27.1114
1015,334187650245816.6,27.1382
1016,334187650245816.6,27.166
1017,334187650245816.6,27.1926
1018,334187650245816.6,27.2194
1019,334187650245816.6,27.2477
1020,334187650245816.6,27.2736
1021,334187650245816.6,27.2993
1022,334187650245816.6,27.3265
1023,334187650245816.6,27.3524
1024,334187650245816.6,27.3783
1025,334187650245816.6,27.4057
1026,334187650245816.6,27.4347
1027,334187650245816.6,27.4615
1028,334187650245816.6,27.4894
1029,334187650245816.6,27.516
1030,334187650245816.6,27.5429
1031,334187650245816.6,27.5703
1032,334187650245816.6,27.5965
1033,334187650245816.6,27.6228
1034,334187650245816.6,27.6505
1035,334187650245816.6,27.6771
1036,334187650245816.6,27.7042
1037,334187650245816.6,27.7317
1038,334187650245816.6,27.7576
1039,334187650245816.6,27.784
1040,334187650245816.6,27.8114
1041,334187650245816.6,27.8374
1042,334187650245816.6,27.8642
1043,334187650245816.6,27.8914
1044,334187650245816.6,27.9173
1045,334187650245816.6,27.9436
1046,334187650245816.6,27.9707
1047,334187650245816.6,27.9966
1048,334187650245816.6,28.0229
1049,334187650245816.6,28.0503
1050,334187650245816.6,28.0763
1051,334187650245816.6,28.1026
1052,334187650245816.6,28.1295
1053,334187650245816.6,28.1554
1054,334187650245816.6,28.1817
1055,334187650245816.6,28.2087
1056,334187650245816.6,28.2346
1057,334187650245816.6,28.2614
1058,334187650245816.6,28.2887
1059,334187650245816.6,28.3146
1060,334187650245816.6,28.341
1061,334187650245816.6,28.3679
1062,334187650245816.6,28.3948
1063,334187650245816.6,28.4212
1064,334187650245816.6,28.4482
1065,334187650245816.6,28.4742
1066,334187650245816.6,28.5005
1067,334187650245816.6,28.5279
1068,334187650245816.6,28.5537
1069,334187650245816.6,28.5801
1070,334187650245816.6,28.6071
1071,334187650245816.6,28.6333
1072,334187650245816.6,28.6596
1073,334187650245816.6,28.6866
1074,334187650245816.6,28.7125
1075,334187650245816.6,28.7389
1076,334187650245816.6,28.7658
1077,334187650245816.6,28.7918
1078,334187650245816.6,28.8181
1079,334187650245816.6,28.8452
1080,334187650245816.6,28.8711
1081,334187650245816.6,28.897
1082,334187650245816.6,28.9235
1083,334187650245816.6,28.9494
1084,334187650245816.6,28.9763
1085,334187650245816.6,29.0031
1086,334187650245816.6,29.0294
1087,334187650245816.6,29.0557
1088,334187650245816.6,29.0826
1089,334187650245816.6,29.1085
1090,334187650245816.6,29.1348
1091,334187650245816.6,29.1617
1092,334187650245816.6,29.1876
1093,334187650245816.6,29.2139
1094,334187650245816.6,29.2416
1095,334187650245816.6,29.2675
1096,334187650245816.6,29.2938
1097,334187650245816.6,29.3206
1098,334187650245816.6,29.3466
1099,334187650245816.6,29.3729
1100,334187650245816.6,29.3998
1101,334187650245816.6,29.4258
1102,334187650245816.6,29.4521
1103,334187650245816.6,29.479
1104,334187650245816.6,29.5053
1105,334187650245816.6,29.5316
1106,334187650245816.6,29.5585
1107,334187650245816.6,29.5847
1108,334187650245816.6,29.6111
1109,334187650245816.6,29.638
1110,334187650245816.6,29.6642
1111,334187650245816.6,29.6905
1112,334187650245816.6,29.7176
1113,334187650245816.6,29.7435
1114,334187650245816.6,29.7698
1115,334187650245816.6,29.7969
1116,334187650245816.6,29.8229
1117,334187650245816.6,29.8497
1118,334187650245816.6,29.8767
1119,334187650245816.6,29.9029
1120,334187650245816.6,29.9292
1121,334187650245816.6,29.9561
1122,334187650245816.6,29.9825
1123,334187650245816.6,30.0088
1124,334187650245816.6,30.0358
1125,334187650245816.6,30.0618
1126,334187650245816.6,30.0886
1127,334187650245816.6,30.1156
1128,334187650245816.6,30.1416
1129,334187650245816.6,30.1679
1130,334187650245816.6,30.1948
1131,334187650245816.6,30.2207
1132,334187650245816.6,30.2471
1133,334187650245816.6,30.2742
1134,334187650245816.6,30.3001
1135,334187650245816.6,30.3265
1136,334187650245816.6,30.3534
1137,334187650245816.6,30.3793
1138,334187650245816.6,30.4057
1139,334187650245816.6,30.4354
1140,334187650245816.6,30.4691
1141,334187650245816.6,30.4954
1142,334187650245816.6,30.5224
1143,334187650245816.6,30.5483
1144,334187650245816.6,30.5746
1145,334187650245816.6,30.6015
1146,334187650245816.6,30.6274
1147,334187650245816.6,30.6537
1148,334187650245816.6,30.6807
1149,334187650245816.6,30.7068
1150,334187650245816.6,30.7336
1151,334187650245816.6,30.7606
1152,334187650245816.6,30.7865
1153,334187650245816.6,30.8128
1154,334187650245816.6,30.8397
1155,334187650245816.6,30.8662
1156,334187650245816.6,30.8927
1157,334187650245816.6,30.9196
1158,334187650245816.6,30.9455
1159,334187650245816.6,30.9718
1160,334187650245816.6,30.9987
1161,334187650245816.6,31.0247
1162,334187650245816.6,31.0515
1163,334187650245816.6,31.0786
1164,334187650245816.6,31.1049
1165,334187650245816.6,31.1311
1166,334187650245816.6,31.158
1167,334187650245816.6,31.1847
1168,334187650245816.6,31.211
1169,334187650245816.6,31.238
1170,334187650245816.6,31.2642
1171,334187650245816.6,31.291
1172,334187650245816.6,31.3179
1173,334187650245816.6,31.3439
1174,334187650245816.6,31.3702
1175,334187650245816.6,31.3971
1176,334187650245816.6,31.4236
1177,334187650245816.6,31.4499
1178,334187650245816.6,31.4769
1179,334187650245816.6,31.5031
1180,334187650245816.6,31.5294
1181,334187650245816.6,31.5564
1182,334187650245816.6,31.5826
1183,334187650245816.6,31.609
1184,334187650245816.6,31.6359
1185,334187650245816.6,31.6621
1186,334187650245816.6,31.6886
1187,334187650245816.6,31.7158
1188,334187650245816.6,31.7417
1189,334187650245816.6,31.768
1190,334187650245816.6,31.7951
1191,334187650245816.6,31.8211
1192,334187650245816.6,31.848
1193,334187650245816.6,31.8749
1194,334187650245816.6,31.9008
1195,334187650245816.6,31.9271
1196,334187650245816.6,31.954
1197,334187650245816.6,31.9803
1198,334187650245816.6,32.0066
1199,334187650245816.6,32.0341
1200,334187650245816.6,32.06
1201,334187650245816.6,32.0863
1202,334187650245816.6,32.1133
1203,334187650245816.6,32.1392
1204,334187650245816.6,32.1655
1205,334187650245816.6,32.1924
1206,334187650245816.6,32.2183
1207,334187650245816.6,32.2447
1208,334187650245816.6,32.2715
1209,334187650245816.6,32.2975
1210,334187650245816.6,32.3239
1211,334187650245816.6,32.3509
1212,334187650245816.6,32.3769
1213,334187650245816.6,32.4032
1214,334187650245816.6,32.4302
1215,334187650245816.6,32.4564
1216,334187650245816.6,32.4827
1217,334187650245816.6,32.5096
1218,334187650245816.6,32.5359
1219,334187650245816.6,32.5622
1220,334187650245816.6,32.589
1221,334187650245816.6,32.6149
1222,334187650245816.6,32.6413
1223,334187650245816.6,32.6682
1224,334187650245816.6,32.6942
1225,334187650245816.6,32.7205
1226,334187650245816.6,32.7475
1227,334187650245816.6,32.7734
1228,334187650245816.6,32.7997
1229,334187650245816.6,32.8266
1230,334187650245816.6,32.8529
1231,334187650245816.6,32.8794
1232,334187650245816.6,32.9066
1233,334187650245816.6,32.9325
1234,334187650245816.6,32.9588
1235,334187650245816.6,32.9857
1236,334187650245816.6,33.0121
1237,334187650245816.6,33.0385
1238,334187650245816.6,33.0655
1239,334187650245816.6,33.0915
1240,334187650245816.6,33.1178
1241,334187650245816.6,33.1446
1242,334187650245816.6,33.1711
1243,334187650245816.6,33.1974
1244,334187650245816.6,33.2242
1245,334187650245816.6,33.2503
1246,334187650245816.6,33.2768
1247,334187650245816.6,33.3037
1248,334187650245816.6,33.3298
1249,334187650245816.6,33.3567
1250,334187650245816.6,33.3836
1251,334187650245816.6,33.4099
1252,334187650245816.6,33.4405
1253,334187650245816.6,33.4685
1254,334187650245816.6,33.495
1255,334187650245816.6,33.5213
1256,334187650245816.6,33.5482
1257,334187650245816.6,33.5742
1258,334187650245816.6,33.6005
1259,334187650245816.6,33.6273
1260,334187650245816.6,33.6536
1261,334187650245816.6,33.68
1262,334187650245816.6,33.7096
1263,334187650245816.6,33.7363
1264,334187650245816.6,33.7634
1265,334187650245816.6,33.7906
1266,334187650245816.6,33.8165
1267,334187650245816.6,33.8428
1268,334187650245816.6,33.8698
1269,334187650245816.6,33.8957
1270,334187650245816.6,33.922
1271,334187650245816.6,33.9489
1272,334187650245816.6,33.9748
1273,334187650245816.6,34.0012
1274,334187650245816.6,34.028
1275,334187650245816.6,34.0543
1276,334187650245816.6,34.0807
1277,334187650245816.6,34.1075
1278,334187650245816.6,34.1334
1279,334187650245816.6,34.1598
1280,334187650245816.6,34.1867
1281,334187650245816.6,34.2126
1282,334187650245816.6,34.2394
1283,334187650245816.6,34.2665
1284,334187650245816.6,34.2924
1285,334187650245816.6,34.3187
1286,334187650245816.6,34.3456
1287,334187650245816.6,34.3715
1288,334187650245816.6,34.3979
1289,334187650245816.6,34.4248
1290,334187650245816.6,34.4508
1291,334187650245816.6,34.4776
1292,334187650245816.6,34.5045
1293,334187650245816.6,34.5307
1294,334187650245816.6,34.557
1295,334187650245816.6,34.5838
1296,334187650245816.6,34.6102
1297,334187650245816.6,34.6365
1298,334187650245816.6,34.6634
1299,334187650245816.6,34.6893
1300,334187650245816.6,34.7156
1301,334187650245816.6,34.7426
1302,334187650245816.6,34.7686
1303,334187650245816.6,34.7949
1304,334187650245816.6,34.8218
1305,334187650245816.6,34.8486
1306,334187650245816.6,34.8749
1307,334187650245816.6,34.9018
1308,334187650245816.6,34.9277
1309,334187650245816.6,34.954
1310,334187650245816.6,34.9811
1311,334187650245816.6,35.007
1312,334187650245816.6,35.0334
1313,334187650245816.6,35.0602
1314,334187650245816.6,35.0861
1315,334187650245816.6,35.1126
1316,334187650245816.6,35.1395
1317,334187650245816.6,35.1654
1318,334187650245816.6,35.1918
1319,334187650245816.6,35.2187
1320,334187650245816.6,35.245
1321,334187650245816.6,35.2714
1322,334187650245816.6,35.2982
1323,334187650245816.6,35.3242
1324,334187650245816.6,35.3504
1325,334187650245816.6,35.3773
1326,334187650245816.6,35.4032
1327,334187650245816.6,35.4301
1328,334187650245816.6,35.457
1329,334187650245816.6,35.4833
1330,334187650245816.6,35.5096
1331,334187650245816.6,35.5365
1332,334187650245816.6,35.5627
1333,334187650245816.6,35.589
1334,334187650245816.6,35.616
1335,334187650245816.6,35.642
1336,334187650245816.6,35.6683
1337,334187650245816.6,35.6955
1338,334187650245816.6,35.7216
1339,334187650245816.6,35.7484
1340,334187650245816.6,35.7753
1341,334187650245816.6,35.8013
1342,334187650245816.6,35.8276
1343,334187650245816.6,35.8548
1344,334187650245816.6,35.8811
1345,334187650245816.6,35.9077
1346,334187650245816.6,35.935
1347,334187650245816.6,35.961
1348,334187650245816.6,35.9873
1349,334187650245816.6,36.0142
1350,334187650245816.6,36.0405
1351,334187650245816.6,36.0668
1352,334187650245816.6,36.0937
1353,334187650245816.6,36.12
1354,334187650245816.6,36.1463
1355,334187650245816.6,36.1733
1356,334187650245816.6,36.1993
1357,334187650245816.6,36.2256
1358,334187650245816.6,36.2525
1359,334187650245816.6,36.2784
1360,334187650245816.6,36.3048
1361,334187650245816.6,36.3321
1362,334187650245816.6,36.358
1363,334187650245816.6,36.3844
1364,334187650245816.6,36.4119
1365,334187650245816.6,36.4402
1366,334187650245816.6,36.4688
1367,334187650245816.6,36.4958
1368,334187650245816.6,36.522
1369,334187650245816.6,36.5488
1370,334187650245816.6,36.5762
1371,334187650245816.6,36.6029
1372,334187650245816.6,36.6299
1373,334187650245816.6,36.6567
1374,334187650245816.6,36.6826
1375,334187650245816.6,36.7095
1376,334187650245816.6,36.7364
1377,334187650245816.6,36.7623
1378,334187650245816.6,36.7887
1379,334187650245816.6,36.8156
1380,334187650245816.6,36.8417
1381,334187650245816.6,36.8674
1382,334187650245816.6,36.8945
1383,334187650245816.6,36.9203
1384,334187650245816.6,36.9467
1385,334187650245816.6,36.9738
1386,334187650245816.6,36.9997
1387,334187650245816.6,37.0267
1388,334187650245816.6,37.0541
1389,334187650245816.6,37.0806
1390,334187650245816.6,37.1076
1391,334187650245816.6,37.1345
1392,334187650245816.6,37.1604
1393,334187650245816.6,37.1867
1394,334187650245816.6,37.2137
1395,334187650245816.6,37.2399
1396,334187650245816.6,37.2668
1397,334187650245816.6,37.2937
1398,334187650245816.6,37.3196
1399,334187650245816.6,37.3459
1400,334187650245816.6,37.3729
1401,334187650245816.6,37.3993
1402,334187650245816.6,37.4262
1403,334187650245816.6,37.4531
1404,334187650245816.6,37.4793
1405,334187650245816.6,37.5056
1406,334187650245816.6,37.5329
1407,334187650245816.6,37.5593
1408,334187650245816.6,37.5857
1409,334187650245816.6,37.6134
1410,334187650245816.6,37.6393
1411,334187650245816.6,37.6661
1412,334187650245816.6,37.6936
1413,334187650245816.6,37.7198
1414,334187650245816.6,37.7467
1415,334187650245816.6,37.7748
1416,334187650245816.6,37.8014
1417,334187650245816.6,37.8284
1418,334187650245816.6,37.8558
1419,334187650245816.6,37.8821
1420,334187650245816.6,37.909
1421,334187650245816.6,37.9367
1422,334187650245816.6,37.9626
1423,334187650245816.6,37.9889
1424,334187650245816.6,38.0163
1425,334187650245816.6,38.043
1426,334187650245816.6,38.0693
1427,334187650245816.6,38.0971
1428,334187650245816.6,38.123
1429,334187650245816.6,38.1494
1430,334187650245816.6,38.1768
1431,334187650245816.6,38.2027
1432,334187650245816.6,38.229
1433,334187650245816.6,38.2564
1434,334187650245816.6,38.2826
1435,334187650245816.6,38.3089
1436,334187650245816.6,38.3362
1437,334187650245816.6,38.3621
1438,334187650245816.6,38.3885
1439,334187650245816.6,38.416
1440,334187650245816.6,38.4419
1441,334187650245816.6,38.4682
1442,334187650245816.6,38.4957
1443,334187650245816.6,38.5217
1444,334187650245816.6,38.5485
1445,334187650245816.6,38.576
1446,334187650245816.6,38.6019
1447,334187650245816.6,38.6282
1448,334187650245816.6,38.6558
1449,334187650245816.6,38.6819
1450,334187650245816.6,38.7082
1451,334187650245816.6,38.736
1452,334187650245816.6,38.7619
1453,334187650245816.6,38.7882
1454,334187650245816.6,38.8156
1455,334187650245816.6,38.8416
1456,334187650245816.6,38.8684
1457,334187650245816.6,38.8961
1458,334187650245816.6,38.9221
1459,334187650245816.6,38.9484
1460,334187650245816.6,38.9759
1461,334187650245816.6,39.0023
1462,334187650245816.6,39.0286
1463,334187650245816.6,39.056
1464,334187650245816.6,39.0819
1465,334187650245816.6,39.1082
1466,334187650245816.6,39.1356
1467,334187650245816.6,39.1615
1468,334187650245816.6,39.1878
1469,334187650245816.6,39.2152
1470,334187650245816.6,39.2412
1471,334187650245816.6,39.2676
1472,334187650245816.6,39.2949
1473,334187650245816.6,39.3208
1474,334187650245816.6,39.3472
1475,334187650245816.6,39.3746
1476,334187650245816.6,39.4005
1477,334187650245816.6,39.429
1478,334187650245816.6,39.458
1479,334187650245816.6,39.4839
1480,334187650245816.6,39.5103
1481,334187650245816.6,39.5376
1482,334187650245816.6,39.5635
1483,334187650245816.6,39.5898
1484,334187650245816.6,39.6168
1485,334187650245816.6,39.643
1486,334187650245816.6,39.6693
1487,334187650245816.6,39.6964
1488,334187650245816.6,39.7226
1489,334187650245816.6,39.7489
1490,334187650245816.6,39.7762
1491,334187650245816.6,39.8028
1492,334187650245816.6,39.8298
1493,334187650245816.6,39.8567
1494,334187650245816.6,39.8826
1495,334187650245816.6,39.9089
1496,334187650245816.6,39.9358
1497,334187650245816.6,39.9617
1498,334187650245816.6,39.988
1499,334187650245816.6,40.0154
1500,334187650245816.6,40.0413
1501,334187650245816.6,40.0676
1502,334187650245816.6,40.0945
1503,334187650245816.6,40.1205
1504,334187650245816.6,40.1468
1505,334187650245816.6,40.1736
1506,334187650245816.6,40.1996
1507,334187650245816.6,40.2259
1508,334187650245816.6,40.2528
1509,334187650245816.6,40.2788
1510,334187650245816.6,40.3056
1511,334187650245816.6,40.3324
1512,334187650245816.6,40.3584
1513,334187650245816.6,40.3847
1514,334187650245816.6,40.4117
1515,334187650245816.6,40.4376
1516,334187650245816.6,40.464
1517,334187650245816.6,40.4909
1518,334187650245816.6,40.5172
1519,334187650245816.6,40.5435
1520,334187650245816.6,40.5704
1521,334187650245816.6,40.5966
1522,334187650245816.6,40.6229
1523,334187650245816.6,40.6498
1524,334187650245816.6,40.676
1525,334187650245816.6,40.7024
1526,334187650245816.6,40.7297
1527,334187650245816.6,40.7556
1528,334187650245816.6,40.7819
1529,334187650245816.6,40.8088
1530,334187650245816.6,40.8347
1531,334187650245816.6,40.8612
1532,334187650245816.6,40.8883
1533,334187650245816.6,40.9142
1534,334187650245816.6,40.9407
1535,334187650245816.6,40.9676
1536,334187650245816.6,40.9936
1537,334187650245816.6,41.0199
1538,334187650245816.6,41.0467
1539,334187650245816.6,41.073
1540,334187650245816.6,41.0998
1541,334187650245816.6,41.1268
1542,334187650245816.6,41.153
1543,334187650245816.6,41.1793
1544,334187650245816.6,41.2062
1545,334187650245816.6,41.2321
1546,334187650245816.6,41.2587
1547,334187650245816.6,41.2855
1548,334187650245816.6,41.3115
1549,334187650245816.6,41.3378
1550,334187650245816.6,41.3647
1551,334187650245816.6,41.3906
1552,334187650245816.6,41.417
1553,334187650245816.6,41.4439
1554,334187650245816.6,41.4698
1555,334187650245816.6,41.4961
1556,334187650245816.6,41.5231
1557,334187650245816.6,41.549
1558,334187650245816.6,41.5754
1559,334187650245816.6,41.6022
1560,334187650245816.6,41.6281
1561,334187650245816.6,41.6545
1562,334187650245816.6,41.6819
1563,334187650245816.6,41.7079
1564,334187650245816.6,41.7343
1565,334187650245816.6,41.7612
1566,334187650245816.6,41.7871
1567,334187650245816.6,41.8134
1568,334187650245816.6,41.8403
1569,334187650245816.6,41.8665
1570,334187650245816.6,41.8929
1571,334187650245816.6,41.9203
1572,334187650245816.6,41.9465
1573,334187650245816.6,41.9728
1574,334187650245816.6,41.9997
1575,334187650245816.6,42.0257
1576,334187650245816.6,42.052
1577,334187650245816.6,42.0789
1578,334187650245816.6,42.1048
1579,334187650245816.6,42.1312
1580,334187650245816.6,42.1582
1581,334187650245816.6,42.1844
1582,334187650245816.6,42.2108
1583,334187650245816.6,42.2377
1584,334187650245816.6,42.2636
1585,334187650245816.6,42.2899
1586,334187650245816.6,42.3168
1587,334187650245816.6,42.3431
1588,334187650245816.6,42.3699
1589,334187650245816.6,42.3969
1590,334187650245816.6,42.4248
1591,334187650245816.6,42.4523
1592,334187650245816.6,42.4794
1593,334187650245816.6,42.5058
1594,334187650245816.6,42.5321
1595,334187650245816.6,42.5595
1596,334187650245816.6,42.5854
1597,334187650245816.6,42.6117
1598,334187650245816.6,42.6386
1599,334187650245816.6,42.6645
1600,334187650245816.6,42.6908
1601,334187650245816.6,42.7177
1602,334187650245816.6,42.7436
1603,334187650245816.6,42.77
1604,334187650245816.6,42.797
1605,334187650245816.6,42.823
1606,334187650245816.6,42.8494
1607,334187650245816.6,42.8763
1608,334187650245816.6,42.9022
1609,334187650245816.6,42.9287
1610,334187650245816.6,42.9556
1611,334187650245816.6,42.9815
1612,334187650245816.6,43.0078
1613,334187650245816.6,43.0346
1614,334187650245816.6,43.0605
1615,334187650245816.6,43.0868
1616,334187650245816.6,43.1138
1617,334187650245816.6,43.1398
1618,334187650245816.6,43.1661
1619,334187650245816.6,43.193
1620,334187650245816.6,43.2188
1621,334187650245816.6,43.2452
1622,334187650245816.6,43.2722
1623,334187650245816.6,43.2981
1624,334187650245816.6,43.3244
1625,334187650245816.6,43.3514
1626,334187650245816.6,43.3774
1627,334187650245816.6,43.4037
1628,334187650245816.6,43.4308
1629,334187650245816.6,43.4568
1630,334187650245816.6,43.4832
1631,334187650245816.6,43.51
1632,334187650245816.6,43.5359
1633,334187650245816.6,43.5622
1634,334187650245816.6,43.5891
1635,334187650245816.6,43.615
1636,334187650245816.6,43.6413
1637,334187650245816.6,43.6682
1638,334187650245816.6,43.6941
1639,334187650245816.6,43.7206
1640,334187650245816.6,43.7475
1641,334187650245816.6,43.7735
1642,334187650245816.6,43.7998
1643,334187650245816.6,43.8272
1644,334187650245816.6,43.8538
1645,334187650245816.6,43.8802
1646,334187650245816.6,43.9067
1647,334187650245816.6,43.9327
1648,334187650245816.6,43.959
1649,334187650245816.6,43.9953
1650,334187650245816.6,44.0213
1651,334187650245816.6,44.0477
1652,334187650245816.6,44.0747
1653,334187650245816.6,44.1007
1654,334187650245816.6,44.1276
1655,334187650245816.6,44.1547
1656,334187650245816.6,44.1808
1657,334187650245816.6,44.2072
1658,334187650245816.6,44.2342
1659,334187650245816.6,44.2609
1660,334187650245816.6,44.2878
1661,334187650245816.6,44.3159
1662,334187650245816.6,44.3421
1663,334187650245816.6,44.368
1664,334187650245816.6,44.3946
1665,334187650245816.6,44.4211
1666,334187650245816.6,44.447
1667,334187650245816.6,44.4736
1668,334187650245816.6,44.4998
1669,334187650245816.6,44.5262
1670,334187650245816.6,44.5532
1671,334187650245816.6,44.5791
1672,334187650245816.6,44.6059
1673,334187650245816.6,44.6394
1674,334187650245816.6,44.6653
1675,334187650245816.6,44.6917
1676,334187650245816.6,44.7186
1677,334187650245816.6,44.7454
1678,334187650245816.6,44.7718
1679,334187650245816.6,44.7988
1680,334187650245816.6,44.8248
1681,334187650245816.6,44.8512
1682,334187650245816.6,44.8783
1683,334187650245816.6,44.9045
1684,334187650245816.6,44.9308
1685,334187650245816.6,44.9577
1686,334187650245816.6,44.9837
1687,334187650245816.6,45.0113
1688,334187650245816.6,45.0392
1689,334187650245816.6,45.0668
1690,334187650245816.6,45.0937
1691,334187650245816.6,45.1207
1692,334187650245816.6,45.1476
1693,334187650245816.6,45.1736
1694,334187650245816.6,45.2003
1695,334187650245816.6,45.2264
1696,334187650245816.6,45.2525
1697,334187650245816.6,45.2795
1698,334187650245816.6,45.3061
1699,334187650245816.6,45.333
1700,334187650245816.6,45.3599
1701,334187650245816.6,45.3858
1702,334187650245816.6,45.4124
1703,334187650245816.6,45.4418
1704,334187650245816.6,45.4683
1705,334187650245816.6,45.4943
1706,334187650245816.6,45.5223
1707,334187650245816.6,45.5483
1708,334187650245816.6,45.5744
1709,334187650245816.6,45.6015
1710,334187650245816.6,45.6274
1711,334187650245816.6,45.6535
1712,334187650245816.6,45.6805
1713,334187650245816.6,45.7065
1714,334187650245816.6,45.7326
1715,334187650245816.6,45.7597
1716,334187650245816.6,45.7857
1717,334187650245816.6,45.8117
1718,334187650245816.6,45.8387
1719,334187650245816.6,45.8646
1720,334187650245816.6,45.8906
1721,334187650245816.6,45.9177
1722,334187650245816.6,45.9439
1723,334187650245816.6,45.97
1724,334187650245816.6,45.997
1725,334187650245816.6,46.0232
1726,334187650245816.6,46.0493
1727,334187650245816.6,46.0763
1728,334187650245816.6,46.1026
1729,334187650245816.6,46.1289
1730,334187650245816.6,46.1558
1731,334187650245816.6,46.1817
1732,334187650245816.6,46.2078
1733,334187650245816.6,46.2348
1734,334187650245816.6,46.2613
1735,334187650245816.6,46.2873
1736,334187650245816.6,46.3149
1737,334187650245816.6,46.3408
1738,334187650245816.6,46.3668
1739,334187650245816.6,46.3943
1740,334187650245816.6,46.4203
1741,334187650245816.6,46.4463
1742,334187650245816.6,46.4733
1743,334187650245816.6,46.4993
1744,334187650245816.6,46.5253
1745,334187650245816.6,46.5523
1746,334187650245816.6,46.5782
1747,334187650245816.6,46.6042
1748,334187650245816.6,46.6312
1749,334187650245816.6,46.6571
1750,334187650245816.6,46.6832
1751,334187650245816.6,46.7102
1752,334187650245816.6,46.7362
1753,334187650245816.6,46.7622
1754,334187650245816.6,46.7892
1755,334187650245816.6,46.8151
1756,334187650245816.6,46.8411
1757,334187650245816.6,46.8681
1758,334187650245816.6,46.8943
1759,334187650245816.6,46.9204
1760,334187650245816.6,46.9473
1761,334187650245816.6,46.9736
1762,334187650245816.6,46.9996
1763,334187650245816.6,47.0266
1764,334187650245816.6,47.0525
1765,334187650245816.6,47.0786
1766,334187650245816.6,47.1055
1767,334187650245816.6,47.1315
1768,334187650245816.6,47.158
1769,334187650245816.6,47.185
1770,334187650245816.6,47.2109
1771,334187650245816.6,47.237
1772,334187650245816.6,47.2641
1773,334187650245816.6,47.2901
1774,334187650245816.6,47.3161
1775,334187650245816.6,47.343
1776,334187650245816.6,47.369
1777,334187650245816.6,47.3951
1778,334187650245816.6,47.4222
1779,334187650245816.6,47.4481
1780,334187650245816.6,47.4741
1781,334187650245816.6,47.5011
1782,334187650245816.6,47.5272
1783,334187650245816.6,47.5538
1784,334187650245816.6,47.5809
1785,334187650245816.6,47.6068
1786,334187650245816.6,47.6329
1787,334187650245816.6,47.6601
1788,334187650245816.6,47.6868
1789,334187650245816.6,47.7132
1790,334187650245816.6,47.7407
1791,334187650245816.6,47.7666
1792,334187650245816.6,47.7926
1793,334187650245816.6,47.8198
1794,334187650245816.6,47.8465
1795,334187650245816.6,47.8726
1796,334187650245816.6,47.8998
1797,334187650245816.6,47.926
1798,334187650245816.6,47.9521
1799,334187650245816.6,47.9793
1800,334187650245816.6,48.0052
1801,334187650245816.6,48.0313
1802,334187650245816.6,48.0586
1803,334187650245816.6,48.0845
1804,334187650245816.6,48.1105
1805,334187650245816.6,48.1376
1806,334187650245816.6,48.1635
1807,334187650245816.6,48.1895
1808,334187650245816.6,48.2165
1809,334187650245816.6,48.2425
1810,334187650245816.6,48.2685
1811,334187650245816.6,48.2963
1812,334187650245816.6,48.3223
1813,334187650245816.6,48.3483
1814,334187650245816.6,48.3753
1815,334187650245816.6,48.4012
1816,334187650245816.6,48.43
1817,334187650245816.6,48.4582
1818,334187650245816.6,48.4844
1819,334187650245816.6,48.5104
1820,334187650245816.6,48.5378
1821,334187650245816.6,48.5649
1822,334187650245816.6,48.5916
1823,334187650245816.6,48.6191
1824,334187650245816.6,48.645
1825,334187650245816.6,48.6711
1826,334187650245816.6,48.6981
1827,334187650245816.6,48.724
1828,334187650245816.6,48.7501
1829,334187650245816.6,48.7771
1830,334187650245816.6,48.8034
1831,334187650245816.6,48.8295
1832,334187650245816.6,48.8568
1833,334187650245816.6,48.8827
1834,334187650245816.6,48.9088
1835,334187650245816.6,48.9359
1836,334187650245816.6,48.9618
1837,334187650245816.6,48.9878
1838,334187650245816.6,49.0149
1839,334187650245816.6,49.0409
1840,334187650245816.6,49.0674
1841,334187650245816.6,49.0948
1842,334187650245816.6,49.1215
1843,334187650245816.6,49.1487
1844,334187650245816.6,49.1757
1845,334187650245816.6,49.2017
1846,334187650245816.6,49.2278
1847,334187650245816.6,49.2554
1848,334187650245816.6,49.2818
1849,334187650245816.6,49.3078
1850,334187650245816.6,49.3349
1851,334187650245816.6,49.3608
1852,334187650245816.6,49.3868
1853,334187650245816.6,49.4139
1854,334187650245816.6,49.4398
1855,334187650245816.6,49.4659
1856,334187650245816.6,49.4928
1857,334187650245816.6,49.5187
1858,334187650245816.6,49.5447
1859,334187650245816.6,49.5717
1860,334187650245816.6,49.5976
1861,334187650245816.6,49.6237
1862,334187650245816.6,49.6506
1863,334187650245816.6,49.6765
1864,334187650245816.6,49.7026
1865,334187650245816.6,49.7297
1866,334187650245816.6,49.7559
1867,334187650245816.6,49.7819
1868,334187650245816.6,49.809
1869,334187650245816.6,49.8352
1870,334187650245816.6,49.8613
1871,334187650245816.6,49.8884
1872,334187650245816.6,49.9143
1873,334187650245816.6,49.9403
1874,334187650245816.6,49.9674
1875,334187650245816.6,49.9933
1876,334187650245816.6,50.0193
1877,334187650245816.6,50.0463
1878,334187650245816.6,50.0724
1879,334187650245816.6,50.0984
1880,334187650245816.6,50.1254
1881,334187650245816.6,50.1517
1882,334187650245816.6,50.1777
1883,334187650245816.6,50.2047
1884,334187650245816.6,50.2309
1885,334187650245816.6,50.257
1886,334187650245816.6,50.2841
1887,334187650245816.6,50.31
1888,334187650245816.6,50.3362
1889,334187650245816.6,50.3632
1890,334187650245816.6,50.3891
1891,334187650245816.6,50.4152
1892,334187650245816.6,50.4421
1893,334187650245816.6,50.4686
1894,334187650245816.6,50.4947
1895,334187650245816.6,50.5218
1896,334187650245816.6,50.5477
1897,334187650245816.6,50.5737
1898,334187650245816.6,50.6007
1899,334187650245816.6,50.6269
1900,334187650245816.6,50.653
1901,334187650245816.6,50.68
1902,334187650245816.6,50.7058
1903,334187650245816.6,50.7319
1904,334187650245816.6,50.7589
1905,334187650245816.6,50.7852
1906,334187650245816.6,50.8117
1907,334187650245816.6,50.8388
1908,334187650245816.6,50.8648
1909,334187650245816.6,50.8906
1910,334187650245816.6,50.9174
1911,334187650245816.6,50.9438
1912,334187650245816.6,50.9699
1913,334187650245816.6,50.9973
1914,334187650245816.6,51.0232
1915,334187650245816.6,51.0493
1916,334187650245816.6,51.0763
1917,334187650245816.6,51.1025
1918,334187650245816.6,51.1286
1919,334187650245816.6,51.1556
1920,334187650245816.6,51.1818
1921,334187650245816.6,51.208
1922,334187650245816.6,51.2351
1923,334187650245816.6,51.2611
1924,334187650245816.6,51.2872
1925,334187650245816.6,51.3141
1926,334187650245816.6,51.3401
1927,334187650245816.6,51.3661
1928,334187650245816.6,51.3931
1929,334187650245816.6,51.4202
1930,334187650245816.6,51.4486
1931,334187650245816.6,51.4756
1932,334187650245816.6,51.5015
1933,334187650245816.6,51.5276
1934,334187650245816.6,51.5545
1935,334187650245816.6,51.5809
1936,334187650245816.6,51.6069
1937,334187650245816.6,51.6339
1938,334187650245816.6,51.6598
1939,334187650245816.6,51.6858
1940,334187650245816.6,51.713
1941,334187650245816.6,51.7389
1942,334187650245816.6,51.765
1943,334187650245816.6,51.7919
1944,334187650245816.6,51.8179
1945,334187650245816.6,51.8445
1946,334187650245816.6,51.8717
1947,334187650245816.6,51.8983
1948,334187650245816.6,51.9244
1949,334187650245816.6,51.9514
1950,334187650245816.6,51.9776
1951,334187650245816.6,52.0036
1952,334187650245816.6,52.0305
1953,334187650245816.6,52.0569
1954,334187650245816.6,52.083
1955,334187650245816.6,52.11
1956,334187650245816.6,52.1362
1957,334187650245816.6,52.1627
1958,334187650245816.6,52.1898
1959,334187650245816.6,52.2158
1960,334187650245816.6,52.2418
1961,334187650245816.6,52.2688
1962,334187650245816.6,52.2952
1963,334187650245816.6,52.3212
1964,334187650245816.6,52.3487
1965,334187650245816.6,52.3746
1966,334187650245816.6,52.4006
1967,334187650245816.6,52.4277
1968,334187650245816.6,52.454
1969,334187650245816.6,52.48
1970,334187650245816.6,52.507
1971,334187650245816.6,52.5331
1972,334187650245816.6,52.5593
1973,334187650245816.6,52.5863
1974,334187650245816.6,52.6122
1975,334187650245816.6,52.6384
1976,334187650245816.6,52.6654
1977,334187650245816.6,52.6913
1978,334187650245816.6,52.7174
1979,334187650245816.6,52.7444
1980,334187650245816.6,52.7703
1981,334187650245816.6,52.7963
1982,334187650245816.6,52.8233
1983,334187650245816.6,52.8492
1984,334187650245816.6,52.8753
1985,334187650245816.6,52.9023
1986,334187650245816.6,52.9282
1987,334187650245816.6,52.9543
1988,334187650245816.6,52.9813
1989,334187650245816.6,53.0073
1990,334187650245816.6,53.0333
1991,334187650245816.6,53.0603
1992,334187650245816.6,53.0862
1993,334187650245816.6,53.1123
1994,334187650245816.6,53.1392
1995,334187650245816.6,53.1652
1996,334187650245816.6,53.1912
1997,334187650245816.6,53.2185
1998,334187650245816.6,53.2445
1999,334187650245816.6,53.2706
2000,334187650245816.6,53.2975
2001,334187650245816.6,53.3235
