1,51021915954,0.87973
2,46650778715,4.9776
3,42863429486,5.9635
4,39536232176,6.748
5,36823595040,7.5571
6,33240389545,8.4349
7,30831826484,9.2237
8,28971063339,10.0317
9,27291595513,10.8144
10,25933810439,11.5965
11,24576589351,12.3861
12,23809226379,13.1662
13,23093385049,13.9473
14,22163234309,14.7277
15,21359917569,15.5156
16,20728346146,16.2968
17,20110382208,17.0984
18,19151789983,17.8829
19,18632999646,18.6694
20,18261819146,19.4565
21,17930627532,20.2666
22,17517451949,21.0577
23,17344691589,21.8373
24,17213502839,22.6205
25,17246852240,23.4001
26,17282536900,24.1918
27,17339340713,24.977
28,17365151567,25.7604
29,17429109128,26.5432
30,16705203243,27.5259
31,16074715958,28.5011
32,15466287353,29.476
33,14946007808,30.4618
34,14446781958,31.4375
35,14010030570,32.4123
36,13579017836,33.3955
37,13169395503,34.3701
38,12807539863,35.4197
39,12449756910,36.4026
40,11952804464,37.376
41,11674630884,38.3512
42,11416597681,39.3331
43,11049039416,40.3066
44,10799514451,41.2815
45,10557114451,42.2654
46,10319356958,43.2409
47,10097414085,44.2213
48,9827532916,45.2002
49,9622650106,46.1759
50,9422650106,47.1495
51,9233651476,48.1287
52,9045188316,49.1025
53,8856852766,50.076
54,8676249558,51.0557
55,8515383883,52.0285
56,8354769748,53.0036
57,8205207692,53.9846
58,7941237652,54.9595
59,7792457277,55.935
60,7652162841,56.9099
61,7514096686,57.9154
62,7379313236,58.8899
63,7255550076,59.865
64,7138350801,60.8475
65,7026177756,61.8251
66,6920256206,62.7985
67,6820275791,63.7804
68,6727470367,64.7528
69,6639470367,65.7267
70,6551470367,66.7094
71,6201880464,67.6855
72,6115310049,68.664
73,6030709934,69.6444
74,5950709934,70.6437
75,5870709934,71.6194
76,5745832494,72.6016
77,5665832494,73.5753
78,5586182914,74.5509
79,5510841634,75.5332
80,5439633137,76.5053
81,5371017987,77.4907
82,5302902932,78.4736
83,5230174597,79.4472
84,5162174597,80.4214
85,5094240927,81.4054
86,5014254161,82.379
87,4917854161,83.3535
88,4821454161,84.3376
89,4727933896,85.3142
90,4635533896,86.2887
91,4543133896,87.2696
92,4450733896,88.2443
93,4358333896,89.2248
94,4294578661,90.2324
95,4232578661,91.2089
96,4175810313,92.1834
97,4120367093,93.1621
98,4064942293,94.135
99,4015989163,95.1198
100,3970305383,96.1007
101,3926705383,97.0748
102,3883105383,98.0505
103,3805242443,99.0326
104,3763867038,100.0074
105,3719034753,100.9827
106,3677796353,101.9639
107,3636590983,102.9352
108,3595942368,103.9102
109,3552891828,104.8872
110,3512342158,105.8642
111,3471940303,106.8385
112,3431940303,107.8135
113,3391940303,108.7964
114,3351940303,109.7705
115,3311940303,110.745
116,3271940303,111.7281
117,3231940303,112.6989
118,3191940303,113.674
119,3151940303,114.654
120,3114575557,115.6279
121,3077594552,116.6027
122,3042057007,117.5835
123,3002057007,118.5604
124,2967854457,119.5362
125,2934505056,120.5237
126,2901178056,121.4995
127,2869279601,122.4973
128,2837969591,123.4799
129,2806716075,124.4537
130,2766716075,125.4301
131,2729269675,126.4129
132,2698143815,127.3908
133,2667834565,128.3652
134,2618143815,129.3523
135,2588090295,130.3263
136,2558117540,131.3009
137,2500326400,132.2827
138,2340151548,133.2572
139,2132968303,134.232
140,2104296413,135.2116
141,2077444793,136.186
142,2051678318,137.1605
143,2026755938,138.141
144,2002329628,139.127
145,1972266048,140.2384
146,1943812643,141.3059
147,1923108090,142.2814
148,1906372620,143.2556
149,1890600875,144.2382
150,1810600875,145.2142
151,1770981855,146.1876
152,1757045915,147.1676
153,1745045915,148.142
154,1733045915,149.1175
155,1721045915,150.0996
156,1709045915,151.0753
157,1698268181,152.0498
158,1687566231,153.0287
159,1677629811,154.0024
160,1668539361,154.9769
161,1659616621,155.9562
162,1650981586,156.9312
163,1642981586,157.9055
164,1636587946,158.8799
165,1623256491,159.8615
166,1612634611,160.8365
167,1602706046,161.811
168,1595313016,162.7943
169,1588985241,163.7683
170,1546940611,164.7425
171,1538236311,165.7213
172,1532708421,166.6958
173,1527342763,167.6699
174,1522201548,168.6488
175,1517085248,169.6224
176,1512101886,170.5964
177,1507125500,171.5777
178,1502420810,172.5524
179,1497758090,173.5273
180,1493112640,174.51
181,1488571920,175.483
182,1484060250,176.4548
183,1480060250,177.4369
184,1476060250,178.4123
185,1472060250,179.3913
186,1468060250,180.3735
187,1464060250,181.3491
188,1460060250,182.3275
189,1456060250,183.3132
190,1452060250,184.3016
191,1448060250,185.2801
192,1444060250,186.2628
193,1440435480,187.2372
194,1437438770,188.2115
195,1414769095,189.192
196,1408375455,190.169
197,1405568275,191.145
198,1402828305,192.1266
199,1397568275,193.1006
200,1395168275,194.0761
201,1392884880,195.0611
202,1390734550,196.0351
203,1388643800,197.0099
204,1386643800,197.9898
205,1384643800,198.9645
206,1382643800,199.9403
207,1380643800,200.9196
208,1378643800,201.8948
209,1376643800,202.8701
210,1374643800,203.8456
211,1372643800,204.829
212,1370643800,205.8037
213,1368643800,206.7789
214,1366643800,207.7631
215,1364643800,208.7399
216,1362643800,209.7159
217,1360643800,210.6979
218,1358643800,211.6719
219,1356643800,212.6477
220,1354643800,213.6314
221,1352643800,214.6081
222,1350643800,215.5846
223,1348643800,216.5666
224,1346643800,217.5407
225,1344643800,218.5185
226,1342643800,219.5033
227,1340643800,220.4797
228,1338643800,221.4568
229,1336643800,222.4409
230,1334643800,223.4186
231,1332643800,224.3965
232,1330643800,225.3813
233,1328643800,226.3611
234,1326643800,227.3348
235,1324643800,228.3168
236,1322643800,229.2915
237,1320643800,230.2657
238,1318643800,231.2484
239,1316643800,232.2254
240,1314643800,233.202
241,1312643800,234.1844
242,1310643800,235.1583
243,1308643800,236.1329
244,1306643800,237.1132
245,1304643800,238.0885
246,1302643800,239.0646
247,1300643800,240.0686
248,1298643800,241.0459
249,1296643800,242.0249
250,1294643800,243.0087
251,1292643800,244.0066
252,1290643800,244.9843
253,1288643800,245.9677
254,1286643800,246.9472
255,1284643800,247.923
256,1282643800,248.9061
257,1280643800,249.8739
258,1278643800,250.8432
259,1276643800,251.8117
260,1274643800,252.7829
261,1272643800,253.7516
262,1270643800,254.7201
263,1268643800,255.6962
264,1266643800,256.6654
265,1264643800,257.6331
266,1262643800,258.6037
267,1260643800,259.5722
268,1258643800,260.54
269,1256643800,261.5112
270,1254643800,262.4801
271,1252643800,263.4498
272,1250643800,264.4194
273,1248643800,265.3874
274,1246643800,266.3566
275,1244643800,267.3311
276,1242643800,268.3002
277,1240643800,269.2705
278,1238643800,270.2412
279,1236643800,271.212
280,1234643800,272.1824
281,1232643800,273.1558
282,1230643800,274.1264
283,1228643800,275.0965
284,1226643800,276.0685
285,1224643800,277.0396
286,1222643800,278.0136
287,1220643800,278.9867
288,1218643800,279.9581
289,1216643800,280.9319
290,1214643800,281.9068
291,1212643800,282.892
292,1210643800,283.8647
293,1208643800,284.8376
294,1206643800,285.8117
295,1204643800,286.7898
296,1202643800,287.7591
297,1200643800,288.7294
298,1198643800,289.6981
299,1196643800,290.6668
300,1194643800,291.6382
301,1192643800,292.6085
302,1190643800,293.5789
303,1188643800,294.5484
304,1186643800,295.5169
305,1184643800,296.4859
306,1182643800,297.4544
307,1180643800,298.4229
308,1178643800,299.3915
309,1176643800,300.3616
310,1174643800,301.3309
311,1172643800,302.3052
312,1170643800,303.2846
313,1168643800,304.5917
314,1166643800,305.563
315,1164643800,306.5334
316,1162643800,307.5028
317,1160643800,308.4719
318,1158643800,309.4472
319,1156643800,310.4172
320,1154643800,311.3865
321,1152643800,312.3587
322,1134627100,313.3288
323,1132679165,314.2977
324,1130679165,315.2694
325,1128742745,316.2367
326,1126819655,317.2067
327,1125112940,318.1763
328,1123494230,319.1458
329,1121894230,320.1138
330,1120294230,321.0932
331,1118694230,322.0618
332,1117094230,323.0318
333,1115494230,324.0029
334,1113894230,324.9704
335,1112294230,325.939
336,1110694230,326.9084
337,1109094230,327.8802
338,1107494230,328.8499
339,1105894230,329.8206
340,1104294230,330.8046
341,1102742770,331.7711
342,1101205470,332.7403
343,1099766700,333.7106
344,1098360340,334.6788
345,1097132270,335.6491
346,1095939450,336.6211
347,1094823150,337.5882
348,1093774235,338.5565
349,1092735675,339.5269
350,1091784590,340.4952
351,1090735675,341.4646
352,1089784590,342.4358
353,1088735675,343.4047
354,1087784590,344.375
355,1086735675,345.345
356,1085784590,346.3149
357,1084977410,347.2826
358,1083784590,348.2526
359,1082977410,349.2209
360,1081784590,350.1902
361,1080977410,351.163
362,1079821990,352.1335
363,1079014810,353.1035
364,1078394832,354.0726
365,1077819307,355.0401
366,1077251187,356.0088
367,1076697717,356.9782
368,1074851187,357.9462
369,1074297717,358.9166
370,1072451187,359.8849
371,1071897717,360.8549
372,1070051187,361.827
373,1069497717,362.7963
374,1067651187,363.7662
375,1067097717,364.7366
376,1065251187,365.708
377,1064697717,366.6786
378,1062851187,367.6498
379,1062297717,368.6218
380,1060451187,369.5972
381,1059897717,370.5692
382,1058051187,371.5404
383,1057514502,372.5124
384,1056451187,373.4796
385,1055914502,374.449
386,1054851187,375.4181
387,1054356277,376.3856
388,1052433187,377.3535
389,1050851187,378.3235
390,1050356277,379.295
391,1048433187,380.2761
392,1046851187,381.2488
393,1046356277,382.218
394,1044433187,383.1872
395,1042851187,384.1584
396,1042356277,385.1303
397,1040433187,386.1011
398,1038851187,387.0707
399,1038356277,388.0414
400,1036433187,389.013
401,1034851187,389.9846
402,1034356277,390.958
403,1032433187,391.9288
404,1030851187,392.899
405,1030356277,393.872
406,1028774277,394.8496
407,1028356277,395.8207
408,1026774277,396.7975
409,1026374277,397.7661
410,1025974277,398.7346
411,1025574277,399.7046
412,1025174277,400.6741
413,1024774277,401.6446
414,1024374277,402.6158
415,1023974277,403.5851
416,1023574277,404.5536
417,1023174277,405.5248
418,1022774277,406.4931
419,1020995477,407.4615
420,1020595477,408.4339
421,1020195477,409.4031
422,1019795477,410.3728
423,1019395477,411.3447
424,1018995477,412.314
425,1018595477,413.284
426,1018195477,414.2634
427,1017795477,415.2353
428,1017395477,416.207
429,1017020702,417.1766
430,1016772707,418.1454
431,1015420702,419.197
432,1015020702,420.1698
433,1014772707,421.1393
434,1013420702,422.1157
435,1013020702,423.0912
436,1012787177,424.0599
437,1011020702,425.0294
438,1010787177,425.9998
439,1009020702,426.9672
440,1008787177,427.9358
441,1007020702,428.9044
442,1006787177,429.8734
443,1005020702,430.8427
444,1004787177,431.8125
445,1003020702,432.7834
446,1002787177,433.7522
447,1001020702,434.7242
448,1000787177,435.7003
449,1000145182,436.6762
450,999911657,437.6753
451,999690457,438.6579
452,977358187,439.6263
453,977136987,440.596
454,976961792,441.5668
455,976792922,442.5342
456,976635052,443.5035
457,974235052,444.4758
458,972883047,445.4452
459,972792922,446.413
460,972635052,447.3844
461,970235052,448.354
462,968883047,449.3238
463,968792922,450.2974
464,968635052,451.2665
465,966235052,452.2363
466,964883047,453.2089
467,964792922,454.1808
468,964635052,455.1507
469,962235052,456.1312
470,960883047,457.1057
471,960792922,458.0775
472,960635052,459.0487
473,958235052,460.0189
474,956883047,460.9988
475,956792922,461.9705
476,956635052,462.9409
477,954235052,463.9096
478,952883047,464.88
479,952792922,465.8511
480,952635052,466.8203
481,950235052,467.79
482,948883047,468.7629
483,948792922,469.7339
484,948635052,470.7041
485,946788522,471.6818
486,945436517,472.6545
487,945104247,473.6227
488,944883047,474.5929
489,944792922,475.5629
490,944635052,476.5417
491,942788522,477.5405
492,941436517,478.515
493,941104247,479.4884
494,940883047,480.4666
495,940792922,481.4467
496,940635052,482.4244
497,938788522,483.4046
498,937436517,484.3796
499,937104247,485.3547
500,936883047,486.3261
501,936792922,487.3038
502,936635052,488.2841
503,934788522,489.2637
504,933436517,490.2434
505,933104247,491.2271
506,933014122,492.2111
507,932856252,493.182
508,931009722,494.1548
509,929657717,495.133
510,929567592,496.1078
511,929409722,497.0833
512,928057717,498.0606
513,927657717,499.0434
514,927571675,500.0198
515,927520755,500.9958
516,927520755,501.9678
517,927520755,502.9456
518,927520755,503.9239
519,926782125,504.8992
520,926782125,505.8791
521,926782125,506.8592
522,926782125,507.8394
523,926782125,508.8206
524,926782125,509.7975
525,999559760,510.584
526,926782125,511.3719
527,1290577693,512.16
528,1832952573,512.9445
529,2384030408,513.7266
530,2994844268,514.5071
531,3635876102,515.2866
532,4280749886,516.0716
533,4933280351,516.8556
534,5521629031,517.6392
535,5882626351,518.4191
536,6509379664,519.2072
537,7171801934,519.9882
538,7857167116,520.7699
539,8553009073,521.5546
540,9234867410,522.3423
541,9932669146,523.1301
542,10670581881,523.9431
543,10876471623,524.7423
544,11249918573,525.5603
545,12009651968,526.3578
546,12750207988,527.1405
547,13444694663,527.9241
548,14132820338,528.7114
549,14455634218,529.4929
550,14843850913,530.2875
551,15608651761,531.0737
552,14843850913,532.0506
553,14146049177,533.0236
554,13457923502,534.0003
555,12763436827,534.9731
556,12022880807,535.9448
557,11263147412,536.9203
558,10581289075,537.8923
559,9885447118,538.8649
560,9240573334,539.8386
561,8599541500,540.8135
562,7972788187,541.7865
563,7361974327,542.7601
564,6810896492,543.7378
565,6268521612,544.7106
566,5860941742,545.6867
567,5449899827,546.6616
568,4764534645,547.6348
569,4376317950,548.6085
570,4012522382,549.5829
571,3350100112,550.5551
572,2989102792,551.53
573,2400754112,552.5051
574,1748223647,553.477
575,1425409767,554.4498
576,1219520025,555.4254
577,1219520025,556.3997
578,1219520025,557.3741
579,1219520025,558.3506
580,1190905385,559.3234
581,1179520025,560.2953
582,1179520025,561.2711
583,1179520025,562.2446
584,1179520025,563.2193
585,1179520025,564.1976
586,1179520025,565.1758
587,1179473805,566.1535
588,1177520025,567.1289
589,1177520025,568.1052
590,1177520025,569.0844
591,1177429900,570.0592
592,1177272030,571.0329
593,1175920025,572.0068
594,1175920025,572.9892
595,1175920025,573.9693
596,1175920025,574.9503
597,945757498,575.9274
598,926182125,576.9021
599,925782125,577.8754
600,925382125,578.8498
601,924982125,579.8275
602,924582125,580.8025
603,924182125,581.7774
604,923782125,582.7562
605,923382125,583.7345
606,922982125,584.7059
607,922982125,585.6908
608,922982125,586.6642
609,922982125,587.6353
610,922982125,588.6117
611,922982125,589.5882
612,1697788265,590.3731
613,922982125,591.1578
614,1752087880,591.9377
615,1831537336,592.717
616,2279182730,593.497
617,2349560365,594.2768
618,2711355933,595.055
619,3253730813,595.8344
620,3790773588,596.617
621,4401587448,597.4017
622,5042619282,598.1812
623,5687493066,598.961
624,6340023531,599.7412
625,6926372211,600.5233
626,7291369531,601.304
627,7914122844,602.0845
628,8572545114,602.8629
629,9257910296,603.6449
630,9953752253,604.4279
631,10635610590,605.2076
632,11333412326,606.2932
633,12066325061,607.0725
634,12270214803,607.8503
635,12648661753,608.632
636,13408395148,609.4132
637,14150951168,610.1941
638,14845437843,610.978
639,14147636107,611.9506
640,13453149432,612.9208
641,12710593412,613.8904
642,11950860017,614.861
643,11269001680,615.831
644,10573159723,616.8007
645,9928285939,617.7699
646,9287254105,618.7409
647,8664500792,619.7113
648,8053686932,620.6829
649,7511312052,621.655
650,6974269277,622.6258
651,6526623883,623.5966
652,5697518128,624.5678
653,5332520808,625.5386
654,4746172128,626.5109
655,4093641663,627.4969
656,3731846095,628.4684
657,3527956353,629.4405
658,3417827173,630.4148
659,3332535938,631.3873
660,3253086482,632.359
661,3182708847,633.3322
662,3144176291,634.3036
663,2675725601,635.2759
664,2017303331,636.2484
665,1995840993,637.2186
666,1984435863,638.1898
667,1973584243,639.1645
668,1971584243,640.1366
669,1931584243,641.1101
670,1931584243,642.0851
671,1931584243,643.0604
672,1931584243,644.0414
673,1931584243,645.0173
674,1926938793,645.9905
675,1924938793,646.9643
676,1924938793,647.9394
677,1924938793,648.9217
678,1924938793,649.9011
679,1924892573,650.8782
680,1924860343,651.8555
681,1924860343,652.8352
682,1924860343,653.8159
683,1924770218,654.7962
684,1924612348,655.7733
685,1922690798,656.7469
686,1921338793,657.7224
687,1921338793,658.7015
688,1921338793,659.6819
689,1753338793,660.6553
690,1705338793,661.6247
691,1705338793,662.6022
692,1705338793,663.5808
693,1684011793,664.555
694,1652098743,665.5239
695,1651497593,666.4977
696,1649897593,667.468
697,1648848678,668.4401
698,1647897593,669.4129
699,2453667363,670.1914
700,2776481243,670.9693
701,3164697938,671.7478
702,3915331038,672.528
703,4435482257,673.3194
704,5147286892,674.1288
705,5933961762,674.933
706,6761067517,675.7561
707,7208712911,676.5488
708,7245945566,677.3406
709,7609741134,678.1298
710,8150116014,678.9208
711,8689158789,679.7102
712,9299972649,680.4951
713,9941004483,681.285
714,10585878267,682.0763
715,11236408732,682.8707
716,11830757412,683.6786
717,12197754732,684.4816
718,12812677277,685.2821
719,13471099547,686.077
720,14330294800,686.8673
721,14992025087,687.6641
722,15865777059,688.4537
723,16603578795,689.2435
724,16889342478,690.0481
725,17091232220,690.8352
726,16217480248,691.8051
727,15389175267,692.7743
728,14583405497,693.7452
729,13796730627,694.7152
730,13058928891,695.6857
731,12400506621,696.664
732,11755632837,697.6351
733,11093902550,698.6049
734,10452870716,699.5748
735,9837948171,700.545
736,9227134311,701.5146
737,8686759431,702.4858
738,8147716656,703.4564
739,7700071262,704.4285
740,6872965507,705.4146
741,6479036857,706.3947
742,6090820162,707.368
743,5723822842,708.3418
744,5129474162,709.3121
745,4478943697,710.2853
746,4114263222,711.2575
747,3732567352,712.2289
748,3368771784,713.2073
749,3045957904,714.1874
750,2767633379,715.1662
751,2098394439,716.1445
752,1896504697,717.1173
753,1774055220,718.0874
754,1686055220,719.059
755,1631314294,720.0308
756,1619795664,721.0025
757,1610592944,721.9742
758,1608664504,722.9476
759,1607265654,723.9216
760,1606865654,724.9018
761,1606465654,725.8784
762,1606065654,726.8533
763,1606065654,727.8291
764,1606065654,728.8089
765,1606065654,729.786
766,1606065654,730.7661
767,1606065654,731.7475
768,1606065654,732.7263
769,1598628784,733.699
770,1598008806,734.6735
771,1598008806,735.655
772,1560457346,736.6273
773,1560457346,737.6033
774,1560457346,738.5832
775,1560411126,739.5585
776,1560378896,740.537
777,1377618044,741.5095
778,1345656324,742.481
779,1321214949,743.4527
780,1319293399,744.4337
781,1318855999,745.4087
782,1316455999,746.385
783,1315919314,747.3691
784,1267881034,748.3486
785,1179881034,749.3287
786,1259330490,750.1188
787,1998514765,750.9108
788,2844445435,751.6982
789,3595985920,752.478
790,4229778844,753.2594
791,4552592724,754.0415
792,4942809419,754.8198
793,5649754070,755.5994
794,6196274263,756.3794
795,6628750218,757.1619
796,7415425088,757.9411
797,8242530843,758.7277
798,9161385093,759.5152
799,9288602193,760.2967
800,9652397761,761.0758
801,10192772641,761.8751
802,11140634007,762.672
803,11751447867,763.4544
804,12392479701,764.2343
805,13037353485,765.0157
806,13685883950,765.7981
807,14288232630,766.5825
808,14999203760,767.3664
809,15749957073,768.1529
810,16406379343,768.9367
811,17418512295,769.7213
812,18122754252,770.5036
813,17039596167,771.4756
814,16027463215,772.4448
815,15079601849,773.4146
816,14160747599,774.3868
817,13333641844,775.357
818,12546966974,776.3261
819,11842725017,777.2966
820,11186302747,778.2673
821,10541428963,779.2378
822,9900397129,780.2092
823,9266604205,781.1785
824,8461607520,782.1477
825,7790676850,783.1307
826,7179862990,784.1114
827,6639488110,785.097
828,5888734797,786.0874
829,5456258842,787.0649
830,5066042147,788.0393
831,4699044827,789.021
832,4335249259,789.9979
833,4012435379,790.975
834,3881008914,791.9464
835,3575325959,792.9153
836,3448108859,793.8915
837,3368659403,794.8821
838,2249206723,795.8609
839,2154001248,796.8332
840,1327520629,797.8096
841,1305171064,798.8005
842,1286795691,799.7788
843,1069750471,800.7502
844,1055077471,801.725
845,1046088446,802.6961
846,1042903091,803.6735
847,1040903091,804.6515
848,1039675021,805.63
849,1039275021,806.6135
850,1038893731,807.6063
851,1038419656,808.5896
852,1036980886,809.6036
853,1036242256,810.6147
854,1036170696,811.6018
855,990058876,812.5815
856,990058876,813.5623
857,990058876,814.5387
858,990058876,815.515
859,990058876,816.5083
860,990058876,817.5165
861,990058876,818.5077
862,990058876,819.4903
863,990058876,820.4678
864,990012656,821.4429
865,990012656,822.4225
866,942012656,823.3965
867,894012656,824.37
868,854303329,825.3427
869,820554756,826.313
870,772554756,827.2848
871,764826657,828.2564
872,758575230,829.2247
873,753395369,830.1934
874,750255394,831.1638
875,748255394,832.1333
876,746255394,833.1036
877,744255394,834.0759
878,742255394,835.0493
879,740255394,836.0318
880,738255394,837.005
881,736255394,837.9771
882,734255394,838.9482
883,732255394,839.9206
884,730412824,840.9016
885,729151454,841.8773
886,728026974,842.851
887,726959530,843.8236
888,726317110,844.7957
889,725917110,845.7657
890,725517110,846.737
891,725117110,847.7178
892,724717110,848.6924
893,724317110,849.6718
894,723917110,850.6585
895,723517110,851.6338
896,723117110,852.6069
897,722717110,853.5824
898,722317110,854.5555
899,721917110,855.5328
900,721517110,856.5071
901,721117110,857.4807
902,720717110,858.4614
903,720317110,859.4327
904,719917110,860.4034
905,719517110,861.3737
906,719117110,862.3447
907,718717110,863.3147
908,718317110,864.287
909,717917110,865.2579
910,717517110,866.2291
911,717117110,867.2031
912,716717110,868.1756
913,716335820,869.1435
914,716107093,870.1178
915,716107093,871.0868
916,716107093,872.0554
917,716107093,873.0266
918,716107093,873.9975
919,716107093,874.9708
920,795556549,875.7499
921,716107093,876.5294
922,1415908829,877.308
923,1617798571,878.0862
924,2326795381,878.8643
925,3042960563,879.6455
926,3759873298,880.4252
927,4135320248,881.2021
928,4864250918,881.9839
929,5187064798,882.7624
930,5575281493,883.5403
931,6335014888,884.3196
932,7079570908,885.1042
933,7329643318,885.8812
934,7938412123,886.6597
935,8718395516,887.4416
936,9542541421,888.223
937,9626938382,889.0015
938,9990733950,889.7813
939,10531108830,890.5633
940,11266395293,891.3456
941,11879209153,892.1244
942,12520240987,892.904
943,13165114771,893.6848
944,13813645236,894.4666
945,14640750991,895.2475
946,15465804920,896.0282
947,14393109922,896.9989
948,13568964017,897.9691
949,12788980624,898.9393
950,12060049954,899.9085
951,11351053144,900.8789
952,10651251408,901.8479
953,10002720943,902.8175
954,9357847159,903.7898
955,8716815325,904.7604
956,8104001465,905.73
957,7495232660,906.6993
958,6954857780,907.6685
959,6467212386,908.6397
960,5640106631,909.6114
961,5251889936,910.5827
962,4888094368,911.5535
963,4565280488,912.5251
964,4315208078,913.4956
965,3570652058,914.4642
966,2810918663,915.4349
967,2609028921,916.4055
968,2497899741,917.3762
969,2413502780,918.3495
970,1949052090,919.319
971,1910119534,920.2895
972,1822119534,921.2595
973,1790119534,922.2291
974,1763504894,923.1996
975,1736830279,924.1709
976,1723444919,925.1413
977,1716039789,926.1097
978,1714674824,927.0833
979,1706966121,928.054
980,1706966121,929.0279
981,1706966121,930.0033
982,1706966121,930.9861
983,1706331086,931.9801
984,1706331086,932.9595
985,1706331086,933.9525
986,1706331086,934.9414
987,1706331086,935.9265
988,1706331086,936.9126
989,1706331086,937.8978
990,1706331086,938.8798
991,1706331086,939.8615
992,1706331086,940.8439
993,1706331086,941.8329
994,1706331086,942.8179
995,1706331086,943.8016
996,1706331086,944.7844
997,1706331086,945.7711
998,1706331086,946.7559
999,1538331086,947.7256
1000,1538331086,948.7088
1001,1505418036,949.6824
1002,1480091036,950.6532
1003,1427799801,951.627
1004,1425799801,952.5974
1005,1424199801,953.5702
1006,1423150886,954.5435
1007,1422199801,955.5189
1008,1422199801,956.4912
1009,1422199801,957.4694
1010,1420199801,958.4589
1011,1420199801,959.4304
1012,1420199801,960.4091
1013,1420199801,961.3817
1014,1420199801,962.3567
1015,1420199801,963.3312
1016,1420199801,964.3048
1017,1420199801,965.2822
1018,1420199801,966.2703
1019,1420199801,967.2531
1020,1420199801,968.2546
1021,1420199801,969.2455
1022,1420199801,970.2433
1023,1420199801,971.2268
1024,1420199801,972.208
1025,1420199801,973.1951
1026,1420199801,974.1754
1027,1420199801,975.1579
1028,1420199801,976.1428
1029,1420199801,977.1241
1030,1420199801,978.1106
1031,1420199801,979.1018
1032,1419799801,980.0786
1033,1419399801,981.0582
1034,1400568671,982.0301
1035,1398568671,983.0072
1036,1396968671,983.9803
1037,1395919756,984.9587
1038,1394968671,985.928
1039,1394968671,986.8991
1040,1394968671,987.8781
1041,1394457001,988.8593
1042,1394457001,989.8377
1043,1394457001,990.8132
1044,1394457001,991.7846
1045,1394457001,992.7581
1046,1394457001,993.732
1047,1394457001,994.705
1048,1394457001,995.6784
1049,1394457001,996.6573
1050,1394457001,997.6318
1051,1394457001,998.6088
1052,1394457001,999.5912
1053,1394457001,1000.5722
1054,2147306482,1001.3525
1055,2801728752,1002.1343
1056,3565416850,1002.9245
1057,4233658807,1003.7068
1058,5076793697,1004.4912
1059,5926563467,1005.2833
1060,6663965203,1006.0702
1061,6949854945,1006.8552
1062,7624851755,1007.6366
1063,8514969230,1008.4256
1064,8811454315,1009.2163
1065,9083793794,1010.0008
1066,9836699784,1010.7894
1067,10159513664,1011.5795
1068,10549730359,1012.3615
1069,11309463754,1013.1485
1070,11880089184,1013.9343
1071,12308092184,1014.7231
1072,13205547701,1015.5082
1073,13948650074,1016.3061
1074,14866536529,1017.091
1075,14950933490,1017.8782
1076,15318729058,1018.662
1077,15855103938,1019.4458
1078,16773958188,1020.2307
1079,17386772048,1021.0137
1080,18027803882,1021.7955
1081,17108949632,1022.766
1082,16191063177,1023.7387
1083,15293607660,1024.7095
1084,14403490185,1025.6801
1085,13523485617,1026.6517
1086,12680350727,1027.6223
1087,11927501246,1028.5929
1088,11184398873,1029.5651
1089,10420710775,1030.5361
1090,9683309039,1031.5076
1091,9008312229,1032.4813
1092,8340070272,1033.457
1093,7685648002,1034.4448
1094,7044616168,1035.4201
1095,6431802308,1036.3906
1096,5895427428,1037.3622
1097,5485028868,1038.3352
1098,4896798998,1039.3065
1099,4137065603,1040.2777
1100,3746848908,1041.2505
1101,3363153038,1042.2216
1102,2995357470,1043.1927
1103,2672543590,1044.1656
1104,2512135640,1045.1355
1105,1662365870,1046.1069
1106,1522071434,1047.0785
1107,1409221957,1048.067
1108,1321221957,1049.0392
1109,1236824996,1050.0119
1110,1225306366,1050.9835
1111,1215980981,1051.9559
1112,1207980981,1052.9285
1113,1205980981,1053.9031
1114,1205980981,1054.8764
1115,1205980981,1055.8519
1116,1090875471,1056.8268
1117,1090875471,1057.8008
1118,1090875471,1058.7884
1119,1090875471,1059.7705
1120,1090875471,1060.7469
1121,1090875471,1061.7237
1122,1090875471,1062.7102
1123,1090875471,1063.688
1124,1090875471,1064.6702
1125,1090875471,1065.661
1126,1090875471,1066.6439
1127,1090875471,1067.6255
1128,1090875471,1068.6077
1129,1090875471,1069.5919
1130,1090875471,1070.5871
1131,1090875471,1071.5772
1132,1061913751,1072.5533
1133,1061913751,1073.5504
1134,1061913751,1074.5467
1135,1048591004,1075.517
1136,1048591004,1076.4946
1137,1048591004,1077.4784
1138,997552724,1078.449
1139,760507504,1079.4242
1140,751834504,1080.4074
1141,749834504,1081.3769
1142,749834504,1082.3476
1143,749434504,1083.3191
1144,749434504,1084.3027
1145,749434504,1085.278
1146,749434504,1086.2512
1147,749434504,1087.2341
1148,749434504,1088.2098
1149,749434504,1089.1952
1150,749434504,1090.1696
1151,749434504,1091.1427
1152,749434504,1092.1188
1153,749434504,1093.1016
1154,749434504,1094.076
1155,749434504,1095.0572
1156,749434504,1096.0324
1157,749434504,1097.0085
1158,749434504,1097.9861
1159,749434504,1098.9652
1160,749434504,1099.9425
1161,749434504,1100.9213
1162,749434504,1101.9224
1163,749434504,1102.9142
1164,749434504,1103.9
1165,749434504,1104.8822
1166,749434504,1105.8661
1167,749434504,1106.8441
1168,749434504,1107.8283
1169,727459131,1108.7989
1170,727059131,1109.77
1171,726391687,1110.7405
1172,725163617,1111.7094
1173,725163617,1112.6805
1174,724763617,1113.6513
1175,724763617,1114.6341
1176,724763617,1115.6089
1177,724763617,1116.5823
1178,724763617,1117.5653
1179,724763617,1118.5375
1180,724763617,1119.5101
1181,724763617,1120.4825
1182,724763617,1121.4561
1183,724763617,1122.433
1184,724763617,1123.4158
1185,724763617,1124.3915
1186,724763617,1125.3722
1187,724763617,1126.3502
1188,1369637401,1127.1295
1189,2018167866,1127.9092
1190,2620516546,1128.6919
1191,2957513866,1129.4697
1192,3663010402,1130.2501
1193,4393941072,1131.0327
1194,5125990553,1131.814
1195,5608702963,1132.6053
1196,6183483457,1133.3849
1197,6938819912,1134.1663
1198,7640221648,1134.9462
1199,7980111390,1135.7242
1200,8659108200,1136.5043
1201,9419861513,1137.2862
1202,10114774248,1138.0777
1203,10255068684,1138.863
1204,10703515634,1139.6505
1205,11026329514,1140.4602
1206,11410546209,1141.2627
1207,12170279604,1142.047
1208,12922835624,1142.8288
1209,13519760979,1143.61
1210,14203886654,1144.4018
1211,14965340323,1145.1936
1212,15788446078,1145.9884
1213,15872843039,1146.7872
1214,16244638607,1147.5714
1215,15421532852,1148.5515
1216,14660079183,1149.5254
1217,13899325870,1150.512
1218,13197924134,1151.5011
1219,12513798459,1152.4831
1220,11834801649,1153.4725
1221,11189927865,1154.4636
1222,10593002510,1155.4414
1223,9840446490,1156.4179
1224,9080713095,1157.4006
1225,8505932601,1158.3761
1226,7773883120,1159.3449
1227,7291170710,1160.3134
1228,6560240040,1161.2848
1229,5854743504,1162.2535
1230,5406296554,1163.2279
1231,4711383819,1164.2034
1232,3956047364,1165.1883
1233,3571830669,1166.1715
1234,3200035101,1167.1547
1235,2860145359,1168.1252
1236,2523148039,1169.0933
1237,1920799359,1170.0648
1238,1272268894,1171.0344
1239,949455014,1172.004
1240,809160578,1172.9745
1241,724763617,1173.9436
1242,724363617,1174.913
1243,724363617,1175.891
1244,724363617,1176.8738
1245,724363617,1177.8435
1246,724363617,1178.8155
1247,724363617,1179.7948
1248,724363617,1180.7677
1249,724363617,1181.7427
1250,724363617,1182.7317
1251,724363617,1183.7235
1252,724363617,1184.7088
1253,724363617,1185.6879
1254,724363617,1186.6799
1255,724363617,1187.6635
1256,724363617,1188.6446
1257,724363617,1189.6225
1258,724363617,1190.6128
1259,724363617,1191.5969
1260,724363617,1192.5773
1261,723963617,1193.5482
1262,723963617,1194.5313
1263,723563617,1195.5105
1264,723563617,1196.5138
1265,723563617,1197.5071
1266,723563617,1198.5059
1267,723563617,1199.493
1268,723563617,1200.4832
1269,723563617,1201.4745
1270,723563617,1202.4593
1271,723563617,1203.4575
1272,723563617,1204.4539
1273,723163617,1205.4463
1274,723163617,1206.4214
1275,723163617,1207.3907
1276,723163617,1208.3715
1277,723163617,1209.3631
1278,723163617,1210.3388
1279,723163617,1211.3118
1280,723163617,1212.2914
1281,723163617,1213.2636
1282,723163617,1214.2382
1283,723163617,1215.2257
1284,723163617,1216.2101
1285,723163617,1217.1848
1286,723163617,1218.1633
1287,723163617,1219.145
1288,723163617,1220.1246
1289,723163617,1221.1075
1290,723163617,1222.092
1291,723163617,1223.0805
1292,722763617,1224.0587
1293,722763617,1225.0443
1294,722363617,1226.0161
1295,722363617,1227.0243
1296,722363617,1228.0079
1297,722363617,1229.0117
1298,722363617,1229.9969
1299,722363617,1231.0296
1300,722363617,1232.0155
1301,722363617,1232.9994
1302,722363617,1233.9829
1303,722363617,1234.9656
1304,721963617,1235.9357
1305,721963617,1236.9067
1306,721963617,1237.8805
1307,721963617,1238.8517
1308,721963617,1239.8311
1309,721963617,1240.8067
1310,721963617,1241.7795
1311,721963617,1242.7582
1312,721963617,1243.7314
1313,721963617,1244.7069
1314,721963617,1245.692
1315,721963617,1246.6664
1316,721963617,1247.6407
1317,721963617,1248.6247
1318,721963617,1249.5989
1319,721963617,1250.574
1320,721963617,1251.5525
1321,721963617,1252.5328
1322,1258338497,1253.3117
1323,1916760767,1254.0962
1324,2529574627,1254.875
1325,3170606461,1255.654
1326,3819480245,1256.4329
1327,4468010710,1257.2158
1328,5112359390,1257.9957
1329,5266493590,1258.7763
1330,6125688843,1259.5563
1331,7028543093,1260.3405
1332,7762592574,1261.1206
1333,8470834531,1261.9042
1334,9045615025,1262.6846
1335,9788951480,1263.4667
1336,10490353216,1264.247
1337,10850069619,1265.0385
1338,11537066429,1265.8205
1339,12299819742,1266.6035
1340,13010732477,1267.3842
1341,13151026913,1268.1634
1342,13581473863,1268.944
1343,13904287743,1269.7237
1344,14286504438,1270.5039
1345,15046237833,1271.2848
1346,15785189413,1272.068
1347,16399719208,1272.85
1348,17085443028,1273.63
1349,16226247775,1274.6062
1350,15463494462,1275.5784
1351,14755252505,1276.5485
1352,14053850769,1277.5185
1353,13366853959,1278.4915
1354,12681130139,1279.4623
1355,12022707869,1280.4324
1356,11373834085,1281.4062
1357,10470979835,1282.3762
1358,9829948001,1283.3485
1359,9217134141,1284.3203
1360,8620208786,1285.2895
1361,7863652766,1286.2611
1362,7103919371,1287.2489
1363,6529138877,1288.2296
1364,5795089396,1289.1994
1365,5258714516,1290.1743
1366,4824134646,1291.1571
1367,4441917951,1292.1422
1368,4066876036,1293.128
1369,3323539581,1294.1086
1370,2963823178,1295.0835
1371,2641009298,1296.0605
1372,2486875098,1297.0353
1373,1842526418,1298.0043
1374,1193995953,1298.9764
1375,1053701517,1299.9465
1376,1013701517,1300.9159
1377,1013301517,1301.8872
1378,1013301517,1302.8594
1379,1013301517,1303.8301
1380,1013301517,1304.801
1381,1013301517,1305.7733
1382,1013301517,1306.7447
1383,1013301517,1307.717
1384,1013301517,1308.6905
1385,1013301517,1309.6634
1386,1013301517,1310.6409
1387,1013301517,1311.6281
1388,1013301517,1312.6031
1389,1013301517,1313.5874
1390,1013301517,1314.5785
1391,1013301517,1315.5794
1392,1013301517,1316.5917
1393,1013301517,1317.5966
1394,1013301517,1318.6643
