1,2.793841506362225e+16,0.92946
2,1.390033551362226e+16,1.2129
3,9319541919832258,1.6904
4,5905876065083770,1.9617
1,5292073106083770,2.2382
2,4768675572083770,2.5199
3,4260559641635398,2.7917
4,3792162107635398,3.1369
1,2090468337404553,3.4124
2,618735577647883.4,3.7016
3,618735577647883.4,3.9784
4,618735577647883.4,4.2493
5,618735577647883.4,4.5202
6,618735577647883.4,4.7924
7,618735577647883.4,5.0629
8,618735577647883.4,5.3362
9,618735577647883.4,5.6063
10,618735577647883.4,5.8822
11,618735577647883.4,6.1598
12,618735577647883.4,6.4386
13,618735577647883.4,6.7168
14,618735577647883.4,6.9943
15,618735577647883.4,7.2714
16,618735577647883.4,7.6335
17,618735577647883.4,7.9075
18,618735577647883.4,8.1797
19,618735577647883.4,8.4499
20,618735577647883.4,8.7199
