1,3.123920195554327e+17,0.4897
2,2.420783615057761e+17,2.1992
3,1.877604161208701e+17,2.8762
4,1.480337126818112e+17,3.2695
5,1.089083361512706e+17,3.6329
6,7.942779049738086e+16,3.9895
7,5.411692606994197e+16,4.347
8,4.156439884000482e+16,4.7019
9,3.408842765942041e+16,5.0584
10,3.207858862619125e+16,5.4125
11,3.09461563243204e+16,5.7717
12,3.083764959448967e+16,6.1336
13,3.052323409349931e+16,6.4908
14,2.993209496334916e+16,6.845
15,2.991954422867967e+16,7.2
16,2.993209496334916e+16,7.5565
17,3.036953502398914e+16,7.9202
18,2.374742241397201e+16,8.3893
19,2.023365681797201e+16,8.7602
20,1.673945907797201e+16,9.1253
21,1.349323124725196e+16,9.61
22,1.095629926345802e+16,9.9764
23,8672736906560684,10.3415
24,7071904277925301,10.7059
25,5880355545925301,11.0703
26,4944662986076446,11.4355
27,4116614791837702,11.8
28,3348628241997956,12.1677
29,2596839192287000,12.5383
30,1900387491522279,12.9243
31,1424065219440385,13.2919
32,1108465813994126,13.66
33,848018327605630.1,14.0307
34,650164759306254,14.4027
35,503171442506254.1,14.7733
36,376157821706254,15.144
37,268728830610426.5,15.5107
38,183782325010426.5,15.8769
39,151112154203477,16.2437
40,123633764956129.5,16.6107
41,97024292504254.52,16.9812
42,74737613072339.81,17.3543
43,56889978483199.41,17.727
44,43359867248449.41,18.108
45,36148631740911.8,18.4892
46,32966047811371.4,18.8626
47,32214624426531.8,19.2224
