1,1.85162743970926e+18,0.72714
2,1.485454741267973e+18,3.1901
3,1.215476073898198e+18,5.6354
4,1.058586189601324e+18,8.0673
5,9.228757665416105e+17,10.4979
6,7.839208350904914e+17,12.9393
7,6.530234767294725e+17,15.385
8,5.323979152663972e+17,17.8159
9,4.304653365780161e+17,20.2503
10,3.850275459738012e+17,22.6846
11,3.494742320859512e+17,25.1144
12,3.150537733247437e+17,27.5471
13,2.80801092623014e+17,29.9799
14,2.522719433828781e+17,32.4099
15,2.254349867854145e+17,34.84
16,2.039140613302562e+17,37.2715
17,1.844275112830356e+17,39.7017
18,1.693847309179464e+17,42.1326
19,1.546944154702613e+17,44.56
20,1.409292136561475e+17,46.9886
21,1.277621982150457e+17,49.4192
22,1.152724176043935e+17,51.8505
23,1.037982632371734e+17,54.2797
24,9.505888413759341e+16,56.7106
25,8.704871536644544e+16,59.1421
26,7.539435491366997e+16,61.5728
27,6.836532269665984e+16,64.0047
28,6.181397852007562e+16,66.4381
29,5.571841708609906e+16,68.8708
30,5.17290866249021e+16,71.3058
31,4.77925797571448e+16,73.7397
32,4.332414807523469e+16,76.1691
33,3.99619593233029e+16,78.601
34,3.662059469067959e+16,81.0327
35,3.265583172879113e+16,83.4706
36,2.955153651440986e+16,85.9016
37,2.724805804480667e+16,88.3302
38,2.52385476369637e+16,90.7606
39,2.353760607923011e+16,93.1929
40,2.200549662257063e+16,95.6216
41,2.059949255405142e+16,98.052
42,1.901203616495718e+16,100.4823
43,1.764548727563574e+16,102.9131
44,1.637589661343257e+16,105.3437
45,1.528392338822888e+16,107.7767
46,1.433051853601966e+16,110.2057
47,1.353590141248342e+16,112.635
48,1.314205499519821e+16,115.0654
49,1.278836342035034e+16,117.5014
50,1.243672660366318e+16,119.9372
51,1.2367860653631e+16,122.3687
52,1.234209910561479e+16,124.8005
53,1.234209910561479e+16,127.2317
54,1.234209910561479e+16,129.6621
55,1.109223850561479e+16,132.1633
56,1.010910944277985e+16,134.6611
57,8686168531000406,137.1602
58,7828251801714173,139.7543
59,7057486377901617,142.2592
60,6301566180094917,144.7615
61,5580624308327010,147.2995
62,4989567551589227,149.7982
63,4476441445039979,152.2962
64,3967241255787665,154.795
65,3468836656964087,157.2959
66,3049418895300087,159.7962
67,2713300187849160,162.2961
68,2406814486612912,164.7936
69,2173173696644968,167.2946
70,1959136564670748,169.7941
71,1779446798692514,172.2921
72,1613087144066184,174.795
73,1452124092693477,177.2978
74,1299619831932123,179.7982
75,1147584799047891,182.2954
76,1011079380868474,184.7935
77,880967772868473.9,187.2976
78,774242676148192.2,189.7974
79,680582705903489.9,192.2974
80,596080145005807.5,194.7946
81,512137068205807.4,197.2938
82,442740080864815.4,199.7936
83,379925096746647.8,202.2964
84,319094949130128.2,204.8018
85,272080713994128.2,207.3039
86,238953267277038.2,209.8036
87,191363108921838.2,212.3031
88,160354664700265.8,214.8022
89,140506311163029.4,217.3033
90,123021314680119.4,219.8036
91,112477168404159.4,222.3067
92,102405441205751.9,224.8057
93,95569188955424.41,227.306
94,80952957611424.41,229.8143
95,76660349406524,232.3129
96,73140268264336.5,234.8112
97,69769322270209.8,237.309
98,66630938999082.3,239.8078
99,64301993825995.9,242.3051
100,63540819609995.9,244.8067
101,62792765393995.9,247.3058
102,62057831177995.9,249.81
103,61336016961995.9,252.3095
104,60621502473061.5,254.8066
105,58746252221675.9,257.3063
106,58031737732741.5,259.8076
107,57323043516741.5,262.3092
108,56627469300741.5,264.8086
109,55945015084741.5,267.3104
110,55275680868741.5,269.8098
111,54616730868741.5,272.3092
112,53960516652741.5,274.8094
113,53311166652741.5,277.3114
114,52668072436741.5,279.8175
115,52028322436741.5,282.3187
116,51398172436741.5,284.8178
117,50768198220741.5,287.3159
118,50147648220741.5,289.8166
119,49530794004741.5,292.3141
120,48919844004741.5,294.8125
121,48316109788741.5,297.3121
122,47714759788741.5,299.8362
123,47123009788741.5,302.3661
124,46532395572741.5,304.8662
125,45950245572741.5,307.3741
126,45372751356741.5,309.8771
127,44800201356741.5,312.3793
128,44235827140741.5,314.8796
129,43672877140741.5,317.3817
130,43119527140741.5,319.8831
131,42568272924741.5,322.3879
132,42024522924741.5,324.8913
133,41486388708741.5,327.393
134,40952238708741.5,329.8931
135,40427224492741.5,332.3933
136,39902674492741.5,334.8949
137,39384741277666.5,337.3976
138,38869791277666.5,339.8989
139,38357897061666.5,342.3997
140,37852547061666.5,344.8995
141,37353772845666.5,347.4024
142,36858022845666.5,349.9041
143,36371872845666.5,352.4055
144,35886218629666.5,354.9064
145,35409668629666.5,357.413
146,34937134413666.5,359.9151
147,34468703846166.5,362.4145
148,34001753846166.5,364.9168
149,33542339630166.5,367.4191
150,33084989630166.5,369.9235
151,32637239630166.5,372.4288
152,32190945414166.5,374.9292
153,31752795414166.5,377.4278
154,31319621198166.5,379.9291
155,30891071198166.5,382.4333
156,30471016982166.5,384.9341
157,30052066982166.5,387.4348
158,29642716982166.5,389.9358
159,29235782766166.5,392.436
160,28836032766166.5,394.9354
161,28442218550166.5,397.4366
162,28052068550166.5,399.9388
163,27671374334166.5,402.4397
164,27290824334166.5,404.9405
165,26919874334166.5,407.4415
166,26552300118166.5,409.942
167,26190950118166.5,412.4435
168,25836495902166.5,414.9464
169,25484745902166.5,417.4512
170,25142595902166.5,419.9531
171,24801261686166.5,422.4535
172,24468711686166.5,424.9551
173,24140497470166.5,427.4578
174,23817547470166.5,429.9595
175,23502453254166.5,432.4619
176,23189103254166.5,434.9605
177,22885353254166.5,437.4618
178,22583379038166.5,439.9635
179,22289229038166.5,442.4702
180,22000374822166.5,444.9756
181,21715824822166.5,447.4758
182,21440090606166.5,449.9774
183,21165140606166.5,452.4764
184,20899790606166.5,454.9787
185,20637176390166.5,457.4815
186,20381426390166.5,459.9846
187,20131932174166.5,462.4874
188,19885782174166.5,464.9893
189,19649232174166.5,467.4898
190,19412857958166.5,469.9925
191,19185907958166.5,472.4931
192,18962653742166.5,474.9932
193,18745303742166.5,477.4943
194,18531508358166.5,480.0046
195,18531508358166.5,482.4424
196,18531508358166.5,484.8778
197,18531508358166.5,487.3165
198,18317854142166.5,489.8212
199,18104058758166.5,492.3245
200,17893783374166.5,494.8249
201,17686033374166.5,497.3277
202,17478459158166.5,499.8307
203,17268183774166.5,502.3333
204,17061428390166.5,504.8347
205,16858193006166.5,507.3371
206,16653178790166.5,509.8403
207,16449943406166.5,512.341
208,16250228022166.5,514.8442
209,16051293806166.5,517.3452
210,15851578422166.5,519.8482
211,15653428422166.5,522.3509
212,15457233038166.5,524.8543
213,15264378822166.5,527.3561
214,15068183438166.5,529.8591
215,14875508054166.5,532.363
216,14686352670166.5,534.8656
217,14496058454166.5,537.3686
218,14306903070166.5,539.8807
219,14118353070166.5,542.3831
220,13932717686166.5,544.886
221,13748503470166.5,547.3896
222,13562868086166.5,549.8928
223,13380752702166.5,552.3968
224,13201802702166.5,554.8977
225,13023207318166.5,557.3988
226,12841553102166.5,559.9026
227,12662957718166.5,562.4095
228,12487882334166.5,564.9146
229,12312308118166.5,567.4169
230,12137232734166.5,569.9182
231,11965677350166.5,572.4228
232,11796183134166.5,574.9254
233,11624627750166.5,577.4285
234,11455277750166.5,579.932
235,11287242366166.5,582.4368
236,11122726982166.5,584.9391
237,10955792766166.5,587.4434
238,10791277382166.5,589.9467
239,10630281998166.5,592.4498
240,10469427782166.5,594.9528
241,10308432398166.5,597.4738
242,10148682398166.5,599.9811
243,9991207014166.5,602.5144
244,9836432798166.5,605.0185
245,9678957414166.5,607.5278
246,9525002030166.5,610.0323
247,9374566646166.5,612.5373
248,9222352430166.5,615.0393
249,9071917046166.5,617.5412
250,8921767046166.5,620.0449
251,8774851662166.5,622.5496
252,8628717446166.5,625.0505
253,8481802062166.5,627.5543
254,8338406678166.5,630.0578
255,8197856678166.5,632.5618
256,8057802462166.5,635.065
257,7914407078166.5,637.5683
258,7774531694166.5,640.071
259,7638176310166.5,642.5751
260,7500682094166.5,645.0794
261,7364326710166.5,647.5825
262,7231491326166.5,650.0881
263,7100077110166.5,652.6115
264,6967241726166.5,655.1137
265,6836291726166.5,657.6168
266,6706976342166.5,660.1217
267,6581180958166.5,662.6249
268,6452326742166.5,665.1275
269,6326531358166.5,667.632
270,6204255974166.5,670.1368
271,6081481758166.5,672.6418
272,5959206374166.5,675.1467
273,5837856374166.5,677.6502
274,5719100990166.5,680.1535
275,5602406774166.5,682.664
276,5483651390166.5,685.1715
277,5368416006166.5,687.6787
278,5256666006166.5,690.1821
279,5144950622166.5,692.686
280,5030816406166.5,695.1891
281,4919101022166.5,697.6938
282,4810905638166.5,700.1978
283,4702851422166.5,702.7013
284,4594656038166.5,705.2054
285,4489980654166.5,707.7148
286,4387830654166.5,710.2187
287,4285856438166.5,712.724
288,4181181054166.5,715.2276
289,4080025670166.5,717.7321
290,3982390286166.5,720.2389
291,3882976070166.5,722.7436
292,3785340686166.5,725.247
293,3691225302166.5,727.7532
294,3597891086166.5,730.2565
295,3503775702166.5,732.7633
296,3411225702166.5,735.2678
297,3320630318166.5,737.7725
298,3233376102166.5,740.2769
299,3142780718166.5,742.7838
300,3055705334166.5,745.288
301,2972149950166.5,747.7935
302,2887455734166.5,750.3
303,2803900350166.5,752.8061
304,2720950350166.5,755.3083
305,2640914966166.5,757.8125
306,2562300750166.5,760.317
307,2482265366166.5,762.8242
308,2405749982166.5,765.33
309,2332399982166.5,767.8339
310,2259404598166.5,770.3364
311,2183350382166.5,772.8425
312,2110354998166.5,775.3501
313,2040879614166.5,777.8544
314,1970905398166.5,780.358
315,1901430014166.5,782.8651
316,1835474630166.5,785.3686
317,1771580414166.5,787.8754
318,1705625030166.5,790.3801
319,1641875030166.5,792.8838
320,1579439646166.5,795.3885
321,1518383623428.9,797.8918
322,1459468239428.9,800.3947
323,1398134023428.9,802.9047
324,1339218639428.9,805.4111
325,1283823255428.9,807.9183
326,1228569039428.9,810.4237
327,1173173655428.9,812.9297
328,1119023655428.9,815.4338
329,1067148271428.9,817.9455
330,1017974055428.9,820.4612
331,966098671428.9,822.9662
332,917743287428.9,825.4732
333,872907903428.9,827.9785
334,826293687428.9,830.4824
335,781458303428.9,832.9899
336,736908303428.9,835.493
337,695592919428.9,837.9976
338,695592919428.9,840.4392
339,695592919428.9,842.8782
340,695592919428.9,845.313
341,655058703428.9,847.8251
342,613743319428.9,850.3312
343,575947935428.9,852.8372
344,540997935428.9,855.3428
345,506543719428.9,857.8478
346,468748335428.9,860.3521
347,434472951428.9,862.8595
348,403717567428.9,865.3631
349,371823351428.9,867.8669
350,341067967428.9,870.3726
351,313832583428.9,872.8774
352,288018367428.9,875.3893
353,260782983428.9,877.9001
354,235432983428.9,880.4062
355,211717599428.9,882.9121
356,191522215428.9,885.4183
357,168267999428.9,887.9237
358,148072615428.9,890.4293
359,131397231428.9,892.9346
360,114223015428.9,895.4405
361,97547631428.9,897.9457
362,81797631428.9,900.4522
363,68642247428.9,902.9928
364,57548031428.9,905.4985
365,44392647428.9,908.0071
366,34757263428.9,910.5128
367,28607263428.9,913.0173
368,22491879428.9,915.5202
369,13957663428.9,918.0248
370,7842279428.9,920.5283
371,5246895428.9,923.0376
372,2792679428.9,925.5481
373,197295428.9,928.0538
374,98166675,930.562
375,3244800,933.0677
376,3244800,935.5727
377,3244800,938.0782
378,3244800,940.5837
379,3244800,943.0916
380,3244800,945.6009
381,3244800,948.1072
382,3244800,950.6123
383,3244800,953.1202
384,3244800,955.626
385,3244800,958.1342
386,3244800,960.6405
387,3244800,963.1503
388,3244800,965.6576
389,3244800,968.1643
390,3244800,970.6701
391,3244800,973.1767
392,3244800,975.6826
393,3244800,978.1869
394,3244800,980.6925
395,3244800,983.1992
396,3244800,985.6392
397,3244800,988.0821
398,3244800,990.5217
399,3244800,993.0312
400,3244800,995.5376
401,3244800,998.046
402,3244800,1000.5521
403,3244800,1003.0586
404,3244800,1005.5655
405,3244800,1008.0735
406,3244800,1010.5795
407,3244800,1013.0867
408,3244800,1015.6013
409,3244800,1018.1089
410,3244800,1020.6167
411,3244800,1023.1257
412,3244800,1025.6335
413,3244800,1028.1413
414,3244800,1030.6479
415,3244800,1033.1544
416,3244800,1035.6628
417,3244800,1038.1702
418,3244800,1040.6772
419,3244800,1043.1912
420,3244800,1045.6361
421,3244800,1048.0759
422,3244800,1050.515
423,3244800,1053.0229
424,3244800,1055.5286
425,3244800,1058.0371
426,3244800,1060.5428
427,3244800,1063.0479
428,3244800,1065.5556
429,3244800,1068.0631
430,3244800,1070.5678
431,3244800,1073.0748
432,3244800,1075.583
433,3244800,1078.0926
434,3244800,1080.6
435,3244800,1083.1074
436,3244800,1085.6142
437,3244800,1088.1235
438,3244800,1090.6318
439,3244800,1093.1394
440,3244800,1095.6466
441,3244800,1098.1543
442,3244800,1100.6642
443,3244800,1103.1757
444,3244800,1105.6171
445,3244800,1108.0563
446,3244800,1110.4951
447,3244800,1113.0036
448,3244800,1115.5962
449,3244800,1118.1049
450,3244800,1120.6119
451,3244800,1123.1172
452,3244800,1125.6238
453,3244800,1128.13
454,3244800,1130.6378
455,3244800,1133.1444
456,3244800,1135.6521
457,3244800,1138.1582
458,3244800,1140.667
459,3244800,1143.1766
460,3244800,1145.6854
461,3244800,1148.1938
462,3244800,1150.7014
463,3244800,1153.2112
464,3244800,1155.7198
465,3244800,1158.23
466,3244800,1160.7362
467,3244800,1163.2483
468,3244800,1165.6917
469,3244800,1168.1327
470,3244800,1170.5727
471,3244800,1173.0822
472,3244800,1175.587
473,3244800,1178.0951
474,3244800,1180.6018
475,3244800,1183.1077
476,3244800,1185.6175
477,3244800,1188.1253
478,3244800,1190.6337
479,3244800,1193.1414
480,3244800,1195.6501
481,3244800,1198.1583
482,3244800,1200.6678
483,3244800,1203.2051
484,3244800,1205.7119
485,3244800,1208.223
486,3244800,1210.73
487,3244800,1213.2487
488,3244800,1215.7577
489,3244800,1218.2665
490,3244800,1220.7747
491,3244800,1223.2812
492,3244800,1225.7241
493,3244800,1228.1648
494,3244800,1230.6081
495,3244800,1233.1205
496,3244800,1235.6289
497,3244800,1238.1343
498,3244800,1240.6416
499,3244800,1243.1493
500,3244800,1245.6567
501,3244800,1248.168
502,3244800,1250.6762
503,3244800,1253.1823
504,3244800,1255.6879
505,3244800,1258.1939
506,3244800,1260.7019
507,3244800,1263.2109
508,3244800,1265.7157
509,3244800,1268.2223
510,3244800,1270.7297
511,3244800,1273.2375
512,3244800,1275.7472
513,3244800,1278.2557
514,3244800,1280.7627
515,3244800,1283.2733
516,3244800,1285.7171
517,3244800,1288.1571
518,3244800,1290.5974
519,3244800,1293.1064
520,3244800,1295.6128
521,3244800,1298.1213
522,3244800,1300.6288
523,3244800,1303.1351
524,3244800,1305.6422
525,3244800,1308.1498
526,3244800,1310.6565
527,3244800,1313.1634
528,3244800,1315.6706
529,3244800,1318.1821
530,3244800,1320.6904
531,3244800,1323.2
532,3244800,1325.7116
533,3244800,1328.2217
534,3244800,1330.7303
535,3244800,1333.2389
536,3244800,1335.7481
537,3244800,1338.2568
538,3244800,1340.765
539,3244800,1343.2766
540,3244800,1345.7207
541,3244800,1348.1605
542,3244800,1350.6002
543,3244800,1353.1107
544,3244800,1355.6172
545,3244800,1358.1266
546,3244800,1360.6338
547,3244800,1363.1425
548,3244800,1365.65
549,3244800,1368.1556
550,3244800,1370.6626
551,3244800,1373.168
552,3244800,1375.675
553,3244800,1378.1825
554,3244800,1380.6926
555,3244800,1383.201
556,3244800,1385.7115
557,3244800,1388.2193
558,3244800,1390.7284
559,3244800,1393.2373
560,3244800,1395.7434
561,3244800,1398.2519
562,3244800,1400.7584
563,3244800,1403.2718
564,3244800,1405.7157
565,3244800,1408.1586
566,3244800,1410.5993
567,3244800,1413.1081
568,3244800,1415.6155
569,3244800,1418.1242
570,3244800,1420.6329
571,3244800,1423.1409
572,3244800,1425.649
573,3244800,1428.1563
574,3244800,1430.6645
575,3244800,1433.171
576,3244800,1435.6794
577,3244800,1438.1922
578,3244800,1440.7001
579,3244800,1443.2091
580,3244800,1445.7186
581,3244800,1448.2334
582,3244800,1450.7423
583,3244800,1453.2518
584,3244800,1455.7609
585,3244800,1458.2682
586,3244800,1460.7768
587,3244800,1463.2859
588,3244800,1465.7302
589,3244800,1468.172
590,3244800,1470.6125
591,3244800,1473.1246
592,3244800,1475.6322
593,3244800,1478.1421
594,3244800,1480.6516
595,3244800,1483.1585
596,3244800,1485.6677
597,3244800,1488.1793
598,3244800,1490.6888
599,3244800,1493.2095
600,3244800,1495.7191
601,3244800,1498.2285
602,3244800,1500.7383
603,3244800,1503.2646
604,3244800,1505.8028
605,3244800,1508.3196
606,3244800,1510.8763
607,3244800,1513.3859
608,3244800,1515.8983
609,3244800,1518.4108
610,3244800,1520.9204
611,3244800,1523.4358
612,3244800,1525.8826
613,3244800,1528.3268
614,3244800,1530.7676
615,3244800,1533.279
616,3244800,1535.7944
617,3244800,1538.3053
618,3244800,1540.8155
619,3244800,1543.3269
620,3244800,1545.8373
621,3244800,1548.3505
622,3244800,1550.8593
623,3244800,1553.3693
624,3244800,1555.8778
625,3244800,1558.3887
626,3244800,1560.8985
627,3244800,1563.411
628,3244800,1565.9241
629,3244800,1568.436
630,3244800,1570.9502
631,3244800,1573.4617
632,3244800,1575.9735
633,3244800,1578.4864
634,3244800,1580.9973
635,3244800,1583.5351
636,3244800,1585.987
637,3244800,1588.4317
638,3244800,1590.8768
639,3244800,1593.3915
640,3244800,1595.9022
641,3244800,1598.4138
642,3244800,1600.9242
643,3244800,1603.4346
644,3244800,1605.9487
645,3244800,1608.4592
646,3244800,1610.9687
647,3244800,1613.4782
648,3244800,1615.9915
649,3244800,1618.5027
650,3244800,1621.0142
651,3244800,1623.5276
652,3244800,1626.0403
653,3244800,1628.5529
654,3244800,1631.0639
655,3244800,1633.5738
656,3244800,1636.0851
657,3244800,1638.5968
658,3244800,1641.1097
659,3244800,1643.6285
660,3244800,1646.0798
661,3244800,1648.5245
662,3244800,1650.9711
663,3244800,1653.4837
664,3244800,1655.9966
665,3244800,1658.509
666,3244800,1661.0281
667,3244800,1663.5388
668,3244800,1666.0504
669,3244800,1668.5612
670,3244800,1671.0728
671,3244800,1673.5889
672,3244800,1676.1012
673,3244800,1678.6125
674,3244800,1681.1238
675,3244800,1683.6368
676,3244800,1686.1512
677,3244800,1688.6658
678,3244800,1691.1755
679,3244800,1693.6878
680,3244800,1696.1997
681,3244800,1698.711
682,3244800,1701.2235
683,3244800,1703.7367
684,3244800,1706.1815
685,3244800,1708.626
686,3244800,1711.071
687,3244800,1713.5842
688,3244800,1716.0975
689,3244800,1718.6137
690,3244800,1721.1279
691,3244800,1723.6408
692,3244800,1726.1536
693,3244800,1728.6661
694,3244800,1731.1761
695,3244800,1733.6894
696,3244800,1736.2017
697,3244800,1738.7147
698,3244800,1741.2272
699,3244800,1743.7422
700,3244800,1746.2551
701,3244800,1748.7687
702,3244800,1751.2812
703,3244800,1753.7947
704,3244800,1756.3069
705,3244800,1758.8202
706,3244800,1761.3349
707,3244800,1763.8538
708,3244800,1766.3022
709,3244800,1768.7486
710,3244800,1771.1946
711,3244800,1773.7223
712,3244800,1776.2409
713,3244800,1778.7552
714,3244800,1781.2677
715,3244800,1783.7813
716,3244800,1786.2971
717,3244800,1788.8115
718,3244800,1791.3231
719,3244800,1793.8379
720,3244800,1796.3497
721,3244800,1798.8633
722,3244800,1801.3773
723,3244800,1803.9119
724,3244800,1806.4545
725,3244800,1808.9693
726,3244800,1811.4829
727,3244800,1813.9949
728,3244800,1816.5066
729,3244800,1819.0187
730,3244800,1821.535
731,3244800,1824.0502
732,3244800,1826.4934
733,3244800,1828.9389
734,3244800,1831.3844
735,3244800,1833.9008
736,3244800,1836.4148
737,3244800,1838.9286
738,3244800,1841.4413
739,3244800,1843.9554
740,3244800,1846.4686
741,3244800,1848.9806
742,3244800,1851.4939
743,3244800,1854.0078
744,3244800,1856.5215
745,3244800,1859.0344
746,3244800,1861.5498
747,3244800,1864.0657
748,3244800,1866.5857
749,3244800,1869.0971
750,3244800,1871.6099
751,3244800,1874.1216
752,3244800,1876.6337
753,3244800,1879.1471
754,3244800,1881.664
755,3244800,1884.1813
756,3244800,1886.6291
757,3244800,1889.0774
758,3244800,1891.5224
759,3244800,1894.0375
760,3244800,1896.5501
761,3244800,1899.0615
762,3244800,1901.5737
763,3244800,1904.0866
764,3244800,1906.6003
765,3244800,1909.1137
766,3244800,1911.6257
767,3244800,1914.1383
768,3244800,1916.65
769,3244800,1919.1622
770,3244800,1921.6745
771,3244800,1924.1861
772,3244800,1926.7018
773,3244800,1929.2149
774,3244800,1931.73
775,3244800,1934.2433
776,3244800,1936.755
777,3244800,1939.2706
778,3244800,1941.7862
779,3244800,1944.3015
780,3244800,1946.7582
781,3244800,1949.2049
782,3244800,1951.6521
783,3244800,1954.1675
784,3244800,1956.6857
785,3244800,1959.2003
786,3244800,1961.7147
787,3244800,1964.2295
788,3244800,1966.745
789,3244800,1969.2611
790,3244800,1971.7791
791,3244800,1974.2928
792,3244800,1976.806
793,3244800,1979.3184
794,3244800,1981.8324
795,3244800,1984.3464
796,3244800,1986.8606
797,3244800,1989.3777
798,3244800,1991.8947
799,3244800,1994.4085
800,3244800,1996.9225
801,3244800,1999.436
802,3244800,2001.9527
803,3244800,2004.5023
804,3244800,2006.95
805,3244800,2009.3959
806,3244800,2011.8416
807,3244800,2014.3563
808,3244800,2016.8717
809,3244800,2019.3855
810,3244800,2021.9004
811,3244800,2024.4144
812,3244800,2026.9288
813,3244800,2029.4432
814,3244800,2031.9584
815,3244800,2034.4738
816,3244800,2036.9892
817,3244800,2039.5058
818,3244800,2042.0247
819,3244800,2044.5412
820,3244800,2047.0582
821,3244800,2049.5771
822,3244800,2052.0919
823,3244800,2054.6073
824,3244800,2057.1228
825,3244800,2059.6401
826,3244800,2062.158
827,3244800,2064.672
828,3244800,2067.1207
829,3244800,2069.5664
830,3244800,2072.0125
831,3244800,2074.5277
832,3244800,2077.0431
833,3244800,2079.5584
834,3244800,2082.0744
835,3244800,2084.5891
836,3244800,2087.1042
837,3244800,2089.6239
838,3244800,2092.1408
839,3244800,2094.6572
840,3244800,2097.1771
841,3244800,2099.6922
842,3244800,2102.2084
843,3244800,2104.7324
844,3244800,2107.2839
845,3244800,2109.8011
846,3244800,2112.3199
847,3244800,2114.834
848,3244800,2117.3482
849,3244800,2119.8624
850,3244800,2122.3796
851,3244800,2124.8959
852,3244800,2127.3458
853,3244800,2129.7944
854,3244800,2132.2391
855,3244800,2134.7547
856,3244800,2137.27
857,3244800,2139.7863
858,3244800,2142.3028
859,3244800,2144.8184
860,3244800,2147.3317
861,3244800,2149.8496
862,3244800,2152.364
863,3244800,2154.8798
864,3244800,2157.3951
865,3244800,2159.9124
866,3244800,2162.4292
867,3244800,2164.9496
868,3244800,2167.4658
869,3244800,2169.9819
870,3244800,2172.498
871,3244800,2175.0164
872,3244800,2177.531
873,3244800,2180.0463
874,3244800,2182.564
875,3244800,2185.0802
876,3244800,2187.5306
877,3244800,2189.9797
878,3244800,2192.4282
879,3244800,2194.9442
880,3244800,2197.4595
881,3244800,2199.9757
882,3244800,2202.4912
883,3244800,2205.0059
884,3244800,2207.5227
885,3244800,2210.0397
886,3244800,2212.5571
887,3244800,2215.0727
888,3244800,2217.5885
889,3244800,2220.1059
890,3244800,2222.6211
891,3244800,2225.1398
892,3244800,2227.6662
893,3244800,2230.1827
894,3244800,2232.701
895,3244800,2235.2155
896,3244800,2237.731
897,3244800,2240.2484
898,3244800,2242.7688
899,3244800,2245.2872
900,3244800,2247.7376
901,3244800,2250.1856
902,3244800,2252.631
903,3244800,2255.1485
904,3244800,2257.6646
905,3244800,2260.1812
906,3244800,2262.7013
907,3244800,2265.2168
908,3244800,2267.7336
909,3244800,2270.2491
910,3244800,2272.7666
911,3244800,2275.2824
912,3244800,2277.8001
913,3244800,2280.3144
914,3244800,2282.8319
915,3244800,2285.3494
916,3244800,2287.8744
917,3244800,2290.3938
918,3244800,2292.9138
919,3244800,2295.4305
920,3244800,2297.9477
921,3244800,2300.4619
922,3244800,2302.9806
923,3244800,2305.4964
924,3244800,2307.9475
925,3244800,2310.3969
926,3244800,2312.8434
927,3244800,2315.3603
928,3244800,2317.8765
929,3244800,2320.392
930,3244800,2322.9091
931,3244800,2325.4373
932,3244800,2327.9552
933,3244800,2330.4721
934,3244800,2332.9888
935,3244800,2335.5186
936,3244800,2338.0427
937,3244800,2340.5597
938,3244800,2343.0778
939,3244800,2345.5999
940,3244800,2348.1188
941,3244800,2350.6364
942,3244800,2353.1536
943,3244800,2355.6708
944,3244800,2358.1885
945,3244800,2360.7056
946,3244800,2363.2291
947,3244800,2365.7465
948,3244800,2368.1986
949,3244800,2370.6488
950,3244800,2373.1013
951,3244800,2375.6187
952,3244800,2378.1364
953,3244800,2380.653
954,3244800,2383.1704
955,3244800,2385.6882
956,3244800,2388.2108
957,3244800,2390.7292
958,3244800,2393.2466
959,3244800,2395.7627
960,3244800,2398.2804
961,3244800,2400.7973
962,3244800,2403.3216
963,3244800,2405.8576
964,3244800,2408.4006
965,3244800,2410.9218
966,3244800,2413.4404
967,3244800,2415.9602
968,3244800,2418.4761
969,3244800,2420.9947
970,3244800,2423.5154
971,3244800,2426.0332
972,3244800,2428.4863
973,3244800,2430.9378
974,3244800,2433.3878
975,3244800,2435.9072
976,3244800,2438.4262
977,3244800,2440.9449
978,3244800,2443.4653
979,3244800,2445.9846
980,3244800,2448.504
981,3244800,2451.0219
982,3244800,2453.5384
983,3244800,2456.0574
984,3244800,2458.577
985,3244800,2461.0986
986,3244800,2463.6201
987,3244800,2466.1423
988,3244800,2468.6663
989,3244800,2471.1843
990,3244800,2473.7018
991,3244800,2476.2195
992,3244800,2478.7376
993,3244800,2481.2556
994,3244800,2483.7803
995,3244800,2486.2974
996,3244800,2488.7521
997,3244800,2491.2051
998,3244800,2493.6573
999,3244800,2496.1757
1000,3244800,2498.6958
1001,3244800,2501.2133
1002,3244800,2503.7405
1003,3244800,2506.2928
1004,3244800,2508.8167
1005,3244800,2511.3617
1006,3244800,2513.8915
1007,3244800,2516.4481
