1,9051038589,0.052873,7188237225,0,1862801364
2,6651995214,0.072078,4763008530,26185320,1862801364
3,5005551090,0.091541,3713800260,30712215,1261038615
4,3876006050,0.1104,2584255220,30712215,1261038615
5,3181231750,0.12941,1889480920,30712215,1261038615
6,2662034403,0.14823,1411217165,30712215,1220105023
7,2226922359,0.1672,1346494120,30712215,849716024
8,1822706629,0.18623,971494120,30712215,820500294
9,1569397914,0.20519,910186660,95896463,563314791
10,1418451979,0.22475,785426045,69711143,563314791
11,1351755770,0.24398,645603885,142837094,563314791
12,1337292134,0.26292,614242295,159735048,563314791
13,1337055969,0.28225,654808550,178367452,503879967
14,1232060993,0.3011,804912305,251292923,175855765
15,1215281798,0.31991,814956725,251292923,149032150
16,1164526301,0.33925,680683185,307987351,175855765
17,1164526301,0.35996,680683185,307987351,175855765
18,1164526301,0.37912,680683185,307987351,175855765
19,1011750890,0.42694,489347280,346547845,175855765
20,929097060,0.47241,473517065,306547845,149032150
21,737070830,0.51787,430522985,306547845,0
22,657070830,0.56266,350522985,306547845,0
23,609070830,0.6324,310522985,298547845,0
24,568430950,0.7008,269883105,298547845,0
25,153500898.6406,0.74694,35106183.03,118394715.6106,0
26,128320394.5494,0.79878,35106183.03,80093243.4394,13120968.08
27,96119970.3172,0.84466,40927768.8055,45857569.3117,9334632.2
28,85976658.2433,0.89065,32216276.9316,45857569.3117,7902812
29,77101617.6573,0.93661,32216276.9316,36982528.7256,7902812
30,68481033.075,0.9828,23595692.3494,36982528.7256,7902812
31,61144707.3763,1.0281,23595692.3494,28214382.827,9334632.2
32,54386418.7011,1.074,19797403.6742,28214382.827,6374632.2
33,48564832.9256,1.1199,13975817.8986,28214382.827,6374632.2
34,43281124.6296,1.1652,13922047.8998,22630096.2898,6728980.44
35,39482835.9545,1.2104,10123759.2246,22630096.2898,6728980.44
36,35725874.0845,1.2559,6366797.3546,22630096.2898,6728980.44
37,32468453.1705,1.3017,3109376.4406,22630096.2898,6728980.44
38,30090864.922,1.3468,3109376.4406,20252508.0414,6728980.44
39,27842965.3155,1.3917,858249.9142,20252508.0414,6732207.36
40,25759182.302,1.4376,19026974.942,0,6732207.36
41,7590457.2742,1.4827,858249.9142,0,6732207.36
42,6210474.384,1.528,1704568.454,0,4505905.93
43,4548157.0899,1.5739,846318.5399,0,3701838.55
44,3972310.6799,1.6199,846318.5399,0,3125992.14
45,3172310.6799,1.6656,846318.5399,0,2325992.14
46,2640373,1.7107,0,0,2640373
47,2259212.2,1.7556,0,0,2259212.2
48,1796119.6,1.8008,0,0,1796119.6
49,1310637.0142,1.8459,858249.9142,0,452387.1
50,1183714.9341,1.891,1183714.9341,0,0
51,921781.2622,1.9362,921781.2622,0,0
52,659847.5903,1.9819,659847.5903,0,0
53,397913.9184,2.027,397913.9184,0,0
54,135980.2464,2.072,135980.2464,0,0
55,0,2.1171,0,0,0
