1,10478419705,0.038915,7653891805,0,2824527900
2,8196120814,0.05362,6153891805,0,2042229009
3,7210798780,0.067297,5280620095,0,1930178685
4,6076191696,0.080986,4751752815,70458996,1253979885
5,5244594335,0.094707,3596707565,70458996,1577427774
6,3821754051,0.10831,3240355265,70458996,510939790
7,3071754051,0.12405,2490355265,70458996,510939790
8,2646386775,0.13912,2067209400,111176009,468001366
9,2201416207,0.15312,1715784550,111176009,374455648
10,1804960368,0.16689,1764243355,40717013,0
11,1552078278,0.18067,1511361265,40717013,0
12,1235602118,0.1948,1194885105,40717013,0
13,1003876218,0.20842,963159205,40717013,0
14,820183673,0.22274,779466660,40717013,0
15,699709039,0.23672,605816505,93892534,0
16,635943434,0.25421,542050900,93892534,0
17,585098760,0.26964,444623375,140475385,0
18,585098760,0.28385,444623375,140475385,0
19,585098760,0.29808,444623375,140475385,0
20,477769930,0.33173,337294545,140475385,0
21,436420085,0.36454,335944700,100475385,0
22,396420085,0.39713,295944700,100475385,0
23,356420085,0.42994,255944700,100475385,0
24,316420085,0.46271,215944700,100475385,0
25,48678042.301,0.49568,29474812.5474,19203229.7536,0
26,37707033.4274,0.52889,29474812.5474,6501711.77,1730509.11
27,32247337.0241,0.56214,24015116.1442,6501711.77,1730509.11
28,27736791.779,0.59503,19504570.899,6501711.77,1730509.11
29,24958266.2892,0.62778,16726045.4092,6501711.77,1730509.11
30,22277095.3757,0.66059,14044874.4958,6501711.77,1730509.11
31,19669579.6311,0.69336,11266349.0059,6672721.5152,1730509.11
32,16988408.7177,0.7261,8585178.0925,6672721.5152,1730509.11
33,14898103.7087,0.75904,8585178.0925,4582416.5062,1730509.11
34,13475629.6305,0.79215,7162704.0143,4582416.5062,1730509.11
35,12197005.5858,0.82503,5884079.9696,4582416.5062,1730509.11
36,11079176.0672,0.85818,7306554.0478,2042112.9095,1730509.11
37,9656701.9891,0.89143,5884079.9696,2042112.9095,1730509.11
38,8707550.8309,0.92447,4934928.8115,2042112.9095,1730509.11
39,4197005.5858,0.95846,424383.5664,2042112.9095,1730509.11
40,3777118.9549,0.99177,724496.9355,2042112.9095,1010509.11
41,3477005.5858,1.0243,424383.5664,2042112.9095,1010509.11
42,3057118.9549,1.0571,724496.9355,2042112.9095,290509.11
43,2757005.5858,1.0916,424383.5664,2042112.9095,290509.11
44,2484020.7657,1.1244,151398.7462,2042112.9095,290509.11
45,2263070.5174,1.1572,1573872.8243,398688.5831,290509.11
46,1990085.6972,1.1902,1300888.0042,398688.5831,290509.11
47,1717100.8771,1.2229,1027903.184,398688.5831,290509.11
48,1444116.0569,1.2557,754918.3638,398688.5831,290509.11
49,1171131.2367,1.2886,481933.5437,398688.5831,290509.11
50,898990.214,1.3215,471558.839,427431.3749,0
51,718027.7811,1.3546,290596.4062,427431.3749,0
52,553423.3274,1.3877,125991.9525,427431.3749,0
53,417251.1989,1.4211,125991.9525,291259.2464,0
54,309330.3615,1.4542,125991.9525,183338.409,0
55,218039.9085,1.4871,34701.4994,183338.409,0
56,173158.2331,1.5204,125991.9525,47166.2806,0
57,81867.78,1.5534,34701.4994,47166.2806,0
58,47166.2806,1.5863,0,47166.2806,0
59,47166.2806,1.6191,0,47166.2806,0
60,47166.2806,1.652,0,47166.2806,0
61,138549,1.6685,0,138549,0
62,138549,1.6825,0,138549,0
63,138549,1.6963,0,138549,0
64,47166.2806,1.7297,0,47166.2806,0
65,47166.2806,1.7631,0,47166.2806,0
66,47166.2806,1.7964,0,47166.2806,0
67,138549,1.8111,0,138549,0
68,138549,1.8251,0,138549,0
69,138549,1.839,0,138549,0
70,47166.2806,1.8729,0,47166.2806,0
71,47166.2806,1.9066,0,47166.2806,0
72,47166.2806,1.9407,0,47166.2806,0
73,138549,1.9554,0,138549,0
74,138549,1.9693,0,138549,0
75,138549,1.9862,0,138549,0
76,47166.2806,2.0206,0,47166.2806,0
77,47166.2806,2.064,0,47166.2806,0
78,47166.2806,2.1097,0,47166.2806,0
79,138549,2.1247,0,138549,0
80,138549,2.1387,0,138549,0
81,916114.02,2.1529,777565.02,138549,0
82,30977028.3026,2.1864,30929862.022,47166.2806,0
83,28752743.5453,2.2198,28705577.2647,47166.2806,0
84,47166.2806,2.2528,0,47166.2806,0
85,47166.2806,2.2878,0,47166.2806,0
86,47166.2806,2.3229,0,47166.2806,0
87,402840.73,2.338,264291.73,138549,0
88,1351869.4,2.3527,1213320.4,138549,0
89,3485577.44,2.3674,2540519.09,138549,806509.35
90,49976651.6911,2.4008,49929485.4106,47166.2806,0
91,10923065.2411,2.4331,10875898.9605,47166.2806,0
92,47166.2806,2.4658,0,47166.2806,0
93,47166.2806,2.5006,0,47166.2806,0
94,0,2.5376,0,0,0
