1,17183652619,0.094948,12612073475,0,4571579144
2,14780221554,0.1519,10208642410,0,4571579144
3,13765478931,0.20991,9458642410,0,4306836521
4,12926604433,0.266,8542617150,0,4383987283
5,12144084555,0.32271,8203549260,0,3940535295
6,11149293135,0.38034,7208757840,0,3940535295
7,10196527460,0.43799,6244668270,11323895,3940535295
8,9575001690,0.49563,5696836670,11323895,3866841125
9,8831276373,0.55323,5701872245,11323895,3118080233
10,8257744228,0.61126,5194168400,11323895,3052251933
11,7545060343,0.66914,4479647325,13161085,3052251933
12,7038750573,0.72696,4178842365,13161085,2846747123
13,6419894713,0.7848,3738404940,72396356,2609093417
14,5945623466,0.84264,3649364020,135011447,2161247999
15,5527461838,0.90041,3254109115,135011447,2138341276
16,5294257865,0.95804,3227433200,135011447,1931813218
17,5071233334,1.0158,2943002675,196417441,1931813218
18,4926172888,1.0738,2727750195,266609475,1931813218
19,4799882857,1.1314,2892208285,272656279,1635018293
20,4685167001,1.1891,2767087455,293846763,1624232783
21,4591628230,1.2467,2724635330,293846763,1573146137
22,4414233501,1.3042,2648187220,324573402,1441472879
23,4185503377,1.3619,2881142330,352449240,951911807
24,4067844497,1.4196,2790064300,352449240,925330957
25,589640013.5855,1.4778,404864188.7278,36781280.4874,147994544.3703
26,428305405.2398,1.536,377347895.8718,36781280.4874,14176228.8806
27,416104981.6256,1.5941,363002382.1056,38926370.6394,14176228.8806
28,416104981.6256,1.652,363002382.1056,38926370.6394,14176228.8806
29,417453911.3114,1.71,364351311.7914,38926370.6394,14176228.8806
30,2812031337,1.8496,2328312695,421398567,62320075
31,2532470243,1.9883,2054798405,415351763,62320075
32,2310608373,2.1266,1832936535,415351763,62320075
33,2109002821,2.2523,1680131210,428871611,0
34,1907657431,2.3341,1518785820,388871611,0
35,1709046231,2.4156,1320174620,388871611,0
36,1583596771,2.5009,1194725160,388871611,0
37,1460779691,2.5821,1111908080,348871611,0
38,1389710037,2.6632,1062028910,327681127,0
39,1342102027,2.7446,1022420900,319681127,0
40,1294740087,2.8259,975058960,319681127,0
41,1247566407,2.9068,927885280,319681127,0
42,1142732877,2.9884,823051750,319681127,0
43,1102732877,3.0697,783051750,319681127,0
44,1062732877,3.1507,743051750,319681127,0
45,1022732877,3.2315,703051750,319681127,0
46,982732877,3.3125,663051750,319681127,0
47,942732877,3.3942,663051750,279681127,0
48,903270352,3.4754,623589225,279681127,0
49,871270352,3.5565,583589225,287681127,0
50,149907789.1024,3.638,64654331.5694,81780799.253,3472658.28
51,136427875.446,3.7192,51174417.913,81780799.253,3472658.28
52,126282374.5505,3.8006,51174417.913,71635298.3575,3472658.28
53,118107675.9593,3.8818,51174417.913,63460599.7662,3472658.28
54,112586189.2948,3.963,51174417.913,60819113.1017,592658.28
55,107227675.9593,4.0452,45815904.5776,60819113.1017,592658.28
56,101869162.6238,4.1266,40457391.2421,60819113.1017,592658.28
57,98471700.7513,4.2079,39018621.0341,58177626.4372,1275453.28
58,95131248.4155,4.3001,35678168.6983,58177626.4372,1275453.28
59,91908174.9842,4.4389,32455095.267,58177626.4372,1275453.28
60,88757832.15,4.5768,29987547.4328,58177626.4372,592658.28
61,83153873.3814,4.7148,37591021.9868,44970193.1146,592658.28
62,67678029.3855,4.8527,22115177.9909,44970193.1146,592658.28
63,60189862.0007,4.9907,14627010.6061,44970193.1146,592658.28
64,55986989.7644,5.1287,10424138.3698,44970193.1146,592658.28
65,52752844.8199,5.2667,10424138.3698,42328706.4501,0
66,50111358.1554,5.4045,10424138.3698,39687219.7856,0
67,47469871.4909,5.5421,10424138.3698,37045733.121,0
68,44828384.8263,5.6797,10424138.3698,34404246.4565,0
69,43005809.2161,5.8145,10424138.3698,32581670.8462,0
70,41309177.2992,5.9485,8727506.4529,32581670.8462,0
71,39790142.5546,6.0826,8727506.4529,29940184.1817,1122451.92
72,38305388.9343,6.2189,7242752.8326,29940184.1817,1122451.92
73,37069184.4487,6.3551,8648035.0115,27298697.5172,1122451.92
74,35663902.2698,6.4966,7242752.8326,27298697.5172,1122451.92
75,53525631.0152,6.6381,9671849.2486,40321082.7839,3532698.9828
76,48297532.7582,6.7798,10567297.9462,34197535.8292,3532698.9828
77,45137638.1422,6.9216,10567297.9462,34197535.8292,372804.3668
78,44750227.3637,7.0642,10486064.5155,33891358.4814,372804.3668
79,44387271.3183,7.2041,10123108.4701,33891358.4814,372804.3668
80,36911380.6253,7.3424,2647217.7771,33891358.4814,372804.3668
81,30787833.6706,7.4807,2647217.7771,27767811.5267,372804.3668
82,26288955.3296,7.619,4271886.3908,21644264.572,372804.3668
83,22311020.5943,7.7574,4431933.9175,17506282.31,372804.3668
84,19834603.8594,7.8956,4431933.9175,15029865.575,372804.3668
85,18209935.2456,8.0342,2807265.3038,15029865.575,372804.3668
86,14203698.4144,8.1722,3864506.0161,9966388.0315,372804.3668
87,13284113.64,8.3108,5489174.6298,7422134.6433,372804.3668
88,12359722.2833,8.4494,4564783.2732,7422134.6433,372804.3668
89,11905684.4858,8.5879,4483549.8425,7422134.6433,0
90,11518273.7074,8.7244,4402316.4118,7115957.2956,0
91,11130862.929,8.8637,4321082.9811,6809779.9479,0
92,10743452.1506,9.0012,4239849.5504,6503602.6001,0
93,10580985.2892,9.1373,4077382.6891,6503602.6001,0
94,10418518.4278,9.2751,3914915.8277,6503602.6001,0
95,10271527.2758,9.4122,3914915.8277,6356611.4482,0
96,10135211.4866,9.5489,3778600.0385,6356611.4482,0
97,10020960.9311,9.6859,3664349.483,6356611.4482,0
98,9939727.5004,9.8232,3583116.0523,6356611.4482,0
99,9858494.0698,9.9603,3501882.6216,6356611.4482,0
100,11337687.0703,10.0976,5983079.0201,5354608.0502,0
101,11195601.1656,10.2357,5840993.1154,5354608.0502,0
102,11053515.261,10.3737,5698907.2108,5354608.0502,0
103,10911429.3563,10.5109,5556821.3061,5354608.0502,0
104,10769343.4516,10.6484,5414735.4014,5354608.0502,0
105,10629881.2763,10.7857,5414735.4014,5096693.9549,118451.92
106,10492027.0451,10.9233,5276881.1702,5096693.9549,118451.92
107,10479756.5063,11.0612,5264610.6315,5096693.9549,118451.92
108,10337670.6017,11.1989,5122524.7268,5096693.9549,118451.92
109,10337670.6017,11.3371,5122524.7268,5096693.9549,118451.92
110,10219218.6817,11.4745,5122524.7268,5096693.9549,0
111,10219218.6817,11.612,5122524.7268,5096693.9549,0
112,10219218.6817,11.7501,5122524.7268,5096693.9549,0
113,10575928.2325,11.8088,9891062.076,684866.1565,0
114,15345030.6777,11.866,9891062.076,5453968.6017,0
115,20925395.9114,11.9233,15471427.3097,5453968.6017,0
116,13109258.0601,12.0605,8012564.1052,5096693.9549,0
117,10219218.6817,12.1938,5122524.7268,5096693.9549,0
118,9924196.1663,12.276,4980438.8221,4943757.3442,0
119,9782110.2616,12.3609,4838352.9174,4943757.3442,0
120,9640024.357,12.4414,4696267.0128,4943757.3442,0
121,9497938.4523,12.5235,4554181.1081,4943757.3442,0
122,9355852.5476,12.6055,4412095.2034,4943757.3442,0
123,9213766.6429,12.6892,4270009.2987,4943757.3442,0
124,9071680.7383,12.7732,4127923.3941,4943757.3442,0
125,9284315.56,12.8552,5105901.7497,4178413.8102,0
126,9102301.9502,12.9372,4923888.14,4178413.8102,0
127,8920288.3405,13.0194,4741874.5303,4178413.8102,0
128,8738274.7308,13.1031,4559860.9205,4178413.8102,0
129,8556261.121,13.1849,4377847.3108,4178413.8102,0
130,8374247.5113,13.2685,4195833.701,4178413.8102,0
131,8192233.9015,13.3489,4013820.0913,4178413.8102,0
132,8010220.2918,13.4292,3831806.4815,4178413.8102,0
133,7828206.682,13.5125,3649792.8718,4178413.8102,0
134,7646193.0723,13.5949,3467779.262,4178413.8102,0
135,7464179.4625,13.6767,3285765.6523,4178413.8102,0
136,7282165.8528,13.7572,3103752.0426,4178413.8102,0
137,7100152.2431,13.839,2921738.4328,4178413.8102,0
138,6918138.6333,13.9215,2739724.8231,4178413.8102,0
139,6736125.0236,14.0025,2557711.2133,4178413.8102,0
140,6554111.4138,14.0859,2375697.6036,4178413.8102,0
141,6372097.8041,14.1665,2193683.9938,4178413.8102,0
142,6190084.1943,14.2484,2011670.3841,4178413.8102,0
143,6008070.5846,14.3312,1829656.7743,4178413.8102,0
144,5826056.9748,14.4121,1647643.1646,4178413.8102,0
145,5644043.3651,14.4957,1465629.5548,4178413.8102,0
146,5462029.7554,14.5762,1283615.9451,4178413.8102,0
147,5349080.2998,14.6573,1170666.4895,4178413.8102,0
148,5249545.8295,14.7404,1170666.4895,3960427.42,118451.92
149,5131093.9095,14.8216,1170666.4895,3960427.42,0
150,6150708.6491,14.9038,541459.0478,5609249.6013,0
151,6142983.8975,14.9865,533734.2961,5609249.6013,0
152,6142983.8975,15.0953,533734.2961,5609249.6013,0
153,6142983.8975,15.2251,533734.2961,5609249.6013,0
154,2234202.7243,15.2612,1604544.4626,629658.2617,0
155,7003305.1695,15.2965,1604544.4626,5398760.7069,0
156,13028992.2921,15.3302,1604544.4626,11424447.8295,0
157,48628070.8378,15.4109,533734.2961,48094336.5417,0
158,6142983.8975,15.4941,533734.2961,5609249.6013,0
159,6142983.8975,15.5747,533734.2961,5609249.6013,0
160,6142983.8975,15.6583,533734.2961,5609249.6013,0
161,2234202.7243,15.6931,1604544.4626,629658.2617,0
162,8542314.372,15.7269,1604544.4626,6937769.9094,0
163,16303522.631,15.7611,9365752.7216,6937769.9094,0
164,8724665.5671,15.8438,3115415.9658,5609249.6013,0
165,6142983.8975,15.9263,533734.2961,5609249.6013,0
166,6142983.8975,16.0103,533734.2961,5609249.6013,0
167,6142983.8975,16.0915,533734.2961,5609249.6013,0
168,13043871.1053,16.1267,1604544.4626,11439326.6426,0
169,34513475.5965,16.1607,22908690.4104,11604785.1861,0
170,40208212.448,16.1963,22908690.4104,17299522.0376,0
171,74483295.0847,16.2789,7620327.1623,57814232.3424,9048735.58
172,14703548.1627,16.3596,7620327.1623,7083221.0004,0
173,6142983.8975,16.4432,533734.2961,5609249.6013,0
174,6142983.8975,16.5261,533734.2961,5609249.6013,0
175,6839130.8856,16.6077,203257.9868,6635872.8988,0
176,26029518.7618,16.6454,24837180.0312,1192338.7305,0
177,51756743.9901,16.6794,47944550.7787,3812193.2114,0
178,84728764.8413,16.7149,80916571.6299,3812193.2114,0
179,19340693.1335,16.7978,6774816.1334,12565877.0002,0
180,13410689.0322,16.8967,6774816.1334,6635872.8988,0
181,9233910.678,16.9775,2598037.7792,6635872.8988,0
182,8987116.6722,17.0612,2598037.7792,6270626.973,118451.92
183,8868664.7522,17.1433,2598037.7792,6270626.973,0
184,8851686.0837,17.2294,2581059.1106,6270626.973,0
185,8833910.678,17.3343,2563283.7049,6270626.973,0
186,8748226.6801,17.4161,2477599.707,6270626.973,0
187,8748226.6801,17.4976,2477599.707,6270626.973,0
188,8748226.6801,17.5805,2477599.707,6270626.973,0
189,24922591.578,17.6156,19558487.9717,5364103.6063,0
190,30948278.7006,17.6505,19558487.9717,11389790.7289,0
191,37256390.3483,17.6853,19558487.9717,17697902.3766,0
192,125489305.5619,17.7705,2477599.707,123011705.8548,0
193,75228458.3777,17.8522,2477599.707,72750858.6707,0
194,8748226.6801,17.9339,2477599.707,6270626.973,0
195,8748226.6801,18.0182,2477599.707,6270626.973,0
196,8748226.6801,18.102,2477599.707,6270626.973,0
197,20153489.1327,18.1392,19558487.9717,595001.1611,0
198,30963157.5137,18.1736,19558487.9717,11404669.542,0
199,42467058.4322,18.2085,31062388.8902,11404669.542,0
200,128359944.6453,18.2954,903961.6826,127455982.9628,0
201,7553558.8118,18.4281,903961.6826,6649597.1292,0
202,7553558.8118,18.5677,903961.6826,6649597.1292,0
203,7553558.8118,18.7095,903961.6826,6649597.1292,0
204,41623093.624,18.7691,40862633.9195,760459.7045,0
205,75363421.1077,18.8276,74602961.4032,760459.7045,0
206,111801145.9666,18.8862,105617861.8306,6183284.136,0
207,11946752.2568,19.0246,3448028.2224,8498724.0344,0
208,9112982.1806,19.1626,2463385.0514,6649597.1292,0
209,7553558.8118,19.3012,903961.6826,6649597.1292,0
210,7299955.6866,19.4395,650358.5574,6649597.1292,0
211,7299955.6866,19.5799,650358.5574,6649597.1292,0
212,7031087.7629,19.719,650358.5574,6262277.2855,118451.92
213,6912635.8429,19.8579,650358.5574,6262277.2855,0
214,6906441.111,19.9966,644163.8256,6262277.2855,0
215,6887275.5304,20.1348,624998.2449,6262277.2855,0
216,6887275.5304,20.2738,624998.2449,6262277.2855,0
217,6887275.5304,20.4123,624998.2449,6262277.2855,0
218,17606377.7373,20.4717,17046033.6769,560344.0604,0
219,23632064.8599,20.5298,17046033.6769,6586031.183,0
220,28401167.3051,20.5879,17046033.6769,11355133.6283,0
221,127527379.1452,20.7271,624998.2449,126902380.9003,0
222,60185675.6082,20.8655,624998.2449,59560677.3633,0
223,6887275.5304,21.0038,624998.2449,6262277.2855,0
224,6887275.5304,21.1441,624998.2449,6262277.2855,0
225,7669551.7649,21.2832,1789144.9372,5880406.8276,0
226,20391175.6317,21.3426,13522719.9235,6868455.7082,0
227,53363196.4829,21.4012,46494740.7747,6868455.7082,0
228,64172864.8639,21.4598,46494740.7747,17678124.0891,0
229,125471641.7214,21.5983,6151560.5245,119320081.1969,0
230,121109226.1342,21.7372,1789144.9372,119320081.1969,0
231,7669551.7649,21.8755,1789144.9372,5880406.8276,0
232,7669551.7649,22.0149,1789144.9372,5880406.8276,0
233,7669551.7649,22.154,1789144.9372,5880406.8276,0
234,14083063.9839,22.2135,13522719.9235,560344.0604,0
235,35552668.4752,22.2719,34826865.8713,725802.6039,0
236,69292995.9589,22.3303,68567193.355,725802.6039,0
237,15229580.9631,22.4694,7612806.0408,7616774.9223,0
238,13493212.8684,22.608,7612806.0408,5880406.8276,0
239,9029145.2519,22.7463,3148738.4243,5880406.8276,0
240,8002286.2663,22.8848,2121879.4386,5880406.8276,0
241,7914179.468,23.0232,2033772.6404,5880406.8276,0
242,7668930.1097,23.1617,2033772.6404,5516705.5493,118451.92
243,7424302.4066,23.3,1789144.9372,5516705.5493,118451.92
244,7305850.4866,23.4387,1789144.9372,5516705.5493,0
245,7269551.7649,23.577,1752846.2155,5516705.5493,0
246,7233253.0431,23.7159,1716547.4938,5516705.5493,0
247,7196954.3214,23.854,1680248.772,5516705.5493,0
248,7196954.3214,23.9928,1680248.772,5516705.5493,0
249,7196954.3214,24.1316,1680248.772,5516705.5493,0
250,18020981.6412,24.1911,17779816.1984,241165.4428,0
251,20208866.8105,24.249,17779816.1984,2429050.6122,0
252,22973225.8575,24.3069,17779816.1984,5193409.6592,0
253,57245245.2914,24.445,1680248.772,55564996.5193,0
254,7196954.3214,24.5834,1680248.772,5516705.5493,0
255,7196954.3214,24.7222,1680248.772,5516705.5493,0
256,7196954.3214,24.8615,1680248.772,5516705.5493,0
257,20914906.4581,24.9216,17779816.1984,3135090.2597,0
258,25463525.905,24.9797,22328435.6453,3135090.2597,0
259,30422595.9623,25.0381,22328435.6453,8094160.317,0
260,121066487.5911,25.1763,2110107.6724,118956379.9187,0
261,7626813.2218,25.3157,2110107.6724,5516705.5493,0
262,7196954.3214,25.4538,1680248.772,5516705.5493,0
263,7196954.3214,25.593,1680248.772,5516705.5493,0
264,7196954.3214,25.7322,1680248.772,5516705.5493,0
265,27015290.6412,25.7917,17779816.1984,241165.4428,8994309
266,33302369.7212,25.8502,17779816.1984,241165.4428,15281388.08
267,27015290.6412,25.9082,17779816.1984,241165.4428,8994309
268,41690543.457,25.9669,26924319.6342,241165.4428,14525058.38
269,77056324.6043,26.0261,60822999.1492,1708267.0751,14525058.38
270,22586197.1506,26.1646,2544433.2213,5516705.5493,14525058.38
271,15306197.1506,26.3033,2544433.2213,5516705.5493,7245058.38
272,12008283.8506,26.4417,2544433.2213,5516705.5493,3947145.08
273,7196954.3214,26.5804,1680248.772,5516705.5493,0
274,6951704.9631,26.7189,1680248.772,5153004.2711,118451.92
275,8878081.6372,26.8589,4475324.194,4200924.1171,201833.3262
276,8676248.3111,26.9975,4475324.194,4200924.1171,0
277,8579567.0635,27.1358,4378642.9464,4200924.1171,0
278,8482885.8159,27.274,4281961.6988,4200924.1171,0
279,8386204.5683,27.4124,4185280.4512,4200924.1171,0
280,8386204.5683,27.5511,4185280.4512,4200924.1171,0
281,8386204.5683,27.6898,4185280.4512,4200924.1171,0
282,19617139.4417,27.7492,16627514.3286,2989625.1131,0
283,21805024.611,27.8073,16627514.3286,5177510.2824,0
284,33728537.331,27.8658,16627514.3286,5177510.2824,11923512.72
285,69504250.9774,28.0044,4185280.4512,45002185.1862,20316785.34
286,28702989.9083,28.1427,4185280.4512,4200924.1171,20316785.34
287,8386204.5683,28.2814,4185280.4512,4200924.1171,0
288,8386204.5683,28.4202,4185280.4512,4200924.1171,0
289,8386204.5683,28.5598,4185280.4512,4200924.1171,0
290,19746705.2116,28.6191,16627514.3286,3119190.883,0
291,23911224.0352,28.6775,20792033.1522,3119190.883,0
292,28870294.0925,28.7357,20792033.1522,8078260.9403,0
293,63402445.5755,28.8737,5233523.6748,58168921.9007,0
294,9434447.7919,29.012,5233523.6748,4200924.1171,0
295,8386204.5683,29.1501,4185280.4512,4200924.1171,0
296,8386204.5683,29.2893,4185280.4512,4200924.1171,0
297,8386204.5683,29.4285,4185280.4512,4200924.1171,0
298,28776293.1147,29.4883,16627514.3286,225266.0661,11923512.72
299,28776293.1147,29.5463,16627514.3286,225266.0661,11923512.72
300,212776421.7807,29.6051,66838209.0504,614905.63,145323307.1003
301,28702989.9083,29.7435,4185280.4512,4200924.1171,20316785.34
302,8386204.5683,29.8819,4185280.4512,4200924.1171,0
303,8386204.5683,30.0221,4185280.4512,4200924.1171,0
304,8291534.8467,30.1601,4185280.4512,3904421.0694,201833.3262
305,8291534.8467,30.3001,4185280.4512,3904421.0694,201833.3262
306,8089701.5205,30.4383,4185280.4512,3904421.0694,0
307,7993020.2729,30.5773,4088599.2036,3904421.0694,0
308,7896339.0253,30.7154,3991917.956,3904421.0694,0
309,7817206.8744,30.8535,3912785.805,3904421.0694,0
310,7817206.8744,30.9922,3912785.805,3904421.0694,0
311,7817206.8744,31.1309,3912785.805,3904421.0694,0
312,9406650.0171,31.1905,9353977.0871,52672.93,0
313,9957082.9571,31.2485,9353977.0871,603105.87,0
314,10652546.4571,31.3066,9353977.0871,1298569.37,0
315,48618467.9435,31.4446,3912785.805,44705682.1385,0
316,7817206.8744,31.5828,3912785.805,3904421.0694,0
317,7817206.8744,31.7232,3912785.805,3904421.0694,0
318,7817206.8744,31.862,3912785.805,3904421.0694,0
319,9406650.0171,31.9212,9353977.0871,52672.93,0
320,9406650.0171,31.9791,9353977.0871,52672.93,0
321,10134709.9571,32.0371,9353977.0871,780732.87,0
322,61785204.658,32.1768,3912785.805,57872418.8529,0
323,61785204.658,32.3181,3912785.805,57872418.8529,0
324,7817206.8744,32.4565,3912785.805,3904421.0694,0
325,10697345.6709,32.5954,8066517.2819,2630828.389,0
326,10692709.7156,32.734,8061881.3266,2630828.389,0
327,10692709.7156,32.8727,8061881.3266,2630828.389,0
328,10692709.7156,33.0119,8061881.3266,2630828.389,0
329,9359345.0589,33.071,9306672.1289,52672.93,0
330,10606958.7589,33.1295,9306672.1289,1300286.63,0
331,26751621.0467,33.1877,25082237.7767,1669383.27,0
332,42793338.3486,33.3268,21727425.3955,21065912.9531,0
333,10692709.7156,33.465,8061881.3266,2630828.389,0
334,10611375.6439,33.6032,8061881.3266,2431042.3973,118451.92
335,10611375.6439,33.7431,8061881.3266,2431042.3973,118451.92
336,10492923.7239,33.8812,8061881.3266,2431042.3973,0
337,10425497.1518,34.0196,7994454.7545,2431042.3973,0
338,10225283.1435,34.1576,7794240.7462,2431042.3973,0
339,10061410.9809,34.2959,7630368.5836,2431042.3973,0
340,10061410.9809,34.4345,7630368.5836,2431042.3973,0
341,10061410.9809,34.5733,7630368.5836,2431042.3973,0
342,8857204.8041,34.6327,8808531.8741,48672.93,0
343,9407637.7441,34.6906,8808531.8741,599105.87,0
344,10103101.2441,34.7486,8808531.8741,1294569.37,0
345,37553608.6768,34.8863,7630368.5836,29923240.0932,0
346,10061410.9809,35.0245,7630368.5836,2431042.3973,0
347,10061410.9809,35.1646,7630368.5836,2431042.3973,0
348,10061410.9809,35.3031,7630368.5836,2431042.3973,0
349,8857204.8041,35.3623,8808531.8741,48672.93,0
350,15209325.3576,35.4204,15160652.4276,48672.93,0
351,15937385.2976,35.4786,15160652.4276,776732.87,0
352,46425455.2639,35.6184,7630368.5836,38795086.6803,0
353,46425455.2639,35.7589,7630368.5836,38795086.6803,0
354,10061410.9809,35.8974,7630368.5836,2431042.3973,0
355,10025069.1352,36.0356,7594026.7379,2431042.3973,0
356,10025069.1352,36.1759,7594026.7379,2431042.3973,0
357,10025069.1352,36.3147,7594026.7379,2431042.3973,0
358,15137118.3488,36.3738,15088445.4188,48672.93,0
359,16384732.0488,36.4319,15088445.4188,1296286.63,0
360,28308244.7688,36.4903,15088445.4188,1296286.63,11923512.72
361,72339004.2143,36.6285,7594026.7379,64744977.4764,0
362,10025069.1352,36.7158,7594026.7379,2431042.3973,0
363,10025069.1352,36.798,7594026.7379,2431042.3973,0
364,9943735.0635,36.883,7594026.7379,2231256.4056,118451.92
365,9943735.0635,36.9645,7594026.7379,2231256.4056,118451.92
366,9825283.1435,37.0487,7594026.7379,2231256.4056,0
367,9825283.1435,37.1323,7594026.7379,2231256.4056,0
368,9727471.0924,37.2145,7496214.6868,2231256.4056,0
369,9582329.4508,37.2966,7351073.0452,2231256.4056,0
370,9479927.4936,37.3787,7248671.088,2231256.4056,0
371,9461196.9726,37.4621,7229940.567,2231256.4056,0
372,9461196.9726,37.5462,7229940.567,2231256.4056,0
373,9461196.9726,37.6277,7229940.567,2231256.4056,0
374,14409721.5915,37.6658,14365048.6615,44672.93,0
375,14994750.3527,37.712,14399644.4827,595105.87,0
376,14994750.3527,37.7457,14399644.4827,595105.87,0
377,9461196.9726,37.8287,7229940.567,2231256.4056,0
378,9461196.9726,37.9099,7229940.567,2231256.4056,0
379,9461196.9726,37.9914,7229940.567,2231256.4056,0
380,14444317.4127,38.0286,14399644.4827,44672.93,0
381,15172377.3527,38.0624,14399644.4827,772732.87,0
382,19024695.2799,38.0967,18251962.4099,772732.87,0
383,47759457.7352,38.1809,9164157.0466,38595300.6886,0
384,11395413.4522,38.2621,9164157.0466,2231256.4056,0
385,9424855.1269,38.3508,7193598.7213,2231256.4056,0
386,9424855.1269,38.4333,7193598.7213,2231256.4056,0
387,9424855.1269,38.5146,7193598.7213,2231256.4056,0
388,14371936.5054,38.5541,14327263.5754,44672.93,0
389,15619550.2054,38.5897,14327263.5754,1292286.63,0
390,27543062.9254,38.6241,14327263.5754,1292286.63,11923512.72
391,71738790.206,38.7077,7193598.7213,64545191.4847,0
392,9424855.1269,38.7916,7193598.7213,2231256.4056,0
393,9424855.1269,38.8742,7193598.7213,2231256.4056,0
394,9343521.0552,38.9576,7193598.7213,2031470.4139,118451.92
395,9343521.0552,39.042,7193598.7213,2031470.4139,118451.92
396,9225069.1352,39.1242,7193598.7213,2031470.4139,0
397,9225069.1352,39.2076,7193598.7213,2031470.4139,0
398,9127257.0841,39.2899,7095786.6702,2031470.4139,0
399,8945773.5968,39.3721,6914303.1829,2031470.4139,0
400,11442386.2549,39.4575,10518756.196,923630.0589,0
401,11413463.0839,39.5383,10489833.025,923630.0589,0
402,11413463.0839,39.6207,10489833.025,923630.0589,0
403,11413463.0839,39.7049,10489833.025,923630.0589,0
404,13570416.6604,39.7413,13529743.7304,40672.93,0
405,14120849.6004,39.7752,13529743.7304,591105.87,0
406,14120849.6004,39.8104,13529743.7304,591105.87,0
407,11413463.0839,39.8916,10489833.025,923630.0589,0
408,11413463.0839,39.9759,10489833.025,923630.0589,0
409,11413463.0839,40.0574,10489833.025,923630.0589,0
410,13570416.6604,40.0923,13529743.7304,40672.93,0
411,14298476.6004,40.127,13529743.7304,768732.87,0
412,26221989.3204,40.1613,13529743.7304,768732.87,11923512.72
413,27946770.2555,40.2429,10489833.025,17456937.2306,0
414,11413463.0839,40.3245,10489833.025,923630.0589,0
415,11413463.0839,40.4062,10489833.025,923630.0589,0
416,11413463.0839,40.4918,10489833.025,923630.0589,0
417,13570416.6604,40.5286,13529743.7304,40672.93,0
418,25493929.3804,40.5625,13529743.7304,40672.93,11923512.72
419,26741543.0804,40.5968,13529743.7304,1288286.63,11923512.72
420,49591898.5528,40.6821,10489833.025,29255336.5578,9846728.97
421,40839532.8328,40.7656,10489833.025,29255336.5578,1094363.25
422,12507826.3339,40.8468,10489833.025,923630.0589,1094363.25
423,11413463.0839,40.9278,10489833.025,923630.0589,0
424,11413463.0839,41.0097,10489833.025,923630.0589,0
425,12802668.9318,41.0934,12473524.8284,329144.1034,0
426,13570416.6604,41.1308,13529743.7304,40672.93,0
427,27011067.5047,41.1649,23023249.4947,40672.93,3947145.08
428,54597397.0433,41.1995,50240482.3933,409769.57,3947145.08
429,25502195.5956,41.2854,21225906.4122,329144.1034,3947145.08
430,12802668.9318,41.3706,12473524.8284,329144.1034,0
431,12623067.8147,41.4521,12293923.7113,329144.1034,0
432,12289830.3791,41.5402,11960686.2758,329144.1034,0
433,12101801.3407,41.6208,11772657.2373,329144.1034,0
434,12067408.6205,41.705,11738264.5172,329144.1034,0
435,12067408.6205,41.7871,11738264.5172,329144.1034,0
436,12067408.6205,41.8686,11738264.5172,329144.1034,0
437,12772896.8155,41.9077,12732223.8855,40672.93,0
438,13323329.7555,41.942,12732223.8855,591105.87,0
439,13323329.7555,41.9762,12732223.8855,591105.87,0
440,12067408.6205,42.059,11738264.5172,329144.1034,0
441,12035038.7762,42.14,11738264.5172,296774.259,0
442,12035038.7762,42.2234,11738264.5172,296774.259,0
443,12035038.7762,42.3043,11738264.5172,296774.259,0
444,12768896.8155,42.3414,12732223.8855,36672.93,0
445,13472360.3155,42.3767,12732223.8855,740136.43,0
446,14200420.2555,42.4125,12732223.8855,1468196.37,0
447,17727789.777,42.4967,11738264.5172,5989525.2598,0
448,12035038.7762,42.5791,11738264.5172,296774.259,0
449,12035038.7762,42.6624,11738264.5172,296774.259,0
450,12547308.8004,42.7458,12456876.3404,90432.46,0
451,12768896.8155,42.7825,12732223.8855,36672.93,0
452,14016510.5155,42.8165,12732223.8855,1284286.63,0
453,25940023.2355,42.8504,12732223.8855,1284286.63,11923512.72
454,15623822.6218,42.9335,12456876.3404,3166946.2814,0
455,12547308.8004,43.0147,12456876.3404,90432.46,0
456,12547308.8004,43.098,12456876.3404,90432.46,0
457,12547308.8004,43.1807,12456876.3404,90432.46,0
458,12768896.8155,43.2175,12732223.8855,36672.93,0
459,24692409.5355,43.2515,12732223.8855,36672.93,11923512.72
460,44059822.7597,43.2878,22225729.6497,36672.93,21797420.18
461,25782652.7376,43.3718,21745075.1976,90432.46,3947145.08
462,21091594.0625,43.4529,17054016.5225,90432.46,3947145.08
463,17979926.2251,43.5343,13942348.6851,90432.46,3947145.08
464,17615926.2251,43.618,13942348.6851,90432.46,3583145.08
465,17262288.1281,43.7002,13588710.5881,90432.46,3583145.08
466,17071691.9029,43.7828,13398114.3629,90432.46,3583145.08
467,16872151.8025,43.8657,13198574.2625,90432.46,3583145.08
468,16830015.4769,43.947,12808437.9369,90432.46,3931145.08
469,16793517.2483,44.0296,12771939.7083,90432.46,3931145.08
470,16793517.2483,44.113,12771939.7083,90432.46,3931145.08
471,16793517.2483,44.1952,12771939.7083,90432.46,3931145.08
472,17022069.443,44.2328,13054251.433,36672.93,3931145.08
473,17022069.443,44.2687,13054251.433,36672.93,3931145.08
474,17572502.383,44.3068,13054251.433,587105.87,3931145.08
475,61904147.9407,44.395,16434908.7945,6343814.4516,39125424.6946
476,57513760.537,44.4768,16434908.7945,1953427.0479,39125424.6946
477,53309208.8192,44.5613,12230357.0768,1953427.0479,39125424.6946
478,53309208.8192,44.6443,12230357.0768,1953427.0479,39125424.6946
479,53309208.8192,44.7262,12230357.0768,1953427.0479,39125424.6946
480,20082148.964,44.7635,17327285.004,948369.13,1806494.83
481,19471295.404,44.7979,17327285.004,948369.13,1195641.27
482,20718909.104,44.8325,17327285.004,2195982.83,1195641.27
483,24256670.644,44.8679,17327285.004,2195982.83,4733402.81
484,55641488.497,44.9515,12230357.0768,17515694.7468,25895436.6734
485,50030492.016,45.0328,12230357.0768,11904698.2658,25895436.6734
486,40079220.7981,45.1152,12230357.0768,1953427.0479,25895436.6734
487,37063126.4497,45.1963,9214262.7284,1953427.0479,25895436.6734
488,37063126.4497,45.2793,9214262.7284,1953427.0479,25895436.6734
489,37063126.4497,45.3625,9214262.7284,1953427.0479,25895436.6734
490,14875335.973,45.3994,13054251.433,244905.63,1576178.91
491,14494798.333,45.4347,13054251.433,244905.63,1195641.27
492,40844017.082,45.4707,39034373.542,614002.27,1195641.27
493,81851417.4643,45.5053,74589925.6443,1239885.49,6021606.33
494,58345039.9813,45.589,27552171.4208,4897431.8871,25895436.6734
495,37063126.4497,45.67,9214262.7284,1953427.0479,25895436.6734
496,30327332.1703,45.7522,9495724.9562,1953427.0479,18878180.1662
497,24256985.7586,45.8346,11327745.0058,1953427.0479,10975813.7049
498,23999347.9011,45.9157,11070107.1483,1953427.0479,10975813.7049
499,23744217.1683,45.9993,10814976.4155,1953427.0479,10975813.7049
500,32258940.1499,46.0808,6818374.8881,2014828.6146,23425736.6472
501,32169932.8518,46.1634,6729367.5899,2014828.6146,23425736.6472
502,32126111.737,46.2461,6685546.4752,2014828.6146,23425736.6472
503,32076748.8174,46.3292,6636183.5555,2014828.6146,23425736.6472
504,6937890.2527,46.4115,6636183.5555,301706.6972,0
505,6920845.798,46.4922,6619139.1009,301706.6972,0
506,6920845.798,46.5746,6619139.1009,301706.6972,0
507,6905424.2127,46.6584,6603717.5155,301706.6972,0
508,6905424.2127,46.7409,6603717.5155,301706.6972,0
509,6905424.2127,46.8246,6603717.5155,301706.6972,0
510,14557414.3984,46.8595,14453475.0784,103939.32,0
511,15107847.3384,46.8932,14453475.0784,654372.26,0
512,15811310.8384,46.9284,14453475.0784,1357835.76,0
513,11987211.3702,47.0108,6603717.5155,5383493.8546,0
514,7458822.0557,47.0912,6603717.5155,855104.5401,0
515,6905424.2127,47.1744,6603717.5155,301706.6972,0
516,6905424.2127,47.2566,6603717.5155,301706.6972,0
517,6905424.2127,47.3414,6603717.5155,301706.6972,0
518,15737761.7084,47.3764,14453475.0784,1284286.63,0
519,27661274.4284,47.4126,14453475.0784,1284286.63,11923512.72
520,15737761.7084,47.4468,14453475.0784,1284286.63,0
521,42086980.4574,47.4809,40433597.1874,1653383.27,0
522,83525152.5798,47.5153,75989149.2898,2279266.49,5256736.8
523,32076216.6776,47.5991,18473900.0492,13602316.6284,0
524,17169491.1628,47.682,6603717.5155,10565773.6472,0
525,7833154.5399,47.7662,5576373.1729,2256781.3669,0
526,7679306.8235,47.8503,5422525.4566,2256781.3669,0
527,7525459.1072,47.933,5268677.7402,2256781.3669,0
528,7384633.8308,48.0139,5127852.4638,2256781.3669,0
529,7230786.1144,48.0984,4974004.7475,2256781.3669,0
530,7091331.2366,48.1795,4834549.8696,2256781.3669,0
531,6963630.8729,48.2637,4834549.8696,2010629.0833,118451.92
532,6888470.4942,48.3806,4759389.4909,2010629.0833,118451.92
533,6821168.7091,48.5178,4810539.6258,2010629.0833,0
534,6770018.5742,48.6548,4759389.4909,2010629.0833,0
535,6733014.7368,48.7919,4722385.6535,2010629.0833,0
536,6691331.2366,48.9289,4680702.1533,2010629.0833,0
537,6676938.3981,49.066,4666309.3148,2010629.0833,0
538,6676938.3981,49.2033,4666309.3148,2010629.0833,0
539,6663915.9581,49.3406,4653286.8748,2010629.0833,0
540,6663915.9581,49.4778,4653286.8748,2010629.0833,0
541,6663915.9581,49.6155,4653286.8748,2010629.0833,0
542,12160854.8636,49.6734,12060915.5436,99939.32,0
543,12711287.8036,49.7302,12060915.5436,650372.26,0
544,13414751.3036,49.7879,12060915.5436,1353835.76,0
545,44675941.1309,49.9245,4653286.8748,40022654.256,0
546,10803359.8361,50.061,4653286.8748,6150072.9612,0
547,6663915.9581,50.1975,4653286.8748,2010629.0833,0
548,6663915.9581,50.335,4653286.8748,2010629.0833,0
549,6663915.9581,50.4734,4653286.8748,2010629.0833,0
550,12596023.6387,50.5321,12065737.0087,530286.63,0
551,24519536.3587,50.5892,12065737.0087,530286.63,11923512.72
552,32666245.9087,50.6476,12065737.0087,530286.63,20070222.27
553,26734138.2281,50.784,4653286.8748,2010629.0833,20070222.27
554,6663915.9581,50.9207,4653286.8748,2010629.0833,0
555,6510068.2418,51.0572,4499439.1585,2010629.0833,0
556,6385825.0569,51.1944,4375195.9736,2010629.0833,0
557,6246370.179,51.331,4235741.0957,2010629.0833,0
558,6118669.8154,51.4678,4235741.0957,1764476.7996,118451.92
559,6043509.4366,51.6048,4160580.717,1764476.7996,118451.92
560,5925057.5166,51.742,4160580.717,1764476.7996,0
561,5925057.5166,51.8805,4160580.717,1764476.7996,0
562,5888053.6793,52.0177,4123576.8796,1764476.7996,0
563,5846370.179,52.1548,4081893.3794,1764476.7996,0
564,5831977.3405,52.2884,4067500.5409,1764476.7996,0
565,5831977.3405,52.3692,4067500.5409,1764476.7996,0
566,5831977.3405,52.4499,4067500.5409,1764476.7996,0
567,22499008.3861,52.4851,10546822.7361,28672.93,11923512.72
568,22499008.3861,52.5196,10546822.7361,28672.93,11923512.72
569,23202471.8861,52.5543,10546822.7361,732136.43,11923512.72
570,49121764.0886,52.6358,4067500.5409,45054263.5477,0
571,49113878.5226,52.7159,3913652.8246,45200225.6981,0
572,5824091.7746,52.7982,3913652.8246,1910438.95,0
573,5824091.7746,52.8777,3913652.8246,1910438.95,0
574,5824091.7746,52.9572,3913652.8246,1910438.95,0
575,10242671.2301,52.9934,10144360.0101,98311.22,0
576,10793104.1701,53.0264,10144360.0101,648744.16,0
577,12040717.8701,53.0596,10144360.0101,1896357.86,0
578,86739275.9958,53.1407,3913652.8246,82825623.1712,0
579,82599832.1178,53.22,3913652.8246,78686179.2933,0
580,5824091.7746,53.301,3913652.8246,1910438.95,0
581,5824091.7746,53.383,3913652.8246,1910438.95,0
582,5670244.0582,53.4646,3759805.1082,1910438.95,0
583,5670244.0582,53.5468,3759805.1082,1910438.95,0
584,5530789.1804,53.6295,3620350.2303,1910438.95,0
585,5403088.8167,53.7118,3620350.2303,1664286.6664,118451.92
586,5327928.438,53.7934,3545189.8516,1664286.6664,118451.92
587,5209476.518,53.875,3545189.8516,1664286.6664,0
588,5209476.518,53.9575,3545189.8516,1664286.6664,0
589,5172472.6806,54.0387,3508186.0143,1664286.6664,0
590,5130789.1804,54.1197,3466502.514,1664286.6664,0
591,5116396.3419,54.2007,3452109.6755,1664286.6664,0
592,5116396.3419,54.3008,3452109.6755,1664286.6664,0
593,5116396.3419,54.4377,3452109.6755,1664286.6664,0
594,20898577.4467,54.4966,8948019.8967,27044.83,11923512.72
595,8975064.7267,54.5532,8948019.8967,27044.83,0
596,9678528.2267,54.6089,8948019.8967,730508.33,0
597,29400750.4967,54.6652,8948019.8967,730508.33,19722222.27
598,48406183.09,54.7983,3452109.6755,44954073.4144,0
599,48406183.09,54.8812,3452109.6755,44954073.4144,0
600,3151695.9624,54.9633,640084.4374,2511611.525,0
601,2959947.4664,55.0446,668610.6252,2291336.8412,0
602,2959947.4664,55.1268,668610.6252,2291336.8412,0
603,2959947.4664,55.2092,668610.6252,2291336.8412,0
604,9438739.2545,55.2443,9346799.9345,91939.32,0
605,9989172.1945,55.2791,9346799.9345,642372.26,0
606,11236785.8945,55.3136,9346799.9345,1889985.96,0
607,125070827.3662,55.3956,668610.6252,124402216.741,0
608,9206873.0477,55.4769,668610.6252,8538262.4225,0
609,2959947.4664,55.5584,668610.6252,2291336.8412,0
610,2931421.2786,55.64,640084.4374,2291336.8412,0
611,2931421.2786,55.7228,640084.4374,2291336.8412,0
612,2905563.787,55.8057,614226.9458,2291336.8412,0
613,2652541.8948,55.8861,614226.9458,1919863.029,118451.92
614,2638605.7823,55.9669,600290.8333,1919863.029,118451.92
615,2520153.8623,56.0475,600290.8333,1919863.029,0
616,2520153.8623,56.1286,600290.8333,1919863.029,0
617,2513292.6723,56.2095,593429.6433,1919863.029,0
618,2505563.787,56.2903,585700.7579,1919863.029,0
619,2502895.0908,56.3716,583032.0618,1919863.029,0
620,2502895.0908,56.4524,583032.0618,1919863.029,0
621,2502895.0908,56.5381,583032.0618,1919863.029,0
622,20094645.471,56.5834,8150459.821,20672.93,11923512.72
623,8171132.751,56.6175,8150459.821,20672.93,0
624,8874596.251,56.6513,8150459.821,724136.43,0
625,26784785.4977,56.686,7508310.0609,5908703.3868,13367772.05
626,67832462.1104,56.7711,583032.0618,67249430.0486,0
627,67832462.1104,56.8539,583032.0618,67249430.0486,0
628,2502895.0908,56.9366,583032.0618,1919863.029,0
629,2502895.0908,57.0182,583032.0618,1919863.029,0
630,2502895.0908,57.0993,583032.0618,1919863.029,0
631,7676994.036,57.1358,7508310.0609,168683.9751,0
632,12168336.8853,57.1696,7508310.0609,4660026.8244,0
633,18109054.7598,57.2036,7508310.0609,10600744.6989,0
634,53620750.7344,57.2863,583032.0618,53037718.6726,0
635,2502895.0908,57.367,583032.0618,1919863.029,0
636,2502895.0908,57.4482,583032.0618,1919863.029,0
637,2502895.0908,57.5298,583032.0618,1919863.029,0
638,8225864.5664,57.5663,7508310.0609,717554.5055,0
639,18405961.8371,57.6001,7508310.0609,10897651.7762,0
640,31773733.8871,57.6342,7508310.0609,10897651.7762,13367772.05
641,22117592.7221,57.7168,583032.0618,8166788.6104,13367772.05
642,8749820.6721,57.7975,583032.0618,8166788.6104,0
643,2502895.0908,57.878,583032.0618,1919863.029,0
644,2249873.1986,57.9585,583032.0618,1548389.2169,118451.92
645,2131421.2786,58.0391,583032.0618,1548389.2169,0
646,1878399.3864,58.1195,583032.0618,1176915.4047,118451.92
647,1759947.4664,58.2002,583032.0618,1176915.4047,0
648,1506925.5742,58.2808,583032.0618,805441.5925,118451.92
649,1388473.6542,58.3612,583032.0618,805441.5925,0
650,3783777.5867,58.442,3280668.397,503109.1897,0
651,3698294.6886,58.5228,3195185.4989,503109.1897,0
652,3616238.2448,58.6033,3113129.0551,503109.1897,0
653,3575839.256,58.6843,3072730.0663,503109.1897,0
654,3530331.2389,58.7652,3027222.0492,503109.1897,0
655,3514617.8383,58.8458,3011508.6486,503109.1897,0
656,3514617.8383,58.9267,3011508.6486,503109.1897,0
657,3514617.8383,59.008,3011508.6486,503109.1897,0
658,12397410.8456,59.0446,6586623.3178,5810787.5277,0
659,16888753.6949,59.0785,6586623.3178,10302130.3771,0
660,16888753.6949,59.1123,6586623.3178,10302130.3771,0
661,35444757.9886,59.1948,3011508.6486,32433249.34,0
662,3514617.8383,59.2758,3011508.6486,503109.1897,0
663,3514617.8383,59.3571,3011508.6486,503109.1897,0
664,3514617.8383,59.4382,3011508.6486,503109.1897,0
665,6657391.4338,59.4753,6586623.3178,70768.116,0
666,12598109.3083,59.5092,6586623.3178,6011485.9905,0
667,13146979.8387,59.5435,6586623.3178,6560356.5209,0
668,7416683.111,59.6265,3011508.6486,4405174.4623,0
669,7416683.111,59.7085,3011508.6486,4405174.4623,0
670,3514617.8383,59.7895,3011508.6486,503109.1897,0
671,3514617.8383,59.8713,3011508.6486,503109.1897,0
672,3514617.8383,59.953,3011508.6486,503109.1897,0
673,13088536.5138,59.9901,6586623.3178,70768.116,6431145.08
674,12525682.9538,60.0242,6586623.3178,70768.116,5868291.52
675,269923568.4565,60.0585,66988366.6701,1384556.15,201550645.6363
676,271171182.1565,60.0929,66988366.6701,2632169.85,201550645.6363
677,81755904.1403,60.1758,3011508.6486,72876103.9717,5868291.52
678,9382909.3583,60.2572,3011508.6486,503109.1897,5868291.52
679,6841566.0444,60.3385,6338456.8547,503109.1897,0
680,4854268.6982,60.4195,4351159.5085,503109.1897,0
681,3514617.8383,60.5005,3011508.6486,503109.1897,0
682,3362367.7893,60.5817,2859258.5996,503109.1897,0
683,3248783.1589,60.6634,2859258.5996,271072.6393,118451.92
684,3130331.2389,60.7443,2859258.5996,271072.6393,0
685,3048274.7951,60.8254,2777202.1558,271072.6393,0
686,3007875.8063,60.9072,2736803.167,271072.6393,0
687,2962367.7893,60.9881,2691295.15,271072.6393,0
688,2946654.3886,61.0712,2675581.7493,271072.6393,0
689,2946654.3886,61.1528,2675581.7493,271072.6393,0
690,2946654.3886,61.2351,2675581.7493,271072.6393,0
691,3905723.298,61.2721,3350617.428,555105.87,0
692,4609186.798,61.3062,3350617.428,1258569.37,0
693,18682401.4204,61.3411,17054735.4104,1627666.01,0
694,67230975.693,61.4263,13618785.1298,53612190.5633,0
695,34876794.539,61.5073,2675581.7493,32201212.7896,0
696,2946654.3886,61.5879,2675581.7493,271072.6393,0
697,2946654.3886,61.6722,2675581.7493,271072.6393,0
698,2946654.3886,61.7557,2675581.7493,271072.6393,0
699,3355290.358,61.7924,3350617.428,4672.93,0
700,6434884.2552,61.8269,6362944.9352,71939.32,0
701,18358396.9752,61.8609,6362944.9352,71939.32,11923512.72
702,6848719.6613,61.945,2675581.7493,4173137.912,0
703,2946654.3886,62.0275,2675581.7493,271072.6393,0
704,2946654.3886,62.1105,2675581.7493,271072.6393,0
705,2946654.3886,62.1918,2675581.7493,271072.6393,0
706,7615231.5652,62.2284,6362944.9352,1252286.63,0
707,19538744.2852,62.2624,6362944.9352,1252286.63,11923512.72
708,35406088.3852,62.2965,6362944.9352,1252286.63,27790856.82
709,30737511.2086,62.3793,2675581.7493,271072.6393,27790856.82
710,11749457.7386,62.4603,2675581.7493,271072.6393,8802803.35
711,4833294.0086,62.5423,2675581.7493,271072.6393,1886639.62
712,4513294.0086,62.6236,2675581.7493,271072.6393,1566639.62
713,4355348.8983,62.7046,2675581.7493,39036.089,1640731.06
714,4203098.8493,62.7858,2523331.7003,39036.089,1640731.06
715,4121042.4055,62.8674,2441275.2565,39036.089,1640731.06
716,4046950.9655,62.9488,2441275.2565,39036.089,1566639.62
717,4006551.9767,63.03,2400876.2677,39036.089,1566639.62
718,3961043.9596,63.1112,2355368.2507,39036.089,1566639.62
719,3945330.559,63.1931,2339654.85,39036.089,1566639.62
720,3945330.559,63.2751,2339654.85,39036.089,1566639.62
721,3945330.559,63.3571,2339654.85,39036.089,1566639.62
722,7834835.1493,63.3948,5564059.0993,704136.43,1566639.62
723,8385268.0893,63.4291,5564059.0993,1254569.37,1566639.62
724,24671200.2826,63.4634,21121931.3526,1982629.31,1566639.62
725,117359563.9123,63.5473,394447.4821,115008810.7654,1956305.6649
726,52871698.6045,63.6286,394447.4821,50520945.4576,1956305.6649
727,2412441.947,63.7106,394447.4821,61688.8001,1956305.6649
728,2412441.947,63.7924,394447.4821,61688.8001,1956305.6649
729,1882514.6596,63.8734,394447.4821,61688.8001,1426378.3775
730,1882514.6596,63.9551,394447.4821,61688.8001,1426378.3775
731,1882514.6596,64.0373,394447.4821,61688.8001,1426378.3775
732,6774264.1293,64.0741,5564059.0993,67939.32,1142265.71
733,8021877.8293,64.1097,5564059.0993,1315553.02,1142265.71
734,19180511.9954,64.1437,14672736.7054,1315553.02,3192222.27
735,119459255.0774,64.2264,1040180.1897,114432859.7873,3986215.1005
736,5088084.0902,64.3073,1040180.1897,61688.8001,3986215.1005
737,1101868.9897,64.3879,1040180.1897,61688.8001,0
738,585313.5338,64.4688,523624.7338,61688.8001,0
739,556996.2118,64.5493,495307.4117,61688.8001,0
740,528678.8898,64.631,466990.0897,61688.8001,0
741,500361.5678,64.7154,438672.7677,61688.8001,0
742,472044.2458,64.7959,410355.4457,61688.8001,0
743,446376.08,64.8768,384687.2799,61688.8001,0
744,430468.1164,64.9602,368779.3164,61688.8001,0
745,416634.0427,65.0433,354945.2427,61688.8001,0
746,409823.0896,65.1245,348134.2896,61688.8001,0
747,395989.0159,65.2083,334300.2159,61688.8001,0
748,388316.7207,65.2942,326627.9206,61688.8001,0
749,381505.7676,65.3773,319816.9676,61688.8001,0
750,3766636.6419,65.4586,3755755.4841,10881.1577,0
751,3766636.6419,65.5419,3755755.4841,10881.1577,0
752,5025061.2796,65.5821,4473955.4096,551105.87,0
753,5025061.2796,65.6164,4473955.4096,551105.87,0
754,5728524.7796,65.6585,4473955.4096,1254569.37,0
755,12667038.8021,65.7397,3755755.4841,8911283.3179,0
756,3766636.6419,65.8202,3755755.4841,10881.1577,0
757,3766636.6419,65.901,3755755.4841,10881.1577,0
758,3766636.6419,65.9831,3755755.4841,10881.1577,0
759,4474628.3396,66.0179,4473955.4096,672.93,0
760,4474628.3396,66.0517,4473955.4096,672.93,0
761,4541894.7296,66.0868,4473955.4096,67939.32,0
762,3766636.6419,66.1691,3755755.4841,10881.1577,0
763,3766636.6419,66.25,3755755.4841,10881.1577,0
764,3766636.6419,66.3309,3755755.4841,10881.1577,0
765,4474628.3396,66.3658,4473955.4096,672.93,0
766,4474628.3396,66.4007,4473955.4096,672.93,0
767,4972242.0396,66.4349,4473955.4096,498286.63,0
768,3766636.6419,66.5177,3755755.4841,10881.1577,0
769,3766636.6419,66.601,3755755.4841,10881.1577,0
770,3755755.4841,66.702,3755755.4841,0,0
771,3755755.4841,66.7839,3755755.4841,0,0
772,3755755.4841,66.8671,3755755.4841,0,0
773,4473955.4096,66.9028,4473955.4096,0,0
774,5202015.3496,66.937,4473955.4096,728059.94,0
775,19647115.9297,66.9726,3853159.0757,10189729.184,5604227.67
776,9359983.1541,67.0567,3755755.4841,0,5604227.67
777,3755755.4841,67.1381,3755755.4841,0,0
778,3451804.8597,67.2194,3451804.8597,0,0
779,3451804.8597,67.3013,3451804.8597,0,0
780,3287988.1156,67.3849,3287988.1156,0,0
781,3197136.3209,67.4677,3197136.3209,0,0
782,3116484.1441,67.5511,3116484.1441,0,0
783,3085114.0528,67.6331,3085114.0528,0,0
784,3085114.0528,67.7139,3085114.0528,0,0
785,3085114.0528,67.7955,3085114.0528,0,0
786,3165124.903,67.8302,3165124.903,0,0
787,8097347.173,67.8641,3165124.903,0,4932222.27
788,15801057.1073,67.8984,3165124.903,7703709.9343,4932222.27
789,8017336.3228,67.9795,3085114.0528,0,4932222.27
790,3085114.0528,68.0619,3085114.0528,0,0
791,3085114.0528,68.1443,3085114.0528,0,0
792,3085114.0528,68.2266,3085114.0528,0,0
793,3165124.903,68.2636,3165124.903,0,0
794,3165124.903,68.3004,3165124.903,0,0
795,4106567.0283,68.3342,3165124.903,941442.1253,0
796,3085114.0528,68.4158,3085114.0528,0,0
797,3085114.0528,68.4983,3085114.0528,0,0
798,3085114.0528,68.5796,3085114.0528,0,0
799,3165124.903,68.6163,3165124.903,0,0
800,4177808.7,68.6503,3680195,497613.7,0
801,30607821.34,68.6847,29741111,866710.34,0
802,11131438.5523,68.7659,3085114.0528,8046324.4995,0
803,3085114.0528,68.8469,3085114.0528,0,0
804,3085114.0528,68.9281,3085114.0528,0,0
805,3085114.0528,69.0111,3085114.0528,0,0
806,3680195,69.0464,3680195,0,0
807,4408254.94,69.0806,3680195,728059.94,0
808,36750090.65,69.1164,29259765,728059.94,6762265.71
809,9847379.7628,69.198,3085114.0528,0,6762265.71
810,3085114.0528,69.2795,3085114.0528,0,0
811,2781163.4284,69.3625,2781163.4284,0,0
812,2781163.4284,69.448,2781163.4284,0,0
813,2617346.6843,69.5308,2617346.6843,0,0
814,2526494.8896,69.6122,2526494.8896,0,0
815,2445842.7128,69.6939,2445842.7128,0,0
816,2414472.6215,69.7754,2414472.6215,0,0
817,2414472.6215,69.8572,2414472.6215,0,0
818,2414472.6215,69.9401,2414472.6215,0,0
819,2880195,69.9772,2880195,0,0
820,3430627.94,70.0109,2880195,550432.94,0
821,4138091.44,70.045,2880195,1257896.44,0
822,11314874.7818,70.1278,2414472.6215,8900402.1602,0
823,2414472.6215,70.2087,2414472.6215,0,0
824,2414472.6215,70.2901,2414472.6215,0,0
825,2880195,70.3718,2880195,0,0
826,2880195,70.4082,2880195,0,0
827,2880195,70.4419,2880195,0,0
828,2880195,70.4757,2880195,0,0
829,2880195,70.5671,2880195,0,0
830,2880195,70.6494,2880195,0,0
831,2880195,70.7302,2880195,0,0
832,2880195,70.765,2880195,0,0
833,2947461.39,70.7989,2880195,67266.39,0
834,5695755.41,70.8331,2880195,1314880.09,1500680.32
835,4195075.09,70.9156,2880195,1314880.09,0
836,2947461.39,70.9973,2880195,67266.39,0
837,2880195,71.0808,2880195,0,0
838,2880195,71.1657,2880195,0,0
839,2880195,71.2477,2880195,0,0
840,2880195,71.2858,2880195,0,0
841,2880195,71.3214,2880195,0,0
842,3608254.94,71.3556,2880195,728059.94,0
843,2880195,71.4385,2880195,0,0
844,2517616,71.5209,2517616,0,0
845,2517616,71.6024,2517616,0,0
846,2322201,71.6844,2322201,0,0
847,2213825,71.7665,2213825,0,0
848,2117616,71.847,2117616,0,0
849,2080195,71.9278,2080195,0,0
850,2080195,72.0086,2080195,0,0
851,2080195,72.0913,2080195,0,0
852,2080195,72.1281,2080195,0,0
853,2630627.94,72.1623,2080195,550432.94,0
854,3338091.44,72.1963,2080195,1257896.44,0
855,2630627.94,72.2794,2080195,550432.94,0
856,2080195,72.3619,2080195,0,0
857,2080195,72.4437,2080195,0,0
858,2080195,72.5248,2080195,0,0
859,2080195,72.5613,2080195,0,0
860,2080195,72.5966,2080195,0,0
861,2080195,72.6303,2080195,0,0
862,2080195,72.7139,2080195,0,0
863,2080195,72.7946,2080195,0,0
864,2080195,72.8754,2080195,0,0
865,2080195,72.9116,2080195,0,0
866,2577808.7,72.9453,2080195,497613.7,0
867,3125075.08,72.9792,2080195,1044880.08,0
868,3125075.08,73.0633,2080195,1044880.08,0
869,2627461.38,73.1439,2080195,547266.38,0
870,2080195,73.2244,2080195,0,0
871,2080195,73.3073,2080195,0,0
872,2080195,73.3883,2080195,0,0
873,2080195,73.4246,2080195,0,0
874,2080195,73.4601,2080195,0,0
875,2808254.94,73.494,2080195,728059.94,0
876,2080195,73.5763,2080195,0,0
877,1717616,73.6567,1717616,0,0
878,1717616,73.7376,1717616,0,0
879,1522201,73.818,1522201,0,0
880,1413825,73.8989,1413825,0,0
881,1317616,73.9794,1317616,0,0
882,1280195,74.0628,1280195,0,0
883,1280195,74.1437,1280195,0,0
884,1280195,74.2252,1280195,0,0
885,1280195,74.2617,1280195,0,0
886,1830627.94,74.2955,1280195,550432.94,0
887,2538091.44,74.3296,1280195,1257896.44,0
888,1830627.94,74.4126,1280195,550432.94,0
889,1280195,74.4938,1280195,0,0
890,1280195,74.5748,1280195,0,0
891,1280195,74.6556,1280195,0,0
892,1280195,74.6934,1280195,0,0
893,1280195,74.7282,1280195,0,0
894,1280195,74.7617,1280195,0,0
895,1280195,74.8466,1280195,0,0
896,1280195,74.9279,1280195,0,0
897,1280195,75.0107,1280195,0,0
898,1280195,75.0474,1280195,0,0
899,1777808.7,75.0826,1280195,497613.7,0
900,19253726.177,75.1199,921864.7867,13928348.6703,4403512.72
901,1777808.7,75.203,1280195,497613.7,0
902,1280195,75.2836,1280195,0,0
903,1280195,75.3649,1280195,0,0
904,1280195,75.4475,1280195,0,0
905,2804670.1309,75.4855,921864.7867,1882805.3442,0
906,7208182.8509,75.5195,921864.7867,1882805.3442,4403512.72
907,27586787.1724,75.5536,921864.7867,22261409.6657,4403512.72
908,2075521.33,75.6367,1280195,795326.33,0
909,1347461.39,75.7193,1280195,67266.39,0
910,984882.39,75.8013,917616,67266.39,0
911,917616,75.8818,917616,0,0
912,722201,75.962,722201,0,0
913,613825,76.0451,613825,0,0
914,517616,76.1254,517616,0,0
915,322201,76.207,322201,0,0
916,213825,76.289,213825,0,0
917,213825,76.3692,213825,0,0
918,213825,76.4501,213825,0,0
919,153974.7757,76.4862,153974.7757,0,0
920,15560748.9621,76.5202,153974.7757,15406774.1864,0
921,35362853.0833,76.5557,153974.7757,35208878.3076,0
922,764257.94,76.6396,213825,550432.94,0
923,213825,76.7206,213825,0,0
924,213825,76.801,213825,0,0
925,213825,76.882,213825,0,0
926,23177210.7282,76.9188,23177210.7282,0,0
927,23177210.7282,76.9528,23177210.7282,0,0
928,23177210.7282,76.988,23177210.7282,0,0
929,213825,77.0693,213825,0,0
930,213825,77.1506,213825,0,0
931,213825,77.2344,213825,0,0
932,153974.7757,77.2706,153974.7757,0,0
933,14082323.4461,77.3058,153974.7757,13928348.6703,0
934,40427688.8561,77.3406,153974.7757,13928348.6703,26345365.41
935,711438.7,77.4219,213825,497613.7,0
936,213825,77.5042,213825,0,0
937,213825,77.5867,213825,0,0
938,213825,77.668,213825,0,0
939,153974.7757,77.7032,153974.7757,0,0
940,153974.7757,77.7388,153974.7757,0,0
941,2036780.1199,77.7726,153974.7757,1882805.3442,0
942,281091.39,77.8556,213825,67266.39,0
943,281091.39,77.9369,213825,67266.39,0
944,213825,78.0173,213825,0,0
945,213825,78.1003,213825,0,0
946,213825,78.1856,213825,0,0
947,153974.7757,78.2203,153974.7757,0,0
948,153974.7757,78.2541,153974.7757,0,0
949,20532579.0972,78.288,153974.7757,20378604.3214,0
950,48542.1612,78.3691,48542.1612,0,0
951,48542.1612,78.4529,48542.1612,0,0
952,48542.1612,78.5367,48542.1612,0,0
953,153974.7757,78.5717,153974.7757,0,0
954,153974.7757,78.6054,153974.7757,0,0
955,19956078.8969,78.6395,153974.7757,19802104.1212,0
956,54734184.9068,78.7227,48542.1612,54685642.7455,0
957,54734184.9068,78.8058,48542.1612,54685642.7455,0
958,48542.1612,78.8868,48542.1612,0,0
959,48542.1612,78.969,48542.1612,0,0
960,48542.1612,79.0518,48542.1612,0,0
961,153974.7757,79.0885,153974.7757,0,0
962,153974.7757,79.123,153974.7757,0,0
963,153974.7757,79.157,153974.7757,0,0
964,48542.1612,79.2391,48542.1612,0,0
965,48542.1612,79.3239,48542.1612,0,0
966,48542.1612,79.4071,48542.1612,0,0
967,153974.7757,79.4424,153974.7757,0,0
968,153974.7757,79.4763,153974.7757,0,0
969,13060297.0986,79.5097,13060297.0986,0,0
970,2301250.0938,79.5962,2301250.0938,0,0
971,48542.1612,79.6786,48542.1612,0,0
972,48542.1612,79.7622,48542.1612,0,0
973,48542.1612,79.8456,48542.1612,0,0
974,153974.7757,79.8824,153974.7757,0,0
975,213825,79.9172,213825,0,0
976,711438.7,79.9512,213825,497613.7,0
977,48542.1612,80.0353,48542.1612,0,0
978,48542.1612,80.1187,48542.1612,0,0
979,48542.1612,80.2003,48542.1612,0,0
980,213825,80.2369,213825,0,0
981,213825,80.2738,213825,0,0
982,281091.39,80.32,213825,67266.39,0
983,48542.1612,80.4086,48542.1612,0,0
984,48542.1612,80.4915,48542.1612,0,0
985,48542.1612,80.5738,48542.1612,0,0
986,213825,80.6102,213825,0,0
987,213825,80.6458,213825,0,0
988,941884.94,80.6809,213825,728059.94,0
989,48542.1612,80.7673,48542.1612,0,0
990,48542.1612,80.8542,48542.1612,0,0
991,48542.1612,80.9447,48542.1612,0,0
992,213825,80.9803,213825,0,0
993,213825,81.0143,213825,0,0
994,921288.5,81.0491,213825,707463.5,0
995,54734184.9068,81.1361,48542.1612,54685642.7455,0
996,54734184.9068,81.2183,48542.1612,54685642.7455,0
997,48542.1612,81.3054,48542.1612,0,0
998,48542.1612,81.3912,48542.1612,0,0
999,48542.1612,81.4746,48542.1612,0,0
1000,213825,81.5103,213825,0,0
1001,213825,81.5441,213825,0,0
1002,213825,81.578,213825,0,0
1003,48542.1612,81.6647,48542.1612,0,0
1004,48542.1612,81.7567,48542.1612,0,0
1005,48542.1612,81.8885,48542.1612,0,0
1006,213825,81.9461,213825,0,0
1007,213825,82.0025,213825,0,0
1008,10136854,82.0595,10136854,0,0
1009,1209369.6319,82.1951,1209369.6319,0,0
1010,485104.695,82.3308,485104.695,0,0
1011,48542.1612,82.4668,48542.1612,0,0
1012,48542.1612,82.6033,48542.1612,0,0
1013,48542.1612,82.7403,48542.1612,0,0
1014,213825,82.7981,213825,0,0
1015,213825,82.8544,213825,0,0
1016,281091.39,82.9108,213825,67266.39,0
1017,5248111.8526,83.0479,48542.1612,5199569.6913,0
1018,5248111.8526,83.1854,48542.1612,5199569.6913,0
1019,48542.1612,83.3211,48542.1612,0,0
1020,48542.1612,83.4584,48542.1612,0,0
1021,48542.1612,83.5956,48542.1612,0,0
1022,213825,83.6528,213825,0,0
1023,213825,83.7092,213825,0,0
1024,941884.94,83.7656,213825,728059.94,0
1025,2138.25,83.9008,2138.25,0,0
1026,2138.25,84.0384,2138.25,0,0
1027,2138.25,84.1761,2138.25,0,0
1028,213825,84.2341,213825,0,0
1029,213825,84.274,213825,0,0
1030,711438.7,84.3081,213825,497613.7,0
1031,2138.25,84.3906,2138.25,0,0
1032,2138.25,84.4713,2138.25,0,0
1033,2138.25,84.5557,2138.25,0,0
1034,213825,84.5945,213825,0,0
1035,213825,84.6287,213825,0,0
1036,604257.94,84.6655,213825,390432.94,0
1037,2138.25,84.754,2138.25,0,0
1038,2138.25,84.8374,2138.25,0,0
1039,2138.25,84.9183,2138.25,0,0
1040,213825,84.9545,213825,0,0
1041,213825,84.9883,213825,0,0
1042,213825,85.0224,213825,0,0
1043,2138.25,85.1043,2138.25,0,0
1044,2138.25,85.1926,2138.25,0,0
1045,2138.25,85.2783,2138.25,0,0
1046,213825,85.3163,213825,0,0
1047,213825,85.3503,213825,0,0
1048,2136854,85.3856,2136854,0,0
1049,17368.54,85.4697,17368.54,0,0
1050,213825,85.5575,213825,0,0
1051,213825,85.6431,213825,0,0
1052,213825,85.6795,213825,0,0
1053,213825,85.7134,213825,0,0
1054,26643837.64,85.7479,26274741,369096.64,0
1055,213825,85.8357,213825,0,0
1056,213825,85.9196,213825,0,0
1057,213825,86.0012,213825,0,0
1058,213825,86.0375,213825,0,0
1059,213825,86.0717,213825,0,0
1060,281091.39,86.1163,213825,67266.39,0
1061,213825,86.207,213825,0,0
1062,213825,86.2911,213825,0,0
1063,213825,86.3777,213825,0,0
1064,213825,86.4257,213825,0,0
1065,213825,86.4594,213825,0,0
1066,941884.94,86.4934,213825,728059.94,0
1067,213825,86.5882,213825,0,0
1068,213825,86.6709,213825,0,0
1069,213825,86.7556,213825,0,0
1070,213825,86.7968,213825,0,0
1071,213825,86.8435,213825,0,0
1072,1461438.7,86.8865,213825,1247613.7,0
1073,213825,87.0317,213825,0,0
1074,213825,87.134,213825,0,0
1075,213825,87.2222,213825,0,0
1076,213825,87.2611,213825,0,0
1077,213825,87.2968,213825,0,0
1078,604257.94,87.3323,213825,390432.94,0
1079,213825,87.4168,213825,0,0
1080,213825,87.4992,213825,0,0
1081,213825,87.582,213825,0,0
1082,213825,87.6193,213825,0,0
1083,213825,87.6544,213825,0,0
1084,213825,87.6883,213825,0,0
1085,213825,87.7722,213825,0,0
1086,213825,87.8533,213825,0,0
1087,213825,87.9361,213825,0,0
1088,213825,87.9724,213825,0,0
1089,213825,88.006,213825,0,0
1090,24829680.27,88.0403,1736854,0,23092826.27
1091,15702730.47,88.1237,1736854,0,13965876.47
1092,11689464,88.2055,213825,0,11475639
1093,5893039,88.2889,1617400,0,4275639
1094,5799724.75,88.3702,1617400,0,4182324.75
1095,5699724.75,88.4521,1617400,0,4082324.75
1096,5699724.75,88.5337,1617400,0,4082324.75
1097,5699724.75,88.6167,1617400,0,4082324.75
1098,5699724.75,88.6534,1617400,0,4082324.75
1099,5766991.14,88.688,1617400,67266.39,4082324.75
1100,290359973.1064,88.7227,453613.1054,927671.4632,288978688.5378
1101,6427784.69,88.8062,1617400,728059.94,4082324.75
1102,6427784.69,88.8882,1617400,728059.94,4082324.75
1103,5699724.75,88.9695,1617400,0,4082324.75
1104,5699724.75,89.0524,1617400,0,4082324.75
1105,5333582.75,89.1344,1251258,0,4082324.75
1106,5333582.75,89.2263,1251258,0,4082324.75
1107,5333582.75,89.3073,1251258,0,4082324.75
1108,289329614.1141,89.3442,350925.5763,0,288978688.5378
1109,289785016.4855,89.3799,350925.5763,455402.3714,288978688.5378
1110,290365434.877,89.4145,350925.5763,1035820.7629,288978688.5378
1111,5724015.69,89.4987,1251258,390432.94,4082324.75
1112,5333582.75,89.5802,1251258,0,4082324.75
1113,5299724.75,89.6611,1217400,0,4082324.75
1114,5299724.75,89.7435,1217400,0,4082324.75
1115,5299724.75,89.8493,1217400,0,4082324.75
1116,289320118.3601,89.9081,341429.8223,0,288978688.5378
1117,289320118.3601,89.9663,341429.8223,0,288978688.5378
1118,130218275.2375,90.0233,58662874.2931,1166638.2877,70388762.6567
1119,130645421.2214,90.0811,59090020.277,1166638.2877,70388762.6567
1120,131479940.3953,90.1393,59090020.277,2001157.4616,70388762.6567
1121,213001027.99,90.2771,210291000,1715664.74,994363.25
1122,212285564.49,90.3641,210291000,1000201.24,994363.25
1123,12431130.97,90.4455,2340429,0,10090701.97
1124,5299724.75,90.527,1217400,0,4082324.75
1125,80460935.0934,90.6113,3866132.5809,0,76594802.5124
1126,3866132.5809,90.6928,3866132.5809,0,0
1127,3866132.5809,90.775,3866132.5809,0,0
1128,3866132.5809,90.8571,3866132.5809,0,0
1129,12459762.4955,90.8923,12029246.8603,430515.6351,0
1130,12538222.2523,90.9266,12029246.8603,508975.3919,0
1131,22408264.5607,90.9612,21899289.1687,508975.3919,0
1132,10288949.7449,91.0434,9852586.7149,436363.03,0
1133,3933398.9709,91.1472,3866132.5809,67266.39,0
1134,3866132.5809,91.2808,3866132.5809,0,0
1135,3866132.5809,91.4156,3866132.5809,0,0
1136,3866132.5809,91.5035,3866132.5809,0,0
1137,5569460.7696,91.5387,4720249.0632,849211.7064,0
1138,18981520.2676,91.5733,17402276.1448,1579244.1228,0
1139,32566994.5243,91.6078,30548083.2224,2018911.3019,0
1140,15607323.8366,91.6893,14253380.6766,1353943.16,0
1141,4594192.5209,91.7703,3866132.5809,728059.94,0
1142,2756512.1773,91.8515,2028452.2373,728059.94,0
1143,2028452.2373,91.9333,2028452.2373,0,0
1144,2028452.2373,92.0681,2028452.2373,0,0
1145,2028452.2373,92.2026,2028452.2373,0,0
1146,2931985.7715,92.2615,2476583.4001,455402.3714,0
1147,3512404.1631,92.3193,2476583.4001,1035820.7629,0
1148,11389408.8029,92.3773,10213796.2879,1175612.5151,0
1149,8751593.4601,92.5143,7743698.2901,1007895.17,0
1150,35705145.2333,92.6496,29828384.2606,5876760.9727,0
1151,16992992.231,92.7846,12496491.3797,4496500.8513,0
1152,12310009.3998,92.9199,7813508.5485,4496500.8513,0
1153,7813508.5485,93.0932,7813508.5485,0,0
1154,7813508.5485,93.2346,7813508.5485,0,0
1155,6157713.0196,93.3695,734844.9196,0,5422868.1
1156,734844.9196,93.506,734844.9196,0,0
1157,734844.9196,93.6442,734844.9196,0,0
1158,734844.9196,93.7823,734844.9196,0,0
1159,923082.4766,93.8416,923082.4766,0,0
1160,1757601.6505,93.8992,923082.4766,834519.1739,0
1161,1836061.4073,93.9565,923082.4766,912978.9307,0
1162,3686970.5848,94.0935,2912283.439,774687.1458,0
1163,1509532.0654,94.2301,734844.9196,774687.1458,0
1164,734844.9196,94.3669,734844.9196,0,0
1165,734844.9196,94.5051,734844.9196,0,0
1166,734844.9196,94.6431,734844.9196,0,0
1167,7972431.1693,94.7023,7541915.5342,430515.6351,0
1168,21384490.6673,94.7599,20223942.6158,1160548.0515,0
1169,34969964.924,94.8181,33369749.6934,1600215.2306,0
1170,75264512.8789,94.9543,63805623.7096,11458889.1693,0
1171,28045179.1838,95.0904,23794402.1977,4250776.9861,0
1172,734844.9196,95.2274,734844.9196,0,0
1173,380911.7382,95.3646,380911.7382,0,0
1174,380911.7382,95.5013,380911.7382,0,0
1175,430490,95.6388,430490,0,0
1176,969946.1603,95.6978,120734.4539,849211.7064,0
1177,1550364.5518,95.7551,120734.4539,1429630.0979,0
1178,7183703.5286,95.8127,5614281.6786,1569421.85,0
1179,18656274.17,95.9495,17310752,1345522.17,0
1180,17533245.17,96.0869,16187723,1345522.17,0
1181,6948668.64,96.2238,5722995,1225673.64,0
1182,1656163.64,96.3609,430490,1225673.64,0
1183,928103.7,96.4972,430490,497613.7,0
1184,430490,96.6318,430490,0,0
1185,213825,96.7673,213825,0,0
1186,213825,96.8971,213825,0,0
1187,213825,97.0322,213825,0,0
1188,59968.9763,97.0894,59968.9763,0,0
1189,515371.3477,97.1455,59968.9763,455402.3714,0
1190,1317719.3704,97.2025,862316.9989,455402.3714,0
1191,3074672,97.3376,3074672,0,0
1192,3040128,97.4722,3040128,0,0
1193,213825,97.6068,213825,0,0
1194,213825,97.7425,213825,0,0
1195,213825,97.8782,213825,0,0
1196,59968.9763,97.9356,59968.9763,0,0
1197,138428.7331,97.9925,59968.9763,78459.7568,0
1198,972947.907,98.049,59968.9763,912978.9307,0
1199,281091.39,98.1839,213825,67266.39,0
1200,162655.7492,98.319,162655.7492,0,0
1201,162655.7492,98.455,162655.7492,0,0
1202,162655.7492,98.591,162655.7492,0,0
1203,59968.9763,98.6482,59968.9763,0,0
1204,7799482.4086,98.7053,7368966.7734,430515.6351,0
1205,21211541.9066,98.7626,20050993.8551,1160548.0515,0
1206,28819724.246,98.8976,19987081.4055,8832642.8404,0
1207,162655.7492,99.0341,162655.7492,0,0
1208,162655.7492,99.1689,162655.7492,0,0
1209,162655.7492,99.253,162655.7492,0,0
1210,59968.9763,99.2879,59968.9763,0,0
1211,3134679.5893,99.3223,2994887.8372,139791.7521,0
1212,16720153.846,99.3566,16140694.9147,579458.9313,0
1213,10991156.2614,99.4379,8123128.9056,2868027.3558,0
1214,162655.7492,99.5403,162655.7492,0,0
1215,162655.7492,99.6222,162655.7492,0,0
1216,162655.7492,99.7045,162655.7492,0,0
1217,59968.9763,99.7393,59968.9763,0,0
1218,909180.6827,99.7732,59968.9763,849211.7064,0
1219,2364401.7447,99.8074,59968.9763,2304432.7684,0
1220,17585446.2044,99.8881,162655.7492,17422790.4552,0
1221,162655.7492,99.9701,162655.7492,0,0
1222,162655.7492,100.0509,162655.7492,0,0
1223,162655.7492,100.1331,162655.7492,0,0
1224,59968.9763,100.1678,59968.9763,0,0
1225,604257.94,100.2018,213825,390432.94,0
1226,3430560.94,100.2359,3040128,390432.94,0
1227,2312612.1707,100.3184,2312612.1707,0,0
1228,2173150.0322,100.401,2173150.0322,0,0
1229,327471.874,100.4849,327471.874,0,0
1230,162655.7492,100.5663,162655.7492,0,0
1231,162655.7492,100.6485,162655.7492,0,0
1232,162655.7492,100.7311,162655.7492,0,0
1233,213825,100.7662,213825,0,0
1234,281091.39,100.7997,213825,67266.39,0
1235,996554.89,100.8338,213825,782729.89,0
1236,1772369.6659,100.9148,162655.7492,1609713.9168,0
1237,162655.7492,100.996,162655.7492,0,0
1238,162655.7492,101.0797,162655.7492,0,0
1239,162655.7492,101.1609,162655.7492,0,0
1240,213825,101.1979,213825,0,0
1241,3432539.88,101.2374,213825,0,3218714.88
1242,16818375.99,101.2944,213825,0,16604550.99
1243,3381370.6292,101.4291,162655.7492,0,3218714.88
1244,162655.7492,101.5638,162655.7492,0,0
1245,162655.7492,101.6989,162655.7492,0,0
1246,162655.7492,101.8336,162655.7492,0,0
1247,213825,101.8911,213825,0,0
1248,25085485.65,101.9479,22268040,184375.95,2633069.7
1249,25313860.25,102.0044,22268040,412750.55,2633069.7
1250,29463091.3105,102.14,21803474.091,7659617.2195,0
1251,122990.7471,102.2791,122990.7471,0,0
1252,122990.7471,102.417,122990.7471,0,0
1253,122990.7471,102.5549,122990.7471,0,0
1254,213825,102.6135,213825,0,0
1255,711438.7,102.6712,213825,497613.7,0
1256,711438.7,102.7286,213825,497613.7,0
1257,122990.7471,102.8656,122990.7471,0,0
1258,122990.7471,103.0021,122990.7471,0,0
1259,122990.7471,103.1399,122990.7471,0,0
1260,213825,103.1987,213825,0,0
1261,604257.94,103.2561,213825,390432.94,0
1262,3030560.94,103.3139,2640128,390432.94,0
1263,1518584.4276,103.4507,1518584.4276,0,0
1264,1413131.3298,103.5873,1413131.3298,0,0
1265,247615.0438,103.7237,247615.0438,0,0
1266,122990.7471,103.8605,122990.7471,0,0
1267,122990.7471,103.9983,122990.7471,0,0
1268,122990.7471,104.1345,122990.7471,0,0
1269,213825,104.1918,213825,0,0
1270,281091.39,104.2479,213825,67266.39,0
1271,996554.89,104.3042,213825,782729.89,0
1272,2379085.7732,104.4392,122990.7471,2256095.0261,0
1273,122990.7471,104.5741,122990.7471,0,0
1274,122990.7471,104.7115,122990.7471,0,0
1275,213825,104.8486,213825,0,0
1276,213825,104.9058,213825,0,0
1277,213825,104.9618,213825,0,0
1278,13521454.94,105.0182,12793395,728059.94,0
1279,213825,105.1531,213825,0,0
1280,213825,105.2902,213825,0,0
1281,213825,105.425,213825,0,0
1282,213825,105.483,213825,0,0
1283,213825,105.5388,213825,0,0
1284,24135206,105.5959,24135206,0,0
1285,213825,105.7303,213825,0,0
1286,213825,105.8651,213825,0,0
1287,213825,106.0003,213825,0,0
1288,213825,106.0579,213825,0,0
1289,213825,106.1141,213825,0,0
1290,1461438.7,106.1709,213825,1247613.7,0
1291,1461438.7,106.2904,213825,1247613.7,0
1292,1461438.7,106.3726,213825,1247613.7,0
1293,213825,106.4531,213825,0,0
1294,213825,106.5336,213825,0,0
1295,213825,106.6145,213825,0,0
1296,213825,106.649,213825,0,0
1297,213825,106.6829,213825,0,0
1298,604257.94,106.7166,213825,390432.94,0
1299,213825,106.7976,213825,0,0
1300,213825,106.8795,213825,0,0
1301,213825,106.9617,213825,0,0
1302,213825,106.9964,213825,0,0
1303,213825,107.0301,213825,0,0
1304,2640128,107.0639,2640128,0,0
1305,213825,107.1442,213825,0,0
1306,213825,107.2253,213825,0,0
1307,213825,107.3063,213825,0,0
1308,213825,107.3409,213825,0,0
1309,213825,107.3746,213825,0,0
1310,281091.39,107.4085,213825,67266.39,0
1311,281091.39,107.4901,213825,67266.39,0
1312,213825,107.5711,213825,0,0
1313,213825,107.6524,213825,0,0
1314,213825,107.7336,213825,0,0
1315,213825,107.7683,213825,0,0
1316,213825,107.802,213825,0,0
1317,13521454.94,107.8362,12793395,728059.94,0
1318,213825,107.9173,213825,0,0
1319,213825,107.9992,213825,0,0
1320,213825,108.127,213825,0,0
1321,213825,108.1855,213825,0,0
1322,213825,108.2427,213825,0,0
1323,24135206,108.2789,24135206,0,0
1324,213825,108.3594,213825,0,0
1325,213825,108.44,213825,0,0
1326,213825,108.5206,213825,0,0
1327,213825,108.5554,213825,0,0
1328,213825,108.5892,213825,0,0
1329,1461438.7,108.623,213825,1247613.7,0
1330,1461438.7,108.705,213825,1247613.7,0
1331,1461438.7,108.7868,213825,1247613.7,0
1332,213825,108.8674,213825,0,0
1333,213825,108.9485,213825,0,0
1334,213825,109.0295,213825,0,0
1335,213825,109.0645,213825,0,0
1336,213825,109.0984,213825,0,0
1337,604257.94,109.147,213825,390432.94,0
1338,213825,109.2282,213825,0,0
1339,213825,109.3125,213825,0,0
1340,213825,109.395,213825,0,0
1341,213825,109.4299,213825,0,0
1342,213825,109.4851,213825,0,0
1343,3040128,109.542,3040128,0,0
1344,213825,109.6792,213825,0,0
1345,213825,109.8176,213825,0,0
1346,213825,109.9559,213825,0,0
1347,213825,110.0145,213825,0,0
1348,213825,110.0715,213825,0,0
1349,281091.39,110.1284,213825,67266.39,0
1350,1772369.6659,110.2678,162655.7492,1609713.9168,0
1351,162655.7492,110.4052,162655.7492,0,0
1352,162655.7492,110.5435,162655.7492,0,0
1353,162655.7492,110.682,162655.7492,0,0
1354,213825,110.7403,213825,0,0
1355,213825,110.7973,213825,0,0
1356,13521454.94,110.855,12793395,728059.94,0
1357,162655.7492,110.9918,162655.7492,0,0
1358,162655.7492,111.1308,162655.7492,0,0
1359,162655.7492,111.2671,162655.7492,0,0
1360,213825,111.325,213825,0,0
1361,213825,111.382,213825,0,0
1362,24135206,111.4167,24135206,0,0
1363,162655.7492,111.4975,162655.7492,0,0
1364,162655.7492,111.578,162655.7492,0,0
1365,162655.7492,111.6589,162655.7492,0,0
1366,213825,111.6937,213825,0,0
1367,213825,111.7274,213825,0,0
1368,1461438.7,111.7613,213825,1247613.7,0
1369,30018593.2482,111.8431,162655.7492,29855937.499,0
1370,30018593.2482,111.9255,162655.7492,29855937.499,0
1371,162655.7492,112.0084,162655.7492,0,0
1372,162655.7492,112.0905,162655.7492,0,0
1373,162655.7492,112.1723,162655.7492,0,0
1374,213825,112.2103,213825,0,0
1375,213825,112.2444,213825,0,0
1376,604257.94,112.2781,213825,390432.94,0
1377,162655.7492,112.359,162655.7492,0,0
1378,162655.7492,112.441,162655.7492,0,0
1379,162655.7492,112.5232,162655.7492,0,0
1380,213825,112.558,213825,0,0
1381,213825,112.5916,213825,0,0
1382,3440128,112.6256,3440128,0,0
1383,162655.7492,112.7062,162655.7492,0,0
1384,162655.7492,112.7878,162655.7492,0,0
1385,162655.7492,112.8724,162655.7492,0,0
1386,213825,112.9073,213825,0,0
1387,213825,112.942,213825,0,0
1388,281091.39,112.976,213825,67266.39,0
1389,1772369.6659,113.0598,162655.7492,1609713.9168,0
1390,162655.7492,113.141,162655.7492,0,0
1391,162655.7492,113.2225,162655.7492,0,0
1392,162655.7492,113.3038,162655.7492,0,0
1393,213825,113.3386,213825,0,0
1394,213825,113.3723,213825,0,0
1395,13521454.94,113.4066,12793395,728059.94,0
1396,162655.7492,113.4887,162655.7492,0,0
1397,162655.7492,113.5706,162655.7492,0,0
1398,162655.7492,113.6539,162655.7492,0,0
1399,213825,113.6895,213825,0,0
1400,213825,113.7234,213825,0,0
1401,24135206,113.7577,24135206,0,0
1402,162655.7492,113.8387,162655.7492,0,0
1403,162655.7492,113.92,162655.7492,0,0
1404,162655.7492,114.0013,162655.7492,0,0
1405,213825,114.0365,213825,0,0
1406,213825,114.0702,213825,0,0
1407,1461438.7,114.1043,213825,1247613.7,0
1408,30018593.2482,114.1885,162655.7492,29855937.499,0
1409,30018593.2482,114.2723,162655.7492,29855937.499,0
1410,162655.7492,114.3569,162655.7492,0,0
1411,162655.7492,114.4377,162655.7492,0,0
1412,162655.7492,114.5194,162655.7492,0,0
1413,213825,114.5544,213825,0,0
1414,213825,114.5883,213825,0,0
1415,604257.94,114.6225,213825,390432.94,0
1416,162655.7492,114.7041,162655.7492,0,0
1417,162655.7492,114.7859,162655.7492,0,0
1418,162655.7492,114.8703,162655.7492,0,0
1419,213825,114.9057,213825,0,0
1420,213825,114.9395,213825,0,0
1421,3840128,114.9749,3840128,0,0
1422,162655.7492,115.0576,162655.7492,0,0
1423,162655.7492,115.1405,162655.7492,0,0
1424,162655.7492,115.2222,162655.7492,0,0
1425,213825,115.2576,213825,0,0
1426,213825,115.2911,213825,0,0
1427,281091.39,115.325,213825,67266.39,0
1428,1772369.6659,115.4073,162655.7492,1609713.9168,0
1429,162655.7492,115.4887,162655.7492,0,0
1430,162655.7492,115.57,162655.7492,0,0
1431,162655.7492,115.6537,162655.7492,0,0
1432,213825,115.6887,213825,0,0
1433,213825,115.7226,213825,0,0
1434,13521454.94,115.7591,12793395,728059.94,0
1435,162655.7492,115.8417,162655.7492,0,0
1436,162655.7492,115.9235,162655.7492,0,0
1437,162655.7492,116.004,162655.7492,0,0
1438,213825,116.0387,213825,0,0
1439,213825,116.0722,213825,0,0
1440,24135206,116.1079,24135206,0,0
1441,162655.7492,116.1888,162655.7492,0,0
1442,162655.7492,116.2695,162655.7492,0,0
1443,162655.7492,116.3503,162655.7492,0,0
1444,213825,116.3856,213825,0,0
1445,213825,116.4213,213825,0,0
1446,1461438.7,116.4551,213825,1247613.7,0
1447,30018593.2482,116.5396,162655.7492,29855937.499,0
1448,30018593.2482,116.6218,162655.7492,29855937.499,0
1449,162655.7492,116.7022,162655.7492,0,0
1450,213825,116.7828,213825,0,0
1451,213825,116.8677,213825,0,0
1452,213825,116.9063,213825,0,0
1453,213825,116.9403,213825,0,0
1454,604257.94,116.9756,213825,390432.94,0
1455,213825,117.0602,213825,0,0
1456,213825,117.1423,213825,0,0
1457,213825,117.2243,213825,0,0
1458,213825,117.2609,213825,0,0
1459,213825,117.2946,213825,0,0
1460,4240128,117.3299,4240128,0,0
1461,213825,117.412,213825,0,0
1462,213825,117.4944,213825,0,0
1463,213825,117.5753,213825,0,0
1464,213825,117.6114,213825,0,0
1465,213825,117.645,213825,0,0
1466,281091.39,117.6786,213825,67266.39,0
1467,281091.39,117.7618,213825,67266.39,0
1468,213825,117.8423,213825,0,0
1469,213825,117.9246,213825,0,0
1470,213825,118.0061,213825,0,0
1471,213825,118.0424,213825,0,0
1472,213825,118.0773,213825,0,0
1473,13521454.94,118.1113,12793395,728059.94,0
1474,213825,118.195,213825,0,0
1475,213825,118.2864,213825,0,0
1476,213825,118.3671,213825,0,0
1477,213825,118.4031,213825,0,0
1478,213825,118.4368,213825,0,0
1479,24135206,118.4711,24135206,0,0
1480,213825,118.5555,213825,0,0
1481,213825,118.6365,213825,0,0
1482,213825,118.7172,213825,0,0
1483,213825,118.7533,213825,0,0
1484,213825,118.7872,213825,0,0
1485,1461438.7,118.821,213825,1247613.7,0
1486,1461438.7,118.9044,213825,1247613.7,0
1487,1461438.7,118.9873,213825,1247613.7,0
1488,213825,119.0692,213825,0,0
1489,213825,119.1509,213825,0,0
1490,213825,119.2319,213825,0,0
1491,213825,119.2681,213825,0,0
1492,213825,119.3066,213825,0,0
1493,604257.94,119.3413,213825,390432.94,0
1494,213825,119.4266,213825,0,0
1495,213825,119.5092,213825,0,0
1496,213825,119.6309,213825,0,0
1497,213825,119.6881,213825,0,0
1498,213825,119.7444,213825,0,0
1499,4640128,119.8007,4640128,0,0
1500,213825,119.9363,213825,0,0
1501,213825,120.0724,213825,0,0
1502,213825,120.2017,213825,0,0
1503,213825,120.2363,213825,0,0
1504,213825,120.2702,213825,0,0
1505,281091.39,120.304,213825,67266.39,0
1506,281091.39,120.3857,213825,67266.39,0
1507,213825,120.466,213825,0,0
1508,213825,120.5468,213825,0,0
1509,213825,120.6278,213825,0,0
1510,213825,120.6625,213825,0,0
1511,213825,120.6961,213825,0,0
1512,13521454.94,120.73,12793395,728059.94,0
1513,213825,120.8107,213825,0,0
1514,213825,120.8921,213825,0,0
1515,213825,120.9721,213825,0,0
1516,213825,121.0066,213825,0,0
1517,213825,121.0401,213825,0,0
1518,24135206,121.0741,24135206,0,0
1519,213825,121.1545,213825,0,0
1520,213825,121.2346,213825,0,0
1521,213825,121.315,213825,0,0
1522,213825,121.3495,213825,0,0
1523,213825,121.3832,213825,0,0
1524,1461438.7,121.417,213825,1247613.7,0
1525,106538656.4441,121.4987,31285.0143,106507371.4298,0
1526,106538656.4441,121.5804,31285.0143,106507371.4298,0
1527,31285.0143,121.6612,31285.0143,0,0
1528,31285.0143,121.7417,31285.0143,0,0
1529,31285.0143,121.8224,31285.0143,0,0
1530,213825,121.8572,213825,0,0
1531,213825,121.8909,213825,0,0
1532,604257.94,121.9245,213825,390432.94,0
1533,31285.0143,122.0054,31285.0143,0,0
1534,31285.0143,122.0871,31285.0143,0,0
1535,31285.0143,122.1689,31285.0143,0,0
1536,213825,122.2037,213825,0,0
1537,213825,122.2374,213825,0,0
1538,5040128,122.2716,5040128,0,0
1539,31285.0143,122.3522,31285.0143,0,0
1540,31285.0143,122.4329,31285.0143,0,0
1541,31285.0143,122.5137,31285.0143,0,0
1542,213825,122.5484,213825,0,0
1543,213825,122.5822,213825,0,0
1544,281091.39,122.6159,213825,67266.39,0
1545,5773740.6995,122.6974,31285.0143,5742455.6852,0
1546,31285.0143,122.7781,31285.0143,0,0
1547,31285.0143,122.8594,31285.0143,0,0
1548,31285.0143,122.9405,31285.0143,0,0
1549,213825,122.975,213825,0,0
1550,213825,123.0088,213825,0,0
1551,13521454.94,123.0426,12793395,728059.94,0
1552,31285.0143,123.1234,31285.0143,0,0
1553,31285.0143,123.2047,31285.0143,0,0
1554,31285.0143,123.2864,31285.0143,0,0
1555,213825,123.3213,213825,0,0
1556,213825,123.3551,213825,0,0
1557,24135206,123.3893,24135206,0,0
1558,31285.0143,123.4699,31285.0143,0,0
1559,31285.0143,123.5505,31285.0143,0,0
1560,31285.0143,123.6329,31285.0143,0,0
1561,213825,123.6676,213825,0,0
1562,213825,123.7012,213825,0,0
1563,1461438.7,123.7349,213825,1247613.7,0
1564,106538656.4441,123.8167,31285.0143,106507371.4298,0
1565,106538656.4441,123.8983,31285.0143,106507371.4298,0
1566,31285.0143,123.9786,31285.0143,0,0
1567,31285.0143,124.0592,31285.0143,0,0
1568,31285.0143,124.1399,31285.0143,0,0
1569,213825,124.1745,213825,0,0
1570,213825,124.2082,213825,0,0
1571,604257.94,124.2418,213825,390432.94,0
1572,31285.0143,124.3681,31285.0143,0,0
1573,31285.0143,124.5052,31285.0143,0,0
1574,31285.0143,124.6438,31285.0143,0,0
1575,213825,124.7019,213825,0,0
1576,213825,124.7582,213825,0,0
1577,5440128,124.8153,5440128,0,0
1578,31285.0143,124.9507,31285.0143,0,0
1579,31285.0143,125.0872,31285.0143,0,0
1580,31285.0143,125.2239,31285.0143,0,0
1581,213825,125.2817,213825,0,0
1582,213825,125.3383,213825,0,0
1583,281091.39,125.3955,213825,67266.39,0
1584,5773740.6995,125.5331,31285.0143,5742455.6852,0
1585,31285.0143,125.6689,31285.0143,0,0
1586,31285.0143,125.8065,31285.0143,0,0
1587,31285.0143,125.9442,31285.0143,0,0
1588,213825,126.0028,213825,0,0
1589,213825,126.0589,213825,0,0
1590,13521454.94,126.1158,12793395,728059.94,0
1591,31285.0143,126.2519,31285.0143,0,0
1592,31285.0143,126.3906,31285.0143,0,0
1593,31285.0143,126.5274,31285.0143,0,0
1594,213825,126.5856,213825,0,0
1595,213825,126.6419,213825,0,0
1596,24135206,126.6991,24135206,0,0
1597,31285.0143,126.8355,31285.0143,0,0
1598,31285.0143,126.9723,31285.0143,0,0
1599,31285.0143,127.1111,31285.0143,0,0
1600,213825,127.1695,213825,0,0
1601,213825,127.2255,213825,0,0
1602,1461438.7,127.282,213825,1247613.7,0
1603,106538656.4441,127.4188,31285.0143,106507371.4298,0
1604,106538656.4441,127.5561,31285.0143,106507371.4298,0
1605,31285.0143,127.6907,31285.0143,0,0
1606,31285.0143,127.8255,31285.0143,0,0
1607,31285.0143,127.9609,31285.0143,0,0
1608,213825,128.0184,213825,0,0
1609,213825,128.0744,213825,0,0
1610,604257.94,128.1308,213825,390432.94,0
1611,31285.0143,128.2271,31285.0143,0,0
1612,31285.0143,128.3079,31285.0143,0,0
1613,31285.0143,128.3895,31285.0143,0,0
1614,213825,128.4244,213825,0,0
1615,213825,128.458,213825,0,0
1616,5840128,128.4919,5840128,0,0
1617,31285.0143,128.574,31285.0143,0,0
1618,31285.0143,128.6552,31285.0143,0,0
1619,31285.0143,128.7381,31285.0143,0,0
1620,213825,128.7728,213825,0,0
1621,213825,128.8064,213825,0,0
1622,281091.39,128.84,213825,67266.39,0
1623,5773740.6995,128.9217,31285.0143,5742455.6852,0
1624,31285.0143,129.0024,31285.0143,0,0
1625,213825,129.0835,213825,0,0
1626,213825,129.1645,213825,0,0
1627,213825,129.1989,213825,0,0
1628,213825,129.2327,213825,0,0
1629,13521454.94,129.2667,12793395,728059.94,0
1630,213825,129.3474,213825,0,0
1631,213825,129.4294,213825,0,0
1632,213825,129.5097,213825,0,0
1633,213825,129.5441,213825,0,0
1634,213825,129.5778,213825,0,0
1635,24135206,129.6123,24135206,0,0
1636,213825,129.6929,213825,0,0
1637,213825,129.7732,213825,0,0
1638,213825,129.8551,213825,0,0
1639,213825,129.8896,213825,0,0
1640,213825,129.9235,213825,0,0
1641,1461438.7,129.9574,213825,1247613.7,0
1642,1461438.7,130.0388,213825,1247613.7,0
1643,1461438.7,130.1205,213825,1247613.7,0
1644,213825,130.201,213825,0,0
1645,213825,130.2946,213825,0,0
1646,213825,130.4285,213825,0,0
1647,213825,130.4853,213825,0,0
1648,213825,130.5408,213825,0,0
1649,604257.94,130.5966,213825,390432.94,0
1650,75664.9232,130.7301,75664.9232,0,0
1651,75664.9232,130.8642,75664.9232,0,0
1652,75664.9232,130.9996,75664.9232,0,0
1653,213825,131.0565,213825,0,0
1654,213825,131.1119,213825,0,0
1655,6240128,131.1684,6240128,0,0
1656,75664.9232,131.3014,75664.9232,0,0
1657,75664.9232,131.4486,75664.9232,0,0
1658,75664.9232,131.5831,75664.9232,0,0
1659,213825,131.6403,213825,0,0
1660,213825,131.6959,213825,0,0
1661,281091.39,131.7517,213825,67266.39,0
1662,4421990.006,131.8867,75664.9232,4346325.0828,0
1663,75664.9232,132.0199,75664.9232,0,0
1664,75664.9232,132.1543,75664.9232,0,0
1665,75664.9232,132.2907,75664.9232,0,0
1666,213825,132.3487,213825,0,0
1667,213825,132.4052,213825,0,0
1668,13521454.94,132.4622,12793395,728059.94,0
1669,75664.9232,132.5974,75664.9232,0,0
1670,75664.9232,132.7334,75664.9232,0,0
1671,75664.9232,132.8671,75664.9232,0,0
1672,213825,132.9243,213825,0,0
1673,213825,132.98,213825,0,0
1674,24135206,133.0368,24135206,0,0
1675,213825,133.171,213825,0,0
1676,213825,133.3048,213825,0,0
1677,213825,133.4408,213825,0,0
1678,213825,133.4977,213825,0,0
1679,213825,133.554,213825,0,0
1680,1461438.7,133.6103,213825,1247613.7,0
1681,1461438.7,133.7462,213825,1247613.7,0
1682,1461438.7,133.882,213825,1247613.7,0
1683,213825,134.0155,213825,0,0
1684,213825,134.149,213825,0,0
1685,213825,134.2864,213825,0,0
1686,213825,134.3464,213825,0,0
1687,213825,134.4043,213825,0,0
1688,604257.94,134.4615,213825,390432.94,0
1689,213825,134.5991,213825,0,0
1690,213825,134.7381,213825,0,0
1691,213825,134.8796,213825,0,0
1692,213825,134.9455,213825,0,0
1693,213825,135.0026,213825,0,0
1694,6640128,135.0603,6640128,0,0
1695,213825,135.1976,213825,0,0
1696,213825,135.3353,213825,0,0
1697,213825,135.4728,213825,0,0
1698,213825,135.5312,213825,0,0
1699,213825,135.588,213825,0,0
1700,281091.39,135.6454,213825,67266.39,0
1701,281091.39,135.784,213825,67266.39,0
1702,213825,135.9212,213825,0,0
1703,213825,136.0584,213825,0,0
1704,213825,136.1949,213825,0,0
1705,213825,136.2516,213825,0,0
1706,213825,136.3074,213825,0,0
1707,13521454.94,136.3629,12793395,728059.94,0
1708,213825,136.4959,213825,0,0
1709,213825,136.6315,213825,0,0
1710,213825,136.7642,213825,0,0
1711,213825,136.8208,213825,0,0
1712,213825,136.8754,213825,0,0
1713,24135206,136.9316,24135206,0,0
1714,213825,137.0647,213825,0,0
1715,213825,137.1988,213825,0,0
1716,213825,137.3372,213825,0,0
1717,213825,137.3948,213825,0,0
1718,213825,137.4514,213825,0,0
1719,1461438.7,137.5084,213825,1247613.7,0
1720,1461438.7,137.646,213825,1247613.7,0
1721,1461438.7,137.7848,213825,1247613.7,0
1722,213825,137.9209,213825,0,0
1723,213825,138.0581,213825,0,0
1724,213825,138.1956,213825,0,0
1725,213825,138.2539,213825,0,0
1726,213825,138.3114,213825,0,0
1727,604257.94,138.3691,213825,390432.94,0
1728,213825,138.5067,213825,0,0
1729,213825,138.6451,213825,0,0
1730,213825,138.7841,213825,0,0
1731,213825,138.842,213825,0,0
1732,213825,138.8989,213825,0,0
1733,7040128,138.9559,7040128,0,0
1734,213825,139.0856,213825,0,0
1735,213825,139.1668,213825,0,0
1736,213825,139.2479,213825,0,0
1737,213825,139.2829,213825,0,0
1738,213825,139.3167,213825,0,0
1739,281091.39,139.3506,213825,67266.39,0
1740,281091.39,139.4383,213825,67266.39,0
1741,213825,139.5209,213825,0,0
1742,213825,139.6036,213825,0,0
1743,213825,139.6848,213825,0,0
1744,213825,139.7197,213825,0,0
1745,213825,139.7534,213825,0,0
1746,13521454.94,139.7875,12793395,728059.94,0
1747,213825,139.872,213825,0,0
1748,213825,139.954,213825,0,0
1749,213825,140.0366,213825,0,0
1750,213825,140.0719,213825,0,0
1751,213825,140.1072,213825,0,0
1752,24135206,140.1422,24135206,0,0
1753,213825,140.2258,213825,0,0
1754,213825,140.3112,213825,0,0
1755,213825,140.3929,213825,0,0
1756,213825,140.4282,213825,0,0
1757,213825,140.4618,213825,0,0
1758,1461438.7,140.4955,213825,1247613.7,0
1759,1461438.7,140.577,213825,1247613.7,0
1760,1461438.7,140.6587,213825,1247613.7,0
1761,213825,140.7392,213825,0,0
1762,213825,140.8201,213825,0,0
1763,213825,140.9006,213825,0,0
1764,213825,140.9354,213825,0,0
1765,213825,140.9699,213825,0,0
1766,604257.94,141.0038,213825,390432.94,0
1767,213825,141.0845,213825,0,0
1768,213825,141.1652,213825,0,0
1769,213825,141.2464,213825,0,0
1770,213825,141.2812,213825,0,0
1771,213825,141.3147,213825,0,0
1772,7440128,141.3489,7440128,0,0
1773,213825,141.4294,213825,0,0
1774,213825,141.5101,213825,0,0
1775,213825,141.5911,213825,0,0
1776,213825,141.6257,213825,0,0
1777,213825,141.6593,213825,0,0
1778,281091.39,141.6931,213825,67266.39,0
1779,281091.39,141.7747,213825,67266.39,0
1780,213825,141.855,213825,0,0
1781,213825,141.936,213825,0,0
1782,213825,142.0169,213825,0,0
1783,213825,142.0513,213825,0,0
1784,213825,142.0849,213825,0,0
1785,13521454.94,142.1187,12793395,728059.94,0
1786,213825,142.1995,213825,0,0
1787,213825,142.2816,213825,0,0
1788,213825,142.3621,213825,0,0
1789,213825,142.3966,213825,0,0
1790,213825,142.4303,213825,0,0
1791,24135206,142.4643,24135206,0,0
1792,213825,142.545,213825,0,0
1793,213825,142.6258,213825,0,0
1794,213825,142.7076,213825,0,0
1795,213825,142.742,213825,0,0
1796,213825,142.7756,213825,0,0
1797,1461438.7,142.8095,213825,1247613.7,0
1798,1461438.7,142.8914,213825,1247613.7,0
1799,1461438.7,142.9728,213825,1247613.7,0
1800,31285.0143,143.0532,31285.0143,0,0
1801,31285.0143,143.1338,31285.0143,0,0
1802,31285.0143,143.2146,31285.0143,0,0
1803,213825,143.2493,213825,0,0
1804,213825,143.2829,213825,0,0
1805,604257.94,143.3166,213825,390432.94,0
1806,31285.0143,143.3975,31285.0143,0,0
1807,31285.0143,143.4783,31285.0143,0,0
1808,31285.0143,143.5599,31285.0143,0,0
1809,213825,143.5945,213825,0,0
1810,213825,143.6281,213825,0,0
1811,7840128,143.6621,7840128,0,0
1812,31285.0143,143.7428,31285.0143,0,0
1813,31285.0143,143.8241,31285.0143,0,0
1814,31285.0143,143.9053,31285.0143,0,0
1815,213825,143.9403,213825,0,0
1816,213825,143.9742,213825,0,0
1817,281091.39,144.0078,213825,67266.39,0
1818,5773740.6995,144.0896,31285.0143,5742455.6852,0
1819,31285.0143,144.1701,31285.0143,0,0
1820,31285.0143,144.2513,31285.0143,0,0
1821,31285.0143,144.3326,31285.0143,0,0
1822,213825,144.3731,213825,0,0
1823,213825,144.407,213825,0,0
1824,13521454.94,144.4411,12793395,728059.94,0
1825,6251.2861,144.5218,6251.2861,0,0
1826,6251.2861,144.6032,6251.2861,0,0
1827,6251.2861,144.6837,6251.2861,0,0
1828,213825,144.7188,213825,0,0
1829,213825,144.7525,213825,0,0
1830,24135206,144.7867,24135206,0,0
1831,6251.2861,144.8676,6251.2861,0,0
1832,6251.2861,144.9482,6251.2861,0,0
1833,6251.2861,145.0298,6251.2861,0,0
1834,213825,145.0646,213825,0,0
1835,213825,145.0982,213825,0,0
1836,1461438.7,145.1319,213825,1247613.7,0
1837,121120157.1588,145.2136,6251.2861,121113905.8727,0
1838,121120157.1588,145.2955,6251.2861,121113905.8727,0
1839,6251.2861,145.3764,6251.2861,0,0
1840,6251.2861,145.4579,6251.2861,0,0
1841,6251.2861,145.5391,6251.2861,0,0
1842,213825,145.574,213825,0,0
1843,213825,145.6075,213825,0,0
1844,604257.94,145.6416,213825,390432.94,0
1845,6251.2861,145.7225,6251.2861,0,0
1846,6251.2861,145.8035,6251.2861,0,0
1847,6251.2861,145.8852,6251.2861,0,0
1848,213825,145.9212,213825,0,0
1849,213825,145.9552,213825,0,0
1850,8240128,145.9892,8240128,0,0
1851,6251.2861,146.0713,6251.2861,0,0
1852,6251.2861,146.1525,6251.2861,0,0
1853,6251.2861,146.2337,6251.2861,0,0
1854,213825,146.27,213825,0,0
1855,213825,146.3037,213825,0,0
1856,281091.39,146.3376,213825,67266.39,0
1857,6536233.4648,146.421,6251.2861,6529982.1787,0
1858,6251.2861,146.5013,6251.2861,0,0
1859,6251.2861,146.5826,6251.2861,0,0
1860,6251.2861,146.664,6251.2861,0,0
1861,213825,146.702,213825,0,0
1862,213825,146.7362,213825,0,0
1863,13521454.94,146.7701,12793395,728059.94,0
1864,6251.2861,146.8534,6251.2861,0,0
1865,6251.2861,146.9352,6251.2861,0,0
1866,6251.2861,147.0158,6251.2861,0,0
1867,213825,147.0521,213825,0,0
1868,213825,147.0856,213825,0,0
1869,24135206,147.1214,24135206,0,0
1870,6251.2861,147.2035,6251.2861,0,0
1871,6251.2861,147.2856,6251.2861,0,0
1872,6251.2861,147.3678,6251.2861,0,0
1873,213825,147.4038,213825,0,0
1874,213825,147.4373,213825,0,0
1875,1461438.7,147.4713,213825,1247613.7,0
1876,121120157.1588,147.5544,6251.2861,121113905.8727,0
1877,121120157.1588,147.6377,6251.2861,121113905.8727,0
1878,6251.2861,147.7197,6251.2861,0,0
1879,6251.2861,147.8003,6251.2861,0,0
1880,6251.2861,147.8808,6251.2861,0,0
1881,213825,147.9167,213825,0,0
1882,213825,147.9503,213825,0,0
1883,604257.94,147.984,213825,390432.94,0
1884,6251.2861,148.0658,6251.2861,0,0
1885,6251.2861,148.1464,6251.2861,0,0
1886,6251.2861,148.2293,6251.2861,0,0
1887,213825,148.2649,213825,0,0
1888,213825,148.3001,213825,0,0
1889,7840128,148.3341,7840128,0,0
1890,6251.2861,148.4147,6251.2861,0,0
1891,6251.2861,148.4964,6251.2861,0,0
1892,6251.2861,148.5778,6251.2861,0,0
1893,213825,148.6128,213825,0,0
1894,213825,148.6465,213825,0,0
1895,281091.39,148.6814,213825,67266.39,0
1896,6536233.4648,148.7664,6251.2861,6529982.1787,0
1897,6251.2861,148.847,6251.2861,0,0
1898,6251.2861,148.9279,6251.2861,0,0
1899,6251.2861,149.0106,6251.2861,0,0
1900,213825,149.0496,213825,0,0
1901,213825,149.0833,213825,0,0
1902,13521454.94,149.1171,12793395,728059.94,0
1903,6251.2861,149.2011,6251.2861,0,0
1904,6251.2861,149.2999,6251.2861,0,0
1905,6251.2861,149.3839,6251.2861,0,0
1906,213825,149.42,213825,0,0
1907,213825,149.4549,213825,0,0
1908,24135206,149.4904,24135206,0,0
1909,6251.2861,149.5734,6251.2861,0,0
1910,6251.2861,149.6548,6251.2861,0,0
1911,6251.2861,149.7365,6251.2861,0,0
1912,213825,149.7733,213825,0,0
1913,213825,149.8075,213825,0,0
1914,1461438.7,149.8414,213825,1247613.7,0
1915,121120157.1588,149.9272,6251.2861,121113905.8727,0
1916,121120157.1588,150.0124,6251.2861,121113905.8727,0
1917,6251.2861,150.0958,6251.2861,0,0
1918,6251.2861,150.1791,6251.2861,0,0
1919,6251.2861,150.2603,6251.2861,0,0
1920,213825,150.2967,213825,0,0
1921,213825,150.3303,213825,0,0
1922,604257.94,150.3659,213825,390432.94,0
1923,6251.2861,150.4483,6251.2861,0,0
1924,6251.2861,150.5296,6251.2861,0,0
1925,213825,150.6114,213825,0,0
1926,213825,150.6474,213825,0,0
1927,213825,150.6811,213825,0,0
1928,8240128,150.7151,8240128,0,0
1929,213825,150.7972,213825,0,0
1930,213825,150.8782,213825,0,0
1931,213825,150.9592,213825,0,0
1932,213825,150.9952,213825,0,0
1933,213825,151.0291,213825,0,0
1934,281091.39,151.0633,213825,67266.39,0
1935,281091.39,151.1465,213825,67266.39,0
1936,213825,151.2273,213825,0,0
1937,213825,151.3087,213825,0,0
1938,213825,151.3897,213825,0,0
1939,213825,151.4259,213825,0,0
1940,213825,151.4596,213825,0,0
1941,13521454.94,151.4937,12793395,728059.94,0
1942,213825,151.5805,213825,0,0
1943,213825,151.6624,213825,0,0
1944,213825,151.7433,213825,0,0
1945,213825,151.7796,213825,0,0
1946,213825,151.8136,213825,0,0
1947,24135206,151.848,24135206,0,0
1948,213825,151.9306,213825,0,0
1949,213825,152.0111,213825,0,0
1950,213825,152.0939,213825,0,0
1951,213825,152.13,213825,0,0
1952,213825,152.1638,213825,0,0
1953,1461438.7,152.199,213825,1247613.7,0
1954,1461438.7,152.2833,213825,1247613.7,0
1955,1461438.7,152.367,213825,1247613.7,0
1956,213825,152.4495,213825,0,0
1957,213825,152.5397,213825,0,0
1958,213825,152.6203,213825,0,0
1959,213825,152.6561,213825,0,0
1960,213825,152.6898,213825,0,0
1961,604257.94,152.724,213825,390432.94,0
1962,213825,152.8085,213825,0,0
1963,213825,152.8924,213825,0,0
1964,213825,152.9746,213825,0,0
1965,213825,153.0118,213825,0,0
1966,213825,153.0468,213825,0,0
1967,7840128,153.0807,7840128,0,0
1968,213825,153.1637,213825,0,0
1969,213825,153.2446,213825,0,0
1970,213825,153.3253,213825,0,0
1971,213825,153.3625,213825,0,0
1972,213825,153.3962,213825,0,0
1973,281091.39,153.4298,213825,67266.39,0
1974,281091.39,153.5138,213825,67266.39,0
1975,162655.7492,153.5944,162655.7492,0,0
1976,162655.7492,153.6753,162655.7492,0,0
1977,162655.7492,153.758,162655.7492,0,0
1978,213825,153.7941,213825,0,0
1979,213825,153.8277,213825,0,0
1980,13521454.94,153.863,12793395,728059.94,0
1981,162655.7492,153.945,162655.7492,0,0
1982,162655.7492,154.0264,162655.7492,0,0
1983,162655.7492,154.1066,162655.7492,0,0
1984,213825,154.1438,213825,0,0
1985,213825,154.1775,213825,0,0
1986,24135206,154.2118,24135206,0,0
1987,162655.7492,154.2951,162655.7492,0,0
1988,162655.7492,154.3755,162655.7492,0,0
1989,162655.7492,154.4586,162655.7492,0,0
1990,213825,154.4948,213825,0,0
1991,213825,154.5283,213825,0,0
1992,1461438.7,154.5634,213825,1247613.7,0
1993,30018593.2482,154.6464,162655.7492,29855937.499,0
1994,30018593.2482,154.7281,162655.7492,29855937.499,0
1995,162655.7492,154.8118,162655.7492,0,0
1996,162655.7492,154.8956,162655.7492,0,0
1997,162655.7492,154.976,162655.7492,0,0
1998,213825,155.0121,213825,0,0
1999,213825,155.0457,213825,0,0
2000,604257.94,155.0795,213825,390432.94,0
2001,162655.7492,155.1646,162655.7492,0,0
