1,13653361419,0.065249,9557405455,0,4095955964
2,9740620549,0.11414,6694664585,0,3045955964
3,6618924237,0.1635,4315432420,11930417,2291561400
4,5480853177,0.21289,3565432420,11930417,1903490340
5,4229710976,0.26224,2961700555,11930417,1256080004
6,3429127848,0.31149,2211700555,11930417,1205496876
7,3163754351,0.36052,1951815190,11930417,1200008744
8,2971341656,0.41004,2214304590,79817628,677219438
9,2816812051,0.45907,2059774985,79817628,677219438
10,2671554796,0.50839,2182797410,79817628,408939758
11,2578763766,0.55744,2090006380,79817628,408939758
12,2579752264,0.60772,2090006380,80806126,408939758
13,2590746997,0.65688,2090006380,113144731,387595886
14,2092693427,0.77611,1631952810,73144731,387595886
15,1859339624,0.89567,1509250785,73144731,276944108
16,1668723655,1.0141,1469250785,73144731,126328139
17,1471978269,1.1316,1326863885,73144731,71969653
18,1313862694,1.2491,1168748310,73144731,71969653
19,1181982167,1.3669,1048798200,61214314,71969653
20,1058959742,1.4842,925775775,61214314,71969653
21,961301227,1.6017,828117260,61214314,71969653
22,892047442,1.7195,758863475,61214314,71969653
23,824209512,1.8369,691025545,61214314,71969653
24,757765295,1.9544,614034935,71760707,71969653
25,102654361.2913,2.0725,89023188.0372,6795770.5415,6835402.7126
26,93178178.7629,2.1854,79547005.5088,6795770.5415,6835402.7126
27,86695591.7238,2.2986,73064418.4697,6795770.5415,6835402.7126
28,80213004.6848,2.4129,66581831.4307,6795770.5415,6835402.7126
29,73730417.6458,2.5258,60099244.3917,6795770.5415,6835402.7126
30,67247830.6067,2.6393,53616657.3526,6795770.5415,6835402.7126
31,60765243.5677,2.7523,47134070.3136,6795770.5415,6835402.7126
32,54282656.5286,2.8652,40651483.2745,6795770.5415,6835402.7126
33,47800069.4896,2.9786,34168896.2355,6795770.5415,6835402.7126
34,42108970.0902,3.0916,34168896.2355,6795770.5415,1144303.3132
35,37305367.422,3.2041,29365293.5673,6795770.5415,1144303.3132
36,32117105.866,3.3171,24177032.0113,6795770.5415,1144303.3132
37,29054625.7373,3.4305,24177032.0113,3733290.4128,1144303.3132
38,26320554.1374,3.5428,21442960.4115,3733290.4128,1144303.3132
39,24074455.8457,3.6562,18626111.8474,4304040.6852,1144303.3132
40,22598092.0256,3.7706,17149748.0273,4304040.6852,1144303.3132
41,21409335.2283,3.8837,15401465.6114,4863566.3038,1144303.3132
42,20233650.8119,3.9965,14225781.195,4863566.3038,1144303.3132
43,19473841.3725,4.1095,14225781.195,4863566.3038,384493.8737
44,17999306.4524,4.2228,12751246.2748,4863566.3038,384493.8737
45,17241702.9308,4.3357,12751246.2748,4105962.7822,384493.8737
46,16484099.4093,4.4481,12751246.2748,3348359.2607,384493.8737
47,10001512.3702,4.562,6268659.2358,3348359.2607,384493.8737
48,9332694.2064,4.6752,5427914.6956,3520285.6371,384493.8737
49,8738990.524,4.7883,4834211.0132,3520285.6371,384493.8737
50,18054220.5089,4.9017,3300133.957,14575970.5727,178115.9792
51,17844042.4607,5.0189,3089955.9088,14575970.5727,178115.9792
52,17826443.4543,5.1361,3089955.9088,14575970.5727,160516.9729
53,17815350.5903,5.2541,3078863.0448,14575970.5727,160516.9729
54,17815350.5903,5.373,3078863.0448,14575970.5727,160516.9729
55,17815350.5903,5.492,3078863.0448,14575970.5727,160516.9729
56,67661575,5.5442,27828900,36184356,3648319
57,83530600,5.5934,27828900,52053381,3648319
58,83530600,5.6428,27828900,52053381,3648319
59,20985192.1881,5.7601,3078863.0448,17745812.1704,160516.9729
60,20985192.1881,5.8796,3078863.0448,17745812.1704,160516.9729
61,20985192.1881,5.9993,3078863.0448,17745812.1704,160516.9729
62,75530600,6.0501,27828900,44053381,3648319
63,75530600,6.0993,27828900,44053381,3648319
64,93787784,6.1484,27828900,62310565,3648319
65,20985192.1881,6.2657,3078863.0448,17745812.1704,160516.9729
66,20480360.6852,6.384,5001819.5671,15318024.1452,160516.9729
67,20259089.773,6.502,4780548.6549,15318024.1452,160516.9729
68,19072534.4345,6.6199,5974035.2759,12937982.1857,160516.9729
69,18851263.5223,6.7385,5752764.3637,12937982.1857,160516.9729
70,18690746.5494,6.857,5752764.3637,12937982.1857,0
71,18690746.5494,6.9762,5752764.3637,12937982.1857,0
72,17664995.2707,7.0933,5752764.3637,11912230.9071,0
73,15660746.6881,7.2096,6971117.4098,8689629.2783,0
74,12792061.6915,7.3258,4102432.4132,8689629.2783,0
75,16259766.9062,7.4424,2839383.9441,13420382.9621,0
76,15553433.5629,7.5588,2133050.6008,13420382.9621,0
77,15553433.5629,7.6777,2133050.6008,13420382.9621,0
78,15431584.0185,7.795,2011201.0565,13420382.9621,0
79,15007045.4406,7.9118,1550179.2886,13420382.9621,36483.19
80,15007045.4406,8.0317,1550179.2886,13420382.9621,36483.19
81,15007045.4406,8.15,1550179.2886,13420382.9621,36483.19
82,47573130,8.2007,24168575,19756236,3648319
83,39704105,8.2497,24168575,11887211,3648319
84,39704105,8.2987,24168575,11887211,3648319
85,65578617,8.348,24168575,37761723,3648319
86,9661627.9715,8.4654,1550179.2886,8074965.493,36483.19
87,4933572.7149,8.5829,2256512.6319,2640576.893,36483.19
88,4227239.3716,8.7006,1550179.2886,2640576.893,36483.19
89,2292995.8219,8.8184,2256512.6319,0,36483.19
90,1586662.4786,8.9359,1550179.2886,0,36483.19
91,1458381.9086,9.0535,1421898.7186,0,36483.19
92,1330101.3386,9.1709,1293618.1486,0,36483.19
93,1201820.7686,9.2883,1165337.5786,0,36483.19
94,1073540.1986,9.4058,1037057.0086,0,36483.19
95,945259.6286,9.5232,908776.4386,0,36483.19
96,816979.0586,9.6412,780495.8686,0,36483.19
97,688698.4886,9.7589,652215.2986,0,36483.19
98,560417.9186,9.8766,523934.7286,0,36483.19
99,432137.3486,9.9944,395654.1586,0,36483.19
100,1129558.6273,10.1132,1129558.6273,0,0
101,985344.5758,10.231,985344.5758,0,0
102,985344.5758,10.3491,985344.5758,0,0
103,985344.5758,10.467,985344.5758,0,0
104,5381015,10.5174,5381015,0,0
105,5381015,10.5666,5381015,0,0
106,13250040,10.6155,5381015,7869025,0
107,985344.5758,10.7331,985344.5758,0,0
108,985344.5758,10.8516,985344.5758,0,0
109,985344.5758,10.9693,985344.5758,0,0
110,5381015,11.0196,5381015,0,0
111,5381015,11.0686,5381015,0,0
112,31255527,11.1179,5381015,25874512,0
113,985344.5758,11.2354,985344.5758,0,0
114,985344.5758,11.3541,985344.5758,0,0
115,985344.5758,11.4727,985344.5758,0,0
116,5381015,11.5229,5381015,0,0
117,5381015,11.5719,5381015,0,0
118,24465715,11.6211,24465715,0,0
119,985344.5758,11.7385,985344.5758,0,0
120,985344.5758,11.8579,985344.5758,0,0
121,985344.5758,11.9773,985344.5758,0,0
122,5381015,12.0278,5381015,0,0
123,5381015,12.077,5381015,0,0
124,36510269,12.1264,5381015,31129254,0
125,817831.5857,12.2442,817831.5857,0,0
126,817831.5857,12.3645,817831.5857,0,0
127,817831.5857,12.485,817831.5857,0,0
128,5381015,12.5354,5381015,0,0
129,5381015,12.5845,5381015,0,0
130,53360555,12.634,5381015,0,47979540
131,817831.5857,12.7515,817831.5857,0,0
132,817831.5857,12.8723,817831.5857,0,0
133,817831.5857,12.993,817831.5857,0,0
134,5381015,13.0435,5381015,0,0
135,5381015,13.0926,5381015,0,0
136,113213788,13.1424,97917405,15296383,0
137,817831.5857,13.2598,817831.5857,0,0
138,513862.3213,13.3775,513862.3213,0,0
139,209893.0569,13.4951,209893.0569,0,0
140,0,13.6127,0,0,0
