1,9468606321,0.048982,8850268625,0,618337696
2,8136197256,0.082653,7350268625,0,785928631
3,6468606321,0.11621,5850268625,0,618337696
4,5137695516,0.14956,4461442055,0,676253461
5,4354503896,0.18289,3678250435,0,676253461
6,3682622035,0.21655,2928250435,0,754371600
7,3153049452,0.24959,2531126745,3585011,618337696
8,2660352832,0.28277,2038430125,3585011,618337696
9,2366964736,0.31642,1173743140,3585011,1189636585
10,2118461020,0.35032,1173743140,3585011,941132869
11,1872505890,0.38066,927788010,3585011,941132869
12,1719729011,0.40573,927788010,3585011,788355990
13,1607502926,0.4264,815561925,3585011,788355990
14,1577006456,0.44546,785065455,3585011,788355990
15,1537902426,0.46478,745961425,3585011,788355990
16,1429534646,0.48633,637593645,3585011,788355990
17,1445194524,0.50609,637593645,3585011,804015868
18,1452101890,0.52563,637593645,26152255,788355990
19,987080408,0.5752,541614805,26152255,419313348
20,696950741,0.62269,367620490,26152255,303177996
21,312157540,0.67031,286005285,26152255,0
22,245525320,0.7185,219373065,26152255,0
23,205525320,0.76445,179373065,26152255,0
24,165525320,0.81093,139373065,26152255,0
25,20866452.1602,0.85782,16734513.6653,4131938.4949,0
26,17022292.3843,0.90675,12890353.8894,4131938.4949,0
27,14601145.1798,0.95239,12890353.8894,566415.5904,1144375.7
28,12448833.4743,0.99977,10738042.1839,566415.5904,1144375.7
29,7865109.1462,1.0502,6154317.8558,566415.5904,1144375.7
30,5712797.4406,1.0972,4002006.1503,566415.5904,1144375.7
31,3791286.7477,1.143,2080495.4574,566415.5904,1144375.7
32,2185912.54,1.19,475121.2496,566415.5904,1144375.7
33,1041536.84,1.2357,475121.2496,566415.5904,0
34,475121.2496,1.2832,475121.2496,0,0
35,138319.4479,1.3286,138319.4479,0,0
36,0,1.3764,0,0,0
