1,24962208767,0.10954,19724867945,0,5237340822
2,21962891831,0.16975,16724867945,0,5238023886
3,19362468381,0.23038,14255378010,0,5107090371
4,16808092833,0.2915,12390369930,0,4417722903
5,14441332625,0.35231,11804744770,0,2636587855
6,13171183575,0.41265,11429744770,0,1741438805
7,12150208205,0.47307,10408769400,0,1741438805
8,11400208205,0.53362,9658769400,0,1741438805
9,10672721120,0.59407,8931282315,0,1741438805
10,10118101687,0.66374,8807607200,0,1310494487
11,9741205152,0.72436,8430710665,0,1310494487
12,9368211662,0.78473,8259446980,0,1108764682
13,9033424224,0.84493,7884446980,0,1148977244
14,8303357975,0.88447,7325369065,0,977988910
15,8048789740,0.92106,7061648830,0,987140910
16,7804097715,0.95742,6838901695,0,965196020
17,7640936100,0.9985,6172744780,0,1468191320
18,6036263910,1.059,3922744780,0,2113519130
19,4913092705,1.1198,3444901385,0,1468191320
20,4383843190,1.181,3418647170,0,965196020
21,4008843190,1.2423,3043647170,0,965196020
22,3709214390,1.3035,2744018370,0,965196020
23,3565881187,1.3646,2587107000,37811783,940962404
24,3516621154,1.426,2467117245,108541505,940962404
25,542118949.6661,1.4874,451399515.9984,3350164.2036,87369269.4641
26,530345780.0477,1.5496,437441086.8247,5535423.7589,87369269.4641
27,525685203.1049,1.6117,430789236.1572,7526697.4836,87369269.4641
28,526193755.4116,1.6741,429022921.7467,9801564.2008,87369269.4641
29,528268126.594,1.736,429022921.7467,11875935.3833,87369269.4641
30,3368928068,1.8836,2657639610,384766782,326521676
31,3112828587,2.0306,2588537440,384766782,139524365
32,2988145217,2.1772,2463854070,384766782,139524365
33,2868145217,2.324,2343854070,384766782,139524365
34,2770359217,2.4708,2303854070,384766782,81738365
35,2681253282,2.6176,2214748135,384766782,81738365
36,2601333122,2.7653,2134827975,384766782,81738365
37,2525810847,2.9124,2051305700,384766782,89738365
38,2458603583,3.06,2051305700,317559518,89738365
39,2397070413,3.2066,1989772530,317559518,89738365
40,2335955817,3.3535,2002361025,243856427,89738365
41,2278848451,3.501,2009768660,179341426,89738365
42,2238848451,3.6487,1969768660,179341426,89738365
43,2198848451,3.7967,1929768660,179341426,89738365
44,2158848451,3.9436,1929768660,139341426,89738365
45,2118848451,4.092,1889768660,139341426,89738365
46,2078848451,4.2388,1849768660,139341426,89738365
47,2038848451,4.3849,1809768660,139341426,89738365
48,1998848451,4.4717,1769768660,139341426,89738365
49,1958848451,4.5589,1729768660,139341426,89738365
50,236550744.7006,4.6459,173037696.842,9911962.8115,53601085.0471
51,175147008.1396,4.7334,161123969.6862,9911962.8115,4111075.6418
52,157685301.8023,4.821,143662263.349,9911962.8115,4111075.6418
53,143556440.2531,4.9088,129533401.7998,9911962.8115,4111075.6418
54,133132084.7846,4.9967,117736992.7628,9911962.8115,5483129.2102
55,90132829.6072,5.0845,76109791.1539,9911962.8115,4111075.6418
56,69765941.4599,5.1717,55742903.0066,9911962.8115,4111075.6418
57,61014790.4156,5.2588,46991751.9622,9911962.8115,4111075.6418
58,54110726.6348,5.3459,40087688.1815,9911962.8115,4111075.6418
59,47555681.9396,5.433,33532643.4862,9911962.8115,4111075.6418
60,42193481.3925,5.5631,28170442.9392,9911962.8115,4111075.6418
61,37552559.2275,5.706,23529520.7742,9911962.8115,4111075.6418
62,33121748.7731,5.848,18732215.9543,9911962.8115,4477570.0072
63,30180579.8696,5.9894,15791047.0509,9911962.8115,4477570.0072
64,27490862.98,6.1304,15791047.0509,7222245.9219,4477570.0072
65,25267599.1929,6.2527,13567783.2638,7222245.9219,4477570.0072
66,23342925.0522,6.3396,11643109.1231,7222245.9219,4477570.0072
67,21510453.2251,6.4262,11643109.1231,7222245.9219,2645098.1801
68,20190821.7738,6.5136,11643109.1231,7222245.9219,1325466.7288
69,18959656.6208,6.6005,10411943.9701,7222245.9219,1325466.7288
70,17112051.0046,6.6876,8564338.3539,7222245.9219,1325466.7288
71,15963780.1824,6.7745,7003493.8778,7634819.5758,1325466.7288
72,15082592.2283,6.8617,6122305.9237,7634819.5758,1325466.7288
73,14513517.3683,6.949,6122305.9237,7065744.7158,1325466.7288
74,13950075.1478,7.0358,5558863.7032,7065744.7158,1325466.7288
75,30824046.359,7.1229,13624660.0989,14450328.9148,2749057.3454
76,28033825.4183,7.2097,10834439.1582,14450328.9148,2749057.3454
77,27078438.8976,7.2967,10834439.1582,14450328.9148,1793670.8246
78,26919045.8149,7.3836,10675046.0755,14450328.9148,1793670.8246
79,26759652.7323,7.4709,10515652.9929,14450328.9148,1793670.8246
80,26600259.6496,7.5587,10356259.9102,14450328.9148,1793670.8246
81,26521385.9751,7.6461,10277386.2356,14450328.9148,1793670.8246
82,26521385.9751,7.7336,10277386.2356,14450328.9148,1793670.8246
83,24727715.1504,7.8204,10277386.2356,14450328.9148,0
84,24727715.1504,7.9115,10277386.2356,14450328.9148,0
85,24727715.1504,8.0006,10277386.2356,14450328.9148,0
86,7201523.2851,8.0396,4135688.2419,3065835.0432,0
87,7201523.2851,8.0761,4135688.2419,3065835.0432,0
88,7201523.2851,8.1124,4135688.2419,3065835.0432,0
89,52659703.9104,8.2024,2349054.3604,50310649.55,0
90,52659703.9104,8.2921,2349054.3604,50310649.55,0
91,52659703.9104,8.3816,2349054.3604,50310649.55,0
92,7201523.2851,8.4207,4135688.2419,3065835.0432,0
93,7201523.2851,8.4575,4135688.2419,3065835.0432,0
94,8143810.3248,8.4946,4135688.2419,4008122.0828,0
95,52659703.9104,8.5832,2349054.3604,50310649.55,0
96,52500310.8277,8.6719,2189661.2777,50310649.55,0
97,52340917.7451,8.7605,2030268.1951,50310649.55,0
98,49948190.8192,8.8491,2575214.416,47372976.4032,0
99,49550550.1065,8.9375,2177573.7033,47372976.4032,0
100,77900677.4272,9.026,1866083.6544,76034593.7728,0
101,77549105.3541,9.1305,1514511.5812,76034593.7728,0
102,10734966.7034,9.2203,2388884.5551,8346082.1484,0
103,2734966.7034,9.3104,2037312.4819,697654.2215,0
104,1685740.4088,9.4002,1685740.4088,0,0
105,1334168.3356,9.4869,1334168.3356,0,0
106,1026449.9126,9.5771,1026449.9126,0,0
107,806807.4133,9.6642,806807.4133,0,0
108,771650.206,9.7528,771650.206,0,0
109,732112.0151,9.8413,732112.0151,0,0
110,424393.5922,9.9297,424393.5922,0,0
111,385366.1916,10.0183,385366.1916,0,0
112,367787.5879,10.1067,367787.5879,0,0
113,350208.9843,10.1956,350208.9843,0,0
114,332630.3806,10.2826,332630.3806,0,0
115,315051.777,10.3728,315051.777,0,0
116,297473.1733,10.4602,297473.1733,0,0
117,279894.5696,10.551,279894.5696,0,0
118,262315.966,10.638,262315.966,0,0
119,244737.3623,10.7269,244737.3623,0,0
120,227158.7587,10.8151,227158.7587,0,0
121,209580.155,10.9037,209580.155,0,0
122,192001.5514,10.9923,192001.5514,0,0
123,174422.9477,11.0806,174422.9477,0,0
124,156844.344,11.1691,156844.344,0,0
125,3059429.21,11.2575,3001430,57999.21,0
126,2659429.21,11.346,2601430,57999.21,0
127,2465216.21,11.4328,2407217,57999.21,0
128,2455084.21,11.5229,2397085,57999.21,0
129,2455084.21,11.6098,2397085,57999.21,0
130,2153282.21,11.6973,2095283,57999.21,0
131,2153282.21,11.7847,2095283,57999.21,0
132,1665216.21,11.8714,1607217,57999.21,0
133,1665216.21,11.9632,1607217,57999.21,0
134,1665216.21,12.052,1607217,57999.21,0
135,1306573.7622,12.0915,1127557.5626,179016.1995,0
136,1306573.7622,12.1291,1127557.5626,179016.1995,0
137,2248860.8018,12.1658,1127557.5626,1121303.2392,0
138,1665216.21,12.2547,1607217,57999.21,0
139,1665216.21,12.3459,1607217,57999.21,0
140,1665216.21,12.4335,1607217,57999.21,0
141,1306573.7622,12.4713,1127557.5626,179016.1995,0
142,1306573.7622,12.5075,1127557.5626,179016.1995,0
143,3297847.4869,12.5441,1127557.5626,2170289.9242,0
144,1665216.21,12.6321,1607217,57999.21,0
145,1665216.21,12.7196,1607217,57999.21,0
146,1665216.21,12.807,1607217,57999.21,0
147,1306573.7622,12.8457,1127557.5626,179016.1995,0
148,1306573.7622,12.8822,1127557.5626,179016.1995,0
149,3380944.9447,12.9185,1127557.5626,2253387.382,0
150,2916843.3929,13.007,1105189.2388,1811654.1541,0
151,2916843.3929,13.0944,1105189.2388,1811654.1541,0
152,2916843.3929,13.1822,1105189.2388,1811654.1541,0
153,1306573.7622,13.2213,1127557.5626,179016.1995,0
154,3553930.0063,13.2576,1127557.5626,2426372.4436,0
155,10244885.5729,13.2939,7818513.1292,2426372.4436,0
156,9475064.7509,13.3817,7663410.5969,1811654.1541,0
157,2916843.3929,13.4683,1105189.2388,1811654.1541,0
158,1220405.6487,13.5546,1220405.6487,0,0
159,1016656.7606,13.6409,1016656.7606,0,0
160,945349.0163,13.7273,945349.0163,0,0
161,938381.8318,13.8137,938381.8318,0,0
162,938381.8318,13.9,938381.8318,0,0
163,869831.5302,13.987,869831.5302,0,0
164,869831.5302,14.0738,869831.5302,0,0
165,419000.6445,14.1611,419000.6445,0,0
166,419000.6445,14.2476,419000.6445,0,0
167,419000.6445,14.3346,419000.6445,0,0
168,427480.9498,14.3735,427480.9498,0,0
169,1369767.9894,14.4097,427480.9498,942287.0396,0
170,2214613.2399,14.4469,427480.9498,1787132.2902,0
171,9954999.2527,14.5351,419000.6445,9535998.6082,0
172,419000.6445,14.6219,419000.6445,0,0
173,419000.6445,14.7089,419000.6445,0,0
174,419000.6445,14.7961,419000.6445,0,0
175,609330,14.8346,609330,0,0
176,1148107.6,14.8708,609330,0,538777.6
177,1793257.61,14.9073,609330,645150.01,538777.6
178,957778.2445,14.995,419000.6445,0,538777.6
179,419000.6445,15.0871,419000.6445,0,0
180,419000.6445,15.1738,419000.6445,0,0
181,419000.6445,15.2607,419000.6445,0,0
182,609330,15.3015,609330,0,0
183,609330,15.3375,609330,0,0
184,1281402.64,15.3737,609330,672072.64,0
185,419000.6445,15.4613,419000.6445,0,0
186,419000.6445,15.5489,419000.6445,0,0
187,419000.6445,15.636,419000.6445,0,0
188,609330,15.6745,609330,0,0
189,1337447.83,15.7107,609330,728117.83,0
190,10874714.83,15.7471,10146597,728117.83,0
191,6977222.0026,15.8356,6977222.0026,0,0
192,419000.6445,15.9222,419000.6445,0,0
193,277698.7639,16.0125,215251.7564,62447.0075,0
194,270731.5794,16.0989,208284.572,62447.0075,0
195,69414.192,16.1859,6967.1845,62447.0075,0
196,62447.0075,16.2781,0,62447.0075,0
197,62447.0075,16.3649,0,62447.0075,0
198,62447.0075,16.4518,0,62447.0075,0
199,1999.21,16.4908,0,1999.21,0
200,199921,16.5274,0,199921,0
201,506979.95,16.564,307058.95,199921,0
202,62447.0075,16.6523,0,62447.0075,0
203,62447.0075,16.7397,0,62447.0075,0
204,62447.0075,16.8264,0,62447.0075,0
205,199921,16.8657,0,199921,0
206,199921,16.902,0,199921,0
207,648729.99,16.9392,448808.99,199921,0
208,62447.0075,17.0277,0,62447.0075,0
209,62447.0075,17.1144,0,62447.0075,0
210,62447.0075,17.2014,0,62447.0075,0
211,199921,17.2401,0,199921,0
212,738698.6,17.2766,0,199921,538777.6
213,762910.47,17.3127,24211.87,199921,538777.6
214,2016684.564,17.4016,1664908.8565,62447.0075,289328.7
215,1916133.464,17.4887,1664908.8565,62447.0075,188777.6
216,251224.6075,17.576,0,62447.0075,188777.6
217,251224.6075,17.6634,0,62447.0075,188777.6
218,251224.6075,17.752,0,62447.0075,188777.6
219,388698.6,17.7904,0,199921,188777.6
220,388698.6,17.8268,0,199921,188777.6
221,982858.9,17.8658,594160.3,199921,188777.6
222,251224.6075,17.9539,0,62447.0075,188777.6
223,251224.6075,18.046,0,62447.0075,188777.6
224,251224.6075,18.1352,0,62447.0075,188777.6
225,9271107.826,18.174,0,102826.2161,9168281.6099
226,9366480.496,18.2104,95372.67,102826.2161,9168281.6099
227,10127970.636,18.2473,856862.81,102826.2161,9168281.6099
228,6809445.9655,18.34,6558221.358,62447.0075,188777.6
229,251224.6075,18.4268,0,62447.0075,188777.6
230,251224.6075,18.5151,0,62447.0075,188777.6
231,251224.6075,18.6038,0,62447.0075,188777.6
232,9271107.826,18.6434,0,102826.2161,9168281.6099
233,10447513.526,18.6803,1176405.7,102826.2161,9168281.6099
234,9962598.456,18.7167,691490.63,102826.2161,9168281.6099
235,10273657.406,18.753,1002549.58,102826.2161,9168281.6099
236,11173314.666,18.7898,1902206.84,102826.2161,9168281.6099
237,69190702.4268,18.878,68939477.8193,62447.0075,188777.6
238,66300934.0671,18.9652,66049709.4596,62447.0075,188777.6
239,63689569.779,19.0519,63438345.1715,62447.0075,188777.6
240,42299862.9637,19.1391,42048638.3562,62447.0075,188777.6
241,40614296.6665,19.2255,40363072.059,62447.0075,188777.6
242,20633313.0232,19.3127,20382088.4157,62447.0075,188777.6
243,20633313.0232,19.3998,20382088.4157,62447.0075,188777.6
244,20633313.0232,19.4871,20382088.4157,62447.0075,188777.6
245,9567513.526,19.5259,296405.7,102826.2161,9168281.6099
246,9819686.926,19.5625,548579.1,102826.2161,9168281.6099
247,1931363.5361,19.5986,1828537.32,102826.2161,0
248,1955575.4061,19.6366,1852749.19,102826.2161,0
249,3229394.5961,19.6739,3126568.38,102826.2161,0
250,185223119.4734,19.7637,185221120.2634,1999.21,0
251,160013101.8948,19.851,160011102.6848,1999.21,0
252,32243223.9583,19.9376,32052447.1483,1999.21,188777.6
253,29822740.0044,20.0244,29631963.1944,1999.21,188777.6
254,29633962.4044,20.1115,29631963.1944,1999.21,0
255,29633962.4044,20.1984,29631963.1944,1999.21,0
256,29633962.4044,20.2854,29631963.1944,1999.21,0
257,399231.9161,20.3239,296405.7,102826.2161,0
258,399231.9161,20.3604,296405.7,102826.2161,0
259,993392.2161,20.397,890566,102826.2161,0
260,29633962.4044,20.4851,29631963.1944,1999.21,0
261,29633962.4044,20.5726,29631963.1944,1999.21,0
262,29633962.4044,20.6597,29631963.1944,1999.21,0
263,399231.9161,20.6985,296405.7,102826.2161,0
264,399231.9161,20.7348,296405.7,102826.2161,0
265,494604.5861,20.7712,391778.37,102826.2161,0
266,29633962.4044,20.8594,29631963.1944,1999.21,0
267,29633962.4044,20.9472,29631963.1944,1999.21,0
268,29633962.4044,21.0349,29631963.1944,1999.21,0
269,399231.9161,21.0738,296405.7,102826.2161,0
270,1160722.0561,21.1105,1057895.84,102826.2161,0
271,2060379.3161,21.1469,1957553.1,102826.2161,0
272,105760864.8268,21.2356,105758865.6168,1999.21,0
273,29633962.4044,21.3254,29631963.1944,1999.21,0
274,29234078.5534,21.4126,29232079.3434,1999.21,0
275,29240569.5561,21.5006,29238570.3461,1999.21,0
276,2550596.909,21.5886,2548597.699,1999.21,0
277,1999.21,21.6793,0,1999.21,0
278,1999.21,21.7656,0,1999.21,0
279,1999.21,21.8528,0,1999.21,0
280,102826.2161,21.8919,0,102826.2161,0
281,354999.6161,21.9281,252173.4,102826.2161,0
282,1628818.8061,21.9648,1525992.59,102826.2161,0
283,25217614.6898,22.0531,25215615.4798,1999.21,0
284,1999.21,22.1399,0,1999.21,0
285,1999.21,22.2277,0,1999.21,0
286,1999.21,22.3153,0,1999.21,0
287,102826.2161,22.3538,0,102826.2161,0
288,1382784.4361,22.3907,1279958.22,102826.2161,0
289,2119656.0361,22.4271,2016829.82,102826.2161,0
290,73684120.0189,22.5149,73682120.8089,1999.21,0
291,341327.91,22.6011,0,1999.21,339328.7
292,341327.91,22.6876,0,1999.21,339328.7
293,341327.91,22.7744,0,1999.21,339328.7
294,16582859.2281,22.8129,0,102826.2161,16480033.012
295,17177019.5281,22.8497,594160.3,102826.2161,16480033.012
296,17229527.9581,22.8862,646668.73,102826.2161,16480033.012
297,5591811.8244,22.9743,5250483.9144,1999.21,339328.7
298,341327.91,23.0608,0,1999.21,339328.7
299,341327.91,23.1481,0,1999.21,339328.7
300,33736119.178,23.2363,0,1999.21,33734119.968
301,16582859.2281,23.275,0,102826.2161,16480033.012
302,16582859.2281,23.3123,0,102826.2161,16480033.012
303,16582859.2281,23.3489,0,102826.2161,16480033.012
304,33736119.178,23.4384,0,1999.21,33734119.968
305,33736119.178,23.5264,0,1999.21,33734119.968
306,33736119.178,23.6153,0,1999.21,33734119.968
307,16582859.2281,23.6545,0,102826.2161,16480033.012
308,17344349.3681,23.6916,761490.14,102826.2161,16480033.012
309,18416755.0681,23.7285,1833895.84,102826.2161,16480033.012
310,34808524.878,23.8172,1072405.7,1999.21,33734119.968
311,34804524.878,23.9044,1068405.7,1999.21,33734119.968
312,33736119.178,23.9912,0,1999.21,33734119.968
313,33736119.178,24.0811,0,1999.21,33734119.968
314,33736119.178,24.1695,0,1999.21,33734119.968
315,16582859.2281,24.2082,0,102826.2161,16480033.012
316,17813642.1981,24.245,1230782.97,102826.2161,16480033.012
317,18065815.5981,24.2814,1482956.37,102826.2161,16480033.012
318,33988292.578,24.3696,252173.4,1999.21,33734119.968
319,33755403.048,24.4565,19283.87,1999.21,33734119.968
320,33751504.368,24.5449,15385.19,1999.21,33734119.968
321,33751504.368,24.6375,15385.19,1999.21,33734119.968
322,33751504.368,24.7266,15385.19,1999.21,33734119.968
323,1259023.3661,24.7665,1156197.15,102826.2161,0
324,1259023.3661,24.8027,1156197.15,102826.2161,0
325,106193217.4468,24.8391,106176889.6164,16327.8304,0
326,26705.38,24.927,24706.17,1999.21,0
327,23387.69,25.0136,21388.48,1999.21,0
328,8254.36,25.0999,6255.15,1999.21,0
329,8254.36,25.187,6255.15,1999.21,0
330,8254.36,25.2741,6255.15,1999.21,0
331,590756.1371,25.3142,574428.3067,16327.8304,0
332,5859787.3664,25.3506,574428.3067,5285359.0597,0
333,11348699.5166,25.3868,574428.3067,10774271.2099,0
334,653404.37,25.4761,6255.15,647149.22,0
335,8254.36,25.5624,6255.15,1999.21,0
336,8153.04,25.6488,6153.83,1999.21,0
337,5506.02,25.7366,2153.83,3352.19,0
338,5506.02,25.8236,2153.83,3352.19,0
339,5506.02,25.9123,2153.83,3352.19,0
340,225170.1753,25.9507,197792.3663,27377.8091,0
341,225170.1753,25.987,197792.3663,27377.8091,0
342,6171811.306,26.0234,197792.3663,5974018.9397,0
343,5506.02,26.1114,2153.83,3352.19,0
344,5506.02,26.2007,2153.83,3352.19,0
345,5506.02,26.2901,2153.83,3352.19,0
346,225170.1753,26.3282,197792.3663,27377.8091,0
347,6201135.9108,26.3649,3680409.3585,2520726.5523,0
348,8436647.7613,26.4015,3680409.3585,4756238.4028,0
349,348719.72,26.4886,40077.26,308642.46,0
350,321446.6256,26.5758,24753.2904,296693.3353,0
351,178554.8585,26.6627,58806.2319,119748.6266,0
352,167244.4472,26.7503,47495.8205,119748.6266,0
353,144501.917,26.8372,24753.2904,119748.6266,0
354,142771.8082,26.9257,23023.1815,119748.6266,0
355,142771.8082,27.015,23023.1815,119748.6266,0
356,119748.6266,27.1018,0,119748.6266,0
357,119748.6266,27.1891,0,119748.6266,0
358,119748.6266,27.276,0,119748.6266,0
359,11049.9787,27.3151,0,11049.9787,0
360,11049.9787,27.3531,0,11049.9787,0
361,4686793.4506,27.3897,4675743.4719,11049.9787,0
362,119748.6266,27.4803,0,119748.6266,0
363,119748.6266,27.5676,0,119748.6266,0
364,119748.6266,27.6551,0,119748.6266,0
365,11049.9787,27.6951,0,11049.9787,0
366,5280081.2081,27.7315,0,5280081.2081,0
367,10768993.3582,27.7694,0,10768993.3582,0
368,57220243.5902,27.8577,0,57220243.5902,0
369,119748.6266,27.9454,0,119748.6266,0
370,23023.1815,28.0323,23023.1815,0,0
371,0,28.1201,0,0,0
