1,8656999101,0.031678,6123941925,0,2533057176
2,6462909616,0.048858,3929852440,0,2533057176
3,5235519022,0.065691,3554852440,0,1680666582
4,4415147977,0.082367,2905120015,0,1510027962
5,2912293054,0.099083,2791868325,48763585,71661144
6,2113834719,0.11602,1993409990,48763585,71661144
7,1466397754,0.13252,1345973025,48763585,71661144
8,834135309,0.14938,713710580,48763585,71661144
9,774523240,0.16647,725759655,48763585,0
10,772020604,0.18337,652416580,119604024,0
11,772020604,0.20009,652416580,119604024,0
12,693125374,0.21668,573521350,119604024,0
13,608541624,0.23347,456570600,151971024,0
14,603895024,0.25014,451924000,151971024,0
15,603895024,0.26669,451924000,151971024,0
16,603895024,0.28319,451924000,151971024,0
17,513478774,0.32548,393874750,119604024,0
18,423257379,0.36643,303653355,119604024,0
19,353852479,0.40713,234248455,119604024,0
20,305888339,0.44815,186284315,119604024,0
21,265888339,0.48927,146284315,119604024,0
22,225888339,0.53046,146284315,79604024,0
23,155047900,0.57186,146284315,8763585,0
24,115047900,0.6135,106284315,8763585,0
25,14272733.7142,0.65479,13605182.007,667551.7072,0
26,10077630.4711,0.69612,9410078.7639,667551.7072,0
27,6474504.2535,0.73743,5806952.5463,667551.7072,0
28,3727946.4021,0.7793,3060394.6949,667551.7072,0
29,1486590.5399,0.82125,819038.8327,667551.7072,0
30,669360.5597,0.8724,1808.8526,667551.7072,0
31,638891.2161,0.91455,1808.8526,637082.3635,0
32,629963.2125,0.95632,1808.8526,606613.0199,21541.34
33,608421.8725,0.99803,1808.8526,606613.0199,0
34,599493.8688,1.0393,1808.8526,576143.6763,21541.34
35,577952.5288,1.0807,1808.8526,576143.6763,0
36,569024.5252,1.1219,1808.8526,545674.3326,21541.34
37,547483.1852,1.1633,1808.8526,545674.3326,0
38,538555.1815,1.2046,1808.8526,515204.989,21541.34
39,517013.8415,1.246,1808.8526,515204.989,0
40,508085.8379,1.2874,1808.8526,484735.6453,21541.34
41,486544.4979,1.3288,1808.8526,484735.6453,0
42,477616.4943,1.3699,1808.8526,454266.3017,21541.34
43,456075.1543,1.4113,1808.8526,454266.3017,0
44,447147.1506,1.4593,1808.8526,423796.9581,21541.34
45,425605.8106,1.5013,1808.8526,423796.9581,0
46,416677.807,1.5423,1808.8526,393327.6144,21541.34
47,395136.467,1.5836,1808.8526,393327.6144,0
48,386208.4634,1.6249,1808.8526,362858.2708,21541.34
49,364667.1234,1.6659,1808.8526,362858.2708,0
50,4739956.2647,1.7076,0,4739956.2647,0
51,4739956.2647,1.7488,0,4739956.2647,0
52,4763585,1.7779,0,4763585,0
53,4763585,1.8056,0,4763585,0
54,4763585,1.8228,0,4763585,0
55,4739956.2647,1.8645,0,4739956.2647,0
56,4739956.2647,1.9056,0,4739956.2647,0
57,4739956.2647,1.9471,0,4739956.2647,0
58,4763585,1.9654,0,4763585,0
59,4763585,1.9826,0,4763585,0
60,4763585,2,0,4763585,0
61,4739956.2647,2.0421,0,4739956.2647,0
62,4739956.2647,2.0834,0,4739956.2647,0
63,4739956.2647,2.1248,0,4739956.2647,0
64,4763585,2.1461,0,4763585,0
65,4763585,2.1635,0,4763585,0
66,4763585,2.1807,0,4763585,0
67,4739956.2647,2.2232,0,4739956.2647,0
68,4739956.2647,2.2658,0,4739956.2647,0
69,4739956.2647,2.3079,0,4739956.2647,0
70,4763585,2.327,0,4763585,0
71,4763585,2.3446,0,4763585,0
72,75604024,2.3619,0,75604024,0
73,4739956.2647,2.404,0,4739956.2647,0
74,4739956.2647,2.4472,0,4739956.2647,0
75,4763585,2.4908,0,4763585,0
76,4763585,2.5128,0,4763585,0
77,4763585,2.5305,0,4763585,0
78,290300755,2.5484,285537170,4763585,0
79,4763585,2.5902,0,4763585,0
80,4763585,2.6338,0,4763585,0
81,4763585,2.6766,0,4763585,0
82,4763585,2.6949,0,4763585,0
83,4763585,2.7124,0,4763585,0
84,338777055,2.7299,334013470,4763585,0
85,4763585,2.7717,0,4763585,0
86,4763585,2.8143,0,4763585,0
87,3517541.34,2.8552,0,0,3517541.34
88,0,2.8965,0,0,0
