1,14487887238,0.077123,10745605410,0,3742281828
2,12689277688,0.13787,8877945295,0,3811332393
3,11172644464,0.19894,8623013735,17083712,2532547017
4,9870354749,0.25963,7881861155,19348422,1969145172
5,8759437519,0.32032,6770943925,19348422,1969145172
6,7808599729,0.3809,5820106135,19348422,1969145172
7,7074559683,0.44173,5070106135,19348422,1985105126
8,6345337908,0.50265,4340884360,19348422,1985105126
9,5809879072,0.56279,3663123980,19348422,2127406670
10,5205028972,0.62335,3058273880,19348422,2127406670
11,4757676202,0.67478,2610921110,19348422,2127406670
12,4329313509,0.71346,2784375655,19348422,1525589432
13,3416726319,0.75053,2720808505,19348422,676569392
14,3032004554,0.78903,2264793880,90641282,676569392
15,2713623078,0.8277,1889793880,147259806,676569392
16,2580764593,0.86486,1889793880,170166979,520803734
17,2453463043,0.9019,1762492330,170166979,520803734
18,2332458351,0.9399,1671830230,171623585,489004536
19,2314978790,0.97757,1652348250,173626004,489004536
20,2314978790,1.0146,1652348250,173626004,489004536
21,2346808640,1.0521,1652348250,238041604,456418786
22,1864154075,1.1432,1548298855,250932406,64922814
23,1704509625,1.2352,1388654405,250932406,64922814
24,1593076775,1.3249,1277221555,250932406,64922814
25,229105819.5361,1.4151,186934566.2651,39525447.4669,2645805.8041
26,212476403.7154,1.5068,170534586.749,39296011.1623,2645805.8041
27,192621842.6884,1.5963,150680025.722,39296011.1623,2645805.8041
28,176162716.9545,1.6897,134220899.9882,39296011.1623,2645805.8041
29,161548607.4263,1.7858,115076451.1466,43826350.4756,2645805.8041
30,149569550.5289,1.8851,103097394.2492,43826350.4756,2645805.8041
31,137978950.7053,1.9773,91506794.4256,43826350.4756,2645805.8041
32,128776032.3721,2.0721,82303876.0923,43826350.4756,2645805.8041
33,119677978.2553,2.1618,73205821.9755,43826350.4756,2645805.8041
34,110859569.0448,2.2521,73205821.9755,33679971.0006,3973776.0686
35,102126676.0582,2.3411,64472928.9889,33679971.0006,3973776.0686
36,94108318.4155,2.4349,56454571.3463,33679971.0006,3973776.0686
37,86754257.1481,2.5254,49100510.0789,33679971.0006,3973776.0686
38,80340396.4979,2.6193,42686649.4286,33679971.0006,3973776.0686
39,73926535.8476,2.7083,36272788.7784,33679971.0006,3973776.0686
40,67512675.1974,2.8001,29858928.1281,33679971.0006,3973776.0686
41,61212102.3703,2.8912,29858928.1281,27379398.1736,3973776.0686
42,56095290.3022,2.9811,24742116.06,27379398.1736,3973776.0686
43,51179039.6566,3.0705,19825865.4144,27379398.1736,3973776.0686
44,46924433.2549,3.1599,15571259.0127,27379398.1736,3973776.0686
45,43316225.4612,3.249,15571259.0127,23771190.3799,3973776.0686
46,39709566.0483,3.3402,11775330.2346,23960459.7451,3973776.0686
47,36641169.5011,3.4311,8706933.6874,23960459.7451,3973776.0686
48,33704896.3191,3.5207,6127384.7626,23603735.4879,3973776.0686
49,30966818.4058,3.61,3389306.8492,23603735.4879,3973776.0686
50,89574711.9369,3.7016,5997496.7663,71064557.4919,12512657.6787
51,70265502.5667,3.793,8611027.6509,49141817.2371,12512657.6787
52,64167689.0481,3.8857,8611027.6509,43044003.7185,12512657.6787
53,58069875.5294,3.9754,8611027.6509,36946190.1999,12512657.6787
54,53888352.2024,4.0682,8611027.6509,36946190.1999,8331134.3516
55,45557217.8508,4.1579,8611027.6509,36946190.1999,0
56,25558317.6296,4.247,11478928.1245,14079389.5051,0
57,19460504.111,4.3363,11478928.1245,7981575.9865,0
58,15331929.5142,4.4266,7350353.5278,7981575.9865,0
59,11604029.6952,4.5186,7350353.5278,4253676.1674,0
60,8990498.8106,4.6079,4736822.6432,4253676.1674,0
61,6614546.311,4.6991,3346322.5418,3268223.7692,0
62,5088249.105,4.795,3346322.5418,1741926.5632,0
63,3610848.7328,4.8873,1868922.1696,1741926.5632,0
64,2606533.5552,4.9766,864606.992,1741926.5632,0
65,2075904.3414,5.0706,333977.7782,1741926.5632,0
66,1678218.4505,5.1597,852184.24,826034.2105,0
67,1373327.7746,5.2496,852184.24,521143.5346,0
68,1068437.0986,5.3389,852184.24,216252.8586,0
69,852184.24,5.4328,852184.24,0,0
70,663985.49,5.5216,663985.49,0,0
71,518206.4618,5.6125,518206.4618,0,0
72,474426.6094,5.7019,474426.6094,0,0
73,430646.757,5.7914,430646.757,0,0
74,386866.9045,5.8802,386866.9045,0,0
75,24016.01,5.9731,0,24016.01,0
76,20016.01,6.0623,0,20016.01,0
77,16016.01,6.1525,0,16016.01,0
78,12016.01,6.2414,0,12016.01,0
79,8016.01,6.3305,0,8016.01,0
80,4016.01,6.4193,0,4016.01,0
81,16.01,6.5083,0,16.01,0
82,0,6.5972,0,0,0
