1,23303193713,0.046732,20282105865,0,3021087848
2,18910636975,0.073465,17801310740,0,1109326235
3,15167183107,0.10012,14051310740,0,1115872367
4,12498674077,0.12689,11382801710,0,1115872367
5,9933553620,0.15365,9673759205,0,259794415
6,8359223865,0.1804,8117613150,0,241610715
7,7123065160,0.2071,6982380100,0,140685060
8,6107024995,0.23371,5966339935,0,140685060
9,4887148225,0.26039,4887148225,0,0
10,4014435679,0.2876,3967867380,46568299,0
11,3211894237,0.31543,3120175410,91718827,0
12,2492489107,0.34238,2400770280,91718827,0
13,2304933862,0.36907,2213215035,91718827,0
14,2123898332,0.39572,2032179505,91718827,0
15,1958602302,0.42238,1713411485,91718827,153471990
16,1698735122,0.44891,1607016295,91718827,0
17,1561897917,0.4756,1470179090,91718827,0
18,1447687992,0.50223,1355969165,91718827,0
19,1335064432,0.52899,1243345605,91718827,0
20,1280841846,0.55638,847335255,91718827,341787764
21,1088629484,0.58327,727790740,94868294,265970450
22,956917054,0.61005,628785635,94868294,233263125
23,956917054,0.63679,628785635,94868294,233263125
24,989557059,0.66368,628785635,127508299,233263125
25,128094310.8455,0.72812,75487215.754,16429943.2418,36177151.8497
26,84770959.4048,0.79249,68341016.163,16429943.2418,0
27,69562748.9423,0.85682,58286962.2129,11275786.7294,0
28,55702962.3746,0.93095,44427175.6452,11275786.7294,0
29,45988701.872,0.99534,34712915.1426,11275786.7294,0
30,38023360.359,1.0597,22398881.1222,15624479.2368,0
31,32449546.9992,1.1241,16825067.7624,15624479.2368,0
32,27216250.6699,1.1886,16745927.9455,10470322.7244,0
33,23010458.3116,1.253,16745927.9455,6264530.366,0
34,18922197.1377,1.3174,12330683.9648,6264530.366,326982.8068
35,15091508.3484,1.3823,8499995.1755,6264530.366,326982.8068
36,11598171.2824,1.4468,5412479.2558,5858709.2198,326982.8068
37,9028273.3679,1.5111,2842581.3413,5858709.2198,326982.8068
38,6514800.8651,1.5766,329108.8384,5858709.2198,326982.8068
39,5483969.5626,1.641,329108.8384,4827877.9174,326982.8068
40,4637618.536,1.7052,329108.8384,3981526.8907,326982.8068
41,3973952.8501,1.7697,329108.8384,3317861.2049,326982.8068
42,3646970.0433,1.8343,329108.8384,3317861.2049,0
43,3392801.5224,1.8987,74940.3175,3317861.2049,0
44,3317861.2049,1.9631,0,3317861.2049,0
45,3266319.6398,2.0275,0,3266319.6398,0
46,3214778.0746,2.0918,0,3214778.0746,0
47,3163236.5095,2.1561,0,3163236.5095,0
48,3111694.9444,2.2206,0,3111694.9444,0
49,3060153.3793,2.2856,0,3060153.3793,0
50,23749014,2.3503,0,23749014,0
51,23749014,2.4148,0,23749014,0
52,23749014,2.4425,0,23749014,0
53,87988094,2.4693,64239080,23749014,0
54,207967133,2.4962,141910955,66056178,0
55,23877492.16,2.5615,128478.16,23749014,0
56,23749014,2.6258,0,23749014,0
57,23749014,2.6904,0,23749014,0
58,23749014,2.7559,0,23749014,0
59,23749014,2.7838,0,23749014,0
60,241224069,2.8109,217475055,23749014,0
61,552767104,2.8382,529018090,23749014,0
62,24183964.11,2.9026,434950.11,23749014,0
63,23749014,2.9671,0,23749014,0
64,23749014,3.032,0,23749014,0
65,23749014,3.0971,0,23749014,0
66,23749014,3.1251,0,23749014,0
67,349426764,3.1525,325677750,23749014,0
68,647540262,3.1797,551640720,95899542,0
69,96351467.94,3.2444,451925.94,95899542,0
70,96311942.11,3.3102,412400.11,95899542,0
71,23789488.17,3.3756,40474.17,23749014,0
72,23749014,3.4404,0,23749014,0
73,23749014,3.5066,0,23749014,0
74,23749014,3.574,0,23749014,0
75,23749014,3.6021,0,23749014,0
76,24406335.4,3.6291,657321.4,23749014,0
77,24637926.43,3.656,888912.43,23749014,0
78,24299720.48,3.7205,550706.48,23749014,0
79,24068129.45,3.7848,319115.45,23749014,0
80,23810808.05,3.8491,61794.05,23749014,0
81,23749014,3.9135,0,23749014,0
82,4140876.31,3.9776,391863.31,3749013,0
83,311863.31,4.0418,311863.31,0,0
84,231863.31,4.1059,231863.31,0,0
85,203278.52,4.17,203278.52,0,0
86,151863.31,4.2342,151863.31,0,0
87,123278.52,4.2982,123278.52,0,0
88,71863.31,4.3622,71863.31,0,0
89,51415.21,4.4261,51415.21,0,0
90,0,4.4902,0,0,0
