1,17291340406,0.088233,15369756170,22488705,1899095531
2,12199163298,0.12363,11090862295,22488705,1085812298
3,9731903983,0.15899,8623602980,22488705,1085812298
4,8246262523,0.19366,7137961520,22488705,1085812298
5,6877850293,0.22818,5769549290,22488705,1085812298
6,5611242088,0.263,4724542765,22488705,864210618
7,4587825783,0.29754,4125674415,22488705,439662663
8,4011873075,0.33224,3542585010,24396704,444891361
9,3636873075,0.36715,3167585010,24396704,444891361
10,3285089008,0.40181,2798782810,41414837,444891361
11,3031018204,0.43619,1580006035,41414837,1409597332
12,1817685115,0.47079,1756581850,41414837,19688428
13,1807531455,0.50531,1273471830,41414837,492644788
14,1532269220,0.54029,1471165955,41414837,19688428
15,1532269220,0.5748,1471165955,41414837,19688428
16,1576869790,0.60938,1515766525,41414837,19688428
17,1345327005,0.69318,1284223740,41414837,19688428
18,1265327005,0.77628,1204223740,41414837,19688428
19,1185327005,0.8592,1124223740,41414837,19688428
20,1113677440,0.94215,1052574175,41414837,19688428
21,1031305365,1.0248,970202100,41414837,19688428
22,801389685,1.1078,740286420,41414837,19688428
23,602533665,1.1906,541430400,41414837,19688428
24,519945495,1.2735,481330935,18926132,19688428
25,77533016.8163,1.3566,76098572.8664,688915.4266,745528.5234
26,65932450.116,1.4396,64498006.1661,688915.4266,745528.5234
27,57832176.0011,1.5226,56397732.0512,688915.4266,745528.5234
28,50031265.6551,1.606,47717109.1586,1568627.9732,745528.5234
29,42625398.0843,1.6895,40311241.5878,1568627.9732,745528.5234
30,35219530.5136,1.7728,32905374.017,1568627.9732,745528.5234
31,27813662.9428,1.8559,25499506.4462,1568627.9732,745528.5234
32,22259791.7842,1.939,19945635.2877,1568627.9732,745528.5234
33,16900965.2569,2.0222,14586808.7604,1568627.9732,745528.5234
34,12337226.1919,2.1057,10023069.6954,1568627.9732,745528.5234
35,8534084.5381,2.1887,6219928.0416,1568627.9732,745528.5234
36,5240938.6973,2.2719,2926782.2008,1568627.9732,745528.5234
37,2314156.4965,2.3551,0,1568627.9732,745528.5234
38,1768155.1625,2.4383,73462.5034,949164.1358,745528.5234
39,1395772.9286,2.5213,73462.5034,879712.5466,442597.8787
40,1060496.41,2.6042,73462.5034,879712.5466,107321.36
41,769294.6255,2.6873,73462.5034,588510.7621,107321.36
42,478092.8409,2.7703,73462.5034,297308.9776,107321.36
43,186891.0564,2.8533,73462.5034,6107.193,107321.36
44,79569.6964,2.9362,73462.5034,6107.193,0
45,6107.193,3.0189,0,6107.193,0
46,0,3.1019,0,0,0
