1,46243888508,0.094097,40790245835,0,5453642673
2,41083520026,0.15816,35448559445,0,5634960581
3,36962889413,0.22206,31932548640,0,5030340773
4,33113165056,0.28667,28198555385,0,4914609671
5,29336912531,0.35051,24422302860,0,4914609671
6,26142940231,0.41421,21228330560,0,4914609671
7,22952152486,0.45697,18168373110,0,4783779376
8,20372703610,0.49674,15783846395,0,4588857215
9,18263800997,0.53546,13981939920,0,4281861077
10,16455287677,0.57503,12173426600,0,4281861077
11,15306001740,0.61382,10983938305,0,4322063435
12,14227945779,0.65306,8833399640,0,5394546139
13,11785880460,0.69307,8446902980,0,3338977480
14,10779615885,0.73279,7516302750,0,3263313135
15,9911693079,0.77155,6848074680,0,3063618399
16,9177975581,0.81012,5472252030,0,3705723551
17,8513823415,0.8488,5465710440,31848770,3016264205
18,8014769585,0.88752,4966656610,31848770,3016264205
19,7554320414,0.9261,4499578195,38478014,3016264205
20,7100127644,0.96495,3867333150,38478014,3194316480
21,6014593011,1.0037,3867333150,82809784,2064450077
22,5641730746,1.0423,3711323475,82809784,1847597487
23,5338611585,1.081,3448612330,82809784,1807189471
24,5177769569,1.1206,3753323830,134215943,1290229796
25,847831082.0184,1.1595,522844266.0898,3479088.653,321507727.2756
26,849185378.4823,1.1989,522844266.0898,4833385.1169,321507727.2756
27,850662549.3817,1.2375,522844266.0898,6310556.0163,321507727.2756
28,4674518679,1.3312,3503197240,243448015,927873424
29,4106355975,1.424,3226643635,243448015,636264325
30,3771693017,1.5171,3159536205,243448015,368708797
31,3386778047,1.6093,2774621235,243448015,368708797
32,3146778047,1.7015,2574621235,203448015,368708797
33,2912744087,1.7938,2340587275,203448015,368708797
34,2729746957,1.8858,2300587275,203448015,225711667
35,2532139252,1.9781,2225022610,203448015,103668627
36,2362059457,2.0702,2054942815,203448015,103668627
37,2194072372,2.1621,1918804500,171599245,103668627
38,2074072372,2.254,1798804500,171599245,103668627
39,1978141857,2.3462,1702873985,171599245,103668627
40,1890853002,2.4389,1615585130,171599245,103668627
41,1737176927,2.5312,1505622795,171599245,59954887
42,1632890270,2.6231,1505622795,127267475,0
43,1548090230,2.7153,1420822755,127267475,0
44,1472394580,2.8074,1345127105,127267475,0
45,1407576625,2.9007,1280309150,127267475,0
46,1344215655,2.9933,1216948180,127267475,0
47,1281467785,3.0863,1154200310,127267475,0
48,1184336925,3.1802,1057069450,127267475,0
49,1127350770,3.2727,1057069450,70281320,0
50,168544674.3319,3.3652,146094597.3198,4381479.1921,18068597.82
51,144196584.4799,3.4576,121746507.4678,4381479.1921,18068597.82
52,130979913.5719,3.5509,108529836.5598,4381479.1921,18068597.82
53,119240134.3936,3.6441,110326091.0815,4381479.1921,4532564.12
54,108210015.33,3.7367,99295972.0179,4381479.1921,4532564.12
55,99527163.3605,3.8287,90492514.0566,4502085.1839,4532564.12
56,87893531.0499,3.9212,78858881.746,4502085.1839,4532564.12
57,80078364.6563,4.014,64338268.9524,4502085.1839,11238010.52
58,72577100.7861,4.1071,56837005.0822,4502085.1839,11238010.52
59,65075836.9159,4.1991,49335741.212,4502085.1839,11238010.52
60,57612977.6415,4.2912,41872881.9376,4502085.1839,11238010.52
61,50375728.7713,4.3833,34371618.0674,4502085.1839,11502025.52
62,43373201.031,4.4755,26870354.1973,5000821.3137,11502025.52
63,38743133.1093,4.5678,22240286.2756,5000821.3137,11502025.52
64,34139875.6424,4.6599,17637028.8087,5000821.3137,11502025.52
65,30714839.8162,4.7522,14211992.9825,5000821.3137,11502025.52
66,27457724.0107,4.8445,14211992.9825,1743705.5082,11502025.52
67,24575809.064,4.937,13730078.0358,1743705.5082,9102025.52
68,22175809.064,5.0296,13730078.0358,1743705.5082,6702025.52
69,19868947.0819,5.122,11836496.4907,1330425.0711,6702025.52
70,17699485.6819,5.2144,11836496.4907,1330425.0711,4532564.12
71,15693437.6876,5.3067,9830448.4965,1330425.0711,4532564.12
72,13897183.1659,5.3987,8034193.9748,1330425.0711,4532564.12
73,12217183.1659,5.491,8034193.9748,1330425.0711,2852564.12
74,10537183.1659,5.5832,8034193.9748,1330425.0711,1172564.12
75,15454020.2541,5.6754,7720746.0235,2694483.1211,5038791.1095
76,12033231.9484,5.7676,7415761.5186,2694483.1211,1922987.3086
77,10743496.7003,5.8596,6126026.2706,2694483.1211,1922987.3086
78,9437888.4966,5.9516,5821041.7658,2694483.1211,922363.6097
79,8210540.3821,6.0462,5516057.261,2694483.1211,0
80,7059379.4186,6.1386,4364896.2974,2694483.1211,0
81,6754394.9137,6.2311,4059911.7926,2694483.1211,0
82,6449410.4089,6.3239,3754927.2878,2694483.1211,0
83,6144425.9041,6.4162,3449942.783,2694483.1211,0
84,5839441.3993,6.5086,3144958.2782,2694483.1211,0
85,5534456.8945,6.6007,2839973.7734,2694483.1211,0
86,5229472.3897,6.6928,2534989.2686,2694483.1211,0
87,4924487.8849,6.7859,2230004.7638,2694483.1211,0
88,4619503.3801,6.8819,1925020.259,2694483.1211,0
89,4314518.8753,6.9746,1620035.7542,2694483.1211,0
90,4009534.3705,7.0675,1315051.2494,2694483.1211,0
91,3704549.8657,7.1593,1010066.7445,2694483.1211,0
92,3399565.3609,7.2518,705082.2397,2694483.1211,0
93,3098453.3968,7.344,403970.2757,2694483.1211,0
94,2840286.3009,7.4361,145803.1798,2694483.1211,0
95,2735667.4662,7.5284,41184.3451,2694483.1211,0
96,2685163.4539,7.6208,41184.3451,2643979.1088,0
97,2634659.4416,7.7131,41184.3451,2593475.0965,0
98,2608327.8419,7.8054,14852.7454,2593475.0965,0
99,2584155.4292,7.8977,41184.3451,2542971.0842,0
100,19820307.1961,7.9904,550.3931,19819756.803,0
101,19820307.1961,8.0826,550.3931,19819756.803,0
102,1653211.8293,8.122,25034.1458,1628177.6835,0
103,547113.981,8.1604,25034.1458,522079.8351,0
104,1696263.3145,8.1992,25034.1458,1671229.1687,0
105,3050559.7784,8.238,25034.1458,3025525.6326,0
106,63445551.4394,8.3307,550.3931,63445001.0463,0
107,19820307.1961,8.4231,550.3931,19819756.803,0
108,19820307.1961,8.5156,550.3931,19819756.803,0
109,19820307.1961,8.6081,550.3931,19819756.803,0
110,1653211.8293,8.6477,25034.1458,1628177.6835,0
111,3130382.7288,8.687,25034.1458,3105348.5829,0
112,18386180.3247,8.726,15280831.7418,3105348.5829,0
113,62146593.9322,8.8186,335959.7185,61810634.2138,0
114,20155716.5215,8.911,335959.7185,19819756.803,0
115,19820307.1961,9.0036,550.3931,19819756.803,0
116,19820307.1961,9.1019,550.3931,19819756.803,0
117,19820307.1961,9.1947,550.3931,19819756.803,0
118,28553799.8624,9.235,28031720.0273,522079.8351,0
119,41971324.5905,9.2782,40848126.953,1123197.6376,0
120,74669328.3573,9.3174,72523419.5717,2145908.7856,0
121,43538112.5115,9.4101,898074.4938,42640038.0178,0
122,20436053.6727,9.5028,616296.8697,19819756.803,0
123,19820307.1961,9.5953,550.3931,19819756.803,0
124,19820307.1961,9.6897,550.3931,19819756.803,0
125,20140531.0586,9.7853,345.35,20140185.7086,0
126,35031823.4746,9.8259,34509743.6395,522079.8351,0
127,84649788.9862,9.8656,83411070.7862,1238718.2,0
128,138345354.4381,9.905,135997981.6411,2347372.797,0
129,48936491.9014,9.9974,1150668.91,47785822.9914,0
130,20616253.0786,10.0896,476067.37,20140185.7086,0
131,19635657.4851,10.1822,630026.27,19005631.2151,0
132,19159935.4651,10.2745,154304.25,19005631.2151,0
133,11240157.6183,10.3684,234304.25,11005853.3683,0
134,11160157.6183,10.4616,154304.25,11005853.3683,0
135,11085452.7183,10.5539,79599.35,11005853.3683,0
136,11013329.2383,10.6462,7475.87,11005853.3683,0
137,11013329.2383,10.7394,7475.87,11005853.3683,0
138,11013329.2383,10.8321,7475.87,11005853.3683,0
139,1976366.1601,10.8719,541919.8488,1434446.3112,0
140,3330662.6239,10.9105,541919.8488,2788742.7751,0
141,4436760.4723,10.9494,541919.8488,3894840.6235,0
142,98013619.247,11.0428,7475.87,98006143.377,0
143,53683079.3026,11.1351,7475.87,53675603.4326,0
144,11013329.2383,11.2273,7475.87,11005853.3683,0
145,11013329.2383,11.32,7475.87,11005853.3683,0
146,11013329.2383,11.413,7475.87,11005853.3683,0
147,2304387.7259,11.4536,541919.8488,1762467.8771,0
148,23359321.4634,11.4929,21596853.5863,1762467.8771,0
149,54892073.4904,11.5326,53129605.6133,1762467.8771,0
150,11670446.5702,11.6258,781667.7283,10888778.8419,0
151,11206521.9022,11.7197,317743.0603,10888778.8419,0
152,10896751.8214,11.8124,7972.9795,10888778.8419,0
153,10896751.8214,11.9051,7972.9795,10888778.8419,0
154,10889147.156,11.9976,368.3141,10888778.8419,0
155,10889147.156,12.0969,368.3141,10888778.8419,0
156,10889147.156,12.1899,368.3141,10888778.8419,0
157,28317017.005,12.2298,28031720.0273,285296.9776,0
158,310331.1235,12.2719,25034.1458,285296.9776,0
159,33008334.8902,12.3118,31700326.7645,1308008.1257,0
160,82626300.4017,12.3516,80601653.9112,2024646.4906,0
161,38960163.8804,12.4447,719827.6223,38240336.258,0
162,10889147.156,12.5374,368.3141,10888778.8419,0
163,10889147.156,12.6328,368.3141,10888778.8419,0
164,3059786.389,12.7269,85687.9306,2974098.4584,0
165,171007.547,12.8194,171007.547,0,0
166,85687.9306,12.9118,85687.9306,0,0
167,368.3141,13.0045,368.3141,0,0
168,0,13.0968,0,0,0
