1,12863208116,0.028931,10857586895,0,2005621221
2,10713738828,0.043242,8936442975,0,1777295853
3,8713069541,0.057303,7146980810,0,1566088731
4,7368239296,0.071376,6180623485,0,1187615811
5,6208446830,0.085414,5038734050,0,1169712780
6,5069495195,0.099442,4313268830,4531851,751694514
7,3849961242,0.11352,3481912000,4531851,363517391
8,2484365643,0.12754,2099348545,4531851,380485247
9,1572246674,0.14152,1348186500,4531851,219528323
10,1230833331,0.15554,973186500,38118508,219528323
11,941848881,0.16971,635295720,87024838,219528323
12,664416876,0.18391,357863715,87024838,219528323
13,606995226,0.19784,300442065,87024838,219528323
14,606995226,0.21189,300442065,87024838,219528323
15,606995226,0.22599,300442065,87024838,219528323
16,527056986,0.25999,260503825,47024838,219528323
17,467334113,0.294,367617020,47024838,52692255
18,365938517,0.32812,260503825,42492987,62941705
19,321855800,0.36198,260503825,42492987,18858988
20,281855800,0.39599,220503825,42492987,18858988
21,241855800,0.42983,180503825,42492987,18858988
22,201855800,0.46365,140503825,42492987,18858988
23,161855800,0.49796,100503825,42492987,18858988
24,121855800,0.53199,60503825,42492987,18858988
25,20826226.6721,0.5662,6008270.1679,14817956.5042,0
26,18480825.7303,0.60031,3662869.2262,14817956.5042,0
27,17121579.2717,0.63435,2303622.7675,14817956.5042,0
28,12207978.3302,0.66837,3662869.2262,3105773.914,5439335.1901
29,6768643.1402,0.70358,3662869.2262,3105773.914,0
30,5409396.6815,0.73766,2303622.7675,3105773.914,0
31,4518384.2672,0.77163,4202333.091,316051.1761,0
32,2619673.9436,0.8055,2303622.7675,316051.1761,0
33,1757443.3703,0.83991,1441392.1942,316051.1761,0
34,316051.1761,0.87387,0,316051.1761,0
35,176565.0392,0.90775,0,176565.0392,0
36,37078.9023,0.94191,0,37078.9023,0
37,0,0.9759,0,0,0
