1,34118267924,0.065734,29502957670,0,4615310254
2,30661709894,0.11133,26046399640,0,4615310254
3,27661709894,0.15765,23046399640,0,4615310254
4,24560896085,0.20498,20147125745,0,4413770340
5,21746717905,0.25058,17638540155,0,4108177750
6,19456398498,0.29629,15343503020,4717728,4108177750
7,17206398498,0.34207,13093503020,4717728,4108177750
8,15666056493,0.38758,11553161015,4717728,4108177750
9,14409811678,0.43333,10785337795,4717728,3619756155
10,13235338914,0.47859,9567073040,48509719,3619756155
11,12115102295,0.52401,8319597660,48509719,3746994916
12,11257908622,0.56984,7194597660,48509719,4014801243
13,10090335225,0.61644,6247667110,48509719,3794158396
14,9296816275,0.66275,5122048970,48509719,4126257586
15,8074864595,0.70895,4615727170,48509719,3410627706
16,7330174195,0.75496,4240727170,48509719,3040937306
17,6726174652,0.80044,3887977505,75231524,2762965623
18,5855621031,0.84699,3087451780,75231524,2692937727
19,5305649086,0.89244,2806601050,75231524,2423816512
20,4718624777,0.93814,2892050980,75231524,1751342273
21,3817218592,0.98374,2058957415,93863006,1664398171
22,3297866533,1.029,1580480035,93863006,1623523492
23,2630076030,1.0747,1681356220,93863006,854856804
24,2389248741,1.12,1430248245,104143692,854856804
25,391770131.6482,1.1656,202107832.6087,5918680.0308,183743619.0086
26,355433386.0212,1.2132,206624089.929,5918680.0308,142890616.0614
27,338523376.3407,1.2588,232191520.9369,6781122.851,99550732.5528
28,327361767.0855,1.3047,222938737.4747,4872297.058,99550732.5528
29,311164439.8001,1.3507,206055723.3138,5557983.9335,99550732.5528
30,303524716.9091,1.3967,198319933.4447,5654050.9116,99550732.5528
31,300319089.6668,1.4428,195114306.2024,5654050.9116,99550732.5528
32,300319089.6668,1.4886,195114306.2024,5654050.9116,99550732.5528
33,315087317.4493,1.535,206984366.6138,8552218.2827,99550732.5528
34,1825324675,1.6447,1350885540,196203691,278235444
35,1600425725,1.7538,1157628355,164561926,278235444
36,1427581450,1.8647,984784080,164561926,278235444
37,1261946665,1.9743,885638610,98072611,278235444
38,1118483880,2.0827,742175825,98072611,278235444
39,1034998865,2.1919,658690810,98072611,278235444
40,958020548,2.3009,673591535,100870305,183558708
41,898799038,2.4101,614370025,100870305,183558708
42,840129378,2.5191,555700365,100870305,183558708
43,785228653,2.6289,500799640,100870305,183558708
44,738828653,2.7378,500799640,100870305,137158708
45,696828653,2.8468,504799640,101270305,90758708
46,656828653,2.9566,464799640,101270305,90758708
47,616828653,3.0653,424799640,101270305,90758708
48,576828653,3.1767,384799640,101270305,90758708
49,544828653,3.285,384799640,109270305,50758708
50,75348829.8301,3.3946,48704772.2669,21915146.1456,4728911.4176
51,69698618.3314,3.5033,43054560.7682,21915146.1456,4728911.4176
52,65644660.9588,3.6139,33413840.078,16475623.3008,15755197.58
53,51493935.6017,3.7251,33413840.078,18080095.5237,0
54,45843724.103,3.8345,27763628.5793,18080095.5237,0
55,40223612.6935,3.9443,22143517.1698,18080095.5237,0
56,36234422.1201,4.0533,18154326.5964,18080095.5237,0
57,32840203.7615,4.1631,14760108.2378,18080095.5237,0
58,29462545.4665,4.2744,11382449.9428,18080095.5237,0
59,26513673.9531,4.3864,8433578.4294,18080095.5237,0
60,24401441.9425,4.4819,7925818.6417,16475623.3008,0
61,22796969.7195,4.5451,7925818.6417,14871151.0778,0
62,21246463.1176,4.6082,7925818.6417,13320644.4759,0
63,20300280.1762,4.6714,7925818.6417,12374461.5344,0
64,19401039.8346,4.7343,7026578.3001,12374461.5344,0
65,18943627.6675,4.7974,7026578.3001,11917049.3674,0
66,18501604.7958,4.8608,7026578.3001,11475026.4957,0
67,18138870.6097,4.9239,6744067.7252,11394802.8846,0
68,17776136.4237,4.987,6461557.1502,11314579.2734,0
69,17413402.2376,5.0506,6179046.5753,11234355.6623,0
70,17050668.0515,5.1147,5896536.0004,11154132.0511,0
71,16687933.8654,5.1796,5614025.4254,11073908.44,0
72,16325199.6793,5.2447,5331514.8505,10993684.8288,0
73,16025511.9657,5.3538,5112050.748,10913461.2177,0
74,15743001.3908,5.4634,4829540.1731,10913461.2177,0
75,36449082.8485,5.5733,2097728.6732,32176238.8153,2175115.36
76,36171792.3637,5.6825,2097728.6732,31898948.3305,2175115.36
77,35957379.2668,5.7922,1883315.5762,31898948.3305,2175115.36
78,35834669.7515,5.9019,1760606.061,31898948.3305,2175115.36
79,35775901.0969,6.0127,1701837.4064,31898948.3305,2175115.36
80,35775901.0969,6.1229,1701837.4064,31898948.3305,2175115.36
81,35775901.0969,6.2334,1701837.4064,31898948.3305,2175115.36
82,46503079.8396,6.2805,23100048.7032,4526327.4554,18876703.681
83,46503079.8396,6.3267,23100048.7032,4526327.4554,18876703.681
84,46503079.8396,6.3729,23100048.7032,4526327.4554,18876703.681
85,35775901.0969,6.4828,1701837.4064,31898948.3305,2175115.36
86,35775901.0969,6.5805,1701837.4064,31898948.3305,2175115.36
87,35775901.0969,6.6466,1701837.4064,31898948.3305,2175115.36
88,52686946.6112,6.6753,30622312.5884,3187930.3419,18876703.681
89,52686946.6112,6.7031,30622312.5884,3187930.3419,18876703.681
90,52686946.6112,6.7305,30622312.5884,3187930.3419,18876703.681
91,35775901.0969,6.7961,1701837.4064,31898948.3305,2175115.36
92,35775901.0969,6.8669,1701837.4064,31898948.3305,2175115.36
93,35775901.0969,6.9331,1701837.4064,31898948.3305,2175115.36
94,83150722.0848,6.9613,3320854.6984,2005732.4158,77824134.9707
95,83150722.0848,6.989,3320854.6984,2005732.4158,77824134.9707
96,83150722.0848,7.0172,3320854.6984,2005732.4158,77824134.9707
97,35775901.0969,7.0831,1701837.4064,31898948.3305,2175115.36
98,35775901.0969,7.1489,1701837.4064,31898948.3305,2175115.36
99,35775901.0969,7.2151,1701837.4064,31898948.3305,2175115.36
100,8740474.5642,7.2433,5821388.3626,2919086.2016,0
101,8740474.5642,7.2706,5821388.3626,2919086.2016,0
102,8740474.5642,7.2979,5821388.3626,2919086.2016,0
103,126997598.7338,7.363,43106684.5125,83890914.2213,0
104,126835758.9948,7.4285,42944844.7735,83890914.2213,0
105,126713049.4795,7.4938,42822135.2583,83890914.2213,0
106,126435758.9948,7.5597,42822135.2583,83613623.7365,0
107,125836997.9151,7.6467,42223374.1786,83613623.7365,0
108,47594568.6203,7.7562,4117795.4145,31621657.8458,11855115.36
109,44754038.4503,7.8658,4117795.4145,31621657.8458,9014585.19
110,44476747.9655,7.9498,4117795.4145,31344367.361,9014585.19
111,43373671.6388,8.0156,3014719.0878,31344367.361,9014585.19
112,43110411.8588,8.0806,3014719.0878,31344367.361,8751325.41
113,42990411.8588,8.1459,3014719.0878,31344367.361,8631325.41
114,42906411.8588,8.2114,3014719.0878,31344367.361,8547325.41
115,39592560.4088,8.2769,3014719.0878,31344367.361,5233473.96
116,39592560.4088,8.3426,3014719.0878,31344367.361,5233473.96
117,39592560.4088,8.409,3014719.0878,31344367.361,5233473.96
118,369222297.803,8.4391,7425722.7878,1090665.3135,360705909.7017
119,369222297.803,8.4666,7425722.7878,1090665.3135,360705909.7017
120,371246426.6314,8.4944,9449851.6162,1090665.3135,360705909.7017
121,55140489.4788,8.564,18562648.1577,31344367.361,5233473.96
122,39592560.4088,8.6294,3014719.0878,31344367.361,5233473.96
123,37300209.8428,8.6943,722368.5218,31344367.361,5233473.96
124,37149845.2728,8.7626,832003.9517,31344367.361,4973473.96
125,104784973.5719,8.8316,52736.2134,38149340.3122,66582897.0462
126,104784973.5719,8.8975,52736.2134,38149340.3122,66582897.0462
127,466672317.6333,8.9271,94042.5534,1090665.3135,465487609.7663
128,466672317.6333,8.9545,94042.5534,1090665.3135,465487609.7663
129,467844281.3418,8.9821,94042.5534,2262629.0221,465487609.7663
130,104784973.5719,9.0487,52736.2134,38149340.3122,66582897.0462
131,104732237.3584,9.1176,0,38149340.3122,66582897.0462
132,104732237.3584,9.1838,0,38149340.3122,66582897.0462
133,104394746.1293,9.2491,0,37811849.0831,66582897.0462
134,99083417.0608,9.314,43712.3035,37811849.0831,61227855.6742
135,97688633.8495,9.3792,43712.3035,31062024.4998,66582897.0462
136,96082121.4379,9.4446,43712.3035,31062024.4998,64976384.6346
137,95744630.2087,9.5114,43712.3035,30724533.2706,64976384.6346
138,95735671.8516,9.5803,34753.9464,30724533.2706,64976384.6346
139,94611113.1635,9.6459,34753.9464,30724533.2706,63851825.9465
140,93004600.7519,9.711,34753.9464,30724533.2706,62245313.5349
141,91880042.0638,9.7763,34753.9464,30724533.2706,61120754.8467
142,88399265.1719,9.8413,34753.9464,30724533.2706,57639977.9549
143,88399265.1719,9.907,34753.9464,30724533.2706,57639977.9549
144,88399265.1719,9.9723,34753.9464,30724533.2706,57639977.9549
145,321014191.2151,10.0022,5146531.0898,1584403.141,314283256.9843
146,321014191.2151,10.0297,5146531.0898,1584403.141,314283256.9843
147,321014191.2151,10.0574,5146531.0898,1584403.141,314283256.9843
148,88399265.1719,10.1227,34753.9464,30724533.2706,57639977.9549
149,79658091.9739,10.1887,3978785.8929,30724533.2706,44954772.8105
150,212023822.6962,10.255,8474075.1713,14045531.8729,189504215.652
151,209558548.3086,10.3212,8491925.793,14045531.8729,187021090.6428
152,209538568.9905,10.3873,8471946.4749,14045531.8729,187021090.6428
153,209518589.6725,10.4533,8451967.1568,14045531.8729,187021090.6428
154,209500739.0508,10.5192,8434116.5352,14045531.8729,187021090.6428
155,209500739.0508,10.5857,8434116.5352,14045531.8729,187021090.6428
156,209500739.0508,10.6523,8434116.5352,14045531.8729,187021090.6428
157,317787283.6613,10.681,6743770.4098,878394.8147,310165118.4368
158,295475637.0933,10.7099,16497073.7015,878394.8147,278100168.5772
159,295243421.783,10.7387,16714280.4343,428972.7716,278100168.5772
160,276414776.8018,10.7666,21942494.1753,1172424.1667,253299858.4599
161,276414776.8018,10.7941,21942494.1753,1172424.1667,253299858.4599
162,277586740.5104,10.823,21942494.1753,2344387.8752,253299858.4599
163,198922399.2689,10.8899,27442445.6498,18747060.8051,152732892.814
164,180377436.5146,10.9558,17209450.4036,18747060.8051,144420925.3059
165,179977850.153,11.0215,16809864.042,18747060.8051,144420925.3059
166,169838583.963,11.087,18558384.6321,6859274.0251,144420925.3059
167,169566933.7162,11.1525,18286734.3853,6859274.0251,144420925.3059
168,169392672.3534,11.2183,18266755.0672,6704991.9803,144420925.3059
169,164652160.9722,11.2852,18266755.0672,6704991.9803,139680413.9247
170,164497878.9275,11.3525,18266755.0672,6550709.9356,139680413.9247
171,159757367.5463,11.418,18266755.0672,6550709.9356,134939902.5435
172,138033853.9361,11.4831,18266755.0672,6550709.9356,113216388.9332
173,138013874.618,11.5478,18246775.7491,6550709.9356,113216388.9332
174,138013874.618,11.6123,18246775.7491,6550709.9356,113216388.9332
175,66009060.5778,11.6758,48418289.6808,806117.9571,16784652.9399
176,43889694.1667,11.7395,26298923.2697,806117.9571,16784652.9399
177,43889694.1667,11.8041,26298923.2697,806117.9571,16784652.9399
178,43889694.1667,11.8693,26298923.2697,806117.9571,16784652.9399
179,27504260.8979,11.8972,7944351.119,409675.4535,19150234.3254
180,27504260.8979,11.9256,7944351.119,409675.4535,19150234.3254
181,29532595.0714,11.9525,8368853.4668,2013507.2791,19150234.3254
182,43889694.1667,12.0197,26298923.2697,806117.9571,16784652.9399
183,43836810.2786,12.0845,26246039.3816,806117.9571,16784652.9399
184,43831175.7647,12.1502,26240404.8677,806117.9571,16784652.9399
185,43783926.3905,12.2142,26193155.4935,806117.9571,16784652.9399
186,43783926.3905,12.2785,26193155.4935,806117.9571,16784652.9399
187,43783926.3905,12.3431,26193155.4935,806117.9571,16784652.9399
188,27472310.6792,12.3707,7912400.9003,409675.4535,19150234.3254
189,27472310.6792,12.3978,7912400.9003,409675.4535,19150234.3254
190,26881576.3735,12.4264,6578215.1995,1153126.8486,19150234.3254
191,26881576.3735,12.4539,6578215.1995,1153126.8486,19150234.3254
192,28053540.082,12.4814,6578215.1995,2325090.5571,19150234.3254
193,40830136.0893,12.549,21776476.6676,2269006.4817,16784652.9399
194,39209428.2943,12.6173,20155768.8727,2269006.4817,16784652.9399
195,21391008.2848,12.6839,3800237.3878,806117.9571,16784652.9399
196,4606355.3448,12.7511,3800237.3878,806117.9571,0
197,3548677.5831,12.819,2742559.626,806117.9571,0
198,2490999.8214,12.8889,1684881.8643,806117.9571,0
199,2370677.2093,12.9543,1564559.2523,806117.9571,0
200,13449029.7645,13.0201,7809949.3907,5639080.3737,0
201,13313014.966,13.0883,7809949.3907,5503065.5753,0
202,10043258.78,13.155,3130870.43,6912388.35,0
203,10043258.78,13.2202,3130870.43,6912388.35,0
204,10043258.78,13.2881,3130870.43,6912388.35,0
205,679818.2586,13.3167,189465.1565,490353.102,0
206,679818.2586,13.3439,189465.1565,490353.102,0
207,679818.2586,13.3712,189465.1565,490353.102,0
208,10043258.78,13.439,3130870.43,6912388.35,0
209,10043258.78,13.5042,3130870.43,6912388.35,0
210,10043258.78,13.5703,3130870.43,6912388.35,0
211,679818.2586,13.5991,189465.1565,490353.102,0
212,679818.2586,13.6263,189465.1565,490353.102,0
213,1784022.0157,13.6553,189465.1565,1594556.8591,0
214,10043258.78,13.7209,3130870.43,6912388.35,0
215,10043258.78,13.7877,3130870.43,6912388.35,0
216,10043258.78,13.8557,3130870.43,6912388.35,0
217,679818.2586,13.8841,189465.1565,490353.102,0
218,2490111.3646,13.9115,614521.8007,1875589.5639,0
219,4502470.4287,13.939,1023049.0392,3479421.3895,0
220,36594568.5121,14.0046,10154838.8612,26439729.6509,0
221,10043258.78,14.0712,3130870.43,6912388.35,0
222,10043258.78,14.1382,3130870.43,6912388.35,0
223,10043258.78,14.2053,3130870.43,6912388.35,0
224,679818.2586,14.2338,189465.1565,490353.102,0
225,17529246.787,14.2613,1322153.9677,14662838.8294,1544253.99
226,31765803.8668,14.2894,15558711.0474,14662838.8294,1544253.99
227,11587512.77,14.3564,3130870.43,6912388.35,1544253.99
228,10043258.78,14.4215,3130870.43,6912388.35,0
229,10043258.78,14.489,3130870.43,6912388.35,0
230,10043258.78,14.5576,3130870.43,6912388.35,0
231,15984992.797,14.5861,1322153.9677,14662838.8294,0
232,32945163.3259,14.6174,14805698.9698,18139464.3561,0
233,52888545.494,14.6456,27194471.6279,18139464.3561,7554609.51
234,43611352.2394,14.7126,35060005.2901,8551346.9492,0
235,10043258.78,14.7801,3130870.43,6912388.35,0
236,9442633.7098,14.8467,2530245.3598,6912388.35,0
237,9071979.41,14.9121,0,6912388.35,2159591.06
238,8587979.41,14.9784,0,6912388.35,1675591.06
239,8451964.6116,15.0433,0,6776373.5516,1675591.06
240,8365769.0616,15.1087,0,6776373.5516,1589395.51
241,8365769.0616,15.1735,0,6776373.5516,1589395.51
242,8365769.0616,15.2387,0,6776373.5516,1589395.51
243,15963714.2263,15.2671,0,14374318.7163,1589395.51
244,31272405.6366,15.2947,0,3276369.4866,27996036.15
245,45033311.2655,15.3225,20012534.5888,3276369.4866,21744407.19
246,29540589.5979,15.3879,0,1544553.4479,27996036.15
247,8365769.0616,15.4528,0,6776373.5516,1589395.51
248,8365769.0616,15.5183,0,6776373.5516,1589395.51
249,8365769.0616,15.5838,0,6776373.5516,1589395.51
250,33768717.0087,15.6124,0,17944216.1977,15824500.811
251,33768717.0087,15.6396,0,17944216.1977,15824500.811
252,34277075.7287,15.6669,508358.72,17944216.1977,15824500.811
253,8365769.0616,15.7318,0,6776373.5516,1589395.51
254,8365769.0616,15.7988,0,6776373.5516,1589395.51
255,8365769.0616,15.8693,0,6776373.5516,1589395.51
256,33768717.0087,15.8977,0,17944216.1977,15824500.811
257,34279537.6587,15.9253,510820.65,17944216.1977,15824500.811
258,34757079.7287,15.9527,988362.72,17944216.1977,15824500.811
259,38352370.796,16.0179,29986601.7344,6776373.5516,1589395.51
260,29259289.1102,16.0829,19373033.8086,6776373.5516,3109881.75
261,27882915.9766,16.1478,17792945.765,6776373.5516,3313596.66
262,27618930.7751,16.2127,17528960.5635,6776373.5516,3313596.66
263,27554930.7751,16.2778,17528960.5635,6776373.5516,3249596.66
264,27518930.7751,16.3428,17528960.5635,6776373.5516,3213596.66
265,27498930.7751,16.4094,17528960.5635,6776373.5516,3193596.66
266,27496578.6966,16.4751,17528960.5635,6640358.7531,3327259.38
267,27096578.6966,16.5408,17528960.5635,6640358.7531,2927259.38
268,26696578.6966,16.606,17528960.5635,6640358.7531,2527259.38
269,26560563.8982,16.6783,17528960.5635,6504343.9547,2527259.38
270,26540563.8982,16.7885,17528960.5635,6504343.9547,2507259.38
271,26540563.8982,16.8991,17528960.5635,6504343.9547,2507259.38
272,26540563.8982,17.0097,17528960.5635,6504343.9547,2507259.38
273,42452501.9944,17.0571,265605.2,17223866.6093,24963030.1851
274,42753740.6912,17.1034,1703086.09,17223866.6093,23826787.9919
275,115792688.6478,17.1496,13569976.2982,7706086.1983,94516626.1514
276,121294861.5948,17.2591,112397381.1801,6504343.9547,2393136.46
277,26540563.8982,17.3688,17528960.5635,6504343.9547,2507259.38
278,26540563.8982,17.4798,17528960.5635,6504343.9547,2507259.38
279,26540563.8982,17.5911,17528960.5635,6504343.9547,2507259.38
280,148494436.4957,17.6388,1058032.6171,7706086.1983,139730317.6803
281,148494436.4957,17.6854,1058032.6171,7706086.1983,139730317.6803
282,150519472.5528,17.7324,3083068.6742,7706086.1983,139730317.6803
283,26540563.8982,17.8418,17528960.5635,6504343.9547,2507259.38
284,26540563.8982,17.9535,17528960.5635,6504343.9547,2507259.38
285,26540563.8982,18.0643,17528960.5635,6504343.9547,2507259.38
286,148494436.4957,18.1127,1058032.6171,7706086.1983,139730317.6803
287,65163952.6111,18.1587,6031442.3948,7706086.1983,51426424.018
288,63634087.1972,18.2048,4501576.981,7706086.1983,51426424.018
289,63634087.1972,18.2508,4501576.981,7706086.1983,51426424.018
290,66604064.5171,18.2971,7471554.3008,7706086.1983,51426424.018
291,82007015.763,18.4067,74579898.6684,6504343.9547,922773.14
292,39534384.5491,18.5161,32107267.4544,6504343.9547,922773.14
293,10862747.8805,18.6258,3435630.7858,6504343.9547,922773.14
294,7280506.8247,18.7353,0,6504343.9547,776162.87
295,7261754.2631,18.845,0,6640358.7531,621395.51
296,7261754.2631,18.9559,0,6640358.7531,621395.51
297,7261754.2631,19.0668,0,6640358.7531,621395.51
298,42497789.3378,19.1141,0,7867231.0837,34630558.2542
299,15618376.003,19.1597,5710885.9405,7867231.0837,2040258.9789
300,62736382.0565,19.2061,52421400.0563,9836744.8168,478237.1834
301,74602788.9102,19.2526,52421400.0563,9836744.8168,12344644.037
302,101292099.0387,19.3628,94615130.7756,6640358.7531,36609.51
303,7261754.2631,19.4722,0,6640358.7531,621395.51
304,6861754.2631,19.5818,0,6640358.7531,221395.51
305,6725739.4647,19.6911,0,6504343.9547,221395.51
306,6725739.4647,19.8024,0,6504343.9547,221395.51
307,6725739.4647,19.9118,0,6504343.9547,221395.51
308,12527391.0962,19.959,0,9635258.2837,2892132.8125
309,12527391.0962,20.0049,0,9635258.2837,2892132.8125
310,22817020.4402,20.0508,10289629.344,9635258.2837,2892132.8125
311,6725739.4647,20.1604,0,6504343.9547,221395.51
312,6725739.4647,20.2699,0,6504343.9547,221395.51
313,6725739.4647,20.3816,0,6504343.9547,221395.51
314,12527391.0962,20.4288,0,9635258.2837,2892132.8125
315,22845701.3389,20.4749,10289629.344,9635258.2837,2920813.7112
316,38778465.838,20.5212,26251074.7418,9635258.2837,2892132.8125
317,25299637.1243,20.6317,18571702.1096,6504343.9547,223591.06
318,6725739.4647,20.7419,0,6504343.9547,221395.51
319,6725739.4647,20.853,0,6504343.9547,221395.51
320,6725739.4647,20.9646,0,6504343.9547,221395.51
321,12527391.0962,21.0118,0,9635258.2837,2892132.8125
322,32645573.5898,21.0473,17690298.9853,12063141.792,2892132.8125
323,51323818.1629,21.0747,36368543.5585,12063141.792,2892132.8125
324,40438012.5258,21.1397,33712273.0612,6504343.9547,221395.51
325,45511353.0063,21.2048,42213215.8891,3076741.6072,221395.51
326,9594792.1123,21.2698,6296654.9951,3076741.6072,221395.51
327,3298137.1172,21.3348,0,3076741.6072,221395.51
328,3298137.1172,21.3999,0,3076741.6072,221395.51
329,3298137.1172,21.4657,0,3076741.6072,221395.51
330,12527391.0962,21.4937,0,9635258.2837,2892132.8125
331,35585744.1719,21.5211,0,32693611.3595,2892132.8125
332,60059083.272,21.5488,0,57166950.4595,2892132.8125
333,11112991.5258,21.6187,0,10891596.0158,221395.51
334,3298137.1172,21.6919,0,3076741.6072,221395.51
335,3298137.1172,21.7574,0,3076741.6072,221395.51
336,3113351.1172,21.8221,0,3076741.6072,36609.51
337,3113351.1172,21.888,0,3076741.6072,36609.51
338,3049012.2088,21.9535,0,3012402.6988,36609.51
339,3049012.2088,22.0194,0,3012402.6988,36609.51
340,3049012.2088,22.0843,0,3012402.6988,36609.51
341,9912008.934,22.1123,0,9433771.7506,478237.1834
342,9912008.934,22.1394,0,9433771.7506,478237.1834
343,20201638.278,22.1666,10289629.344,9433771.7506,478237.1834
344,3049012.2088,22.2312,0,3012402.6988,36609.51
345,3049012.2088,22.296,0,3012402.6988,36609.51
346,3049012.2088,22.362,0,3012402.6988,36609.51
347,9912008.934,22.39,0,9433771.7506,478237.1834
348,19723401.0946,22.4174,10289629.344,9433771.7506,0
349,36163083.6758,22.4448,26251074.7418,9433771.7506,478237.1834
350,27673380.5744,22.5102,26776456.5922,896923.9823,0
351,896923.9823,22.5983,0,896923.9823,0
352,896923.9823,22.7084,0,896923.9823,0
353,896923.9823,22.8186,0,896923.9823,0
354,9433771.7506,22.8657,0,9433771.7506,0
355,29606663.4018,22.9118,0,9433771.7506,20172891.6512
356,45359694.2706,22.9391,15753030.8688,9433771.7506,20172891.6512
357,38063285.735,23.0042,35622107.7627,896923.9823,1544253.99
358,36519031.745,23.0689,35622107.7627,896923.9823,0
359,3137509.6325,23.1334,2240585.6502,896923.9823,0
360,2756898.946,23.1981,1859974.9637,896923.9823,0
361,2756898.946,23.2632,1859974.9637,896923.9823,0
362,2756898.946,23.3289,1859974.9637,896923.9823,0
363,10148521.0267,23.3575,714749.2761,9433771.7506,0
364,30266703.5203,23.385,18405048.2614,11861655.2589,0
365,53325056.596,23.4125,18405048.2614,34920008.3346,0
366,4949191.7439,23.4787,1859974.9637,3089216.7802,0
367,2756898.946,23.5434,1859974.9637,896923.9823,0
368,2756898.946,23.6091,1859974.9637,896923.9823,0
369,2756898.946,23.6748,1859974.9637,896923.9823,0
370,10148521.0267,23.703,714749.2761,9433771.7506,0
371,37410555.4752,23.7306,27976783.7246,9433771.7506,0
372,37410555.4752,23.7578,27976783.7246,9433771.7506,0
373,2756898.946,23.8605,1859974.9637,896923.9823,0
374,2737742.4401,23.9703,1859974.9637,877767.4764,0
375,7204390.5579,24.0818,1328007.7876,5876382.7703,0
376,7204390.5579,24.192,1328007.7876,5876382.7703,0
377,9947034.4936,24.2393,714749.2761,9232285.2175,0
378,9947034.4936,24.2851,714749.2761,9232285.2175,0
379,9947034.4936,24.3308,714749.2761,9232285.2175,0
380,7204390.5579,24.4423,1328007.7876,5876382.7703,0
381,7204390.5579,24.5234,1328007.7876,5876382.7703,0
382,7204390.5579,24.5918,1328007.7876,5876382.7703,0
383,9947034.4936,24.6207,714749.2761,9232285.2175,0
384,39641739.9164,24.6482,30409454.6989,9232285.2175,0
385,72606594.1528,24.6767,34447336.6934,38159257.4593,0
386,33118917.7733,24.7422,8830413.0553,24288504.7179,0
387,7204390.5579,24.8071,1328007.7876,5876382.7703,0
388,7204390.5579,24.8803,1328007.7876,5876382.7703,0
389,7204390.5579,24.9462,1328007.7876,5876382.7703,0
390,9947034.4936,24.9757,714749.2761,9232285.2175,0
391,30119926.1448,25.0047,714749.2761,9232285.2175,20172891.6512
392,42947743.3092,25.0336,13542566.4405,9232285.2175,20172891.6512
393,32113381.5347,25.1039,25162157.2743,5876382.7703,1074841.49
394,31083878.8747,25.1695,25162157.2743,5876382.7703,45338.83
395,7204390.5579,25.2347,1328007.7876,5876382.7703,0
396,5876382.7703,25.2996,0,5876382.7703,0
397,5876382.7703,25.365,0,5876382.7703,0
398,5876382.7703,25.4302,0,5876382.7703,0
399,9232285.2175,25.4582,0,9232285.2175,0
400,19564043.46,25.4858,1235701.46,18328342,0
401,19749887,25.5129,1421545,18328342,0
402,48358404.8843,25.5776,12625889.364,5876382.7703,29856132.75
403,5876382.7703,25.6423,0,5876382.7703,0
404,5876382.7703,25.7076,0,5876382.7703,0
405,5876382.7703,25.7729,0,5876382.7703,0
406,18328342,25.8009,0,18328342,0
407,19073915.82,25.828,745573.82,18328342,0
408,20375077.77,25.8553,2046735.77,18328342,0
409,56529381.3304,25.9201,50652998.5601,5876382.7703,0
410,5876382.7703,25.9847,0,5876382.7703,0
411,5748135.8668,26.0494,0,5748135.8668,0
412,5748135.8668,26.1141,0,5748135.8668,0
413,5748135.8668,26.1797,0,5748135.8668,0
414,17928342,26.2075,0,17928342,0
415,11248865.92,26.2346,0,2142310,9106555.92
416,11248865.92,26.2616,0,2142310,9106555.92
417,11248865.92,26.2889,0,2142310,9106555.92
418,559353.9996,26.385,0,559353.9996,0
419,431107.0961,26.4957,0,431107.0961,0
420,302860.1925,26.6064,0,302860.1925,0
421,302860.1925,26.7174,0,302860.1925,0
422,302860.1925,26.8285,0,302860.1925,0
423,944616,26.8759,0,944616,0
424,944616,26.9221,0,944616,0
425,1756719.55,26.9687,812103.55,944616,0
426,302860.1925,27.0794,0,302860.1925,0
427,302860.1925,27.1909,0,302860.1925,0
428,302860.1925,27.3028,0,302860.1925,0
429,944616,27.3509,0,944616,0
430,944616,27.3971,0,944616,0
431,1837472.38,27.4436,847517.55,944616,45338.83
432,302860.1925,27.5548,0,302860.1925,0
433,302860.1925,27.6686,0,302860.1925,0
434,302860.1925,27.7804,0,302860.1925,0
435,944616,27.8277,0,944616,0
436,1933136.12,27.8744,704970.03,944616,283550.09
437,2497207.12,27.9211,1507252.29,944616,45338.83
438,48480857.4273,28.0318,47894447.1447,302860.1925,283550.09
439,302860.1925,28.1426,0,302860.1925,0
440,302860.1925,28.2546,0,302860.1925,0
441,302860.1925,28.3671,0,302860.1925,0
442,944616,28.4144,0,944616,0
443,1576021.2,28.4607,631405.2,944616,0
444,2321595.02,28.5073,1376979.02,944616,0
445,72600761.4568,28.6183,71295291.7542,302860.1925,1002609.51
446,56879491.5463,28.7293,55574021.8438,302860.1925,1002609.51
447,6226492.9862,28.8401,4921023.2837,302860.1925,1002609.51
448,1305469.7025,28.951,0,302860.1925,1002609.51
449,1305469.7025,29.0619,0,302860.1925,1002609.51
450,219144.5601,29.1732,0,219144.5601,0
451,128686.4498,29.284,2339.2,126347.2498,0
452,39889.1395,29.3948,6339.2,33549.9395,0
453,10339.2,29.5055,10339.2,0,0
454,10339.2,29.6174,10339.2,0,0
455,10339.2,29.7281,10339.2,0,0
456,10339.2,29.7756,10339.2,0,0
457,822442.75,29.8224,822442.75,0,0
458,1813160.37,29.8692,1813160.37,0,0
459,822442.75,29.98,822442.75,0,0
460,10339.2,30.0904,10339.2,0,0
461,10339.2,30.2013,10339.2,0,0
462,10339.2,30.3128,10339.2,0,0
463,10339.2,30.3603,10339.2,0,0
464,10339.2,30.4068,10339.2,0,0
465,498697.92,30.4532,498697.92,0,0
466,10339.2,30.5638,10339.2,0,0
467,10339.2,30.6754,10339.2,0,0
468,10339.2,30.7873,10339.2,0,0
469,10339.2,30.8349,10339.2,0,0
470,10339.2,30.8812,10339.2,0,0
471,823195.58,30.9279,777856.75,0,45338.83
472,10339.2,31.0388,10339.2,0,0
473,10339.2,31.1509,10339.2,0,0
474,10339.2,31.2631,10339.2,0,0
475,1033920,31.3111,1033920,0,0
476,1033920,31.3573,1033920,0,0
477,1491684.65,31.4036,1033920,457764.65,0
478,10339.2,31.5143,10339.2,0,0
479,10339.2,31.6269,10339.2,0,0
480,10339.2,31.7398,10339.2,0,0
481,1033920,31.7872,1033920,0,0
482,2578173.99,31.8335,1033920,0,1544253.99
483,13072161.14,31.8803,10863014,664893.15,1544253.99
484,15533704.1217,31.991,108630.14,15425073.9817,0
485,10339.2,32.1017,10339.2,0,0
486,10339.2,32.2125,10339.2,0,0
487,10339.2,32.3257,10339.2,0,0
488,1033920,32.373,1033920,0,0
489,12251164.08,32.4194,11676893,574271.08,0
490,53636166.99,32.4667,52623976,1012190.99,0
491,10579257.4687,32.5775,419810.03,10159447.4387,0
492,10339.2,32.6882,10339.2,0,0
493,10339.2,32.7991,10339.2,0,0
494,10339.2,32.91,10339.2,0,0
495,1033920,32.9574,1033920,0,0
496,47874293.33,33.0046,46241369,267218.05,1365706.28
497,50468488.95,33.0515,46241369,521532.87,3705587.08
498,111548853.4174,33.1625,462413.69,6199279.0729,104887160.6545
499,10339.2,33.2735,10339.2,0,0
500,77446.16,33.3846,0,77446.16,0
501,77446.16,33.4959,0,77446.16,0
502,77446.16,33.5432,0,77446.16,0
503,48905834.58,33.5908,48780189,125645.58,0
504,47942086.87,33.6372,47074238,867848.87,0
505,67802702.4,33.7322,66217480,1585222.4,0
506,107892575.2,33.7801,88407853,1585222.4,17899499.8
507,56584437.4,33.8914,54999215,1585222.4,0
508,24570286.4,34.0024,23385064,1185222.4,0
509,10741897.98,34.1137,9604875,1137022.98,0
510,419649.45,34.2248,0,419649.45,0
511,419649.45,34.3368,0,419649.45,0
512,419649.45,34.4489,0,419649.45,0
513,419649.45,34.4966,0,419649.45,0
514,877414.1,34.5431,0,877414.1,0
515,877414.1,34.5894,0,877414.1,0
516,419649.45,34.7004,0,419649.45,0
517,419649.45,34.8132,0,419649.45,0
518,419649.45,34.9256,0,419649.45,0
519,419649.45,34.9733,0,419649.45,0
520,419649.45,35.0197,0,419649.45,0
521,901505.03,35.0664,0,901505.03,0
522,419649.45,35.1774,0,419649.45,0
523,419649.45,35.2902,0,419649.45,0
524,419649.45,35.4014,0,419649.45,0
525,41964945,35.4492,0,41964945,0
526,41964945,35.4956,0,41964945,0
527,42697801.38,35.5424,687517.55,41964945,45338.83
528,419649.45,35.6534,0,419649.45,0
529,419649.45,35.7663,0,419649.45,0
530,419649.45,35.8796,0,419649.45,0
531,41964945,35.9274,0,41964945,0
532,42756106.95,35.9741,791161.95,41964945,0
533,43568210.5,36.0212,1603265.5,41964945,0
534,79535844.45,36.1324,79116195,419649.45,0
535,419649.45,36.2437,0,419649.45,0
536,419649.45,36.3553,0,419649.45,0
537,419649.45,36.467,0,419649.45,0
538,41964945,36.5148,0,41964945,0
539,42710518.82,36.5618,745573.82,41964945,0
540,43515087.54,36.6096,1550142.54,41964945,0
541,80876521.45,36.7209,80456872,419649.45,0
542,419649.45,36.832,0,419649.45,0
543,415649.45,36.9432,0,415649.45,0
544,335649.45,37.0542,0,335649.45,0
545,335649.45,37.168,0,335649.45,0
546,335649.45,37.2816,0,335649.45,0
547,33564945,37.3299,0,33564945,0
548,34061075.54,37.3763,496130.54,33564945,0
549,34986132.36,37.4236,1421187.36,33564945,0
550,49831805.72,37.5348,49496156.27,335649.45,0
551,335649.45,37.6463,0,335649.45,0
552,335649.45,37.758,0,335649.45,0
553,335649.45,37.87,0,335649.45,0
554,33564945,37.9177,0,33564945,0
555,34553465.12,37.9646,704970.03,33564945,283550.09
556,35117536.12,38.0113,1507252.29,33564945,45338.83
557,70950098.28,38.1225,70330898.74,335649.45,283550.09
558,335649.45,38.234,0,335649.45,0
559,335649.45,38.3466,0,335649.45,0
560,335649.45,38.458,0,335649.45,0
561,33564945,38.5058,0,33564945,0
562,33564945,38.5521,0,33564945,0
563,34045303.72,38.5988,480358.72,33564945,0
564,335649.45,38.7099,0,335649.45,0
565,335649.45,38.8222,0,335649.45,0
566,335649.45,38.9348,0,335649.45,0
567,33564945,38.9824,0,33564945,0
568,33564945,39.0285,0,33564945,0
569,34297801.38,39.0754,687517.55,33564945,45338.83
570,335649.45,39.1867,0,335649.45,0
571,335649.45,39.3,0,335649.45,0
572,335649.45,39.4118,0,335649.45,0
573,33564945,39.4597,0,33564945,0
574,34310518.82,39.507,745573.82,33564945,0
575,35999972.1085,39.554,1620145.4836,32835572.6348,1544253.99
576,74717360.1698,39.6657,74381710.7198,335649.45,0
577,335649.45,39.7773,0,335649.45,0
578,335649.45,39.8898,0,335649.45,0
579,331649.45,40.0011,0,331649.45,0
580,251649.45,40.1121,0,251649.45,0
581,251649.45,40.2238,0,251649.45,0
582,251649.45,40.3373,0,251649.45,0
583,24618106.164,40.385,0,24618106.164,0
584,25522365.4029,40.4318,904259.2388,24618106.164,0
585,27287081.2009,40.4789,2668975.0369,24618106.164,0
586,41766655.2317,40.5899,41515005.7817,251649.45,0
587,251649.45,40.7011,0,251649.45,0
588,251649.45,40.8133,0,251649.45,0
589,251649.45,40.9253,0,251649.45,0
590,24618106.164,40.9729,0,24618106.164,0
591,26433568.9628,41.0199,1531912.7088,24618106.164,283550.09
592,27947423.7317,41.0669,3283978.7377,24618106.164,45338.83
593,70866098.28,41.178,70330898.74,251649.45,283550.09
594,251649.45,41.2893,0,251649.45,0
595,251649.45,41.4016,0,251649.45,0
596,251649.45,41.5127,0,251649.45,0
597,24618106.164,41.5606,0,24618106.164,0
598,26511156.9404,41.6077,1893050.7764,24618106.164,0
599,28530014.3232,41.6555,3911908.1592,24618106.164,0
600,87245949.4238,41.7669,86994299.9738,251649.45,0
601,251649.45,41.8779,0,251649.45,0
602,251649.45,41.9913,0,251649.45,0
603,251649.45,42.1038,0,251649.45,0
604,24618106.164,42.1516,0,24618106.164,0
605,24618106.164,42.198,0,24618106.164,0
606,25661934.4072,42.2446,1043828.2432,24618106.164,0
607,251649.45,42.3558,0,251649.45,0
608,251649.45,42.4672,0,251649.45,0
609,251649.45,42.5801,0,251649.45,0
610,24618106.164,42.6283,0,24618106.164,0
611,25983591.6897,42.6756,1320146.6957,24618106.164,45338.83
612,26995223.0827,42.7224,2331778.0887,24618106.164,45338.83
613,54527483.3749,42.8342,54230495.0949,251649.45,45338.83
614,30378801.2053,42.9455,28514772.5553,251649.45,1612379.2
615,29979360.8947,43.0576,28115332.2447,251649.45,1612379.2
616,29899360.8947,43.1689,28115332.2447,171649.45,1612379.2
617,29895360.8947,43.2806,28115332.2447,167649.45,1612379.2
618,29895360.8947,43.3928,28115332.2447,167649.45,1612379.2
619,29895360.8947,43.505,28115332.2447,167649.45,1612379.2
620,18624826.2363,43.5533,611807.3431,16400639.6932,1612379.2
621,19355244.0188,43.6006,1342225.1256,16400639.6932,1612379.2
622,20415026.1688,43.6475,1342225.1256,16400639.6932,2672161.35
623,30955143.0447,43.7589,28115332.2447,167649.45,2672161.35
624,29895360.8947,43.8702,28115332.2447,167649.45,1612379.2
625,35342209.6778,43.9829,26478339.1193,167649.45,8696221.1085
626,31727430.2217,44.0941,29767123.6753,167649.45,1792657.0965
627,28438645.6658,44.2058,26478339.1193,167649.45,1792657.0965
628,28438645.6658,44.3186,26478339.1193,167649.45,1792657.0965
629,28438645.6658,44.4304,26478339.1193,167649.45,1792657.0965
630,17344826.2363,44.4781,611807.3431,16400639.6932,332379.2
631,18791130.2636,44.5253,2058111.3704,16400639.6932,332379.2
632,20555846.0616,44.5725,3822827.1684,16400639.6932,332379.2
633,91033070.0936,44.6834,89072763.5472,167649.45,1792657.0965
634,28438645.6658,44.7944,26478339.1193,167649.45,1792657.0965
635,28438645.6658,44.9073,26478339.1193,167649.45,1792657.0965
636,28438645.6658,45.0205,26478339.1193,167649.45,1792657.0965
637,17344826.2363,45.0684,611807.3431,16400639.6932,332379.2
638,19246569.0855,45.1158,2513550.1923,16400639.6932,332379.2
639,19246569.0855,45.1623,2513550.1923,16400639.6932,332379.2
640,28438645.6658,45.2733,26478339.1193,167649.45,1792657.0965
641,28438645.6658,45.3858,26478339.1193,167649.45,1792657.0965
642,28438645.6658,45.4994,26478339.1193,167649.45,1792657.0965
643,17344826.2363,45.5472,611807.3431,16400639.6932,332379.2
644,17344826.2363,45.594,611807.3431,16400639.6932,332379.2
645,18455012.1537,45.6412,1721993.2606,16400639.6932,332379.2
646,2068257.0216,45.7525,107950.4751,167649.45,1792657.0965
647,275599.9251,45.8635,107950.4751,167649.45,0
648,275599.9251,45.9764,107950.4751,167649.45,0
649,271599.9251,46.0874,107950.4751,163649.45,0
650,7325904.4422,46.1986,1408776.7438,5917127.6984,0
651,6850647.1776,46.3099,933519.4791,5917127.6984,0
652,6850647.1776,46.422,933519.4791,5917127.6984,0
653,6850647.1776,46.5342,933519.4791,5917127.6984,0
654,9657969.2503,46.5818,51037.7872,9606931.4631,0
655,9657969.2503,46.6285,51037.7872,9606931.4631,0
656,10379694.96,46.675,772763.4969,9606931.4631,0
657,6850647.1776,46.7863,933519.4791,5917127.6984,0
658,6850647.1776,46.8988,933519.4791,5917127.6984,0
659,6850647.1776,47.0119,933519.4791,5917127.6984,0
660,9657969.2503,47.0598,51037.7872,9606931.4631,0
661,11202223.2403,47.1067,51037.7872,9606931.4631,1544253.99
662,13263345.5727,47.1539,3656414.1096,9606931.4631,0
663,8394901.1676,47.2649,933519.4791,5917127.6984,1544253.99
664,6850647.1776,47.376,933519.4791,5917127.6984,0
665,6850647.1776,47.4875,933519.4791,5917127.6984,0
666,6850647.1776,47.5996,933519.4791,5917127.6984,0
667,9657969.2503,47.6475,51037.7872,9606931.4631,0
668,11104273.2776,47.6943,1497341.8145,9606931.4631,0
669,12868989.0756,47.7413,3262057.6125,9606931.4631,0
670,33304634.6205,47.8523,27387506.9221,5917127.6984,0
671,6850647.1776,47.9633,933519.4791,5917127.6984,0
672,6805024.5756,48.0746,887896.8771,5917127.6984,0
673,6805024.5756,48.187,887896.8771,5917127.6984,0
674,6805024.5756,48.2984,887896.8771,5917127.6984,0
675,9793295.898,48.347,22339.2,9770956.698,0
676,10672457.848,48.394,901501.15,9770956.698,0
677,11629510.378,48.4408,1858553.68,9770956.698,0
678,44844164.4126,48.5524,38927036.7142,5917127.6984,0
679,32070209.1623,48.6642,23028582.3892,9041626.7731,0
680,9929523.6503,48.7751,887896.8771,9041626.7731,0
681,9929523.6503,48.8878,887896.8771,9041626.7731,0
682,7565600.8287,48.9991,3344283.1905,4221317.6381,0
683,7406616.2854,49.1105,3185298.6473,4221317.6381,0
684,7406616.2854,49.2238,3185298.6473,4221317.6381,0
685,7406616.2854,49.3358,3185298.6473,4221317.6381,0
686,7050805.5665,49.3837,80141.09,6970664.4765,0
687,7241134.2165,49.4305,270469.74,6970664.4765,0
688,8131702.9365,49.4776,1161038.46,6970664.4765,0
689,14971444.6573,49.5886,10750127.0192,4221317.6381,0
690,4950229.972,49.6997,728912.3339,4221317.6381,0
691,4950229.972,49.8099,728912.3339,4221317.6381,0
692,4950229.972,49.9213,728912.3339,4221317.6381,0
693,6989003.6765,49.9685,18339.2,6970664.4765,0
694,7975721.2965,50.0144,1005056.82,6970664.4765,0
695,9122211.8165,50.0603,2151547.34,6970664.4765,0
696,44168442.5051,50.1692,39947124.8669,4221317.6381,0
697,4950229.972,50.2778,728912.3339,4221317.6381,0
698,4950229.972,50.3873,728912.3339,4221317.6381,0
699,4950229.972,50.497,728912.3339,4221317.6381,0
700,7005842.698,50.5439,18339.2,6987503.498,0
701,7671416.518,50.5894,683913.02,6987503.498,0
702,8483520.068,50.6353,1496016.57,6987503.498,0
703,31404217.4149,50.7471,27182899.7768,4221317.6381,0
704,4950229.972,50.8591,728912.3339,4221317.6381,0
705,4950229.972,50.9719,728912.3339,4221317.6381,0
706,4950229.972,51.0846,728912.3339,4221317.6381,0
707,7005842.698,51.1328,18339.2,6987503.498,0
708,7885004.648,51.1797,897501.15,6987503.498,0
709,9087336.408,51.2269,2099832.91,6987503.498,0
710,39893520.2378,51.3385,35672202.5997,4221317.6381,0
711,4950229.972,51.4493,728912.3339,4221317.6381,0
712,1825730.8973,51.5141,728912.3339,1096818.5634,0
713,1825730.8973,51.5794,728912.3339,1096818.5634,0
714,1825730.8973,51.6459,728912.3339,1096818.5634,0
715,1833891.6425,51.6739,18339.2,1815552.4425,0
716,2790944.1725,51.7013,975391.73,1815552.4425,0
717,4019979.7025,51.7288,2204427.26,1815552.4425,0
718,39864870.7343,51.7936,38768052.1709,1096818.5634,0
719,1825730.8973,51.8582,728912.3339,1096818.5634,0
720,728912.3339,51.9229,728912.3339,0,0
721,569927.7906,51.9875,569927.7906,0,0
722,569927.7906,52.0524,569927.7906,0,0
723,569927.7906,52.1172,569927.7906,0,0
724,14339.2,52.1452,14339.2,0,0
725,1433920,52.1725,1433920,0,0
726,1891684.65,52.1996,1433920,457764.65,0
727,569927.7906,52.2643,569927.7906,0,0
728,569927.7906,52.3296,569927.7906,0,0
729,569927.7906,52.3965,569927.7906,0,0
730,1433920,52.425,1433920,0,0
731,2978173.99,52.4522,1433920,0,1544253.99
732,13872161.14,52.4794,11663014,664893.15,1544253.99
733,2114181.7806,52.5441,569927.7906,0,1544253.99
734,569927.7906,52.6088,569927.7906,0,0
735,569927.7906,52.6733,569927.7906,0,0
736,569927.7906,52.7384,569927.7906,0,0
737,1433920,52.767,1433920,0,0
738,13051164.08,52.7943,12476893,574271.08,0
739,49036166.99,52.8217,48023976,1012190.99,0
740,39561134.4981,52.8871,4959082.837,34602051.6612,0
741,569927.7906,52.9518,569927.7906,0,0
742,569927.7906,53.0169,569927.7906,0,0
743,569927.7906,53.0823,569927.7906,0,0
744,1433920,53.1103,1433920,0,0
745,1835775.58,53.1372,1433920,401855.58,0
746,50367518.86,53.1649,2061298,401855.58,47904365.28
747,24783279.331,53.2298,569927.7906,24213351.5403,0
748,569927.7906,53.2946,569927.7906,0,0
749,569927.7906,53.3593,569927.7906,0,0
750,1257511.06,53.424,1033920,0,223591.06
751,1257511.06,53.4519,1033920,0,223591.06
752,51456463.32,53.4798,44285966,0,7170497.32
753,102178711.85,53.5077,94290841,717373.53,7170497.32
754,51456463.32,53.5726,44285966,0,7170497.32
755,1257511.06,53.6375,1033920,0,223591.06
756,1033920,53.7021,1033920,0,0
757,633920,53.7667,633920,0,0
758,633920,53.8315,633920,0,0
759,633920,53.8965,633920,0,0
760,633920,53.9243,633920,0,0
761,1091684.65,53.9514,633920,457764.65,0
762,1091684.65,53.9785,633920,457764.65,0
763,633920,54.0438,633920,0,0
764,633920,54.1087,633920,0,0
765,633920,54.1738,633920,0,0
766,633920,54.2016,633920,0,0
767,633920,54.2291,633920,0,0
768,2178173.99,54.2562,633920,0,1544253.99
769,1974173.99,54.3219,633920,0,1340253.99
770,633920,54.3864,633920,0,0
771,633920,54.4511,633920,0,0
772,633920,54.5168,633920,0,0
773,633920,54.5448,633920,0,0
774,633920,54.5721,633920,0,0
775,11527907.15,54.6003,10863014,664893.15,0
776,633920,54.6652,633920,0,0
777,633920,54.731,633920,0,0
778,633920,54.7964,633920,0,0
779,633920,54.8243,633920,0,0
780,633920,54.8514,633920,0,0
781,1035775.58,54.8784,633920,401855.58,0
782,1035775.58,54.9444,633920,401855.58,0
783,1035775.58,55.0104,633920,401855.58,0
784,633920,55.075,633920,0,0
785,633920,55.1397,633920,0,0
786,223591.06,55.2041,0,0,223591.06
787,0,55.2687,0,0,0
