1,31283028902,0.066117,26681518670,0,4601510232
2,27843400555,0.1148,22382890345,0,5460510210
3,24973484314,0.16419,19558380435,46023835,5369080044
4,22263278964,0.21313,17283892825,46023835,4933362304
5,19574813489,0.26153,14595427350,46023835,4933362304
6,18046937333,0.31003,13845427350,46023835,4155486148
7,16559715102,0.35854,13302798270,46023835,3210892997
8,15178516950,0.40694,11802798270,46023835,3329694845
9,13951740783,0.4555,10582758315,46023835,3322958633
10,12839979293,0.50391,9621641725,46023835,3172313733
11,11792074683,0.55244,9651812010,111404087,2028858586
12,10849635651,0.60109,9056404040,148840830,1644390781
13,9910747641,0.64956,8440303090,148840830,1321603721
14,8781610988,0.69795,7484749975,148840830,1148020183
15,7701389289,0.74628,6520524430,187081860,993782999
16,6832309872,0.79478,5876284925,187081860,768943087
17,5968892517,0.84326,5012867570,187081860,768943087
18,5127138807,0.89163,4167546150,187081860,772510797
19,4781867922,0.94,3822275265,187081860,772510797
20,4624843442,0.98827,3665250785,187081860,772510797
21,4047251002,1.0365,3087658345,187081860,772510797
22,3951947131,1.0848,3087658345,203474320,660814466
23,3760945954,1.133,2940107945,166037577,654800432
24,3673307839,1.1815,2940107945,166037577,567162317
25,559237676.0245,1.2304,499824023.3662,7505082.1179,51908570.5404
26,556684277.8096,1.2792,499824023.3662,10259586.4855,46600667.958
27,554469963.3639,1.3281,497609708.9204,10259586.4855,46600667.958
28,555398536.0856,1.3768,497609708.9204,10259586.4855,47529240.6797
29,560706438.6681,1.4257,497609708.9204,10259586.4855,52837143.2622
30,3299120676,1.5443,2729936915,226976448,342207313
31,2933172628,1.6596,2329936915,226976448,376259265
32,2624646828,1.7754,2021411115,226976448,376259265
33,2384646828,1.8929,1821411115,186976448,376259265
34,2158021788,1.9821,1594786075,186976448,376259265
35,1942246963,2.0587,1379011250,186976448,376259265
36,1776958703,2.1271,1213722990,186976448,376259265
37,1663423333,2.1955,1100187620,186976448,376259265
38,1567637358,2.2635,1004401645,186976448,376259265
39,1483708833,2.3314,1000473120,186976448,296259265
40,1422769962,2.3997,1000473120,126037577,296259265
41,1374769962,2.4686,960473120,126037577,288259265
42,1331971226,2.5379,1057219230,126037577,148714419
43,1214829486,2.6061,1020077490,126037577,68714419
44,1174829486,2.6746,980077490,126037577,68714419
45,1134829486,2.7429,940077490,126037577,68714419
46,1096588456,2.8112,940077490,87796547,68714419
47,1064588456,2.8808,900077490,95796547,68714419
48,1033180396,2.9492,868669430,95796547,68714419
49,1003337170,3.019,868669430,95796547,38871193
50,152901932.9638,3.0874,144672787.4625,6723201.4474,1505944.0539
51,145665756.3313,3.1561,137746546.0675,6723201.4474,1196008.8165
52,138739514.9363,3.2246,130820304.6725,6723201.4474,1196008.8165
53,131813273.5413,3.2929,123894063.2775,6723201.4474,1196008.8165
54,124887032.1463,3.3628,116967821.8825,6723201.4474,1196008.8165
55,117980179.2925,3.4313,110041580.4874,6723201.4474,1215397.3577
56,113798624.6827,3.5011,105860025.8777,6723201.4474,1215397.3577
57,110177655.8096,3.5696,102239057.0046,6723201.4474,1215397.3577
58,108219261.9209,3.6383,100280663.1159,6723201.4474,1215397.3577
59,106379038.8494,3.7067,86428180.3259,6723201.4474,13227657.0762
60,94366779.1309,3.7766,86428180.3259,6723201.4474,1215397.3577
61,92526556.0594,3.8453,72575697.5359,6723201.4474,13227657.0762
62,85289488.7113,3.9154,77350889.9063,6723201.4474,1215397.3577
63,80514296.3409,3.9838,72575697.5359,6723201.4474,1215397.3577
64,78949178.3409,4.0524,72575697.5359,5158083.4474,1215397.3577
65,77956197.7433,4.1207,71582716.9383,5158083.4474,1215397.3577
66,77263573.6038,4.1918,70890092.7988,5158083.4474,1215397.3577
67,76570949.4643,4.2606,70197468.6593,5158083.4474,1215397.3577
68,75955055.9585,4.3305,69581575.1535,5158083.4474,1215397.3577
69,75354111.8339,4.3987,69581575.1535,5158083.4474,614453.2331
70,75007799.7642,4.4709,69235263.0838,5158083.4474,614453.2331
71,74661487.6944,4.5393,68888951.014,5158083.4474,614453.2331
72,74315175.6247,4.608,68542638.9443,5158083.4474,614453.2331
73,73968863.5549,4.6768,68196326.8745,5158083.4474,614453.2331
74,73622551.4852,4.7453,67850014.8048,5158083.4474,614453.2331
75,73202310.7646,4.8137,64851233.3446,3784974.08,4566103.34
76,69215604.795,4.8827,55184527.375,3784974.08,10246103.34
77,63417596.6688,4.9512,52097908.4288,3784974.08,7534714.16
78,55491684.5925,5.0197,44725165.8725,3784974.08,6981544.64
79,48531540.357,5.0881,36965021.637,3784974.08,7781544.64
80,47244133.4204,5.1571,34665004.2804,3784974.08,8794155.06
81,46231523.0004,5.2261,34665004.2804,3784974.08,7781544.64
82,39419269.9511,5.2949,27292261.7241,4345463.5869,7781544.64
83,38619269.9511,5.3637,27292261.7241,4345463.5869,6981544.64
84,36246051.3985,5.4321,24919043.1715,4345463.5869,6981544.64
85,35720175.9085,5.5007,24919043.1715,4345463.5869,6455669.15
86,34413708.3532,5.57,24837366.0863,4345463.5869,5230878.68
87,26149900.3259,5.6385,10173558.0589,4345463.5869,11630878.68
88,23313161.1759,5.7083,10173558.0589,4345463.5869,8794139.53
89,19540418.6196,5.7771,2800815.5026,4345463.5869,12394139.53
90,17242543.9663,5.8456,502940.8494,4345463.5869,12394139.53
91,16874543.9663,5.9143,502940.8494,4345463.5869,12026139.53
92,16506543.9663,5.9831,502940.8494,4345463.5869,11658139.53
93,16138543.9663,6.052,502940.8494,4345463.5869,11290139.53
94,15770543.9663,6.1207,502940.8494,4345463.5869,10922139.53
95,15581906.8385,6.1893,134303.7216,4345463.5869,11102139.53
96,15434184.7054,6.2581,166581.5885,4345463.5869,10922139.53
97,15294184.7054,6.3268,166581.5885,4345463.5869,10782139.53
98,15154184.7054,6.3955,166581.5885,4345463.5869,10642139.53
99,15014184.7054,6.4642,166581.5885,4345463.5869,10502139.53
100,379128663.5173,6.5332,642262.4027,20197128.5208,358289272.5937
101,368500987.666,6.6032,646700.3816,20197128.5208,347657158.7635
102,361904940.9505,6.6726,6099235.9579,50954323.4517,304851381.5409
103,345041823.2982,6.7414,7187297.2608,33003144.4965,304851381.5409
104,344291936.6556,6.8108,6437410.6182,33003144.4965,304851381.5409
105,344089059.1362,6.8806,6437410.6182,33003144.4965,304648504.0215
106,343922948.3474,6.9498,6271299.8294,33003144.4965,304648504.0215
107,343840713.9403,7.0192,6189065.4223,33003144.4965,304648504.0215
108,343823405.5007,7.0884,6171756.9827,33003144.4965,304648504.0215
109,340465895.8701,7.1573,6171756.9827,33003144.4965,301290994.3909
110,340461457.8912,7.2269,6167319.0037,33003144.4965,301290994.3909
111,340457019.9122,7.2963,6162881.0248,33003144.4965,301290994.3909
112,340452581.9333,7.3659,6158443.0459,33003144.4965,301290994.3909
113,340452193.3439,7.4354,6158054.4564,33003144.4965,301290994.3909
114,340452193.3439,7.5053,6158054.4564,33003144.4965,301290994.3909
115,340452193.3439,7.5761,6158054.4564,33003144.4965,301290994.3909
116,455885411.6759,7.6061,384216876.5071,5154303.9041,66514231.2647
117,455885411.6759,7.6351,384216876.5071,5154303.9041,66514231.2647
118,458639916.0435,7.6639,384216876.5071,7908808.2716,66514231.2647
119,260039207.1765,7.733,7816875.2761,50640308.9616,201582022.9388
120,242402042.7114,7.8141,7816875.2761,33003144.4965,201582022.9388
121,242345384.9538,7.9323,7760217.5185,33003144.4965,201582022.9388
122,242345384.9538,8.052,7760217.5185,33003144.4965,201582022.9388
123,211350852.332,8.1699,9675736.8867,33003144.4965,168671970.9488
124,70576775.5185,8.2872,9231938.9935,30757194.9309,30587641.5941
125,171333201.202,8.4051,108842571.6342,46312398.8487,16178230.7191
126,68777133.0922,8.522,55519981.8127,0,13257151.2795
127,61892325.8403,8.6389,55467658.9973,0,6424666.843
128,60845869.5322,8.7276,54421202.6892,0,6424666.843
129,59799413.2241,8.7986,53374746.3811,0,6424666.843
130,59783406.7592,8.8683,53358739.9162,0,6424666.843
131,59770793.0365,8.9377,53346126.1935,0,6424666.843
132,58724336.7284,9.0079,52299669.8854,0,6424666.843
133,58724336.7284,9.0775,52299669.8854,0,6424666.843
134,58724336.7284,9.1485,52299669.8854,0,6424666.843
135,322306386.9049,9.179,320017541.4266,0,2288845.4784
136,322306386.9049,9.2082,320017541.4266,0,2288845.4784
137,322306386.9049,9.2389,320017541.4266,0,2288845.4784
138,58724336.7284,9.309,52299669.8854,0,6424666.843
139,58724336.7284,9.3798,52299669.8854,0,6424666.843
140,58724336.7284,9.4514,52299669.8854,0,6424666.843
141,306513091.7746,9.4812,301890208.6284,2334037.6678,2288845.4784
142,306513091.7746,9.5094,301890208.6284,2334037.6678,2288845.4784
143,271095519.7993,9.5384,134979439.3886,2334037.6678,133782042.7429
144,271095519.7993,9.5694,134979439.3886,2334037.6678,133782042.7429
145,271095519.7993,9.5989,134979439.3886,2334037.6678,133782042.7429
146,400540897.4002,9.6711,25021858.5109,0,375519038.8893
147,400524831.2873,9.7449,25005792.398,0,375519038.8893
148,58708270.6155,9.814,52283603.7725,0,6424666.843
149,58708270.6155,9.8845,52283603.7725,0,6424666.843
150,357581783.2139,9.9553,355959533.3138,0,1622249.9001
151,322208079.6315,9.9851,319919234.1532,0,2288845.4784
152,322208079.6315,10.0156,319919234.1532,0,2288845.4784
153,322208079.6315,10.0447,319919234.1532,0,2288845.4784
154,357334938.7355,10.1333,355712688.8353,0,1622249.9001
155,341463629.008,10.2022,341463629.008,0,0
156,334339099.0943,10.2711,334339099.0943,0,0
157,334339099.0943,10.3414,334339099.0943,0,0
158,334339099.0943,10.4142,334339099.0943,0,0
159,300487832.2374,10.4455,300487832.2374,0,0
160,300487832.2374,10.4746,300487832.2374,0,0
161,300487832.2374,10.5035,300487832.2374,0,0
162,334339099.0943,10.5767,334339099.0943,0,0
163,307163226.3114,10.6455,306812987.9614,350238.35,0
164,307163226.3114,10.7163,306812987.9614,350238.35,0
165,307163226.3114,10.7863,306812987.9614,350238.35,0
166,277331809.2601,10.8174,275748693.1817,1583116.0783,0
167,277331809.2601,10.8469,275748693.1817,1583116.0783,0
168,280086313.6276,10.8799,275748693.1817,4337620.4459,0
169,304703119.0666,10.9552,303743492.0066,959627.06,0
170,301624691.623,11.0288,300665064.563,959627.06,0
171,297578589.1529,11.0981,296618962.0929,959627.06,0
172,296969200.4429,11.1753,296618962.0929,350238.35,0
173,296969200.4429,11.2455,296618962.0929,350238.35,0
174,291942157.9623,11.3149,291591919.6123,350238.35,0
175,326927422.005,11.3852,319039849.255,350238.35,7537334.4
176,312463461.2382,11.4583,304409521.1082,516605.73,7537334.4
177,304926126.8382,11.5277,304409521.1082,516605.73,0
178,198307384.2024,11.5993,159258515.6124,516605.73,38532262.86
179,169072077.1524,11.6713,159258515.6124,516605.73,9296955.81
180,166581695.4122,11.7412,156768133.8722,516605.73,9296955.81
181,165813651.6122,11.8108,156768133.8722,1082061.93,7963455.81
182,103979678.1705,11.88,69247903.6105,1082061.93,33649712.63
183,92985420.4905,11.9496,69247903.6105,1082061.93,22655454.95
184,88745420.4905,12.0216,69247903.6105,1082061.93,18415454.95
185,86535236.0405,12.0943,69247903.6105,1082061.93,16205270.5
186,83643862.8005,12.1642,69247903.6105,1082061.93,13313897.26
187,60112081.3818,12.2332,46066360.5418,731823.58,13313897.26
188,58806575.4576,12.3067,44760854.6176,731823.58,13313897.26
189,58602575.4576,12.3765,44760854.6176,731823.58,13109897.26
190,58434575.4576,12.4461,44760854.6176,731823.58,12941897.26
191,14937934.1537,12.5162,1430580.6937,565456.2,12941897.26
192,11127051.0137,12.5872,1430580.6937,565456.2,9131014.12
193,6285450.1037,12.656,1430580.6937,0,4854869.41
194,3974869.41,12.7248,0,0,3974869.41
195,3250248.81,12.7934,0,0,3250248.81
196,1844771.91,12.8635,0,0,1844771.91
197,1546214.34,12.9337,0,0,1546214.34
198,1253736,13.0027,0,0,1253736
199,241334.4,13.0714,0,0,241334.4
200,0,13.1424,0,0,0
