1,6875191630,0.06962,6362098590,0,513093040
2,6012732300,0.12586,5499639260,0,513093040
3,5213783535,0.18181,4700690495,0,513093040
4,4534410005,0.23787,3798639385,0,735770620
5,3954121730,0.29391,3925765020,28356710,0
6,3394091515,0.34988,3365734805,28356710,0
7,2993467370,0.40575,2958733380,34733990,0
8,2595341599,0.46172,2558937685,36403914,0
9,2220953549,0.51772,2183937685,37015864,0
10,1876601499,0.5736,1839585635,37015864,0
11,1545235774,0.63004,1508219910,37015864,0
12,1282941714,0.68598,1245925850,37015864,0
13,1028018234,0.74203,989955705,38062529,0
14,822197749,0.79817,784135220,38062529,0
15,656252931,0.85429,604806800,51446131,0
16,516170031,0.91036,464723900,51446131,0
17,413943356,0.96642,362497225,51446131,0
18,324056021,1.0227,272609890,51446131,0
19,238379285,1.0786,156626110,81753175,0
20,238379285,1.1346,156626110,81753175,0
21,238379285,1.1902,156626110,81753175,0
22,142975915,1.3254,61222740,81753175,0
23,104306785,1.4604,28930890,75375895,0
24,73999741,1.5951,28930890,45068851,0
25,20227037.4437,1.7303,1390957.8813,10178373.3624,8657706.2
26,12414326.9127,1.8662,1729405.1277,2027215.585,8657706.2
27,10334326.9127,2.0019,1729405.1277,2027215.585,6577706.2
28,8254326.9127,2.137,1729405.1277,2027215.585,4497706.2
29,6863369.0314,2.2725,338447.2464,2027215.585,4497706.2
30,5846317.4185,2.4086,338447.2464,1010163.9721,4497706.2
31,4970735.6964,2.5438,1542865.5243,1010163.9721,2417706.2
32,4333274.1554,2.6788,1542865.5243,372702.4311,2417706.2
33,3960571.7243,2.8139,1542865.5243,0,2417706.2
34,3622124.4779,2.9487,1204418.2779,0,2417706.2
35,3465740.7414,3.0841,1048034.5414,0,2417706.2
36,3309357.0048,3.2194,891650.8048,0,2417706.2
37,3152973.2683,3.3545,735267.0683,0,2417706.2
38,3019409.8285,3.4898,601703.6285,0,2417706.2
39,2915409.8285,3.625,601703.6285,0,2313706.2
40,2811409.8285,3.7609,601703.6285,0,2209706.2
41,2707409.8285,3.8969,601703.6285,0,2105706.2
42,2603409.8285,4.0324,601703.6285,0,2001706.2
43,2499409.8285,4.1677,601703.6285,0,1897706.2
44,2395409.8285,4.3031,601703.6285,0,1793706.2
45,2291409.8285,4.4385,601703.6285,0,1689706.2
46,2187409.8285,4.5738,601703.6285,0,1585706.2
47,2083409.8285,4.7095,601703.6285,0,1481706.2
48,2031026.092,4.8449,445319.892,0,1585706.2
49,1978642.3555,4.9799,288936.1555,0,1689706.2
50,187487.8324,5.1153,107920.7324,79567.1,0
51,129076.8407,5.2505,49509.7407,79567.1,0
52,88090.724,5.3858,8523.624,79567.1,0
53,79567.1,5.5208,0,79567.1,0
54,75567.1,5.6558,0,75567.1,0
55,75567.1,5.7913,0,75567.1,0
56,75567.1,5.927,0,75567.1,0
57,7556710,5.985,0,7556710,0
58,7556710,6.0409,0,7556710,0
59,7556710,6.0968,0,7556710,0
60,75567.1,6.2318,0,75567.1,0
61,75567.1,6.3675,0,75567.1,0
62,75567.1,6.5038,0,75567.1,0
63,7556710,6.5617,0,7556710,0
64,7556710,6.6183,0,7556710,0
65,7556710,6.6548,0,7556710,0
66,75567.1,6.7357,0,75567.1,0
67,75567.1,6.8158,0,75567.1,0
68,75567.1,6.896,0,75567.1,0
69,7556710,6.9305,0,7556710,0
70,7556710,6.9639,0,7556710,0
71,7556710,6.9971,0,7556710,0
72,75567.1,7.0804,0,75567.1,0
73,75567.1,7.162,0,75567.1,0
74,75567.1,7.2433,0,75567.1,0
75,7556710,7.2781,0,7556710,0
76,7556710,7.3114,0,7556710,0
77,7556710,7.3448,0,7556710,0
78,75567.1,7.4264,0,75567.1,0
79,75567.1,7.508,0,75567.1,0
80,75567.1,7.5896,0,75567.1,0
81,7556710,7.6244,0,7556710,0
82,7556710,7.658,0,7556710,0
83,7556710,7.6918,0,7556710,0
84,75567.1,7.7742,0,75567.1,0
85,75567.1,7.8561,0,75567.1,0
86,75567.1,7.9385,0,75567.1,0
87,7556710,7.9741,0,7556710,0
88,7556710,8.0077,0,7556710,0
89,7556710,8.0411,0,7556710,0
90,75567.1,8.1237,0,75567.1,0
91,75567.1,8.2063,0,75567.1,0
92,75567.1,8.2886,0,75567.1,0
93,7556710,8.3231,0,7556710,0
94,7556710,8.3571,0,7556710,0
95,7556710,8.3907,0,7556710,0
96,75567.1,8.4742,0,75567.1,0
97,75567.1,8.5535,0,75567.1,0
98,75567.1,8.633,0,75567.1,0
99,7556710,8.6673,0,7556710,0
100,7556710,8.7005,0,7556710,0
101,7556710,8.734,0,7556710,0
102,75567.1,8.8135,0,75567.1,0
103,75567.1,8.8935,0,75567.1,0
104,75567.1,8.9745,0,75567.1,0
105,7556710,9.009,0,7556710,0
106,7556710,9.0421,0,7556710,0
107,7556710,9.0757,0,7556710,0
108,75567.1,9.156,0,75567.1,0
109,75567.1,9.2374,0,75567.1,0
110,75567.1,9.3182,0,75567.1,0
111,7556710,9.3526,0,7556710,0
112,7556710,9.3864,0,7556710,0
113,7556710,9.4198,0,7556710,0
114,75567.1,9.501,0,75567.1,0
115,75567.1,9.582,0,75567.1,0
116,75567.1,9.6641,0,75567.1,0
117,7556710,9.6988,0,7556710,0
118,7556710,9.7325,0,7556710,0
119,7556710,9.7661,0,7556710,0
120,75567.1,9.8497,0,75567.1,0
121,75567.1,9.9348,0,75567.1,0
122,75567.1,10.0166,0,75567.1,0
123,7556710,10.0523,0,7556710,0
124,7556710,10.0858,0,7556710,0
125,7556710,10.1192,0,7556710,0
126,75567.1,10.2025,0,75567.1,0
127,75567.1,10.2848,0,75567.1,0
128,75567.1,10.3681,0,75567.1,0
129,7556710,10.4041,0,7556710,0
130,7556710,10.4375,0,7556710,0
131,7556710,10.4711,0,7556710,0
132,75567.1,10.5547,0,75567.1,0
133,75567.1,10.6378,0,75567.1,0
134,75567.1,10.7186,0,75567.1,0
135,7556710,10.7544,0,7556710,0
136,7556710,10.7878,0,7556710,0
137,7556710,10.8213,0,7556710,0
138,75567.1,10.9053,0,75567.1,0
139,75567.1,10.9845,0,75567.1,0
140,75567.1,11.0641,0,75567.1,0
141,7556710,11.0996,0,7556710,0
142,7556710,11.1329,0,7556710,0
143,7556710,11.1674,0,7556710,0
144,75567.1,11.2482,0,75567.1,0
145,75567.1,11.3281,0,75567.1,0
146,75567.1,11.4084,0,75567.1,0
147,7556710,11.4469,0,7556710,0
148,7556710,11.4801,0,7556710,0
149,7556710,11.5133,0,7556710,0
150,2001706.2,11.5937,0,0,2001706.2
151,78806.74,11.6728,78806.74,0,0
152,78806.74,11.7552,78806.74,0,0
153,78806.74,11.8353,78806.74,0,0
154,78806.74,11.8706,78806.74,0,0
155,78806.74,11.9042,78806.74,0,0
156,78806.74,11.9376,78806.74,0,0
157,78806.74,12.0191,78806.74,0,0
158,78806.74,12.0999,78806.74,0,0
159,78806.74,12.181,78806.74,0,0
160,78806.74,12.2168,78806.74,0,0
161,78806.74,12.2503,78806.74,0,0
162,78806.74,12.2838,78806.74,0,0
163,78806.74,12.368,78806.74,0,0
164,78806.74,12.4504,78806.74,0,0
165,78806.74,12.5315,78806.74,0,0
166,78806.74,12.5671,78806.74,0,0
167,78806.74,12.6019,78806.74,0,0
168,78806.74,12.6353,78806.74,0,0
169,78806.74,12.7218,78806.74,0,0
170,78806.74,12.8034,78806.74,0,0
171,78806.74,12.8852,78806.74,0,0
172,78806.74,12.9208,78806.74,0,0
173,78806.74,12.9542,78806.74,0,0
174,78806.74,12.9878,78806.74,0,0
175,79772.8,13.0687,0,79772.8,0
176,79772.8,13.1495,0,79772.8,0
177,79772.8,13.2317,0,79772.8,0
178,7977280,13.2684,0,7977280,0
179,7977280,13.3022,0,7977280,0
180,7977280,13.3365,0,7977280,0
181,79772.8,13.4186,0,79772.8,0
182,79772.8,13.4995,0,79772.8,0
183,79772.8,13.5832,0,79772.8,0
184,7977280,13.6207,0,7977280,0
185,7977280,13.6543,0,7977280,0
186,7977280,13.6877,0,7977280,0
187,79772.8,13.7685,0,79772.8,0
188,79772.8,13.8486,0,79772.8,0
189,79772.8,13.9316,0,79772.8,0
190,7977280,13.9662,0,7977280,0
191,7977280,13.9995,0,7977280,0
192,7977280,14.0326,0,7977280,0
193,79772.8,14.1153,0,79772.8,0
194,79772.8,14.1954,0,79772.8,0
195,79772.8,14.2756,0,79772.8,0
196,7977280,14.3103,0,7977280,0
197,7977280,14.3435,0,7977280,0
198,7977280,14.3771,0,7977280,0
199,79772.8,14.4575,0,79772.8,0
200,7977280,14.5402,0,7977280,0
201,7977280,14.6221,0,7977280,0
202,7977280,14.6571,0,7977280,0
203,7977280,14.6906,0,7977280,0
204,7977280,14.7243,0,7977280,0
205,7977280,14.8057,0,7977280,0
206,7977280,14.8871,0,7977280,0
207,7977280,14.9689,0,7977280,0
208,7977280,15.0036,0,7977280,0
209,7977280,15.0374,0,7977280,0
210,7977280,15.0708,0,7977280,0
211,7977280,15.1542,0,7977280,0
212,7977280,15.2371,0,7977280,0
213,7977280,15.3192,0,7977280,0
214,748806.74,15.353,748806.74,0,0
215,748806.74,15.3867,748806.74,0,0
216,748806.74,15.4201,748806.74,0,0
217,348806.74,15.4999,348806.74,0,0
218,348806.74,15.5809,348806.74,0,0
219,348806.74,15.6642,348806.74,0,0
220,348806.74,15.6989,348806.74,0,0
221,348806.74,15.7326,348806.74,0,0
222,348806.74,15.766,348806.74,0,0
223,348806.74,15.8467,348806.74,0,0
224,348806.74,15.9262,348806.74,0,0
225,10321706.2,16.0061,0,0,10321706.2
226,4126401.23,16.0497,523711.58,0,3602689.65
227,4126401.23,16.0831,523711.58,0,3602689.65
228,4126401.23,16.1164,523711.58,0,3602689.65
229,10321706.2,16.197,0,0,10321706.2
230,8129196.94,16.2762,0,0,8129196.94
231,7245883.34,16.3555,64915,0,7180968.34
232,6365883.34,16.4349,64915,0,6300968.34
233,5645883.34,16.5143,64915,0,5580968.34
234,5580968.34,16.5951,0,0,5580968.34
235,5556968.34,16.6759,0,0,5556968.34
236,5556968.34,16.7556,0,0,5556968.34
237,5556968.34,16.8355,0,0,5556968.34
238,5455235.37,16.8708,552468.95,0,4902766.42
239,5455235.37,16.9042,552468.95,0,4902766.42
240,5455235.37,16.9375,552468.95,0,4902766.42
241,4911536.87,17.0182,0,8770.45,4902766.42
242,4895536.87,17.0978,0,8770.45,4886766.42
243,4879536.87,17.1775,0,8770.45,4870766.42
244,4879536.87,17.2582,0,8770.45,4870766.42
245,4879536.87,17.3388,0,8770.45,4870766.42
246,5747811.42,17.3745,0,877045,4870766.42
247,5747811.42,17.4079,0,877045,4870766.42
248,5747811.42,17.4415,0,877045,4870766.42
249,4879536.87,17.5251,0,8770.45,4870766.42
250,374176369.7813,17.6063,222204.77,8770.45,373945394.5613
251,316693417.2127,17.6861,427482.27,441925.25,315824009.6927
252,316613417.2127,17.7669,347482.27,441925.25,315824009.6927
253,316567368.1727,17.8479,301433.23,441925.25,315824009.6927
254,316557308.4627,17.9289,291373.52,441925.25,315824009.6927
255,159993177.4059,18.0096,640180.26,441925.25,158911071.8959
256,157597491.1513,18.0898,640180.26,441925.25,156515385.6413
257,144893520.3072,18.17,640180.26,441925.25,143811414.7972
258,131956097.4059,18.2497,572343.99,441925.25,130941828.1659
259,107999234.8605,18.3294,572343.99,441925.25,106984965.6205
260,107780200.9205,18.4096,223537.25,571698.05,106984965.6205
261,107710260.6305,18.4898,153596.96,571698.05,106984965.6205
262,107706260.6305,18.5702,149596.96,571698.05,106984965.6205
263,107706260.6305,18.6509,149596.96,571698.05,106984965.6205
264,107706260.6305,18.7331,149596.96,571698.05,106984965.6205
265,58062601.97,18.7695,698065.91,56292760,1071776.06
266,57255701.21,18.8029,149596.96,56292760,813344.25
267,57255701.21,18.8377,149596.96,56292760,813344.25
268,57255701.21,18.8712,149596.96,56292760,813344.25
269,81900759.5574,18.9516,149596.96,562927.6,81188234.9974
270,81900759.5574,19.0329,149596.96,562927.6,81188234.9974
271,81900759.5574,19.1143,149596.96,562927.6,81188234.9974
272,57255701.21,19.1489,149596.96,56292760,813344.25
273,57255701.21,19.1825,149596.96,56292760,813344.25
274,57255701.21,19.216,149596.96,56292760,813344.25
275,81339352.0273,19.297,149596.96,562927.6,80626827.4673
276,81339352.0273,19.3788,149596.96,562927.6,80626827.4673
277,81339352.0273,19.4599,149596.96,562927.6,80626827.4673
278,56781039.19,19.4954,7392.19,56292760,480887
279,12981936.84,19.5285,4656.84,12977280,0
280,12981936.84,19.5632,4656.84,12977280,0
281,12981936.84,19.5974,4656.84,12977280,0
282,134429.64,19.6816,4656.84,129772.8,0
283,134429.64,19.7624,4656.84,129772.8,0
284,134429.64,19.8433,4656.84,129772.8,0
285,12981936.84,19.8787,4656.84,12977280,0
286,12981936.84,19.9123,4656.84,12977280,0
287,12981936.84,19.9459,4656.84,12977280,0
288,129772.8,20.0263,0,129772.8,0
289,129772.8,20.107,0,129772.8,0
290,129772.8,20.1892,0,129772.8,0
291,12977280,20.2244,0,12977280,0
292,12977280,20.2591,0,12977280,0
293,12977280,20.2924,0,12977280,0
294,129772.8,20.375,0,129772.8,0
295,129772.8,20.4577,0,129772.8,0
296,129772.8,20.5392,0,129772.8,0
297,12977280,20.5747,0,12977280,0
298,698806.74,20.6086,698806.74,0,0
299,698806.74,20.6434,698806.74,0,0
300,19317706.2,20.6771,0,0,19317706.2
301,698806.74,20.7594,698806.74,0,0
302,129772.8,20.8398,0,129772.8,0
303,129772.8,20.9225,0,129772.8,0
304,129772.8,21.0049,0,129772.8,0
305,129772.8,21.0409,0,129772.8,0
306,129772.8,21.0741,0,129772.8,0
307,129772.8,21.1075,0,129772.8,0
308,129772.8,21.1884,0,129772.8,0
309,129772.8,21.2697,0,129772.8,0
310,129772.8,21.3498,0,129772.8,0
311,129772.8,21.386,0,129772.8,0
312,129772.8,21.4216,0,129772.8,0
313,129772.8,21.4553,0,129772.8,0
314,129772.8,21.5378,0,129772.8,0
315,129772.8,21.6198,0,129772.8,0
316,129772.8,21.7031,0,129772.8,0
317,129772.8,21.7418,0,129772.8,0
318,129772.8,21.7781,0,129772.8,0
319,129772.8,21.8118,0,129772.8,0
320,129772.8,21.8944,0,129772.8,0
321,129772.8,21.9759,0,129772.8,0
322,129772.8,22.0574,0,129772.8,0
323,129772.8,22.0949,0,129772.8,0
324,129772.8,22.1288,0,129772.8,0
325,12977280,22.1628,0,12977280,0
326,129772.8,22.2471,0,129772.8,0
327,129772.8,22.3299,0,129772.8,0
328,129772.8,22.414,0,129772.8,0
329,12977280,22.4498,0,12977280,0
330,12977280,22.4838,0,12977280,0
331,12977280,22.5177,0,12977280,0
332,129772.8,22.6,0,129772.8,0
333,129772.8,22.6814,0,129772.8,0
334,129772.8,22.7644,0,129772.8,0
335,12977280,22.8016,0,12977280,0
336,12977280,22.8357,0,12977280,0
337,12977280,22.8693,0,12977280,0
338,129772.8,22.9549,0,129772.8,0
339,129772.8,23.0383,0,129772.8,0
340,129772.8,23.1211,0,129772.8,0
341,698806.74,23.1569,698806.74,0,0
342,698806.74,23.1909,698806.74,0,0
343,698806.74,23.2246,698806.74,0,0
344,129772.8,23.3056,0,129772.8,0
345,129772.8,23.3881,0,129772.8,0
346,129772.8,23.4706,0,129772.8,0
347,12977280,23.5067,0,12977280,0
348,12977280,23.5399,0,12977280,0
349,12977280,23.5752,0,12977280,0
350,12977280,23.6575,0,12977280,0
351,12977280,23.7379,0,12977280,0
352,12977280,23.8189,0,12977280,0
353,12977280,23.8549,0,12977280,0
354,12977280,23.8886,0,12977280,0
355,12977280,23.9223,0,12977280,0
356,12977280,24.0046,0,12977280,0
357,12977280,24.0858,0,12977280,0
358,12977280,24.1664,0,12977280,0
359,12977280,24.202,0,12977280,0
360,12977280,24.2358,0,12977280,0
361,12977280,24.2692,0,12977280,0
362,12977280,24.3511,0,12977280,0
363,12977280,24.4317,0,12977280,0
364,12977280,24.513,0,12977280,0
365,12977280,24.5495,0,12977280,0
366,12977280,24.5833,0,12977280,0
367,12977280,24.6173,0,12977280,0
368,12977280,24.7,0,12977280,0
369,12977280,24.7845,0,12977280,0
370,12977280,24.8668,0,12977280,0
371,12977280,24.9028,0,12977280,0
372,12977280,24.9366,0,12977280,0
373,12977280,24.9701,0,12977280,0
374,12977280,25.0514,0,12977280,0
375,12977280,25.1343,0,12977280,0
376,12977280,25.2171,0,12977280,0
377,12977280,25.2531,0,12977280,0
378,12977280,25.2867,0,12977280,0
379,12977280,25.3204,0,12977280,0
380,12977280,25.4036,0,12977280,0
381,12977280,25.4859,0,12977280,0
382,12977280,25.5685,0,12977280,0
383,698806.74,25.6046,698806.74,0,0
384,698806.74,25.6382,698806.74,0,0
385,698806.74,25.6721,698806.74,0,0
386,298806.74,25.7532,298806.74,0,0
387,294806.74,25.8338,294806.74,0,0
388,294806.74,25.9175,294806.74,0,0
389,294806.74,25.9976,294806.74,0,0
390,294806.74,26.0333,294806.74,0,0
391,294806.74,26.0666,294806.74,0,0
392,294806.74,26.1004,294806.74,0,0
393,294806.74,26.1815,294806.74,0,0
394,294806.74,26.262,294806.74,0,0
395,294806.74,26.3429,294806.74,0,0
396,294806.74,26.3813,294806.74,0,0
397,294806.74,26.4157,294806.74,0,0
398,294806.74,26.4496,294806.74,0,0
399,294806.74,26.532,294806.74,0,0
400,29480674,26.6132,29480674,0,0
401,29480674,26.6935,29480674,0,0
402,294806.74,26.7291,294806.74,0,0
403,294806.74,26.7626,294806.74,0,0
404,294806.74,26.7963,294806.74,0,0
405,29480674,26.8794,29480674,0,0
406,29480674,26.9617,29480674,0,0
407,29480674,27.0432,29480674,0,0
408,294806.74,27.0792,294806.74,0,0
409,294806.74,27.1128,294806.74,0,0
410,294806.74,27.1462,294806.74,0,0
411,29480674,27.2291,29480674,0,0
412,29480674,27.3111,29480674,0,0
413,29480674,27.3906,29480674,0,0
414,294806.74,27.4265,294806.74,0,0
415,294806.74,27.4603,294806.74,0,0
416,294806.74,27.495,294806.74,0,0
417,29480674,27.5787,29480674,0,0
418,29480674,27.6625,29480674,0,0
419,29480674,27.7477,29480674,0,0
420,294806.74,27.7841,294806.74,0,0
421,294806.74,27.8178,294806.74,0,0
422,294806.74,27.8515,294806.74,0,0
423,29480674,27.9368,29480674,0,0
424,29480674,28.0195,29480674,0,0
425,3052917.8,28.0992,2873145,179772.8,0
426,179772.8,28.1804,0,179772.8,0
427,179772.8,28.264,0,179772.8,0
428,179772.8,28.3436,0,179772.8,0
429,17977280,28.3795,0,17977280,0
430,17977280,28.4127,0,17977280,0
431,17977280,28.4466,0,17977280,0
432,179772.8,28.5278,0,179772.8,0
433,179772.8,28.6096,0,179772.8,0
434,179772.8,28.6921,0,179772.8,0
435,17977280,28.7302,0,17977280,0
436,17977280,28.7638,0,17977280,0
437,17977280,28.7987,0,17977280,0
438,179772.8,28.8817,0,179772.8,0
439,179772.8,28.962,0,179772.8,0
440,179772.8,29.0421,0,179772.8,0
441,17977280,29.0777,0,17977280,0
442,17977280,29.1112,0,17977280,0
443,17977280,29.1448,0,17977280,0
444,179772.8,29.2278,0,179772.8,0
445,179772.8,29.3113,0,179772.8,0
446,179772.8,29.3938,0,179772.8,0
447,17977280,29.4298,0,17977280,0
448,17977280,29.4635,0,17977280,0
449,17977280,29.497,0,17977280,0
450,17977280,29.5799,0,17977280,0
451,17977280,29.6616,0,17977280,0
452,17977280,29.7432,0,17977280,0
453,17977280,29.7789,0,17977280,0
454,17977280,29.8134,0,17977280,0
455,17977280,29.848,0,17977280,0
456,17977280,29.9354,0,17977280,0
457,17977280,30.0184,0,17977280,0
458,17977280,30.1001,0,17977280,0
459,17977280,30.1361,0,17977280,0
460,17977280,30.1697,0,17977280,0
461,644806.74,30.2027,644806.74,0,0
462,644806.74,30.2365,644806.74,0,0
463,644806.74,30.2699,644806.74,0,0
464,644806.74,30.3533,644806.74,0,0
465,644806.74,30.4366,644806.74,0,0
466,244806.74,30.5191,244806.74,0,0
467,244806.74,30.6018,244806.74,0,0
468,244806.74,30.6837,244806.74,0,0
469,244806.74,30.7214,244806.74,0,0
470,244806.74,30.7557,244806.74,0,0
471,244806.74,30.794,244806.74,0,0
472,244806.74,30.875,244806.74,0,0
473,244806.74,30.9564,244806.74,0,0
474,244806.74,31.0376,244806.74,0,0
475,19421706.2,31.0736,0,0,19421706.2
476,15532102.76,31.1068,0,0,15532102.76
477,14325266.36,31.1402,0,0,14325266.36
478,14325266.36,31.1734,0,0,14325266.36
479,14325266.36,31.2069,0,0,14325266.36
480,6484883.08,31.2891,238204.77,0,6246678.31
481,2247757.62,31.3692,483011.51,0,1764746.11
482,1586971.52,31.4515,483011.51,0,1103960.01
483,1075340.27,31.5311,483011.51,0,592328.76
484,483011.51,31.6123,483011.51,0,0
485,483011.51,31.6928,483011.51,0,0
486,483011.51,31.7732,483011.51,0,0
487,48301151,31.8094,48301151,0,0
488,48301151,31.8426,48301151,0,0
489,48301151,31.8763,48301151,0,0
490,483011.51,31.9599,483011.51,0,0
491,483011.51,32.0408,483011.51,0,0
492,483011.51,32.1223,483011.51,0,0
493,48301151,32.1583,48301151,0,0
494,48301151,32.1917,48301151,0,0
495,48301151,32.2271,48301151,0,0
496,417599.63,32.3093,417599.63,0,0
497,417599.63,32.3907,417599.63,0,0
498,417599.63,32.4715,417599.63,0,0
499,41759963,32.5078,41759963,0,0
500,41759963,32.5413,41759963,0,0
501,41759963,32.5782,41759963,0,0
502,417599.63,32.6623,417599.63,0,0
503,417599.63,32.7435,417599.63,0,0
504,337599.63,32.8261,337599.63,0,0
505,337599.63,32.909,337599.63,0,0
506,337599.63,32.9911,337599.63,0,0
507,33759963,33.0268,33759963,0,0
508,33759963,33.0611,33759963,0,0
509,33759963,33.095,33759963,0,0
510,337599.63,33.1778,337599.63,0,0
511,337599.63,33.2575,337599.63,0,0
512,337599.63,33.3375,337599.63,0,0
513,17939486,33.3732,17939486,0,0
514,17939486,33.4083,17939486,0,0
515,17939486,33.4417,17939486,0,0
516,179394.86,33.5247,179394.86,0,0
517,179394.86,33.6098,179394.86,0,0
518,179394.86,33.6932,179394.86,0,0
519,17939486,33.7293,17939486,0,0
520,17939486,33.7661,17939486,0,0
521,17939486,33.7996,17939486,0,0
522,179394.86,33.8843,179394.86,0,0
523,179394.86,33.9669,179394.86,0,0
524,179394.86,34.0471,179394.86,0,0
525,17939486,34.0831,17939486,0,0
526,17939486,34.1175,17939486,0,0
527,16568804.13,34.1514,16480674,88130.13,0
528,16568804.13,34.1848,16480674,88130.13,0
529,16568804.13,34.2203,16480674,88130.13,0
530,8977819.74,34.3036,164806.74,8813013,0
531,8977819.74,34.3861,164806.74,8813013,0
532,164806.74,34.4794,164806.74,0,0
533,164806.74,34.6147,164806.74,0,0
534,164806.74,34.754,164806.74,0,0
535,16480674,34.8124,16480674,0,0
536,16480674,34.8687,16480674,0,0
537,16480674,34.9255,16480674,0,0
538,164806.74,35.0628,164806.74,0,0
539,164806.74,35.2007,164806.74,0,0
540,164806.74,35.339,164806.74,0,0
541,16480674,35.3972,16480674,0,0
542,16480674,35.4537,16480674,0,0
543,16480674,35.5103,16480674,0,0
544,164806.74,35.6486,164806.74,0,0
545,84806.74,35.7834,84806.74,0,0
546,84806.74,35.9222,84806.74,0,0
547,84806.74,36.0618,84806.74,0,0
548,8480674,36.1203,8480674,0,0
549,8480674,36.1766,8480674,0,0
550,8480674,36.2331,8480674,0,0
551,84806.74,36.3676,84806.74,0,0
552,84806.74,36.5029,84806.74,0,0
553,84806.74,36.6383,84806.74,0,0
554,8480674,36.6962,8480674,0,0
555,8480674,36.7529,8480674,0,0
556,8480674,36.81,8480674,0,0
557,84806.74,36.9487,84806.74,0,0
558,84806.74,37.0887,84806.74,0,0
559,84806.74,37.2286,84806.74,0,0
560,8480674,37.2866,8480674,0,0
561,8480674,37.3431,8480674,0,0
562,8480674,37.3986,8480674,0,0
563,84806.74,37.5375,84806.74,0,0
564,84806.74,37.6761,84806.74,0,0
565,84806.74,37.8099,84806.74,0,0
566,8480674,37.8675,8480674,0,0
567,8480674,37.9242,8480674,0,0
568,8480674,37.981,8480674,0,0
569,84806.74,38.1175,84806.74,0,0
570,84806.74,38.2541,84806.74,0,0
571,84806.74,38.3907,84806.74,0,0
572,8480674,38.4485,8480674,0,0
573,8480674,38.5054,8480674,0,0
574,8480674,38.562,8480674,0,0
575,2482380.2,38.6971,480674,0,2001706.2
576,2449870.94,38.8324,480674,0,1969196.94
577,2413870.94,38.9679,480674,0,1933196.94
578,2413870.94,39.1036,480674,0,1933196.94
579,2413870.94,39.2414,480674,0,1933196.94
580,2413870.94,39.299,480674,0,1933196.94
581,2413870.94,39.3561,480674,0,1933196.94
582,2413870.94,39.4124,480674,0,1933196.94
583,2413870.94,39.5504,480674,0,1933196.94
584,2002969.74,39.6854,0,69772.8,1933196.94
585,2002969.74,39.8247,0,69772.8,1933196.94
586,2002969.74,39.964,0,69772.8,1933196.94
587,2002969.74,40.0223,0,69772.8,1933196.94
588,2002969.74,40.0786,0,69772.8,1933196.94
589,2002969.74,40.1346,0,69772.8,1933196.94
590,2002969.74,40.27,0,69772.8,1933196.94
591,2002969.74,40.4057,0,69772.8,1933196.94
592,2002969.74,40.5416,0,69772.8,1933196.94
593,2002969.74,40.6002,0,69772.8,1933196.94
594,2002969.74,40.6573,0,69772.8,1933196.94
595,2002969.74,40.7145,0,69772.8,1933196.94
596,2002969.74,40.8536,0,69772.8,1933196.94
597,1938536.84,40.989,0,73339.9,1865196.94
598,1938536.84,41.1282,0,73339.9,1865196.94
599,1938536.84,41.2677,0,73339.9,1865196.94
600,117861318.4103,41.326,436503.72,1916201.43,115508613.2603
601,117590255.9203,41.3825,165441.23,1916201.43,115508613.2603
602,117590255.9203,41.4398,165441.23,1916201.43,115508613.2603
603,117590255.9203,41.4973,165441.23,1916201.43,115508613.2603
604,1938536.84,41.6322,0,73339.9,1865196.94
605,1938536.84,41.7685,0,73339.9,1865196.94
606,1938536.84,41.905,0,73339.9,1865196.94
607,119676755.2142,41.9629,1721769.52,2446372.4339,115508613.2603
608,119177647.2342,42.0198,1222661.54,2446372.4339,115508613.2603
609,91761515.0588,42.0762,1897468.28,2446372.4339,87417674.3449
610,50691046.3458,42.1331,1975294.74,2446372.4339,46269379.1719
611,50691046.3458,42.1904,1975294.74,2446372.4339,46269379.1719
612,50471402.0758,42.2472,1755650.47,2446372.4339,46269379.1719
613,50309343.1958,42.3042,1593591.59,2446372.4339,46269379.1719
614,50309343.1958,42.3607,1593591.59,2446372.4339,46269379.1719
615,50309343.1958,42.4177,1593591.59,2446372.4339,46269379.1719
616,84432498.9,42.552,84359159,73339.9,0
617,75507626.59,42.6868,75263320,244306.59,0
618,9924658.79,42.8216,7782646,244306.59,1897706.2
619,2109503.53,42.9567,0,244306.59,1865196.94
620,2073503.53,43.092,0,244306.59,1829196.94
621,2073503.53,43.2278,0,244306.59,1829196.94
622,2073503.53,43.3654,0,244306.59,1829196.94
623,120828107.1757,43.4237,642307.16,6470775.5032,113715024.5125
624,120185800.0157,43.4804,0,6470775.5032,113715024.5125
625,121031789.4195,43.5382,0,9208592.4378,111823196.9817
626,121031789.4195,43.5952,0,9208592.4378,111823196.9817
627,2789566.97,43.7306,0,960370.03,1829196.94
628,2785566.97,43.8658,0,956370.03,1829196.94
629,2785566.97,44.0044,0,956370.03,1829196.94
630,2785566.97,44.1425,0,956370.03,1829196.94
631,173563836.2296,44.2004,548468.95,5149073.9849,167866293.2948
632,173062587.1783,44.2578,0,5196293.8836,167866293.2948
633,173062587.1783,44.3145,0,5196293.8836,167866293.2948
634,173062587.1783,44.3715,0,5196293.8836,167866293.2948
635,2723325.1,44.5068,0,965140.48,1758184.62
636,2707325.1,44.6424,0,965140.48,1742184.62
637,2698554.65,44.7784,0,956370.03,1742184.62
638,2698554.65,44.9145,0,956370.03,1742184.62
639,2698554.65,45.0507,0,956370.03,1742184.62
640,85881140.0096,45.1084,1632209.92,9187056.5309,75061873.5587
641,85881140.0096,45.165,1632209.92,9187056.5309,75061873.5587
642,85881140.0096,45.2221,1632209.92,9187056.5309,75061873.5587
643,2698554.65,45.3568,0,956370.03,1742184.62
644,2698554.65,45.4935,0,956370.03,1742184.62
645,2698554.65,45.6327,0,956370.03,1742184.62
646,126554764.147,45.6906,106735.35,5149073.9849,121298954.8121
647,126554764.147,45.748,106735.35,5149073.9849,121298954.8121
648,126554764.147,45.8057,106735.35,5149073.9849,121298954.8121
649,2698554.65,45.9402,0,956370.03,1742184.62
650,146369127.0602,46.0793,0,33893834.0301,112475293.0301
651,137418906.6233,46.2143,440958.39,54211308.0377,82766640.1956
652,131759832.7985,46.3515,840958.39,48152234.213,82766640.1956
653,112920062.1234,46.4869,849765.13,48152234.213,63918062.7804
654,104703621.014,46.6117,849765.13,48152234.213,55701621.671
655,104703621.014,46.6932,849765.13,48152234.213,55701621.671
656,104703621.014,46.7736,849765.13,48152234.213,55701621.671
657,89798659.848,46.8086,849765.13,7315177.6302,81633717.0878
658,86618047.7913,46.8421,1524421.97,3459908.7335,81633717.0878
659,85943390.9513,46.876,849765.13,3459908.7335,81633717.0878
660,85943390.9513,46.9099,849765.13,3459908.7335,81633717.0878
661,85943390.9513,46.9438,849765.13,3459908.7335,81633717.0878
662,79326272.677,47.026,849765.13,22774885.876,55701621.671
663,79326272.677,47.108,849765.13,22774885.876,55701621.671
664,77075279.1316,47.1879,929765.13,20443892.3306,55701621.671
665,77075279.1316,47.2708,929765.13,20443892.3306,55701621.671
666,77075279.1316,47.353,929765.13,20443892.3306,55701621.671
667,49535170.2222,47.3885,929765.13,3105789.509,45499615.5832
668,49535170.2222,47.4223,929765.13,3105789.509,45499615.5832
669,49535170.2222,47.4571,929765.13,3105789.509,45499615.5832
670,52419681.8707,47.541,929765.13,20443892.3306,31046024.4101
671,52419681.8707,47.6231,929765.13,20443892.3306,31046024.4101
672,52419681.8707,47.7053,929765.13,20443892.3306,31046024.4101
673,49535170.2222,47.7402,929765.13,3105789.509,45499615.5832
674,49535170.2222,47.7738,929765.13,3105789.509,45499615.5832
675,49532959.9956,47.8076,1745150.3509,3616822.5645,44170987.0801
676,49532959.9956,47.8412,1745150.3509,3616822.5645,44170987.0801
677,49532959.9956,47.8747,1745150.3509,3616822.5645,44170987.0801
678,52419681.8707,47.9575,929765.13,20443892.3306,31046024.4101
679,52419681.8707,48.039,929765.13,20443892.3306,31046024.4101
680,52293263.5477,48.1188,929765.13,20317474.0076,31046024.4101
681,52293263.5477,48.1994,929765.13,20317474.0076,31046024.4101
682,52293263.5477,48.2809,929765.13,20317474.0076,31046024.4101
683,5339607.6713,48.3176,1745150.3509,3594457.3204,0
684,5339607.6713,48.3513,1745150.3509,3594457.3204,0
685,1074776.1729,48.3846,1074776.1729,0,0
686,1074776.1729,48.4194,1074776.1729,0,0
687,1074776.1729,48.4533,1074776.1729,0,0
688,572609.35,48.5382,572609.35,0,0
689,572609.35,48.6184,572609.35,0,0
690,572609.35,48.7,572609.35,0,0
691,1074776.1729,48.7359,1074776.1729,0,0
692,1074776.1729,48.7693,1074776.1729,0,0
693,1074776.1729,48.803,1074776.1729,0,0
694,492609.35,48.8837,492609.35,0,0
695,492609.35,48.9654,492609.35,0,0
696,492609.35,49.0519,492609.35,0,0
697,924617.7903,49.0872,924617.7903,0,0
698,924617.7903,49.1216,924617.7903,0,0
699,924617.7903,49.1551,924617.7903,0,0
700,43262641.2,49.2358,41260935,0,2001706.2
701,42256670.2,49.3153,40254964,0,2001706.2
702,41921880.16,49.3966,40254964,0,1666916.16
703,41869880.16,49.4764,40254964,0,1614916.16
704,41054978.96,49.5582,39374290,65772.8,1614916.16
705,41054978.96,49.639,39374290,65772.8,1614916.16
706,41054978.96,49.7209,39374290,65772.8,1614916.16
707,104712604.4429,49.7577,1540021.0867,412386.7371,102760196.6191
708,104712604.4429,49.7928,1540021.0867,412386.7371,102760196.6191
709,104712604.4429,49.8269,1540021.0867,412386.7371,102760196.6191
710,41054978.96,49.9077,39374290,65772.8,1614916.16
711,41054978.96,49.989,39374290,65772.8,1614916.16
712,41054978.96,50.0706,39374290,65772.8,1614916.16
713,108326620.6998,50.1064,1559580.0232,4006844.0575,102760196.6191
714,108326620.6998,50.1418,1559580.0232,4006844.0575,102760196.6191
715,87780789.023,50.1757,4600681.2854,8706530.4117,74473577.3258
716,87780789.023,50.2096,4600681.2854,8706530.4117,74473577.3258
717,87780789.023,50.2452,4600681.2854,8706530.4117,74473577.3258
718,173574594.7,50.3266,171114104,1649701.14,810789.56
719,129088999.4,50.4064,127398526,1076410.34,614063.06
720,43484593.4,50.5005,41542834,326843.24,1614916.16
721,43484593.4,50.6001,41542834,326843.24,1614916.16
722,43484593.4,50.6826,41542834,326843.24,1614916.16
723,151164155.1522,50.7187,779750.595,2049263.7884,148335140.7688
724,151164155.1522,50.7524,779750.595,2049263.7884,148335140.7688
725,159327839.6175,50.7871,415428.34,443086.5343,158469324.7432
726,43484593.4,50.8695,41542834,326843.24,1614916.16
727,43484593.4,50.9518,41542834,326843.24,1614916.16
728,43484593.4,51.0352,41542834,326843.24,1614916.16
729,159327839.6175,51.0721,415428.34,443086.5343,158469324.7432
730,159327839.6175,51.1064,415428.34,443086.5343,158469324.7432
731,159327839.6175,51.1405,415428.34,443086.5343,158469324.7432
732,42388754.4,51.2221,40446995,326843.24,1614916.16
733,35394725.4,51.3043,33452966,326843.24,1614916.16
734,35394725.4,51.3864,33452966,326843.24,1614916.16
735,35274546.3,51.4682,34333640,326843.24,614063.06
736,34268575.3,51.5508,33327669,326843.24,614063.06
737,33654512.24,51.6306,33327669,326843.24,0
738,33654512.24,51.7122,33327669,326843.24,0
739,32853838.24,51.7917,32446995,406843.24,0
740,32853838.24,51.872,32446995,406843.24,0
741,32853838.24,51.9524,32446995,406843.24,0
742,876008.8505,51.9869,324469.95,551538.9005,0
743,876008.8505,52.0204,324469.95,551538.9005,0
744,876008.8505,52.054,324469.95,551538.9005,0
745,32853838.24,52.1357,32446995,406843.24,0
746,32853838.24,52.2165,32446995,406843.24,0
747,32853838.24,52.2974,32446995,406843.24,0
748,500402.0735,52.3314,302784.51,197617.5635,0
749,500402.0735,52.3664,302784.51,197617.5635,0
750,24077782.9335,52.4001,18320959.1531,5756823.7804,0
751,30424223.8,52.4814,30278451,145772.8,0
752,23520062.8,52.561,23374290,145772.8,0
753,23520062.8,52.6425,23374290,145772.8,0
754,23520062.8,52.7219,23374290,145772.8,0
755,19900196.3169,52.7559,14143372.5366,5756823.7804,0
756,19900196.3169,52.7895,14143372.5366,5756823.7804,0
757,19900196.3169,52.8226,14143372.5366,5756823.7804,0
758,23520062.8,52.9024,23374290,145772.8,0
759,23520062.8,52.9821,23374290,145772.8,0
760,23520062.8,53.062,23374290,145772.8,0
761,19900196.3169,53.0961,14143372.5366,5756823.7804,0
762,19900196.3169,53.1295,14143372.5366,5756823.7804,0
763,19900196.3169,53.1629,14143372.5366,5756823.7804,0
764,23520062.8,53.2438,23374290,145772.8,0
765,22435190.49,53.323,22278451,156739.49,0
766,15441161.49,53.4022,15284422,156739.49,0
767,15441161.49,53.4829,15284422,156739.49,0
768,15441161.49,53.5641,15284422,156739.49,0
769,15438253.0506,53.5984,9248335.4297,6189917.6208,0
770,15438253.0506,53.632,9248335.4297,6189917.6208,0
771,15438253.0506,53.6657,9248335.4297,6189917.6208,0
772,14435190.49,53.7451,14278451,156739.49,0
773,14435190.49,53.8268,14278451,156739.49,0
774,14435190.49,53.9082,14278451,156739.49,0
775,14860937.5353,53.9433,8318567.5377,6542369.9976,0
776,14860937.5353,53.9767,8318567.5377,6542369.9976,0
777,14860937.5353,54.0103,8318567.5377,6542369.9976,0
778,14431190.49,54.0901,14278451,152739.49,0
779,14431190.49,54.1709,14278451,152739.49,0
780,14431190.49,54.251,14278451,152739.49,0
781,14693975.91,54.2856,8318567.5377,6375408.3723,0
782,14693975.91,54.319,8318567.5377,6375408.3723,0
783,14693975.91,54.3526,8318567.5377,6375408.3723,0
784,14431190.49,54.4356,14278451,152739.49,0
785,14431190.49,54.5165,14278451,152739.49,0
786,14431190.49,54.5973,14278451,152739.49,0
787,14693975.91,54.633,8318567.5377,6375408.3723,0
788,14693975.91,54.6666,8318567.5377,6375408.3723,0
789,14693975.91,54.7001,8318567.5377,6375408.3723,0
790,14431190.49,54.7831,14278451,152739.49,0
791,8242607.49,54.8627,8089868,152739.49,0
792,8242607.49,54.9443,8089868,152739.49,0
793,8242607.49,55.0284,8089868,152739.49,0
794,11088532.5991,55.064,4713124.2268,6375408.3723,0
795,11088532.5991,55.0973,4713124.2268,6375408.3723,0
796,11088532.5991,55.1307,4713124.2268,6375408.3723,0
797,8242607.49,55.2121,8089868,152739.49,0
798,8242607.49,55.2924,8089868,152739.49,0
799,8242607.49,55.3724,8089868,152739.49,0
800,12220392.0117,55.4083,3438557.1329,8781834.8788,0
801,12220392.0117,55.4417,3438557.1329,8781834.8788,0
802,12220392.0117,55.4753,3438557.1329,8781834.8788,0
803,8242607.49,55.5575,8089868,152739.49,0
804,7226768.49,55.6405,6994029,232739.49,0
805,232739.49,55.7205,0,232739.49,0
806,232739.49,55.8017,0,232739.49,0
807,232739.49,55.8843,0,232739.49,0
808,13381475.6809,55.9204,0,13381475.6809,0
809,13381475.6809,55.9542,0,13381475.6809,0
810,13381475.6809,55.9876,0,13381475.6809,0
811,232739.49,56.0684,0,232739.49,0
812,232739.49,56.1513,0,232739.49,0
813,232739.49,56.2336,0,232739.49,0
814,13381475.6809,56.2696,0,13381475.6809,0
815,13381475.6809,56.3029,0,13381475.6809,0
816,13381475.6809,56.3364,0,13381475.6809,0
817,228739.49,56.4172,0,228739.49,0
818,228739.49,56.4976,0,228739.49,0
819,228739.49,56.5779,0,228739.49,0
820,13151493.6408,56.6137,0,13151493.6408,0
821,13151493.6408,56.6472,0,13151493.6408,0
822,13151493.6408,56.6809,0,13151493.6408,0
823,228739.49,56.7638,0,228739.49,0
824,228739.49,56.8444,0,228739.49,0
825,22873949,56.9257,0,22873949,0
826,13151493.6408,56.9612,0,13151493.6408,0
827,13151493.6408,56.9949,0,13151493.6408,0
828,13151493.6408,57.0286,0,13151493.6408,0
829,22873949,57.1112,0,22873949,0
830,22873949,57.1932,0,22873949,0
831,22873949,57.2749,0,22873949,0
832,13151493.6408,57.3106,0,13151493.6408,0
833,13151493.6408,57.344,0,13151493.6408,0
834,13151493.6408,57.3772,0,13151493.6408,0
835,22873949,57.4584,0,22873949,0
836,22873949,57.538,0,22873949,0
837,22873949,57.6177,0,22873949,0
838,13151493.6408,57.6532,0,13151493.6408,0
839,13151493.6408,57.6867,0,13151493.6408,0
840,13151493.6408,57.7205,0,13151493.6408,0
841,22873949,57.8031,0,22873949,0
842,22873949,57.8841,0,22873949,0
843,14126942.49,57.9634,349662.49,13777280,0
844,14108238.39,58.0481,330958.39,13777280,0
845,14105082.61,58.1279,327802.61,13777280,0
846,14105082.61,58.2099,327802.61,13777280,0
847,14104238.39,58.2898,326958.39,13777280,0
848,14104238.39,58.3716,326958.39,13777280,0
849,14104238.39,58.4531,326958.39,13777280,0
850,25827365.2824,58.4892,20825457.6012,5001907.6812,0
851,25827365.2824,58.5227,20825457.6012,5001907.6812,0
852,25827365.2824,58.5564,20825457.6012,5001907.6812,0
853,663765.13,58.6373,663765.13,0,0
854,663765.13,58.7193,663765.13,0,0
855,663765.13,58.7995,663765.13,0,0
856,40247163.8012,58.8366,20825457.6012,0,19421706.2
857,31150373.7612,58.8698,20825457.6012,0,10324916.16
858,31150373.7612,58.9038,20825457.6012,0,10324916.16
859,31150373.7612,58.9375,20825457.6012,0,10324916.16
860,1277828.19,59.0185,663765.13,0,614063.06
861,663765.13,59.0983,663765.13,0,0
862,663765.13,59.18,663765.13,0,0
863,663765.13,59.2626,663765.13,0,0
864,42278201.1252,59.2983,42278201.1252,0,0
865,42278201.1252,59.3336,42278201.1252,0,0
866,42278201.1252,59.3675,42278201.1252,0,0
867,663765.13,59.4502,663765.13,0,0
868,663765.13,59.5316,663765.13,0,0
869,663765.13,59.6114,663765.13,0,0
870,42278201.1252,59.6469,42278201.1252,0,0
871,42278201.1252,59.6816,42278201.1252,0,0
872,42278201.1252,59.7151,42278201.1252,0,0
873,663765.13,59.8015,663765.13,0,0
874,663765.13,59.8827,663765.13,0,0
875,66376513,59.9644,66376513,0,0
876,42278201.1252,60,42278201.1252,0,0
877,37462251.0165,60.0333,21452743.524,16009507.4925,0
878,37462251.0165,60.0667,21452743.524,16009507.4925,0
879,37462251.0165,60.1018,21452743.524,16009507.4925,0
880,34121640.69,60.1859,33680674,440966.69,0
881,33721640.69,60.2654,33680674,40966.69,0
882,33721640.69,60.3488,33680674,40966.69,0
883,33721640.69,60.4307,33680674,40966.69,0
884,22940058.8822,60.4665,21452743.524,1487315.3582,0
885,22940058.8822,60.5001,21452743.524,1487315.3582,0
886,22940058.8822,60.535,21452743.524,1487315.3582,0
887,33721640.69,60.6187,33680674,40966.69,0
888,33721640.69,60.7011,33680674,40966.69,0
889,33721640.69,60.7861,33680674,40966.69,0
890,22940058.8822,60.8245,21452743.524,1487315.3582,0
891,22940058.8822,60.8582,21452743.524,1487315.3582,0
892,22940058.8822,60.892,21452743.524,1487315.3582,0
893,33721640.69,60.9765,33680674,40966.69,0
894,178739.49,61.0569,0,178739.49,0
895,178739.49,61.1368,0,178739.49,0
896,178739.49,61.2175,0,178739.49,0
897,6489223.0394,61.2543,0,6489223.0394,0
898,6489223.0394,61.2878,0,6489223.0394,0
899,6489223.0394,61.3229,0,6489223.0394,0
900,17873949,61.4074,0,17873949,0
901,17873949,61.4907,0,17873949,0
902,17873949,61.5713,0,17873949,0
903,6489223.0394,61.6072,0,6489223.0394,0
904,6489223.0394,61.6408,0,6489223.0394,0
905,6489223.0394,61.6746,0,6489223.0394,0
906,17873949,61.7582,0,17873949,0
907,17873949,61.8409,0,17873949,0
908,17873949,61.9237,0,17873949,0
909,6489223.0394,61.9597,0,6489223.0394,0
910,6489223.0394,61.9957,0,6489223.0394,0
911,6489223.0394,62.0292,0,6489223.0394,0
912,17873949,62.1102,0,17873949,0
913,17873949,62.1913,0,17873949,0
914,17873949,62.2726,0,17873949,0
915,6489223.0394,62.3078,0,6489223.0394,0
916,6489223.0394,62.3415,0,6489223.0394,0
917,6489223.0394,62.3764,0,6489223.0394,0
918,17873949,62.4599,0,17873949,0
919,17873949,62.541,0,17873949,0
920,13834238.39,62.6222,56958.39,13777280,0
921,13830238.39,62.7035,52958.39,13777280,0
922,13830238.39,62.7863,52958.39,13777280,0
923,13830238.39,62.8682,52958.39,13777280,0
924,8375066.8944,62.9029,3373159.2132,5001907.6812,0
925,10361277.3326,62.9369,2132963.0366,8228314.2961,0
926,10361277.3326,62.9702,2132963.0366,8228314.2961,0
927,13830238.39,63.0526,52958.39,13777280,0
928,13830238.39,63.1345,52958.39,13777280,0
929,13830238.39,63.2162,52958.39,13777280,0
930,10361277.3326,63.2531,2132963.0366,8228314.2961,0
931,10361277.3326,63.288,2132963.0366,8228314.2961,0
932,10361277.3326,63.3214,2132963.0366,8228314.2961,0
933,389765.13,63.4026,389765.13,0,0
934,389765.13,63.4828,389765.13,0,0
935,389765.13,63.5631,389765.13,0,0
936,15698260.7522,63.5979,15698260.7522,0,0
937,15698260.7522,63.6329,15698260.7522,0,0
938,15698260.7522,63.6669,15698260.7522,0,0
939,389765.13,63.7506,389765.13,0,0
940,389765.13,63.842,389765.13,0,0
941,389765.13,63.9226,389765.13,0,0
942,15698260.7522,63.9575,15698260.7522,0,0
943,15698260.7522,63.9909,15698260.7522,0,0
944,15698260.7522,64.0246,15698260.7522,0,0
945,389765.13,64.1057,389765.13,0,0
946,389765.13,64.1875,389765.13,0,0
947,389765.13,64.2692,389765.13,0,0
948,15698260.7522,64.3044,15698260.7522,0,0
949,15698260.7522,64.3374,15698260.7522,0,0
950,24717545.2,64.371,5295839,0,19421706.2
951,389765.13,64.4523,389765.13,0,0
952,389765.13,64.5345,389765.13,0,0
953,389765.13,64.6158,389765.13,0,0
954,38976513,64.6503,38976513,0,0
955,38976513,64.6843,38976513,0,0
956,34391640.69,64.7174,33680674,710966.69,0
957,34391640.69,64.7511,33680674,710966.69,0
958,34391640.69,64.7852,33680674,710966.69,0
959,71433475.74,64.8654,336806.74,71096669,0
960,71433475.74,64.9454,336806.74,71096669,0
961,389765.13,65.0248,389765.13,0,0
962,385765.13,65.1045,385765.13,0,0
963,385765.13,65.1857,385765.13,0,0
964,385765.13,65.2681,385765.13,0,0
965,38576513,65.3028,38576513,0,0
966,38576513,65.338,38576513,0,0
967,38576513,65.3715,38576513,0,0
968,385765.13,65.4533,385765.13,0,0
969,385765.13,65.535,385765.13,0,0
970,385765.13,65.6148,385765.13,0,0
971,24241981.8,65.6494,23754209,487772.8,0
972,24241981.8,65.6835,23754209,487772.8,0
973,24241981.8,65.7168,23754209,487772.8,0
974,385765.13,65.7963,385765.13,0,0
975,38576513,65.8775,38576513,0,0
976,38576513,65.9598,38576513,0,0
977,38576513,65.9945,38576513,0,0
978,38576513,66.0279,38576513,0,0
979,38576513,66.0615,38576513,0,0
980,38576513,66.1473,38576513,0,0
981,38576513,66.2309,38576513,0,0
982,38576513,66.3116,38576513,0,0
983,38576513,66.3492,38576513,0,0
984,38576513,66.3827,38576513,0,0
985,38576513,66.4178,38576513,0,0
986,38576513,66.5,38576513,0,0
987,38576513,66.583,38576513,0,0
988,38576513,66.6663,38576513,0,0
989,24317545.2,66.7016,4895839,0,19421706.2
990,15220755.16,66.7364,4895839,0,10324916.16
991,15220755.16,66.7716,4895839,0,10324916.16
992,15220755.16,66.8048,4895839,0,10324916.16
993,8156742.36,66.8872,4895839,0,3260903.36
994,5509902.06,66.9692,4895839,0,614063.06
995,4895839,67.0487,4895839,0,0
996,40966.69,67.128,0,40966.69,0
997,36966.69,67.2074,0,36966.69,0
998,32966.69,67.2896,0,32966.69,0
999,28966.69,67.3688,0,28966.69,0
1000,2896669,67.4481,0,2896669,0
1001,2896669,67.528,0,2896669,0
1002,28966.69,67.5638,0,28966.69,0
1003,28966.69,67.5987,0,28966.69,0
1004,28966.69,67.632,0,28966.69,0
1005,2896669,67.7145,0,2896669,0
1006,2896669,67.7938,0,2896669,0
1007,2896669,67.8745,0,2896669,0
1008,28966.69,67.9101,0,28966.69,0
1009,28966.69,67.9449,0,28966.69,0
1010,28966.69,67.9799,0,28966.69,0
1011,2896669,68.0619,0,2896669,0
1012,2896669,68.1446,0,2896669,0
1013,2896669,68.226,0,2896669,0
1014,28966.69,68.2614,0,28966.69,0
1015,28966.69,68.2948,0,28966.69,0
1016,28966.69,68.3282,0,28966.69,0
1017,2896669,68.4118,0,2896669,0
1018,2896669,68.4957,0,2896669,0
1019,2896669,68.5759,0,2896669,0
1020,28966.69,68.6129,0,28966.69,0
1021,28966.69,68.6465,0,28966.69,0
1022,28966.69,68.6799,0,28966.69,0
1023,2896669,68.7618,0,2896669,0
1024,2896669,68.8423,0,2896669,0
1025,2896669,68.9248,0,2896669,0
1026,28966.69,68.9604,0,28966.69,0
1027,28966.69,68.9956,0,28966.69,0
1028,28966.69,69.0307,0,28966.69,0
1029,2896669,69.1152,0,2896669,0
1030,2896669,69.1966,0,2896669,0
1031,2896669,69.2795,0,2896669,0
1032,28966.69,69.3152,0,28966.69,0
1033,28966.69,69.3501,0,28966.69,0
1034,28966.69,69.3839,0,28966.69,0
1035,2896669,69.4671,0,2896669,0
1036,2896669,69.5501,0,2896669,0
1037,2896669,69.6359,0,2896669,0
1038,28966.69,69.6716,0,28966.69,0
1039,28966.69,69.7052,0,28966.69,0
1040,28966.69,69.7405,0,28966.69,0
1041,60958.39,69.8218,60958.39,0,0
1042,57802.61,69.9038,57802.61,0,0
1043,57802.61,69.9862,57802.61,0,0
1044,57802.61,70.0697,57802.61,0,0
1045,5780261,70.105,5780261,0,0
1046,5780261,70.1383,5780261,0,0
1047,5780261,70.1714,5780261,0,0
1048,57802.61,70.2511,57802.61,0,0
1049,57802.61,70.3305,57802.61,0,0
1050,5780261,70.4144,5780261,0,0
1051,5780261,70.4488,5780261,0,0
1052,5780261,70.482,5780261,0,0
1053,5780261,70.5172,5780261,0,0
1054,5780261,70.602,5780261,0,0
1055,5780261,70.6856,5780261,0,0
1056,5780261,70.77,5780261,0,0
1057,5780261,70.8046,5780261,0,0
1058,5780261,70.8382,5780261,0,0
1059,5780261,70.8717,5780261,0,0
1060,5780261,70.9565,5780261,0,0
1061,5780261,71.0412,5780261,0,0
1062,5780261,71.1215,5780261,0,0
1063,5780261,71.1561,5780261,0,0
1064,5780261,71.1897,5780261,0,0
1065,5780261,71.2235,5780261,0,0
1066,5780261,71.3054,5780261,0,0
1067,5780261,71.3861,5780261,0,0
1068,5780261,71.4685,5780261,0,0
1069,5780261,71.5042,5780261,0,0
1070,5780261,71.5391,5780261,0,0
1071,5780261,71.5728,5780261,0,0
1072,5780261,71.6571,5780261,0,0
1073,5780261,71.7385,5780261,0,0
1074,5695839,71.8177,5695839,0,0
1075,5695839,71.8995,5695839,0,0
1076,5695839,71.9826,5695839,0,0
1077,698966.69,72.0167,0,698966.69,0
1078,698966.69,72.0516,0,698966.69,0
1079,698966.69,72.0854,0,698966.69,0
1080,298966.69,72.1648,0,298966.69,0
1081,298966.69,72.2466,0,298966.69,0
1082,298966.69,72.3272,0,298966.69,0
1083,298966.69,72.3616,0,298966.69,0
1084,298966.69,72.3975,0,298966.69,0
1085,298966.69,72.4307,0,298966.69,0
1086,298966.69,72.5099,0,298966.69,0
1087,298966.69,72.5894,0,298966.69,0
1088,298966.69,72.6864,0,298966.69,0
1089,298966.69,72.7441,0,298966.69,0
1090,298966.69,72.8004,0,298966.69,0
1091,298966.69,72.857,0,298966.69,0
1092,298966.69,72.994,0,298966.69,0
1093,298966.69,73.1296,0,298966.69,0
1094,298966.69,73.2664,0,298966.69,0
1095,298966.69,73.3246,0,298966.69,0
1096,298966.69,73.3807,0,298966.69,0
1097,298966.69,73.4374,0,298966.69,0
1098,298966.69,73.5749,0,298966.69,0
1099,298966.69,73.7132,0,298966.69,0
1100,29896669,73.8502,0,29896669,0
1101,298966.69,73.9067,0,298966.69,0
1102,298966.69,73.9633,0,298966.69,0
1103,298966.69,74.0195,0,298966.69,0
1104,29896669,74.1558,0,29896669,0
1105,29896669,74.2703,0,29896669,0
1106,29896669,74.3517,0,29896669,0
1107,298966.69,74.386,0,298966.69,0
1108,298966.69,74.421,0,298966.69,0
1109,298966.69,74.4548,0,298966.69,0
1110,29896669,74.5378,0,29896669,0
1111,29896669,74.6194,0,29896669,0
1112,29896669,74.701,0,29896669,0
1113,298966.69,74.7359,0,298966.69,0
1114,298966.69,74.7717,0,298966.69,0
1115,298966.69,74.8052,0,298966.69,0
1116,29896669,74.885,0,29896669,0
1117,29896669,74.9679,0,29896669,0
1118,29896669,75.0517,0,29896669,0
1119,298966.69,75.0863,0,298966.69,0
1120,298966.69,75.1198,0,298966.69,0
1121,298966.69,75.1535,0,298966.69,0
1122,106958.39,75.2328,106958.39,0,0
1123,26958.39,75.3123,26958.39,0,0
1124,22958.39,75.3916,22958.39,0,0
1125,2295839,75.4711,2295839,0,0
1126,2295839,75.5519,2295839,0,0
1127,2295839,75.5859,2295839,0,0
1128,2295839,75.6217,2295839,0,0
1129,2295839,75.6549,2295839,0,0
1130,2295839,75.7349,2295839,0,0
1131,2295839,75.8154,2295839,0,0
1132,2295839,75.8962,2295839,0,0
1133,2295839,75.9307,2295839,0,0
1134,2295839,75.9639,2295839,0,0
1135,2295839,75.9973,2295839,0,0
1136,2295839,76.079,2295839,0,0
1137,2295839,76.1611,2295839,0,0
1138,2295839,76.2447,2295839,0,0
1139,2295839,76.2801,2295839,0,0
1140,2295839,76.3134,2295839,0,0
1141,2295839,76.3475,2295839,0,0
1142,2295839,76.43,2295839,0,0
1143,2295839,76.5105,2295839,0,0
1144,2295839,76.5911,2295839,0,0
1145,2295839,76.6269,2295839,0,0
1146,2295839,76.6603,2295839,0,0
1147,2295839,76.6941,2295839,0,0
1148,2295839,76.7769,2295839,0,0
1149,2295839,76.8579,2295839,0,0
1150,2295839,76.9397,2295839,0,0
1151,2295839,76.9752,2295839,0,0
1152,2295839,77.009,2295839,0,0
1153,2295839,77.0427,2295839,0,0
1154,2295839,77.1255,2295839,0,0
1155,2295839,77.207,2295839,0,0
1156,2295839,77.2864,2295839,0,0
1157,2295839,77.3221,2295839,0,0
1158,2295839,77.3558,2295839,0,0
1159,728966.69,77.3888,0,728966.69,0
1160,728966.69,77.4225,0,728966.69,0
1161,728966.69,77.4563,0,728966.69,0
1162,728966.69,77.5397,0,728966.69,0
1163,728966.69,77.6218,0,728966.69,0
1164,328966.69,77.7009,0,328966.69,0
1165,328966.69,77.7834,0,328966.69,0
1166,328966.69,77.864,0,328966.69,0
1167,328966.69,77.8995,0,328966.69,0
1168,328966.69,77.9326,0,328966.69,0
1169,328966.69,77.9658,0,328966.69,0
1170,328966.69,78.0468,0,328966.69,0
1171,328966.69,78.1261,0,328966.69,0
1172,328966.69,78.2057,0,328966.69,0
1173,328966.69,78.241,0,328966.69,0
1174,328966.69,78.2747,0,328966.69,0
1175,32896669,78.3095,0,32896669,0
1176,328966.69,78.3905,0,328966.69,0
1177,328966.69,78.4703,0,328966.69,0
1178,328966.69,78.552,0,328966.69,0
1179,32896669,78.5891,0,32896669,0
1180,32896669,78.6224,0,32896669,0
1181,32896669,78.6559,0,32896669,0
1182,328966.69,78.7378,0,328966.69,0
1183,328966.69,78.8194,0,328966.69,0
1184,328966.69,78.9013,0,328966.69,0
1185,32896669,78.9372,0,32896669,0
1186,32896669,78.9708,0,32896669,0
1187,32896669,79.004,0,32896669,0
1188,328966.69,79.0861,0,328966.69,0
1189,328966.69,79.1687,0,328966.69,0
1190,328966.69,79.2513,0,328966.69,0
1191,32896669,79.2872,0,32896669,0
1192,32896669,79.3207,0,32896669,0
1193,32896669,79.3545,0,32896669,0
1194,328966.69,79.4371,0,328966.69,0
1195,328966.69,79.5186,0,328966.69,0
1196,328966.69,79.6004,0,328966.69,0
1197,32896669,79.6365,0,32896669,0
1198,32896669,79.67,0,32896669,0
1199,32896669,79.7037,0,32896669,0
1200,32896669,79.7839,0,32896669,0
1201,32896669,79.8645,0,32896669,0
1202,32896669,79.9446,0,32896669,0
1203,473662.49,79.9784,473662.49,0,0
1204,473662.49,80.0111,473662.49,0,0
1205,473662.49,80.0444,473662.49,0,0
1206,22958.39,80.1238,22958.39,0,0
1207,18958.39,80.2013,18958.39,0,0
1208,14958.39,80.2788,14958.39,0,0
1209,10958.39,80.3559,10958.39,0,0
1210,6958.39,80.4328,6958.39,0,0
1211,2958.39,80.5101,2958.39,0,0
1212,844.22,80.5876,844.22,0,0
1213,0,80.6653,0,0,0
