1,21218760003,0.072472,16061254550,0,5157505453
2,18517157969,0.12656,14470733110,0,4046424859
3,16129235217,0.1808,12220733110,0,3908502107
4,13949059627,0.23496,10040557520,0,3908502107
5,11849059627,0.28967,9290557520,0,2558502107
6,10245313457,0.34416,7686811350,0,2558502107
7,8755651303,0.39831,6198401760,0,2557249543
8,7779083989,0.45244,5407717770,0,2371366219
9,6970764949,0.50665,4657717770,0,2313047179
10,6295764949,0.56069,4657717770,0,1638047179
11,5666390617,0.61477,3930866760,0,1735523857
12,5191024837,0.66902,2926044260,0,2264980577
13,4305473637,0.72295,2790493060,0,1514980577
14,3834589442,0.77711,2492549605,0,1342039837
15,3381525076,0.83124,2082586590,0,1298938486
16,2940468711,0.8852,1641530225,0,1298938486
17,2547037031,0.93938,1248098545,0,1298938486
18,2258649206,0.99424,959710720,0,1298938486
19,2028646201,1.0488,489431235,0,1539214966
20,1587993753,1.1036,489431235,0,1098562518
21,1438165681,1.1577,489431235,0,948734446
22,1101467176,1.212,440183190,0,661283986
23,1000324026,1.2662,281246090,57793950,661283986
24,912680781,1.3207,193602845,57793950,661283986
25,398657394.5097,1.3762,8213619.1256,8902786.0167,381540989.3674
26,246839729.1172,1.4306,8213619.1256,8902786.0167,229723323.9749
27,95933962.4726,1.4852,21349776.6498,11402116.1992,63182069.6237
28,32751892.8489,1.5397,21349776.6498,11402116.1992,0
29,19026382.4484,1.5948,7624266.2492,11402116.1992,0
30,18351009.9339,1.6491,6948893.7347,11402116.1992,0
31,18351009.9339,1.7034,6948893.7347,11402116.1992,0
32,18351009.9339,1.7579,6948893.7347,11402116.1992,0
33,195027007,1.8885,14965040,180061967,0
34,155027007,2.0283,14965040,140061967,0
35,115557640,2.1578,14965040,100592600,0
36,104384660,2.2874,3792060,100592600,0
37,96384660,2.417,3792060,92592600,0
38,96384660,2.5468,3792060,92592600,0
39,96384660,2.6777,3792060,92592600,0
40,6024146.5911,2.7333,160878.5064,5863268.0847,0
41,6024146.5911,2.7876,160878.5064,5863268.0847,0
42,6024146.5911,2.8422,160878.5064,5863268.0847,0
43,96384660,2.9727,3792060,92592600,0
44,96384660,3.1034,3792060,92592600,0
45,96384660,3.2344,3792060,92592600,0
46,6024146.5911,3.2899,160878.5064,5863268.0847,0
47,6024146.5911,3.3444,160878.5064,5863268.0847,0
48,6024146.5911,3.3989,160878.5064,5863268.0847,0
49,96384660,3.5305,3792060,92592600,0
50,88979569.1407,3.6628,29838.1901,88949730.9505,0
51,88979569.1407,3.7954,29838.1901,88949730.9505,0
52,88979569.1407,3.9287,29838.1901,88949730.9505,0
53,6024146.5911,3.9845,160878.5064,5863268.0847,0
54,6024146.5911,4.0405,160878.5064,5863268.0847,0
55,6024146.5911,4.0959,160878.5064,5863268.0847,0
56,88979569.1407,4.2296,29838.1901,88949730.9505,0
57,88979569.1407,4.365,29838.1901,88949730.9505,0
58,88979569.1407,4.5006,29838.1901,88949730.9505,0
59,6024146.5911,4.5567,160878.5064,5863268.0847,0
60,6024146.5911,4.6124,160878.5064,5863268.0847,0
61,6024146.5911,4.6673,160878.5064,5863268.0847,0
62,88979569.1407,4.802,29838.1901,88949730.9505,0
63,88979569.1407,4.9472,29838.1901,88949730.9505,0
64,88979569.1407,5.0834,29838.1901,88949730.9505,0
65,6024146.5911,5.1399,160878.5064,5863268.0847,0
66,6024146.5911,5.1949,160878.5064,5863268.0847,0
67,6024146.5911,5.25,160878.5064,5863268.0847,0
68,88979569.1407,5.3863,29838.1901,88949730.9505,0
69,88963831.9476,5.5171,14100.9971,88949730.9505,0
70,71869949.0126,5.6469,14100.9971,71855848.0155,0
71,71869949.0126,5.7845,14100.9971,71855848.0155,0
72,71855848.0155,5.9149,0,71855848.0155,0
73,27754786,6.0446,0,0,27754786
74,0,6.1741,0,0,0
