1,4.058870131158421e+17,0.6095
2,3.172012232235383e+17,2.8102
3,2.81689254888819e+17,3.4114
4,2.483499364724068e+17,3.8514
5,1.598357633272081e+17,4.2585
6,1.365318139067004e+17,4.6908
7,1.184708159227839e+17,5.0936
8,1.018490117011061e+17,5.4977
9,8.849236868671091e+16,5.9056
10,8.087545796881715e+16,6.3106
11,7.799633731305614e+16,6.7161
12,5.800530116645892e+16,7.1201
13,5.53186921867519e+16,7.521
14,5.4412797690397e+16,7.9316
15,5.53186921867519e+16,8.3377
16,5.705475528331082e+16,8.7421
17,4.848962982059272e+16,9.1582
18,4.454809984559273e+16,9.5677
19,4.136349732048748e+16,9.9865
20,3.916388027061571e+16,10.3917
21,3.723998136658373e+16,10.8025
22,3.536278677658374e+16,11.2062
23,3.368300846158374e+16,11.6128
24,3.207376256406698e+16,12.0179
25,3.046996303807608e+16,12.4232
26,2.873888217751488e+16,12.8344
27,2.716879289251488e+16,13.2404
28,2.569939966193158e+16,13.6533
29,2.424989766448648e+16,14.0603
30,2.301730837948648e+16,14.4656
31,2.18431890870308e+16,14.872
32,2.075537513787447e+16,15.2785
33,1.971391497807331e+16,15.6846
34,1.870399919925019e+16,16.0918
35,1.780939427925019e+16,16.4981
36,1.694417506425019e+16,16.9096
37,1.616158577925019e+16,17.3161
38,1.538180746425019e+16,17.7228
39,1.46661295970093e+16,18.1336
40,1.397654118352291e+16,18.5409
41,1.334793030821248e+16,18.9541
42,1.265238245072924e+16,19.3615
43,1.196942277572924e+16,19.7731
44,1.137005813944968e+16,20.18
45,1.079296972596329e+16,20.5864
46,1.021879177596329e+16,20.9934
47,9659060295963290,21.3995
48,9186500670126264,21.806
49,8747875815126264,22.2099
50,8312391240126264,22.6204
51,7906294861516322,23.0295
52,7507457743787205,23.4352
53,7115330610230844,23.8421
54,6754753177659340,24.2485
55,6319734982659340,24.6545
56,5969399652909445,25.0599
57,5619253362857781,25.4658
58,5336986542857781,25.8763
59,5069442686117756,26.2824
60,4817008548117756,26.6905
61,4566969048117756,27.0962
62,4341481938117656,27.5077
63,4116073878117656,27.9147
64,3871136021158132,28.3416
65,3650196542954260,28.7561
66,3434399223441086,29.1617
67,3163836567289986,29.5664
68,2965629118614782,29.972
69,2770966334231373,30.3775
70,2524953234109150,30.7926
71,2301287467384506,31.1993
72,2124415222384506,31.6111
73,1981994276479627,32.0171
74,1844454776479627,32.4218
75,1731546716479627,32.8278
76,1622017389748602,33.2392
77,1497839439748602,33.6458
78,1399428417028793,34.0518
79,1321179657028793,34.4596
80,1248227472028793,34.8703
81,1179970587028793,35.277
82,1115598342028793,35.6827
83,1053236997028793,36.0891
84,992116663292232,36.4964
85,936553469649815,36.8984
86,881113697649815,37.2997
87,830552482218934,37.704
88,780081916706913,38.1072
89,664498305720009,38.5102
90,623853039587513,38.9125
91,583875732924392,39.3145
92,552078502785972,39.7163
93,522094535694469,40.1186
94,413167571319893,40.5202
95,305405427623644,40.9231
96,276036615133644,41.324
97,261769345076028,41.7259
98,251183085076028,42.1266
99,243065691473212,42.5288
100,236479431473212,42.9298
101,228636860862531,43.3323
102,219449682862531,43.7349
103,212380364558780,44.139
104,206323304558780,44.5402
105,200934427279579,44.9427
106,193460813279579,45.3447
107,187371585851083,45.7467
108,181962699851083,46.1484
109,175793257851083,46.5506
110,170313255851083,46.9517
111,165126077851083,47.3529
112,160494235851083,47.7537
113,156027442367642,48.1556
114,151833178367642,48.5573
115,147663736367642,48.9579
116,142254850367642,49.3599
117,136774848367642,49.7631
118,132580584367642,50.1647
119,128411142367642,50.5661
120,124216878367642,50.9672
121,120430577142026,51.3687
122,116950575142026,51.7697
123,111541689142026,52.1712
124,107372247142026,52.574
125,103177983142026,52.9771
126,99697981142026,53.3784
127,96289095142026,53.7805
128,92119653142026,54.1827
129,87925389142026,54.5851
130,84738211142026,54.9866
131,81858755646641,55.388
132,79034678698305,55.7903
133,75983787646641,56.1924
134,73814345646641,56.594
135,71306837095922,56.9954
136,68482760147586,57.3964
137,66501920646657,57.7997
138,64538498111368,58.201
139,62717163939388,58.6037
140,60547721939388,59.0055
141,59646344490107,59.4067
142,58788778153228,59.8071
143,58111842490107,60.2082
144,57455917438443,60.6117
145,56631840490107,61.0138
146,55060651367884,61.4155
147,54124331939388,61.8177
148,53222954490107,62.2189
149,52567029438443,62.6239
150,51742952490107,63.0308
151,51087027438443,63.4364
152,50465180962173,63.838
153,50056544090173,64.2423
154,49763340250884,64.6457
155,49593898250884,65.0483
156,49503622640203,65.45
157,49446754699303,65.854
158,48971698786254,66.256
159,48931299796229,66.6607
160,48931299796229,67.063
161,491205732224829,67.4659
162,48931299796229,67.867
163,491205732224829,68.2679
164,1208836829273425,68.6701
165,695316389536738,69.0698
166,694556359936738,69.484
167,693797005336738,69.8963
168,693038325736738,70.3003
169,692280321136738,70.7063
170,691522991536738,71.111
171,690766336936738,71.5147
172,690010357336738,71.9192
173,689255052736738,72.3233
174,688500423136738,72.7276
175,687746468536738,73.131
176,686993188936738,73.5345
177,686240584336738,73.9399
178,685488654736738,74.3461
179,684737400136738,74.7508
180,683986820536738,75.1576
181,683236915936738,75.5683
182,682487686336738,75.9797
183,681739131736738,76.3878
184,680991252136738,76.808
185,680244047536738,77.2201
186,679497517936738,77.6329
187,678751663336738,78.0511
188,678006483736738,78.4785
189,677261979136738,78.897
190,676518149536738,79.3031
191,675774994936738,79.7262
192,675032515336738,80.1386
193,674290710736738,80.5467
194,673549581136738,80.9556
195,672809126536738,81.3627
196,672069346936738,81.7735
197,671330242336738,82.1823
198,670591812736738,82.597
199,669854058136738,83.0063
200,669116978536738,83.4182
201,668380573936738,83.8275
202,667644844336738,84.2387
203,666909789736738,84.6519
204,666175410136738,85.0712
205,665441705536738,85.4899
206,664708675936738,85.9011
207,663976321336738,86.3047
208,663244641736738,86.712
209,662513637136738,87.1186
210,661783307536738,87.5272
211,661053652936738,87.9383
212,660324673336738,88.3514
213,659596368736738,88.7668
214,658868739136738,89.1823
215,658141784536738,89.5884
216,657415504936738,89.9983
217,656689900336738,90.4062
218,655964970736738,90.8125
219,655240716136738,91.2162
220,654517136536738,91.636
221,653794231936738,92.0468
222,653072002336738,92.457
223,652350447736738,92.8656
224,651629568136738,93.2781
225,650909363536738,93.6892
226,650189833936738,94.0978
227,649470979336738,94.5061
228,648752799736738,94.9159
229,648035295136738,95.32
230,647318465536738,95.7272
231,646602310936738,96.1318
232,645886831336738,96.5369
233,645172026736738,96.9449
234,644457897136738,97.3534
235,643744442536738,97.7612
236,643031662936738,98.1663
237,642319558336738,98.5789
238,641608128736738,98.9895
239,640897374136738,99.3996
240,640187294536738,99.8161
241,639477889936738,100.2202
242,638769160336738,100.6271
243,638061105736738,101.0318
244,637353726136738,101.4364
245,636647021536738,101.8401
246,635940991936738,102.2454
247,635235637336738,102.6526
248,634530957736738,103.0624
249,633826953136738,103.466
250,633123623536738,103.8776
251,632420968936738,104.2906
252,631718989336738,104.7014
253,631017684736738,105.1121
254,630317055136738,105.5234
255,629617100536738,105.9382
256,628917820936738,106.3535
257,628219216336738,106.7709
258,627521286736738,107.1765
259,626824032136738,107.5926
260,626127452536738,107.9997
261,625431547936738,108.4048
262,624736318336738,108.8098
263,624041763736738,109.2274
264,623347884136738,109.6416
265,622654679536738,110.0478
266,621962149936738,110.4525
267,621270295336738,110.8565
268,620579115736738,111.2608
269,619888611136738,111.6668
270,619198781536738,112.071
271,618509626936738,112.4756
272,617821147336738,112.8822
273,617133342736738,113.2871
274,616446213136738,113.6924
275,615759758536738,114.0966
276,615073978936738,114.5032
277,614388874336738,114.9073
278,613704444736738,115.3125
279,613020690136738,115.7191
280,612337610536738,116.1237
281,611655205936738,116.5303
282,610973476336738,116.9345
283,610292421736738,117.3436
284,609612042136738,117.7595
285,608932337536738,118.1706
286,608253307936738,118.5754
287,607574953336738,118.9853
288,606897273736738,119.3936
289,606220269136738,119.8306
290,605543939536738,120.2413
291,604868284936738,120.6512
292,604193305336738,121.0572
293,603519000736738,121.4653
294,602845371136738,121.8733
295,602172416536738,122.2796
296,601500136936738,122.6897
297,600828532336738,123.0944
298,600157602736738,123.4998
299,599487348136738,123.9041
300,598817768536738,124.3085
301,598148863936738,124.7139
302,597480634336738,125.1193
303,596813079736738,125.5232
304,596146200136738,125.9341
305,595479995536738,126.3432
306,594814465936738,126.7516
307,594149611336738,127.1618
308,593485431736738,127.5739
309,592821927136738,127.9798
310,592159097536738,128.3847
311,591496942936738,128.7886
312,590835463336738,129.1936
313,590174658736738,129.598
314,589514529136738,130.022
315,588855074536738,130.444
316,588196294936738,130.8733
317,587538190336738,131.2759
318,586880760736738,131.6767
319,586224006136738,132.0762
320,585567926536738,132.4749
321,584912521936738,132.8798
322,584257792336738,133.2901
323,583603737736738,133.6952
324,582950358136738,134.0978
325,582297653536738,134.499
326,581645623936738,134.9019
327,580994269336738,135.3018
328,580343589736738,135.7095
329,579693585136738,136.1083
330,579044255536738,136.508
331,578395600936738,136.9087
332,577747621336738,137.312
333,577100316736738,137.7103
334,576453687136738,138.1115
335,575807732536738,138.5171
336,575162452936738,138.9297
337,574517848336738,139.3359
338,573873918736738,139.7556
339,573230664136738,140.1618
340,572588084536738,140.5654
341,571946179936738,140.9783
342,571304950336738,141.3948
343,570664395736738,141.7982
344,570024516136738,142.2026
345,569385311536738,142.6116
346,568746781936738,143.015
347,568108927336738,143.4182
348,567471747736738,143.8218
349,566835243136738,144.2213
350,566199413536738,144.6235
351,565564258936738,145.0281
352,564929779336738,145.4266
353,564295974736738,145.8279
354,563662845136738,146.2315
355,563030390536738,146.6394
356,562398610936738,147.0424
357,561767506336738,147.4417
358,561137076736738,147.842
359,560507322136738,148.2424
360,559878242536738,148.6431
361,559249837936738,149.0424
362,558622108336738,149.4427
363,557995053736738,149.8434
364,557368674136738,150.2454
365,556742969536738,150.6506
366,556117939936738,151.0542
367,555493585336738,151.457
368,554869905736738,151.859
369,554246901136738,152.2603
370,553624571536738,152.6637
371,553002916936738,153.067
372,552381937336738,153.4678
373,551761632736738,153.867
374,551142003136738,154.2654
375,550523048536738,154.6678
376,549904768936738,155.0687
377,549287164336738,155.4695
378,548670234736738,155.8685
379,548053980136738,156.2672
380,547438400536738,156.6679
381,546823495936738,157.068
382,546209266336738,157.4684
383,545595711736738,157.8713
384,544982832136738,158.2731
385,544370627536738,158.6772
386,543759097936738,159.0822
387,543148243336738,159.4821
388,542538063736738,159.8879
389,541928559136738,160.2962
390,541319729536738,160.7036
391,540711574936738,161.1063
392,540104095336738,161.5117
393,539497290736738,161.919
394,538891161136738,162.3238
395,538285706536738,162.7293
396,537680926936738,163.1344
397,537076822336738,163.5331
398,536473392736738,163.9394
399,535870638136738,164.3455
400,535268558536738,164.7499
401,534667153936738,165.1513
402,534066424336738,165.5522
403,533466369736738,165.9547
404,532866990136738,166.3608
405,532268285536738,166.7952
406,531670255936738,167.2013
407,531072901336738,167.6049
408,530476221736738,168.0086
409,529880217136738,168.4202
410,529284887536738,168.8205
411,528690232936738,169.2251
412,528096253336738,169.6307
413,527502948736738,170.0303
414,526910319136738,170.4334
415,526318364536738,170.8379
416,525727084936738,171.2414
417,525136480336738,171.6429
418,524546550736738,172.0497
419,523957296136738,172.4545
420,523368716536738,172.8621
421,522780811936738,173.2625
422,522193582336738,173.6678
423,521607027736738,174.071
424,521021148136738,174.4707
425,520435943536738,174.8693
426,519851413936738,175.271
427,519267559336738,175.6766
428,518684379736738,176.078
429,518101875136738,176.4818
430,517520045536738,176.8801
431,516938890936738,177.2816
432,516358411336738,177.6849
433,515778606736738,178.0875
434,515199477136738,178.4873
435,514621022536738,178.8958
436,514043242936738,179.2976
437,513466138336738,179.698
438,512889708736738,180.1013
439,512313954136738,180.5058
440,511738874536738,180.9122
441,511164469936738,181.3229
442,510590740336738,181.7384
443,510017685736738,182.1451
444,509445306136738,182.5545
445,508873601536738,182.9617
446,508302571936738,183.3682
447,507732217336738,183.7713
448,507162537736738,184.1788
449,506593533136738,184.5854
450,506025203536738,184.9844
451,505457548936738,185.384
452,504890569336738,185.7906
453,504324264736738,186.191
454,503758635136738,186.5938
455,503193680536738,186.9989
456,502629400936738,187.4042
457,502065796336738,187.8135
458,501502866736738,188.2299
459,500940612136738,188.6355
460,500379032536738,189.0406
461,499818127936738,189.4436
462,499257898336738,189.8507
463,498698343736738,190.2581
464,498139464136738,190.6669
465,497581259536738,191.071
466,497023729936738,191.4739
467,496466875336738,191.8776
468,495910695736738,192.3004
469,495355191136738,192.7044
470,494800361536738,193.1081
471,494246206936738,193.5076
472,493692727336738,193.9156
473,493139922736738,194.3197
474,492587793136738,194.7196
475,492036338536738,195.1184
476,491485558936738,195.5191
477,490935454336738,195.9225
478,490386024736738,196.3232
479,489837270136738,196.7318
480,489289190536738,197.1401
481,488741785936738,197.5481
482,488195056336738,197.9486
483,487649001736738,198.3524
484,487103622136738,198.7541
485,486558917536738,199.1546
486,486014887936738,199.5635
487,485471533336738,199.9711
488,484928853736738,200.3831
489,484386849136738,200.7981
490,483845519536738,201.2192
491,483304864936738,201.6301
492,482764885336738,202.0352
493,482225580736738,202.4334
494,481686951136738,202.8319
495,481148996536738,203.2397
496,480611716936738,203.6532
497,480075112336738,204.0497
498,479539182736738,204.5251
499,479003928136738,204.9302
500,478469348536738,205.3337
501,477935443936738,205.7462
502,477402214336738,206.1444
503,476869659736738,206.5411
504,476337780136738,206.9433
505,475806575536738,207.3461
506,475276045936738,207.7439
507,474746191336738,208.141
508,474217011736738,208.5478
509,473688507136738,208.9516
510,473160677536738,209.3525
511,472633522936738,209.7606
512,472107043336738,210.1809
513,471581238736738,210.5831
514,471056109136738,210.9809
515,470531654536738,211.3828
516,470007874936738,211.7843
517,469484770336738,212.183
518,468962340736738,212.5812
519,468440586136738,212.9885
520,467919506536738,213.3844
521,467399101936738,213.7821
522,466879372336738,214.1944
523,466360317736738,214.6023
524,465841938136738,215.0321
525,465324233536738,215.4375
526,464807203936738,215.8384
527,464290849336738,216.237
528,463775169736738,216.6339
529,463260165136738,217.0295
530,462745835536738,217.4258
531,462232180936738,217.8233
532,461719201336738,218.2806
533,461206896736738,218.7884
534,460695267136738,219.1901
