1,7.594360915923146e+17,0.59923
2,1.057398657974258e+17,2.2125
3,8.582766419199587e+16,2.7414
4,6.670587597142678e+16,3.1142
5,5.08239924231967e+16,3.4517
6,3.769520450378181e+16,3.7905
7,2.487521588761221e+16,4.1076
8,1.815185734010368e+16,4.4286
9,1.198626385189663e+16,4.7497
10,9374030419214200,5.0722
11,6860821005741425,5.3916
12,4491395746354029,5.7123
13,2530190497188517,6.0335
14,1112242896643492,6.356
15,506324718262627.2,6.682
16,942797585684008.8,7.0037
17,1277224651579733,7.3253
18,337091426626796.9,7.6674
19,159893967213056.5,8.0087
20,116276183903339.7,8.3438
21,35548477390095.29,8.6728
22,19993951669232.93,9.007
23,7187589286183.672,9.3404
24,3315462597265.104,9.8222
25,10518715979443.25,10.1561
26,28414026386.8769,10.4896
27,4458232900,10.8265
28,0,11.1634
