1,2.595168932928668e+18,0.82953
2,2.260653417986527e+18,1.004
3,1.951578322419797e+18,1.1556
4,1.683944037469634e+18,1.3067
5,1.467049950633957e+18,1.4582
6,1.258368053300116e+18,1.6091
7,1.085422749325094e+18,1.7603
8,9.434649977731309e+17,1.9124
9,8.448813351262918e+17,2.0634
10,7.653805868282949e+17,2.2144
11,6.940308016007561e+17,2.3655
12,6.405550647647194e+17,2.5169
13,5.91336350171964e+17,2.6679
14,5.512074574155533e+17,2.8189
15,5.125191583723811e+17,2.9728
16,4.856555067674639e+17,3.128
17,4.59472097316346e+17,3.2792
18,4.397344894939848e+17,3.4305
19,4.24304988038974e+17,3.5818
20,4.123514153962543e+17,3.7344
21,4.009374843817789e+17,3.8856
22,3.903319085595572e+17,4.0367
23,3.853172904674854e+17,4.1878
24,3.808289821672186e+17,4.3388
25,3.719240265746001e+17,4.49
26,3.455791612593434e+17,4.641
27,3.431281683587581e+17,4.7958
28,3.411077020429443e+17,4.947
29,3.395503403722251e+17,5.0982
30,3.386675103040917e+17,5.2492
31,3.377941111612239e+17,5.4021
32,3.377156199889798e+17,5.5537
33,3.377862988298968e+17,5.7091
34,3.381501061889664e+17,5.8612
35,3.224915833861517e+17,6.1138
36,3.065112192448913e+17,6.3437
37,2.919162729811287e+17,6.5673
38,2.711698795336531e+17,6.7928
39,2.56964725837166e+17,7.0163
40,2.43494305745577e+17,7.2396
41,2.30323176426843e+17,7.463
42,2.189904461906284e+17,7.6863
43,2.083859302099646e+17,7.9099
44,1.965856121317771e+17,8.1331
45,1.871086457028433e+17,8.3592
46,1.786952113508433e+17,8.5859
47,1.719104127981573e+17,8.8117
48,1.651412277113111e+17,9.0364
49,1.589034735526097e+17,9.2599
50,1.537270981606097e+17,9.4834
51,1.487344881049898e+17,9.7081
52,1.412937958881859e+17,9.9338
53,1.36880355198356e+17,10.1612
54,1.321867398612901e+17,10.3849
55,1.252697948937353e+17,10.6094
56,1.210285468396799e+17,10.833
57,1.168646279148976e+17,11.0568
58,1.127282092377791e+17,11.2801
59,1.08646754637283e+17,11.5036
60,1.049470006823813e+17,11.7284
61,1.012866630860167e+17,11.9538
62,9.765415056966454e+16,12.1777
63,9.414870712777062e+16,12.4025
64,9.073290619725216e+16,12.6289
65,8.751603931742482e+16,12.8544
66,8.425725470925216e+16,13.0779
67,8.119214474945962e+16,13.301
68,7.820430633946619e+16,13.5246
69,7.530633400793653e+16,13.7481
70,7.250984340295093e+16,13.9716
71,6.978352519495093e+16,14.1946
72,6.716599834540163e+16,14.4178
73,6.472193721275753e+16,14.641
74,6.242986665275753e+16,14.8643
75,6.021388305299256e+16,15.0874
76,5.810132471699256e+16,15.3112
77,5.60897984810531e+16,15.538
78,5.43142230890531e+16,15.7684
79,5.25477780650531e+16,15.9964
80,5.084126481530662e+16,16.2304
81,4.879390504122575e+16,16.4575
82,4.70711204330531e+16,16.6843
83,4.553508541556456e+16,16.9093
84,4.406041034994226e+16,17.1339
85,4.259244037498032e+16,17.3587
86,4.118408793392899e+16,17.5834
87,3.983952959792899e+16,17.8072
88,3.850198600290598e+16,18.0314
