1,31823006726,0.7368
2,28820949651,3.5756
3,26231234063,4.3568
4,24290975714,4.9563
5,22375086109,5.5093
6,20885974273,6.0934
7,19557055402,6.6408
8,18127983743,7.1965
9,16856253320,7.7439
10,15786273281,8.2907
11,14912283148,8.8375
12,14229778648,9.3851
13,13711480094,9.9325
14,13338204632,10.5105
15,12955028847,11.0584
16,12612747616,11.6068
17,12298100514,12.1541
18,12086720270,12.6998
19,12095700053,13.2532
20,11616893703,13.799
21,11642994088,14.3499
22,11549375799,14.8959
23,11639850603,15.4419
24,11733468892,15.9912
25,11639850603,18.5455
26,11549375799,18.9867
27,11639850603,21.5408
28,10887850603,22.0786
29,10209072653,22.7184
30,9572905182,23.3523
31,8947034102,23.9864
32,8422975298,24.6204
33,8030142428,25.255
34,7661121693,25.8894
35,7298750787,26.5226
36,6952987644,27.1571
37,6594621519,27.791
38,6232097629,28.4264
39,5907181257,29.0594
40,5667640611,29.6933
41,5431349391,30.3278
42,5197156221,30.9619
43,4979667906,31.5979
44,4375074729,32.2336
45,3779819447,32.868
46,3594689015,33.5028
47,3370220301,34.1416
48,2918537576,34.7762
49,2745978969,35.4108
50,2410229204,36.0492
51,2252885814,36.684
52,2100780549,37.323
53,1949947770,37.9575
54,1819265718,38.5914
55,1690124433,39.2252
56,1562995893,39.8588
57,1460119458,40.4939
58,1359372978,41.1271
59,1264708613,41.7607
60,1170955933,42.3946
61,1090955933,43.0292
62,1015988213,43.6691
63,944160913,44.3165
64,876001968,44.9557
65,821138923,45.6471
66,768620773,46.2846
67,716506848,46.921
68,668506848,47.5565
69,620843123,48.1913
70,573971813,48.8263
71,533574498,49.4642
72,493574498,50.0985
73,455046343,50.7326
74,417879398,51.3678
75,382096113,52.0029
76,348512388,52.6391
77,317469263,53.274
78,288615973,53.9093
79,259926803,54.5455
80,234885458,55.1864
81,210526783,55.8212
82,187475593,56.4556
83,166707678,57.0911
84,146039303,57.8187
85,126188228,58.4524
86,108821383,59.0827
87,93141558,59.7142
88,80371388,60.3459
89,69756343,60.9827
90,59304883,61.6152
91,49305583,62.2454
92,42889308,62.8756
93,37843328,63.5043
94,33843328,64.134
95,29843328,64.7678
96,25843328,65.3983
97,21843328,66.0295
98,19562878,66.7105
99,17312268,67.3498
100,15312268,68.0197
101,13312268,68.6626
102,11312268,69.2911
103,9388288,69.9203
104,7388288,70.55
105,5668738,71.1779
106,4160088,71.8065
107,2704908,72.4345
108,2304908,73.0625
109,2132208,73.6943
110,1732208,74.3228
111,1715523,74.9513
112,1315523,75.5795
113,1315523,76.2098
114,915523,76.8376
115,915523,77.4663
116,515523,78.0943
117,515523,78.7218
118,515523,79.3512
119,515523,79.9792
120,515523,80.607
121,515523,81.236
122,164156002,81.7761
123,330780069,82.3182
124,167139590,82.8626
125,515523,83.4049
126,164156002,83.9413
127,330780069,84.4773
128,164156002,87.0177
129,515523,87.4574
130,164156002,89.9957
131,330780069,90.4326
132,164156002,92.9706
133,515523,93.4097
134,164156002,95.9485
135,330780069,96.3893
136,164156002,98.928
137,515523,99.3688
138,164156002,101.9199
139,330780069,102.3597
140,164156002,102.988
141,515523,103.6184
142,515523,104.2476
143,515523,104.879
144,515523,105.5091
145,515523,106.1413
146,515523,106.7799
147,515523,107.4149
148,515523,108.0537
149,515523,108.684
150,515523,109.3209
151,515523,109.9538
152,515523,110.5857
153,515523,111.2246
154,515523,111.8585
155,515523,112.4967
156,515523,113.1275
157,515523,113.7594
158,164156002,114.2991
159,330780069,114.8374
160,167139590,115.3818
161,515523,115.9219
162,164156002,116.4609
163,330780069,117.0011
164,164156002,119.5437
165,515523,119.9843
166,164156002,122.5229
167,330780069,122.9713
168,164156002,125.5176
169,515523,125.9646
170,164156002,128.5108
171,330780069,128.9507
172,164156002,131.4975
173,515523,131.935
174,164156002,134.5012
175,330780069,134.9632
176,164156002,135.6032
177,515523,136.2391
178,515523,136.8727
179,515523,137.5065
180,515523,138.1414
181,515523,138.7755
182,515523,139.4261
183,515523,140.0829
184,515523,140.7399
185,515523,141.4134
