1,3.123920195554327e+17,0.46943
2,2.420783615057761e+17,2.0011
3,1.877604161208701e+17,2.6484
4,1.480337126818112e+17,3.0245
5,1.089083361512706e+17,3.4684
6,7.942779049738086e+16,3.8243
7,5.411692606994197e+16,4.1796
8,4.156439884000482e+16,4.5347
9,3.408842765942041e+16,4.8901
10,3.207858862619125e+16,5.246
11,3.09461563243204e+16,5.601
12,3.083764959448967e+16,5.9562
13,3.052323409349931e+16,6.3082
14,2.993209496334916e+16,6.6592
15,2.991954422867967e+16,7.0141
16,2.993209496334916e+16,7.3669
17,3.036953502398914e+16,7.7213
18,2.374742241397201e+16,8.0919
19,2.023365681797201e+16,8.4572
20,1.673945907797201e+16,8.8189
21,1.349323124725196e+16,9.1826
22,1.095629926345802e+16,9.5435
23,8672736906560684,9.9069
24,7071904277925301,10.2682
25,5880355545925301,10.6329
26,4944662986076446,10.9944
27,4116614791837702,11.356
28,3348628241997956,11.7174
29,2596839192287000,12.0817
30,1900387491522279,12.4474
31,1424065219440385,12.8157
32,1108465813994126,13.1848
33,848018327605630.1,13.5583
34,650164759306254,13.9353
35,503171442506254.1,14.3018
36,376157821706254,14.6704
37,268728830610426.5,15.0431
38,183782325010426.5,15.4091
39,151112154203477,15.7731
40,123633764956129.5,16.1448
41,97024292504254.52,16.5114
42,74737613072339.81,16.8746
43,56889978483199.41,17.2366
44,43359867248449.41,17.5996
45,36148631740911.8,17.9658
46,32966047811371.4,18.3275
47,32214624426531.8,18.6927
48,31833417842531.8,19.0561
49,31455731258531.8,19.4182
50,31081564674531.8,19.7794
51,30710918090531.8,20.1484
52,30343791506531.8,20.5114
53,29980184922531.8,20.8858
54,29620098338531.8,21.2544
55,29263531754531.8,21.6187
56,28910485170531.8,21.9892
57,288502766908879.6,22.3488
58,28910485170531.8,22.7063
59,288502766908879.6,23.0638
60,831208652910079.6,23.4208
61,288502766908879.6,23.7937
62,28910485170531.8,24.1611
63,11381754474737.9,24.5225
64,11100446370737.9,24.8846
65,10822658266737.9,25.2459
66,10548390162737.9,25.612
67,10277642058737.9,25.977
68,10010413954737.9,26.3398
69,9746705850737.9,26.7021
70,9486517746737.9,27.064
71,9229849642737.9,27.4259
72,8976701538737.9,27.8
73,8727073434737.9,28.1683
74,8480965330737.9,28.5372
75,8238377226737.9,28.9075
76,7999309122737.9,29.2764
77,7763761018737.9,29.6468
78,7531732914737.9,30.0142
79,7303224810737.9,30.3833
80,7078236706737.9,30.7479
81,6856768602737.9,31.115
82,6638820498737.9,31.4821
83,6424392394737.9,31.8503
84,6213484290737.9,32.219
85,6006096186737.9,32.587
86,5802228082737.9,32.9557
87,5601879978737.9,33.3204
88,5405051874737.9,33.6848
89,5211743770737.9,34.0506
90,5021955666737.9,34.4127
91,4835687562737.9,34.7793
92,4652939458737.9,35.1451
93,4473711354737.9,35.5091
94,4298003250737.9,35.872
95,4125815146737.9,36.2345
96,3957147042737.9,36.598
97,3791998938737.9,36.9623
98,3630370834737.9,37.3292
99,3472262730737.9,37.714
100,699923963495459,38.0796
101,3472262730737.9,38.4355
102,699923963495459,38.809
103,1785879831635222,39.1852
104,699923963495459,39.5645
105,3472262730737.9,39.9456
106,3317674626737.9,40.3211
107,3166606522737.9,40.6979
108,3019058418737.9,41.0623
109,2875030314737.9,41.4247
110,2734522210737.9,41.7898
111,2597534106737.9,42.1539
112,2464066002737.9,42.5155
113,2334117898737.9,42.882
114,2207689794737.9,43.2475
115,2084781690737.9,43.6186
116,1965393586737.9,43.9873
117,1849525482737.9,44.3499
118,1737177378737.9,44.7132
119,1628349274737.9,45.0797
120,1523041170737.9,45.4421
121,1421253066737.9,45.815
122,1322984962737.9,46.1843
123,1228236858737.9,46.5485
124,1137008754737.9,46.9143
125,1049300650737.9,47.2857
126,965112546737.9,47.6522
127,884444442737.9,48.0199
128,807296338737.9,48.3897
129,733668234737.9,48.756
130,663560130737.9,49.1234
131,596972026737.9,49.4916
132,533903922737.9,49.8559
133,474355818737.9,50.2192
134,418327714737.9,50.5911
135,365819610737.9,50.9571
136,316831506737.9,51.3214
137,271363402737.9,51.6896
138,229415298737.9,52.0522
139,190987194737.9,52.4149
140,156079090737.9,52.7818
141,124690986737.9,53.1458
142,96822882737.9,53.5095
143,96822882737.9,53.8667
144,96822882737.9,54.2266
145,259689104621085.7,54.5979
146,96822882737.9,54.9791
147,72474778737.9,55.3523
148,51646674737.9,55.7179
149,34338570737.9,56.0819
150,20550466737.9,56.4516
151,10282362737.9,56.8325
152,3534258737.9,57.1958
153,306154737.9,57.5583
154,0,57.9213
