1,11022232687,0.60709
2,9042265717,0.62511
3,7810779140,0.64182
4,6834892330,0.65768
5,5860895417,0.6736
6,4594358412,0.68945
7,3812842156,0.70528
8,2911850266,0.72109
9,2388259326,0.73642
10,2200857535,0.7517
11,2200857535,0.76652
12,2235719800,2.7827
13,1899799910,2.8137
14,1675041636,2.8362
15,1213148001,2.8589
16,1041380968,2.882
17,882257023,2.9051
18,780232278,2.9278
19,695892158,2.9503
20,603513858,2.9734
21,517809958,2.9952
22,437809958,3.018
23,366685463,3.0407
24,296729483,3.0633
25,256729483,3.0867
26,217062457,3.1101
27,177691142,3.136
28,141014222,3.159
29,106886072,3.1819
30,83214247,3.2046
31,72450177,3.2263
32,46479027,3.249
33,33347067,3.2716
34,22582997,3.2942
35,16717130,3.317
36,14717130,3.3399
37,12717130,3.3627
38,10717130,3.3854
39,8717130,3.4081
40,6717130,3.4308
41,5013230,3.4525
42,4280256,3.4751
43,3013230,3.4978
44,2280256,3.5205
45,1013230,3.5431
46,717130,3.5656
47,296100,3.5886
48,0,3.6117
