1,1.520974938715384e+18,0.61701
2,1.164585305363094e+18,2.7454
3,8.999059463606051e+17,3.3639
4,6.194395202218821e+17,3.811
5,5.01716818830676e+17,4.2384
6,4.371083306524728e+17,4.6412
7,3.641703768628402e+17,5.0461
8,3.166677672447694e+17,5.4553
9,2.69352164810188e+17,5.8599
10,2.412441304556531e+17,6.2781
11,2.213996378379884e+17,6.6821
12,2.097539905531584e+17,7.09
13,2.007231913686116e+17,7.4929
14,1.949285931527005e+17,7.8991
15,1.833404852947648e+17,8.3028
16,1.780224036496343e+17,8.7116
17,1.742711051826144e+17,9.1156
18,1.716305826897863e+17,9.5184
19,1.695265360367728e+17,9.9245
20,1.695868339174321e+17,10.3288
21,1.710908339773651e+17,10.7339
