1,9181366705,0.032336
2,5548840185,0.043301
3,3810139350,0.054255
4,3084814330,0.065634
5,2161940410,0.076566
6,1402532570,0.087896
7,1024337580,0.098854
8,760371780,0.10977
9,581932249,0.12065
10,426286872,0.13155
11,428774782,0.14227
12,489833773,0.1533
13,599289604,0.16444
14,730309749,0.17576
15,713352234,0.18713
16,453421309,0.21263
17,259147749,0.23807
18,198088758,0.26351
19,145856782,0.2895
20,98482387,0.31489
21,58482387,0.34024
22,29714497,0.36568
23,20584877,0.39161
24,12584877,0.41703
25,4772693,0.44326
26,2284783,0.46865
27,0,0.49402
