1,31823006726,0.20421
2,28820949651,0.27257
3,26231234063,0.34125
4,24290975714,0.40968
5,22375086109,0.47762
6,20885974273,0.54648
7,19557055402,0.61465
8,18127983743,0.68347
9,16856253320,0.75031
10,15786273281,0.81646
11,14912283148,0.88274
12,14229778648,0.94935
13,13711480094,1.0173
14,13338204632,1.084
15,12955028847,1.1508
16,12612747616,1.2182
17,12298100514,1.2865
18,12086720270,1.3544
19,12095700053,1.4221
20,11616893703,1.4903
21,11642994088,1.5583
22,11549375799,1.6261
23,11639850603,1.6939
24,11752824290,1.7615
25,11880400135,1.8284
26,12011879049,1.8964
27,12159682546,1.9681
28,11407682546,2.1286
29,10781811466,2.296
30,10254361676,2.4601
31,9730302872,2.6238
32,9319993785,2.7908
33,8726173529,2.955
34,8275057845,3.1169
35,7883229275,3.2788
36,7514208540,3.4408
37,7158454468,3.6026
38,6481656278,3.768
39,6091402014,3.9355
40,5712151551,4.1007
41,5144489676,4.2628
42,4781965786,4.4299
43,4508126199,4.5973
44,4273933029,4.7666
45,3945545753,4.9347
46,3638801982,5.099
47,3426608277,5.266
48,3226608277,5.4303
49,2831088411,5.5938
50,2658529804,5.7549
51,2390578879,5.9168
52,2233235489,6.0775
53,2081130224,6.24
54,1930297445,6.4015
55,1781685169,6.5649
56,1652543884,6.7291
57,1525415344,6.8878
58,1422538909,7.0489
59,1321799053,7.2118
60,1227134688,7.3784
61,1132542968,7.5457
62,1052542968,7.7119
63,977575248,7.8783
64,905747948,8.0461
65,837589003,8.2142
66,762738323,8.3786
67,707875278,8.5453
68,655357128,8.7097
69,604691733,8.8754
70,556691733,9.0426
71,509028008,9.2085
72,462156698,9.3756
73,421759383,9.5383
74,381759383,9.7046
75,343231228,9.8678
76,306064283,10.034
77,272480558,10.2013
78,243627268,10.3657
79,214938098,10.5312
80,189896753,10.6953
81,165538078,10.8598
82,142486888,11.0262
83,121818513,11.192
84,101967438,11.3562
85,84981313,11.5228
86,69301488,11.6858
87,56531318,11.8523
88,45916273,12.0193
89,35464813,12.1856
90,29048538,12.3521
91,24002558,12.5195
92,20002558,12.6839
93,16002558,12.8421
94,12920938,13.0036
95,10670328,13.1638
96,8670328,13.325
97,6670328,13.4852
98,4670328,13.6545
99,2746348,13.8216
100,2346348,13.9878
101,1946348,14.1481
102,1546348,14.3113
103,1146348,14.4784
104,746348,14.6405
105,573648,14.807
106,532208,14.9738
107,515523,15.1373
108,515523,15.3044
109,515523,15.473
110,515523,15.6396
111,515523,15.8079
112,515523,15.9773
113,164156002,16.0462
114,515523,16.1152
115,167139590,16.1837
116,357099382,16.2526
117,612231262,16.3215
118,875626756,16.3913
119,1202466263,16.4606
120,1557251140,16.5283
121,1918083919,16.5966
122,2301527359,16.6641
123,2699175223,16.7318
124,3115463004,16.8006
125,3279103483,16.869
126,3112479416,16.9387
127,2922519624,17.0083
128,2667387744,17.0773
129,2403992250,17.1454
130,2077152743,17.2143
131,1660864962,17.3804
132,1263217098,17.5468
133,879773658,17.7054
134,518940879,17.8715
135,164156002,18.0332
136,515523,18.1989
137,515523,18.3656
138,515523,18.5324
139,515523,18.6947
140,515523,18.8581
141,515523,19.0211
142,515523,19.1812
143,515523,19.3428
144,515523,19.5033
145,515523,19.6615
146,515523,19.8232
147,515523,19.9855
148,515523,20.1468
149,515523,20.3097
150,515523,20.4724
151,515523,20.633
152,515523,20.7969
153,515523,20.9573
154,515523,21.1161
155,515523,21.2783
156,515523,21.4411
157,515523,21.6048
158,515523,21.77
159,515523,21.9399
160,515523,22.11
161,515523,22.2757
162,515523,22.4391
163,515523,22.6053
164,515523,22.7734
165,515523,22.9393
166,515523,23.1025
167,515523,23.2663
168,515523,23.4303
169,515523,23.5895
170,515523,23.7531
171,515523,23.9219
172,515523,24.0847
173,515523,24.2441
174,515523,24.4067
175,515523,24.575
176,515523,24.7456
177,515523,24.9071
178,515523,25.0729
179,515523,25.2353
180,515523,25.3983
181,515523,25.5624
182,515523,25.7257
183,515523,25.8907
184,515523,26.0549
185,515523,26.213
186,515523,26.3714
187,515523,26.5298
188,515523,26.689
189,515523,26.8551
190,515523,27.0244
191,515523,27.1922
192,515523,27.3607
193,515523,27.5232
194,515523,27.6872
195,515523,27.8536
196,515523,28.0179
197,515523,28.1818
198,515523,28.3457
199,515523,28.5111
200,515523,28.6775
201,515523,28.8377
202,515523,29.0021
203,515523,29.1628
204,515523,29.3225
205,515523,29.4845
206,515523,29.6448
207,515523,29.8104
208,515523,29.9787
209,515523,30.1391
210,515523,30.2994
211,515523,30.4617
212,515523,30.6221
213,515523,30.7815
214,515523,30.9484
215,515523,31.1105
216,515523,31.2713
217,355300400,31.3381
218,716133179,31.4062
219,1099576619,31.4743
220,1497224483,31.5431
221,1913512264,31.6127
222,2077152743,31.6818
223,2243776810,31.7512
224,2433736602,31.8211
225,2688868482,31.891
226,2947463976,31.9612
227,3274303483,32.032
228,2919518606,32.1007
229,2558685827,32.169
230,2175242387,32.2386
231,1777594523,32.3078
232,1361306742,32.3766
233,1197666263,32.4464
234,1031042196,32.5158
235,704202689,32.6826
236,449070809,32.8492
237,259111017,33.0163
238,232192637,33.1824
239,228632982,33.3489
240,219111017,33.5154
241,219111017,33.6795
242,515523,33.8464
243,515523,34.0138
244,515523,34.182
245,515523,34.3496
246,515523,34.5184
247,515523,34.6816
248,515523,34.8458
249,515523,35.0107
250,515523,35.1726
251,515523,35.3349
252,515523,35.4976
253,515523,35.6604
254,515523,35.8235
255,515523,35.985
256,515523,36.1453
257,515523,36.3038
258,515523,36.464
259,515523,36.6264
260,515523,36.7892
261,515523,36.9504
262,515523,37.1106
263,515523,37.2732
264,515523,37.437
265,515523,37.5956
266,515523,37.7596
267,515523,37.923
268,515523,38.0841
269,515523,38.2471
270,515523,38.4071
271,515523,38.5697
272,515523,38.7334
273,515523,38.8952
274,515523,39.0572
275,515523,39.2195
276,515523,39.3814
277,515523,39.5446
278,515523,39.7078
279,515523,39.867
280,515523,40.0278
281,515523,40.186
282,515523,40.3464
283,515523,40.5088
284,515523,40.6716
285,515523,40.8321
286,515523,40.9937
287,515523,41.1521
288,515523,41.312
289,515523,41.4697
290,515523,41.6297
291,515523,41.7882
292,515523,41.9475
293,515523,42.1067
294,515523,42.2661
295,515523,42.4247
296,515523,42.5846
297,515523,42.7426
298,515523,42.9028
299,515523,43.0612
300,515523,43.2202
301,515523,43.3792
302,515523,43.5387
303,515523,43.6972
304,515523,43.8569
305,515523,44.0169
306,515523,44.1767
307,515523,44.3349
308,515523,44.4973
309,515523,44.6567
310,515523,44.8168
311,515523,44.9754
312,515523,45.1355
313,515523,45.2934
314,515523,45.4535
315,515523,45.612
316,515523,45.7711
317,515523,45.9302
318,515523,46.0897
319,515523,46.2483
320,515523,46.4081
321,190475315,46.4736
322,445607195,46.5395
323,661802689,46.6057
324,988642196,46.6719
325,1303427073,46.7382
326,1664259852,46.8047
327,2047703292,46.8715
328,2445351156,46.9392
329,2861638937,47.0074
330,3025279416,47.0753
331,3191903483,47.1433
332,3001943691,47.2096
333,2746811811,47.2754
334,2530616317,47.3413
335,2203776810,47.4069
336,1888991933,47.4731
337,1528159154,47.5387
338,1144715714,47.6053
339,728427933,47.763
340,330780069,47.9205
341,164156002,48.078
342,515523,48.2355
343,515523,48.3933
344,515523,48.5512
345,515523,48.71
346,515523,48.8692
347,515523,49.0285
348,515523,49.1877
349,515523,49.3473
350,515523,49.5074
351,515523,49.6695
352,515523,49.8371
353,515523,50.0033
354,515523,50.1713
355,515523,50.3426
356,515523,50.5086
357,515523,50.6704
358,515523,50.8342
359,515523,51.0023
360,515523,51.1652
361,515523,51.325
362,515523,51.4843
363,515523,51.6439
364,515523,51.8052
365,515523,51.9719
366,515523,52.1419
367,515523,52.3067
368,515523,52.4698
369,515523,52.6352
370,515523,52.7996
371,515523,52.9623
372,515523,53.1241
373,515523,53.2882
374,515523,53.4515
375,515523,53.612
376,515523,53.7711
377,515523,53.9304
378,515523,54.0915
379,515523,54.253
380,515523,54.4135
381,515523,54.5754
382,515523,54.7371
383,515523,54.8965
384,515523,55.0553
385,515523,55.2152
386,515523,55.3751
387,515523,55.5359
388,515523,55.6962
389,515523,55.8582
390,515523,56.0285
391,515523,56.1909
392,515523,56.3522
393,515523,56.5132
394,515523,56.6743
395,515523,56.8436
396,515523,57.0083
397,515523,57.1701
398,515523,57.3323
399,515523,57.4914
400,515523,57.6503
401,515523,57.8098
402,515523,57.9704
403,515523,58.1306
404,515523,58.2988
405,515523,58.4652
406,515523,58.6271
407,515523,58.7936
408,515523,58.9605
409,515523,59.1217
410,515523,59.2911
411,515523,59.459
412,515523,59.6211
413,515523,59.791
414,515523,59.9569
415,515523,60.1247
416,515523,60.2946
417,515523,60.4687
418,515523,60.6388
419,515523,60.8003
420,515523,60.961
421,515523,61.1225
422,515523,61.2853
423,515523,61.4471
424,515523,61.607
425,398163387,61.6748
426,814451168,61.7432
427,978091647,61.8095
428,1144715714,61.8755
429,1334675506,61.9437
430,1589807386,62.011
431,1806002880,62.0784
432,2132842387,62.146
433,2445627264,62.2136
434,2806460043,62.2812
435,3189903483,62.3489
436,2792255619,62.4149
437,2375967838,62.481
438,2212327359,62.5478
439,2045703292,62.615
440,1855743500,62.6824
441,1600611620,62.7492
442,1384416126,62.8158
443,1000972686,62.9746
444,640139907,63.1331
445,313300400,63.2913
446,515523,63.4495
447,515523,63.609
448,515523,63.7688
449,515523,63.9275
450,515523,64.086
451,515523,64.2471
452,515523,64.419
453,515523,64.5803
454,515523,64.7427
455,515523,64.9037
456,515523,65.0693
457,515523,65.2303
458,515523,65.391
459,515523,65.5529
460,515523,65.715
461,515523,65.8779
462,515523,66.0415
463,515523,66.2021
464,515523,66.3645
465,515523,66.5252
466,515523,66.6855
467,515523,66.8475
468,515523,67.0111
469,515523,67.1726
470,515523,67.3344
471,515523,67.4949
472,515523,67.6588
473,515523,67.8188
474,515523,67.9865
475,515523,68.1503
476,515523,68.3118
477,515523,68.473
478,515523,68.6359
479,515523,68.7962
480,515523,68.9563
481,515523,69.1161
482,515523,69.2745
483,515523,69.4353
484,515523,69.5976
485,515523,69.7612
486,515523,69.9233
487,515523,70.0844
488,515523,70.2443
489,515523,70.4032
490,515523,70.5621
491,515523,70.7226
492,515523,70.8833
493,515523,71.0496
494,515523,71.2182
495,515523,71.3821
496,515523,71.5434
497,515523,71.7049
498,515523,71.867
499,515523,72.0313
500,515523,72.1953
501,515523,72.3585
502,515523,72.5216
503,515523,72.6849
504,515523,72.8451
505,515523,73.0052
506,515523,73.1671
507,515523,73.3285
508,515523,73.4898
509,515523,73.6515
510,515523,73.8144
511,515523,73.9772
512,515523,74.1391
513,515523,74.299
514,515523,74.459
515,515523,74.6198
516,515523,74.78
517,515523,74.9408
518,515523,75.1128
519,515523,75.2739
520,515523,75.4351
521,515523,75.5947
522,515523,75.7545
523,515523,75.9165
524,515523,76.0781
525,515523,76.2395
526,515523,76.4013
527,515523,76.562
528,515523,76.7224
529,327355030,76.79
530,640139907,76.8564
531,1000972686,76.925
532,1384416126,76.9935
533,1782063990,77.0631
534,2198351771,77.1317
535,2361992250,77.1999
536,2528616317,77.267
537,2718576109,77.337
538,2973707989,77.4074
539,3189903483,77.4769
540,2863063976,77.5459
541,2550279099,77.6144
542,2189446320,77.6819
543,1806002880,77.7508
544,1408355016,77.8184
545,992067235,77.8854
546,828426756,77.9519
547,573294876,78.1117
548,383335084,78.2807
549,216711017,78.4451
550,215792637,78.606
551,215792637,78.7673
552,1597143,78.9285
553,515523,79.0877
554,515523,79.2489
555,515523,79.4103
556,515523,79.571
557,515523,79.7344
558,515523,79.8953
559,515523,80.0556
560,515523,80.2181
561,515523,80.3854
562,515523,80.5468
563,515523,80.7086
564,515523,80.8689
565,515523,81.0301
566,515523,81.1913
567,515523,81.3503
568,515523,81.5116
569,515523,81.672
570,515523,81.8316
571,515523,81.9914
572,515523,82.1513
573,515523,82.3114
574,515523,82.4752
575,515523,82.6341
576,515523,82.7978
577,515523,82.9622
578,515523,83.1232
579,515523,83.2855
580,515523,83.4475
581,515523,83.608
582,515523,83.7685
583,515523,83.9274
584,515523,84.088
585,515523,84.2476
586,515523,84.4067
587,515523,84.5667
588,515523,84.7267
589,515523,84.8873
590,515523,85.0481
591,515523,85.2068
592,515523,85.3672
593,515523,85.5268
594,515523,85.6861
595,515523,85.8466
596,515523,86.0086
597,515523,86.1693
598,515523,86.33
599,515523,86.4887
600,515523,86.6501
601,515523,86.8103
602,515523,86.9702
603,515523,87.1304
604,515523,87.291
605,515523,87.4522
606,515523,87.6139
607,515523,87.7736
608,515523,87.936
609,515523,88.0964
610,515523,88.2562
611,515523,88.417
612,515523,88.5778
613,515523,88.7392
614,515523,88.9017
615,515523,89.0622
616,515523,89.2234
617,515523,89.3857
618,515523,89.5459
619,515523,89.7067
620,515523,89.8677
621,515523,90.0296
622,515523,90.1916
623,515523,90.3526
624,515523,90.5142
625,515523,90.675
626,515523,90.8359
627,515523,90.9975
628,515523,91.1594
629,515523,91.3208
630,515523,91.4832
631,515523,91.6463
632,515523,91.8079
633,167139590,91.8744
634,357099382,91.9431
635,612231262,92.0111
636,826426756,92.0792
637,1153266263,92.1473
638,1466051140,92.2155
639,1826883919,92.2839
640,2210327359,92.3532
641,2607975223,92.4223
642,3024263004,92.4916
643,3187903483,92.5609
644,3021279416,92.6293
645,2831319624,92.6979
646,2576187744,92.7652
647,2361992250,92.8334
648,2035152743,92.9013
649,1722367866,92.9694
650,1361535087,93.0391
651,945247306,93.2006
652,547599442,93.3615
653,164156002,93.5223
654,515523,93.684
655,515523,93.8455
656,515523,94.0077
657,515523,94.1704
658,515523,94.3325
659,515523,94.4936
660,515523,94.6552
661,515523,94.8171
662,515523,94.9848
663,515523,95.145
664,515523,95.3055
665,515523,95.4647
666,515523,95.6256
667,515523,95.7865
668,515523,95.9479
669,515523,96.1097
670,515523,96.2721
671,515523,96.4352
672,515523,96.5957
673,515523,96.7551
674,515523,96.9151
675,515523,97.0775
676,515523,97.2392
677,515523,97.4026
678,515523,97.5658
679,515523,97.7258
680,515523,97.8867
681,515523,98.0479
682,515523,98.208
683,515523,98.3695
684,515523,98.5331
685,515523,98.6961
686,515523,98.8592
687,515523,99.0208
688,515523,99.1851
689,515523,99.344
690,515523,99.5038
691,515523,99.6639
692,515523,99.8245
693,515523,99.9862
694,515523,100.1503
695,515523,100.313
696,515523,100.4739
697,515523,100.6336
698,515523,100.794
699,515523,100.9569
700,515523,101.1186
701,515523,101.2837
702,515523,101.4463
703,515523,101.6064
704,515523,101.767
705,515523,101.9301
706,515523,102.0904
707,515523,102.2517
708,515523,102.4134
709,515523,102.5756
710,515523,102.738
711,515523,102.8986
712,515523,103.0589
713,515523,103.2178
714,515523,103.3777
715,515523,103.5381
716,515523,103.6988
717,515523,103.8593
718,515523,104.023
719,515523,104.1825
720,515523,104.3421
721,515523,104.5012
722,515523,104.6608
723,515523,104.8222
724,515523,104.9843
725,515523,105.1466
726,515523,105.31
727,515523,105.4711
728,515523,105.6327
729,515523,105.7931
730,515523,105.9536
731,515523,106.1151
732,515523,106.2769
733,515523,106.4395
734,515523,106.6027
735,515523,106.7636
736,515523,106.9288
737,383958963,106.9972
738,781606827,107.0669
739,1197894608,107.1362
740,1361535087,107.2043
741,1528159154,107.2723
742,1718118946,107.3396
743,1973250826,107.4086
744,2187446320,107.4771
745,2514285827,107.5463
746,2827070704,107.6151
747,3187903483,107.6848
748,2804460043,107.7529
749,2406812179,107.8203
750,1990524398,107.8866
751,1826883919,107.9539
752,1660259852,108.0217
753,1470300060,108.0896
754,1215168180,108.1573
755,854335401,108.3196
756,527495894,108.4801
757,214711017,108.6399
758,213792637,108.8017
759,213792637,108.9647
760,1597143,109.1256
761,1597143,109.2875
762,515523,109.4488
763,515523,109.6109
764,515523,109.7733
765,515523,109.9381
766,515523,110.101
767,515523,110.2603
768,515523,110.422
769,515523,110.5821
770,515523,110.743
771,515523,110.904
772,515523,111.067
773,515523,111.2284
774,515523,111.3909
775,515523,111.5507
776,515523,111.7122
777,515523,111.8724
778,515523,112.0327
779,515523,112.1924
780,515523,112.3531
781,515523,112.5134
782,515523,112.675
783,515523,112.8337
784,515523,112.9971
785,515523,113.1561
786,515523,113.3157
787,515523,113.4754
788,515523,113.6359
789,515523,113.7961
790,515523,113.9565
791,515523,114.1161
792,515523,114.2767
793,515523,114.4357
794,515523,114.5954
795,515523,114.7552
796,515523,114.9156
797,515523,115.0762
798,515523,115.2374
799,515523,115.3961
800,515523,115.5569
801,515523,115.7166
802,515523,115.8762
803,515523,116.0374
804,515523,116.1988
805,515523,116.359
806,515523,116.5195
807,515523,116.678
808,515523,116.8387
809,515523,116.9982
810,515523,117.1578
811,515523,117.3179
812,515523,117.4783
813,515523,117.6387
814,515523,117.7995
815,515523,117.9582
816,515523,118.1192
817,515523,118.2781
818,515523,118.4381
819,515523,118.5976
820,515523,118.7578
821,515523,118.919
822,515523,119.0813
823,515523,119.2411
824,515523,119.4024
825,515523,119.5627
826,515523,119.7239
827,515523,119.888
828,515523,120.0499
829,515523,120.2115
830,515523,120.3739
831,515523,120.5334
832,515523,120.6954
833,515523,120.8551
834,515523,121.0158
835,515523,121.1767
836,515523,121.338
837,515523,121.4992
838,515523,121.6608
839,515523,121.8207
840,515523,121.9839
841,212711017,122.0511
842,539550524,122.1199
843,848335401,122.1875
844,1209168180,122.2562
845,1592611620,122.3254
846,1990259484,122.3945
847,2406547265,122.4637
848,2570187744,122.5314
849,2736811811,122.5993
850,2926771603,122.6671
851,3181903483,122.7354
852,2969707989,122.8034
853,2642868482,122.8712
854,2334083605,122.9388
855,1973250826,123.0067
856,1589807386,123.0745
857,1192159522,123.1417
858,775871741,123.2086
859,520739861,123.3675
860,330780069,123.5265
861,164156002,123.6852
862,515523,123.8438
863,515523,124.0031
864,515523,124.1641
865,515523,124.3235
866,515523,124.4837
867,515523,124.6444
868,515523,124.8058
869,515523,124.9719
870,515523,125.1339
871,515523,125.2936
872,515523,125.4537
873,515523,125.6131
874,515523,125.7731
875,515523,125.9339
876,515523,126.0962
877,515523,126.2608
878,515523,126.4229
879,515523,126.5829
880,515523,126.7435
881,515523,126.9051
882,515523,127.0653
883,515523,127.2263
884,515523,127.3889
885,515523,127.5518
886,515523,127.714
887,515523,127.8739
888,515523,128.0364
889,515523,128.1974
890,515523,128.3576
891,515523,128.5184
892,515523,128.6794
893,515523,128.8405
894,515523,129.0027
895,515523,129.1627
896,515523,129.3237
897,515523,129.4857
898,515523,129.6463
899,515523,129.8081
900,515523,129.9695
901,515523,130.1323
902,515523,130.2944
903,515523,130.454
904,515523,130.6145
905,515523,130.7758
906,515523,130.9377
907,515523,131.1001
908,515523,131.2614
909,515523,131.4228
910,515523,131.5847
911,515523,131.745
912,515523,131.9056
913,515523,132.065
914,515523,132.225
915,515523,132.3859
916,515523,132.5474
917,515523,132.7119
918,515523,132.874
919,515523,133.0364
920,515523,133.1968
921,515523,133.3559
922,515523,133.5171
923,515523,133.6779
924,515523,133.8396
925,515523,134.0027
926,515523,134.1648
927,515523,134.3265
928,515523,134.4898
929,515523,134.6494
930,515523,134.8096
931,515523,134.9704
932,515523,135.1319
933,515523,135.2936
934,515523,135.4559
935,515523,135.616
936,515523,135.7782
937,515523,135.9379
938,515523,136.0982
939,515523,136.2593
940,515523,136.4203
941,515523,136.5818
942,515523,136.7438
943,515523,136.9045
944,515523,137.0658
945,164156002,137.1332
946,330780069,137.1993
947,520739861,137.2661
948,775871741,137.3342
949,988067235,137.4015
950,1314906742,137.47
951,1623691619,137.538
952,1984524398,137.6064
953,2367967838,137.6746
954,2765615702,137.743
955,3181903483,137.812
956,3018263004,137.8807
957,2851638937,137.9493
958,2661679145,138.0178
959,2406547265,138.0858
960,2194351771,138.1541
961,1867512264,138.2216
962,1558727387,138.2897
963,1142439606,138.4519
964,744791742,138.611
965,361348302,138.7693
966,515523,138.9281
967,515523,139.0864
968,515523,139.2467
969,515523,139.4064
970,515523,139.567
971,515523,139.7275
972,515523,139.8891
973,515523,140.0515
974,515523,140.2148
975,515523,140.3736
976,515523,140.5342
977,515523,140.6942
978,515523,140.855
979,515523,141.0191
980,515523,141.181
981,515523,141.3425
982,515523,141.5045
983,515523,141.6638
984,515523,141.8242
985,515523,141.9836
986,515523,142.1436
987,515523,142.304
988,515523,142.4656
989,515523,142.6266
990,515523,142.7884
991,515523,142.9484
992,515523,143.1125
993,515523,143.2729
994,515523,143.4331
995,515523,143.5935
996,515523,143.7545
997,515523,143.9155
998,515523,144.0771
999,515523,144.2358
1000,515523,144.3957
1001,515523,144.5551
1002,515523,144.7147
1003,515523,144.8753
1004,515523,145.0365
1005,515523,145.1972
1006,515523,145.3587
1007,515523,145.5179
1008,515523,145.6779
1009,515523,145.8376
1010,515523,146.0008
1011,515523,146.1611
1012,515523,146.3221
1013,515523,146.4829
1014,515523,146.6444
1015,515523,146.8032
1016,515523,146.9633
1017,515523,147.1228
1018,515523,147.2827
1019,515523,147.4434
1020,515523,147.6046
1021,515523,147.7654
1022,515523,147.928
1023,515523,148.0886
1024,515523,148.2491
1025,515523,148.4093
1026,515523,148.57
1027,515523,148.7302
1028,515523,148.8916
1029,515523,149.0566
1030,515523,149.218
1031,515523,149.3763
1032,515523,149.536
1033,515523,149.6948
1034,515523,149.8545
1035,515523,150.0146
1036,515523,150.1754
1037,515523,150.3358
1038,515523,150.4972
1039,515523,150.656
1040,515523,150.8157
1041,515523,150.9747
1042,515523,151.1346
1043,515523,151.2942
1044,515523,151.4547
1045,515523,151.6151
1046,515523,151.7766
1047,515523,151.9366
1048,515523,152.0963
1049,361348302,152.1629
1050,744791742,152.2303
1051,1142439606,152.2972
1052,1558727387,152.3646
1053,1722367866,152.4305
1054,1888991933,152.4968
1055,2078951725,152.5632
1056,2334083605,152.6301
1057,2546279099,152.6968
1058,2873118606,152.7642
1059,3183903483,152.8312
1060,2823070704,152.8974
1061,2439627264,152.9632
1062,2041979400,153.0292
1063,1625691619,153.0944
1064,1462051140,153.1605
1065,1295427073,153.2267
1066,1105467281,153.2931
1067,778627774,153.4516
1068,467842897,153.6102
1069,212711017,153.7683
1070,211792637,153.9279
1071,210711017,154.0871
1072,515523,154.2461
1073,515523,154.4038
1074,515523,154.563
1075,515523,154.7223
1076,515523,154.8826
1077,515523,155.0442
1078,515523,155.205
1079,515523,155.3641
1080,515523,155.5254
1081,515523,155.6839
1082,515523,155.8428
1083,515523,156.0025
1084,515523,156.1632
1085,515523,156.3232
1086,515523,156.4843
1087,515523,156.6434
1088,515523,156.8047
1089,515523,156.9632
1090,515523,157.1225
1091,515523,157.2821
1092,515523,157.4421
1093,515523,157.6024
1094,515523,157.7636
1095,515523,157.9254
1096,515523,158.0878
1097,515523,158.247
1098,515523,158.4076
1099,515523,158.5679
1100,515523,158.7289
1101,515523,158.8893
1102,515523,159.0507
1103,515523,159.2103
1104,515523,159.3739
1105,515523,159.5337
1106,515523,159.6957
1107,515523,159.8591
1108,515523,160.0241
1109,515523,160.1844
1110,515523,160.3468
1111,515523,160.5063
1112,515523,160.6701
1113,515523,160.8311
1114,515523,160.9928
1115,515523,161.156
1116,515523,161.3185
1117,515523,161.4789
1118,515523,161.6418
1119,515523,161.8045
1120,515523,161.9675
1121,515523,162.1267
1122,515523,162.2863
1123,515523,162.4475
1124,515523,162.6117
1125,515523,162.772
1126,515523,162.9354
1127,515523,163.095
1128,515523,163.2568
1129,515523,163.4173
1130,515523,163.5802
1131,515523,163.7423
1132,515523,163.9077
1133,515523,164.0714
1134,515523,164.2346
1135,515523,164.3964
1136,515523,164.562
1137,515523,164.724
1138,515523,164.8856
1139,515523,165.0476
1140,515523,165.211
1141,515523,165.3709
1142,515523,165.5334
1143,515523,165.6928
1144,515523,165.8611
1145,515523,166.0278
1146,515523,166.1962
1147,515523,166.3608
1148,515523,166.5307
1149,515523,166.7003
1150,515523,166.866
1151,515523,167.0323
1152,515523,167.2015
1153,255647403,167.2709
1154,465842897,167.3408
1155,792682404,167.4098
1156,1101467281,167.48
1157,1462300060,167.5509
1158,1845743500,167.6211
1159,2243391364,167.6904
1160,2659679145,167.7594
1161,2823319624,167.827
1162,2989943691,167.8948
1163,3179903483,167.9619
1164,2924771603,168.0283
1165,2714576109,168.094
1166,2387736602,168.1612
1167,2078951725,168.2275
1168,1718118946,168.2963
1169,1334675506,168.3657
1170,937027642,168.4346
1171,520739861,168.6046
1172,330780069,168.7706
1173,164156002,168.9381
1174,515523,169.0996
1175,515523,169.2594
1176,515523,169.4212
1177,515523,169.5809
1178,515523,169.7408
1179,515523,169.9006
1180,515523,170.0633
1181,515523,170.2268
1182,515523,170.3918
1183,515523,170.5513
1184,515523,170.7119
1185,515523,170.8719
1186,515523,171.0336
1187,515523,171.1954
1188,515523,171.3576
1189,515523,171.5178
1190,515523,171.6787
1191,515523,171.8379
1192,515523,171.9987
1193,515523,172.1601
1194,515523,172.3231
1195,515523,172.4862
1196,515523,172.6499
1197,515523,172.8121
1198,515523,172.9796
1199,515523,173.1386
1200,515523,173.2988
1201,515523,173.4581
1202,515523,173.6184
1203,515523,173.78
1204,515523,173.9443
1205,515523,174.1076
1206,515523,174.2706
1207,515523,174.4295
1208,515523,174.5905
1209,515523,174.7514
1210,515523,174.9136
1211,515523,175.0769
1212,515523,175.2389
1213,515523,175.4016
1214,515523,175.5663
1215,515523,175.7268
1216,515523,175.8876
1217,515523,176.0492
1218,515523,176.2099
1219,515523,176.3702
1220,515523,176.5304
1221,515523,176.6899
1222,515523,176.8502
1223,515523,177.0091
1224,515523,177.168
1225,515523,177.3265
1226,515523,177.4869
1227,515523,177.6476
1228,515523,177.8113
1229,515523,177.9762
1230,515523,178.1418
1231,515523,178.3033
1232,515523,178.4638
1233,515523,178.6232
1234,515523,178.787
1235,515523,178.9524
1236,515523,179.1167
1237,515523,179.2799
1238,515523,179.4452
1239,515523,179.6055
1240,515523,179.7675
1241,515523,179.9295
1242,515523,180.0907
1243,515523,180.2545
1244,515523,180.417
1245,515523,180.5787
1246,515523,180.7444
1247,515523,180.9094
1248,515523,181.0705
1249,515523,181.2333
1250,515523,181.3967
1251,515523,181.5586
1252,515523,181.7264
1253,515523,181.8892
1254,515523,182.0551
1255,515523,182.2173
1256,515523,182.38
1257,416803304,182.4485
1258,580443783,182.5154
1259,747067850,182.5819
1260,937027642,182.6492
1261,1192159522,182.7174
1262,1402355016,182.7847
1263,1729194523,182.8538
1264,2035979400,182.923
1265,2396812179,182.9914
1266,2780255619,183.0591
1267,3177903483,183.128
1268,2761615702,183.1943
1269,2597975223,183.2626
1270,2431351156,183.3312
1271,2241391364,183.3994
1272,1986259484,183.4659
1273,1776063990,183.5338
1274,1449224483,183.603
1275,1051576619,183.7652
1276,668133179,183.9246
1277,307300400,184.0834
1278,515523,184.2416
1279,515523,184.4013
1280,515523,184.5607
1281,515523,184.7192
1282,515523,184.8784
1283,515523,185.0393
1284,515523,185.1991
1285,515523,185.36
1286,515523,185.5211
1287,515523,185.6797
1288,515523,185.8389
1289,515523,185.9969
1290,515523,186.1581
1291,515523,186.3209
1292,515523,186.4838
1293,515523,186.6458
1294,515523,186.8081
1295,515523,186.9673
1296,515523,187.1288
1297,515523,187.2869
1298,515523,187.4457
1299,515523,187.6053
1300,515523,187.7654
1301,515523,187.932
1302,515523,188.0964
1303,515523,188.256
1304,515523,188.4168
1305,515523,188.578
1306,515523,188.7389
1307,515523,188.9009
1308,515523,189.0627
1309,515523,189.2247
1310,515523,189.3868
1311,515523,189.5494
1312,515523,189.7134
1313,515523,189.8734
1314,515523,190.0345
1315,515523,190.1957
1316,515523,190.3556
1317,515523,190.5171
1318,515523,190.6798
1319,515523,190.8407
1320,515523,191.0035
1321,515523,191.1638
1322,515523,191.3239
1323,515523,191.4835
1324,515523,191.6439
1325,515523,191.8037
1326,515523,191.9642
1327,515523,192.1237
1328,515523,192.2832
1329,515523,192.4495
1330,515523,192.6145
1331,515523,192.7831
1332,515523,192.9513
1333,515523,193.1182
1334,515523,193.2856
1335,515523,193.4451
1336,515523,193.6064
1337,515523,193.7684
1338,515523,193.9293
1339,515523,194.09
1340,515523,194.2537
1341,515523,194.4148
1342,515523,194.5784
1343,515523,194.7401
1344,515523,194.9014
1345,515523,195.0644
1346,515523,195.2251
1347,515523,195.3871
1348,515523,195.5502
1349,515523,195.7145
1350,515523,195.8856
1351,515523,196.0543
1352,515523,196.2235
1353,515523,196.3885
1354,515523,196.5562
1355,515523,196.7259
1356,515523,196.8949
1357,515523,197.0658
1358,515523,197.2364
1359,515523,197.4044
1360,515523,197.5732
1361,307300400,197.6417
1362,668133179,197.7105
1363,1051576619,197.7799
1364,1449224483,197.8513
1365,1865512264,197.9225
1366,2029152743,197.991
1367,2195776810,198.0607
1368,2385736602,198.131
1369,2640868482,198.2007
1370,2851063976,198.2714
1371,3177903483,198.3427
1372,2871118606,198.4128
1373,2510285827,198.4821
1374,2126842387,198.5501
1375,1729194523,198.6172
1376,1312906742,198.6844
1377,1149266263,198.7535
1378,982642196,198.8239
1379,655802689,198.9939
1380,400670809,199.1613
1381,210711017,199.3261
1382,207792637,199.4861
1383,207792637,199.6535
1384,37597143,199.8218
1385,515523,199.9851
1386,515523,200.153
1387,515523,200.3142
1388,515523,200.4807
1389,515523,200.6468
1390,515523,200.8152
1391,515523,200.9818
1392,515523,201.1522
1393,515523,201.3204
1394,515523,201.4842
1395,515523,201.6432
1396,515523,201.8027
1397,515523,201.9661
1398,515523,202.1321
1399,515523,202.2992
1400,515523,202.4668
1401,515523,202.633
1402,515523,202.7993
1403,515523,202.9623
1404,515523,203.126
1405,515523,203.2896
1406,515523,203.4535
1407,515523,203.6156
1408,515523,203.7778
1409,515523,203.9411
1410,515523,204.1088
1411,515523,204.2741
1412,515523,204.4363
1413,515523,204.6008
1414,515523,204.7639
1415,515523,204.9278
1416,515523,205.0963
1417,515523,205.2635
1418,515523,205.4311
1419,515523,205.5996
1420,515523,205.7634
1421,515523,205.9274
1422,515523,206.096
1423,515523,206.2601
1424,515523,206.4308
1425,515523,206.5994
1426,515523,206.7678
1427,515523,206.9334
1428,515523,207.0994
1429,515523,207.2631
1430,515523,207.427
1431,515523,207.5944
1432,515523,207.7626
1433,515523,207.9302
1434,515523,208.098
1435,515523,208.2637
1436,515523,208.4275
1437,515523,208.5959
1438,515523,208.7662
1439,515523,208.9346
1440,515523,209.1032
1441,515523,209.2711
1442,515523,209.4393
1443,515523,209.6073
1444,515523,209.7754
1445,515523,209.9395
1446,515523,210.1085
1447,515523,210.2754
1448,515523,210.4446
1449,515523,210.6128
1450,515523,210.7805
1451,515523,210.9494
1452,515523,211.1185
1453,515523,211.2873
1454,515523,211.4513
1455,515523,211.6128
1456,515523,211.7828
1457,515523,211.9515
1458,515523,212.116
1459,515523,212.2828
1460,515523,212.4491
1461,515523,212.6172
1462,515523,212.7877
1463,515523,212.9574
1464,515523,213.1277
1465,190475315,213.1958
1466,445607195,213.2633
1467,615802689,213.3323
1468,942642196,213.4029
1469,1211427073,213.4717
1470,1572259852,213.5418
1471,1955703292,213.6116
1472,2353351156,213.6823
1473,2769638937,213.7517
1474,2933279416,213.8204
1475,3099903483,213.8903
1476,2909943691,213.9608
1477,2654811811,214.0299
1478,2484616317,214.1003
1479,2157776810,214.1697
1480,1888991933,214.239
1481,1528159154,214.3079
1482,1144715714,214.3778
1483,728427933,214.5438
1484,330780069,214.7072
1485,164156002,214.8733
1486,515523,215.0429
1487,515523,215.2068
1488,515523,215.3696
1489,515523,215.5352
1490,515523,215.715
1491,515523,215.8819
1492,515523,216.0428
1493,515523,216.2032
1494,515523,216.3664
1495,515523,216.527
1496,515523,216.6902
1497,515523,216.8577
1498,515523,217.0252
1499,515523,217.1924
1500,515523,217.3573
1501,515523,217.5235
1502,515523,217.6931
1503,515523,217.8602
1504,515523,218.0269
1505,515523,218.1882
1506,515523,218.3503
1507,515523,218.51
1508,515523,218.6711
1509,515523,218.8314
1510,515523,218.9924
1511,515523,219.1545
1512,515523,219.3134
1513,515523,219.4713
1514,515523,219.6298
1515,515523,219.79
1516,515523,219.9494
1517,515523,220.1093
1518,515523,220.2696
1519,515523,220.4282
1520,515523,220.5934
1521,515523,220.7614
1522,515523,220.9293
1523,515523,221.0903
1524,515523,221.2598
1525,515523,221.4293
1526,515523,221.5947
1527,515523,221.758
1528,515523,221.9209
1529,515523,222.0876
1530,515523,222.2558
1531,515523,222.4223
1532,515523,222.5885
1533,515523,222.7578
1534,515523,222.9275
1535,515523,223.091
1536,515523,223.2599
1537,515523,223.4272
1538,515523,223.5958
1539,515523,223.7589
1540,515523,223.9231
1541,515523,224.0865
1542,515523,224.2497
1543,515523,224.4179
1544,515523,224.5872
1545,515523,224.7518
1546,515523,224.9204
1547,515523,225.0893
1548,515523,225.2593
1549,515523,225.4287
1550,515523,225.5989
1551,515523,225.7657
1552,515523,225.9341
1553,515523,226.1007
1554,515523,226.2631
1555,515523,226.4254
1556,515523,226.5867
1557,515523,226.7489
1558,515523,226.9149
1559,515523,227.0797
1560,515523,227.2457
1561,515523,227.4076
1562,515523,227.5735
1563,515523,227.7393
1564,515523,227.9081
1565,515523,228.0721
1566,515523,228.2529
1567,515523,228.4224
1568,515523,228.5923
1569,398163387,228.6598
1570,814451168,228.7313
1571,978091647,228.7994
1572,1144715714,228.8671
1573,1334675506,228.9355
1574,1589807386,229.0054
1575,1760002880,229.075
1576,2086842387,229.1448
1577,2355627264,229.2143
1578,2716460043,229.2839
1579,3099903483,229.3538
1580,2702255619,229.4229
1581,2285967838,229.4911
1582,2122327359,229.5612
1583,1955703292,229.6303
1584,1765743500,229.6975
1585,1510611620,229.7651
1586,1340416126,229.8344
1587,956972686,230.0014
1588,596139907,230.167
1589,269300400,230.3298
1590,515523,230.4954
1591,515523,230.6597
1592,515523,230.8256
1593,515523,230.9847
1594,515523,231.145
1595,515523,231.3062
1596,515523,231.47
1597,515523,231.6386
1598,515523,231.8048
1599,515523,231.9696
1600,515523,232.1338
1601,515523,232.3009
1602,515523,232.4687
1603,515523,232.6364
1604,515523,232.8056
1605,515523,232.9743
1606,515523,233.1422
1607,515523,233.3095
1608,515523,233.4741
1609,515523,233.6416
1610,515523,233.8084
1611,515523,233.9777
1612,515523,234.1445
1613,515523,234.3079
1614,515523,234.4683
1615,515523,234.6285
1616,515523,234.7949
1617,515523,234.9591
1618,515523,235.1275
1619,515523,235.2955
1620,515523,235.4633
1621,515523,235.6311
1622,515523,235.7994
1623,515523,235.9643
1624,515523,236.1352
1625,515523,236.298
1626,515523,236.4621
1627,515523,236.6244
1628,515523,236.7874
1629,515523,236.9493
1630,515523,237.1097
1631,515523,237.2762
1632,515523,237.4458
1633,515523,237.6139
1634,515523,237.7753
1635,515523,237.9354
1636,515523,238.0962
1637,515523,238.2562
1638,515523,238.418
1639,515523,238.5784
1640,515523,238.7387
1641,515523,238.8984
1642,515523,239.0611
1643,515523,239.22
1644,515523,239.3902
1645,515523,239.558
1646,515523,239.7272
1647,515523,239.8869
1648,515523,240.0474
1649,515523,240.208
1650,515523,240.3673
1651,515523,240.5294
1652,515523,240.689
1653,515523,240.8509
1654,515523,241.0158
1655,515523,241.1746
1656,515523,241.3361
1657,515523,241.4956
1658,515523,241.6564
1659,515523,241.8189
1660,515523,241.9814
1661,515523,242.1408
1662,515523,242.3012
1663,515523,242.4593
1664,515523,242.6182
1665,515523,242.7769
1666,515523,242.9374
1667,515523,243.0967
1668,515523,243.257
1669,515523,243.4181
1670,515523,243.5784
1671,515523,243.7377
1672,515523,243.8967
1673,327355030,243.9631
1674,594139907,244.0294
1675,954972686,244.0965
1676,1338416126,244.1638
1677,1736063990,244.2306
1678,2152351771,244.2989
1679,2315992250,244.3666
1680,2482616317,244.4336
1681,2672576109,244.5017
1682,2927707989,244.5698
1683,3097903483,244.6368
1684,2771063976,244.7034
1685,2504279099,244.769
1686,2143446320,244.8352
1687,1760002880,244.9006
1688,1362355016,244.9671
1689,946067235,245.0327
1690,782426756,245.0994
1691,527294876,245.2573
1692,337335084,245.4151
1693,170711017,245.5731
1694,168711017,245.7319
1695,168711017,245.8916
1696,515523,246.0495
1697,515523,246.2068
1698,515523,246.3648
1699,515523,246.5233
1700,515523,246.6823
1701,515523,246.8414
1702,515523,247.0012
1703,515523,247.1592
1704,515523,247.3193
1705,515523,247.477
1706,515523,247.6366
1707,515523,247.7977
1708,515523,247.9594
1709,515523,248.1192
1710,515523,248.2801
1711,515523,248.4398
1712,515523,248.6046
1713,515523,248.7654
1714,515523,248.9239
1715,515523,249.0849
1716,515523,249.2485
1717,515523,249.4103
1718,515523,249.5704
1719,515523,249.7292
1720,515523,249.89
1721,515523,250.0526
1722,515523,250.212
1723,515523,250.3708
1724,515523,250.5306
1725,515523,250.6901
1726,515523,250.851
1727,515523,251.0125
1728,515523,251.176
1729,515523,251.3376
1730,515523,251.4976
1731,515523,251.6561
1732,515523,251.8158
1733,515523,251.9793
1734,515523,252.1392
1735,515523,252.3013
1736,515523,252.4619
1737,515523,252.6241
1738,515523,252.7829
1739,515523,252.9425
1740,515523,253.1026
1741,515523,253.2622
1742,515523,253.4222
1743,515523,253.5809
1744,515523,253.7421
1745,515523,253.9009
1746,515523,254.062
1747,515523,254.2212
1748,515523,254.3803
1749,515523,254.5397
1750,515523,254.7008
1751,515523,254.8597
1752,515523,255.0206
1753,515523,255.1784
1754,515523,255.3372
1755,515523,255.4964
1756,515523,255.6564
1757,515523,255.8164
1758,515523,255.9765
1759,515523,256.1352
1760,515523,256.2957
1761,515523,256.4546
1762,515523,256.6135
1763,515523,256.7725
1764,515523,256.9334
1765,515523,257.0933
1766,515523,257.2536
1767,515523,257.4128
1768,515523,257.5735
1769,515523,257.7313
1770,515523,257.8901
1771,515523,258.049
1772,515523,258.2093
1773,515523,258.3707
1774,515523,258.5306
1775,515523,258.6899
1776,515523,258.8502
1777,167139590,258.9158
1778,357099382,258.9821
1779,612231262,259.0481
1780,780426756,259.1144
1781,1107266263,259.1809
1782,1372051140,259.2474
1783,1732883919,259.3137
1784,2116327359,259.381
1785,2513975223,259.4478
1786,2930263004,259.5159
1787,3093903483,259.5834
1788,2927279416,259.6515
1789,2737319624,259.7183
1790,2482187744,259.7849
1791,2313992250,259.8513
1792,1987152743,259.9183
1793,1722367866,259.985
1794,1361535087,260.0507
1795,945247306,260.2085
1796,547599442,260.3662
1797,164156002,260.5234
1798,515523,260.6814
1799,515523,260.8389
1800,515523,260.9975
1801,515523,261.1558
1802,515523,261.3156
1803,515523,261.4764
1804,515523,261.636
1805,515523,261.7964
1806,515523,261.9581
1807,515523,262.116
1808,515523,262.2751
1809,515523,262.4334
1810,515523,262.5929
1811,515523,262.7529
1812,515523,262.9137
1813,515523,263.0775
1814,515523,263.2377
1815,515523,263.3965
1816,515523,263.5551
1817,515523,263.7139
1818,515523,263.8729
1819,515523,264.0323
1820,515523,264.1918
1821,515523,264.3513
1822,515523,264.5128
1823,515523,264.6714
1824,515523,264.8301
1825,515523,264.9886
1826,515523,265.1476
1827,515523,265.3074
1828,515523,265.4675
1829,515523,265.6275
1830,515523,265.7887
1831,515523,265.9478
1832,515523,266.1086
1833,515523,266.2715
1834,515523,266.4311
1835,515523,266.5902
1836,515523,266.7496
1837,515523,266.9101
1838,515523,267.0707
1839,515523,267.2288
1840,515523,267.3877
1841,515523,267.5461
1842,515523,267.7061
1843,515523,267.8661
1844,515523,268.0259
1845,515523,268.1859
1846,515523,268.3462
1847,515523,268.5042
1848,515523,268.6627
1849,515523,268.821
1850,515523,268.9825
1851,515523,269.1417
1852,515523,269.3014
1853,515523,269.4648
1854,515523,269.6252
1855,515523,269.7834
1856,515523,269.9422
1857,515523,270.1012
1858,515523,270.2614
1859,515523,270.4212
1860,515523,270.5812
1861,515523,270.741
1862,515523,270.9021
1863,515523,271.0606
1864,515523,271.2192
1865,515523,271.379
1866,515523,271.5393
1867,515523,271.6993
1868,515523,271.8598
1869,515523,272.0232
1870,515523,272.1845
1871,515523,272.3429
1872,515523,272.5021
1873,515523,272.6619
1874,515523,272.8217
1875,515523,272.9815
1876,515523,273.142
1877,515523,273.3022
1878,515523,273.463
1879,515523,273.6219
1880,515523,273.7805
1881,383958963,273.8476
1882,781606827,273.9149
1883,1197894608,273.9832
1884,1361535087,274.0492
1885,1528159154,274.1153
1886,1718118946,274.1823
1887,1973250826,274.2493
1888,2141446320,274.317
1889,2468285827,274.3854
1890,2735070704,274.4538
1891,3095903483,274.5223
1892,2712460043,274.5895
1893,2314812179,274.6566
1894,1898524398,274.7236
1895,1734883919,274.7902
1896,1568259852,274.8586
1897,1378300060,274.9267
1898,1123168180,274.995
1899,762335401,275.1544
1900,435495894,275.313
1901,168711017,275.4714
1902,166711017,275.6309
1903,166711017,275.7928
1904,515523,275.9521
1905,515523,276.1102
1906,515523,276.2696
1907,515523,276.4307
1908,515523,276.5908
1909,515523,276.7534
1910,515523,276.9177
1911,515523,277.0785
1912,515523,277.2427
1913,515523,277.4027
1914,515523,277.5622
1915,515523,277.7233
1916,515523,277.884
1917,515523,278.0457
1918,515523,278.2097
1919,515523,278.3694
1920,515523,278.5304
1921,515523,278.6884
1922,515523,278.8471
1923,515523,279.0064
1924,515523,279.1669
1925,515523,279.3268
1926,515523,279.4872
1927,515523,279.6459
1928,515523,279.8063
1929,515523,279.9642
1930,515523,280.1225
1931,515523,280.2814
1932,515523,280.4407
1933,515523,280.6001
1934,515523,280.7599
1935,515523,280.9194
1936,515523,281.0812
1937,515523,281.2437
1938,515523,281.4052
1939,515523,281.5655
1940,515523,281.7261
1941,515523,281.8868
1942,515523,282.0508
1943,515523,282.2104
1944,515523,282.3734
1945,515523,282.5323
1946,515523,282.6911
1947,515523,282.851
1948,515523,283.0144
1949,515523,283.1748
1950,515523,283.3356
1951,515523,283.4951
1952,515523,283.6566
1953,515523,283.8152
1954,515523,283.9765
1955,515523,284.1366
1956,515523,284.2975
1957,515523,284.4583
1958,515523,284.6197
1959,515523,284.7795
1960,515523,284.9414
1961,515523,285.1009
1962,515523,285.2598
1963,515523,285.4198
1964,515523,285.5803
1965,515523,285.7409
1966,515523,285.9019
1967,515523,286.0615
1968,515523,286.2263
1969,515523,286.3853
1970,515523,286.5447
1971,515523,286.7049
1972,515523,286.8688
1973,515523,287.0315
1974,515523,287.1929
1975,515523,287.3526
1976,515523,287.5142
1977,515523,287.6731
1978,515523,287.8321
1979,515523,287.9919
1980,515523,288.1527
1981,515523,288.3135
1982,515523,288.4748
1983,515523,288.6344
1984,515523,288.796
1985,166711017,288.8624
1986,493550524,288.9312
1987,758335401,288.999
1988,1119168180,289.0669
1989,1502611620,289.1351
1990,1900259484,289.2038
1991,2316547265,289.2723
1992,2480187744,289.34
1993,2646811811,289.4078
1994,2836771603,289.4763
1995,3091903483,289.5444
1996,2925707989,289.6129
1997,2598868482,289.6806
1998,2334083605,289.7482
1999,1973250826,289.8157
2000,1589807386,289.8832
2001,1192159522,289.9509
2002,775871741,290.0181
2003,520739861,290.1761
2004,330780069,290.3346
2005,164156002,290.4927
2006,515523,290.6512
2007,515523,290.8089
2008,515523,290.9682
2009,515523,291.1277
2010,515523,291.2881
2011,515523,291.4483
2012,515523,291.6093
2013,515523,291.7718
2014,515523,291.9331
2015,515523,292.0918
2016,515523,292.2506
2017,515523,292.4102
2018,515523,292.5699
2019,515523,292.7328
2020,515523,292.8939
2021,515523,293.0563
2022,515523,293.2187
2023,515523,293.377
2024,515523,293.5369
2025,515523,293.6994
2026,515523,293.8594
2027,515523,294.0197
2028,515523,294.1801
2029,515523,294.3406
2030,515523,294.5019
2031,515523,294.6638
2032,515523,294.8228
2033,515523,294.9856
2034,515523,295.1456
2035,515523,295.3055
2036,515523,295.4665
2037,515523,295.6273
2038,515523,295.7904
2039,515523,295.951
2040,515523,296.1138
2041,515523,296.2725
2042,515523,296.4323
2043,515523,296.592
2044,515523,296.752
2045,515523,296.9155
2046,515523,297.0765
2047,515523,297.2347
2048,515523,297.3932
2049,515523,297.5518
2050,515523,297.7111
2051,515523,297.8705
2052,515523,298.0305
2053,515523,298.1904
2054,515523,298.3519
2055,515523,298.5101
2056,515523,298.6694
2057,515523,298.8283
2058,515523,298.9898
2059,515523,299.1493
2060,515523,299.309
2061,515523,299.4694
2062,515523,299.6299
2063,515523,299.7884
2064,515523,299.9509
2065,515523,300.1094
2066,515523,300.2689
2067,515523,300.4282
2068,515523,300.5883
2069,515523,300.7481
2070,515523,300.9092
2071,515523,301.0675
2072,515523,301.2301
2073,515523,301.3887
2074,515523,301.5482
2075,515523,301.7076
2076,515523,301.8715
2077,515523,302.0341
2078,515523,302.1951
2079,515523,302.3534
2080,515523,302.5122
2081,515523,302.6709
2082,515523,302.8303
2083,515523,302.99
2084,515523,303.15
2085,515523,303.3098
2086,515523,303.4705
2087,515523,303.6321
2088,515523,303.791
2089,164156002,303.8563
2090,330780069,303.9222
2091,520739861,303.9881
2092,775871741,304.0545
2093,942067235,304.1215
2094,1268906742,304.1882
2095,1531691619,304.2546
2096,1892524398,304.3218
2097,2275967838,304.3886
2098,2673615702,304.4562
2099,3089903483,304.5234
2100,2926263004,304.5905
2101,2759638937,304.6572
2102,2569679145,304.724
2103,2314547265,304.7907
2104,2148351771,304.8583
2105,1821512264,304.9253
2106,1558727387,304.9927
2107,1142439606,305.1509
2108,744791742,305.3088
2109,361348302,305.4666
2110,515523,305.6246
2111,515523,305.7829
2112,515523,305.9459
2113,515523,306.1042
2114,515523,306.2627
2115,515523,306.4218
2116,515523,306.5816
2117,515523,306.7414
2118,515523,306.9017
2119,515523,307.0604
2120,515523,307.2199
2121,515523,307.3779
2122,515523,307.5388
2123,515523,307.6995
2124,515523,307.8603
2125,515523,308.0242
2126,515523,308.1851
2127,515523,308.3442
2128,515523,308.5038
2129,515523,308.6624
2130,515523,308.821
2131,515523,308.9802
2132,515523,309.1401
2133,515523,309.2997
2134,515523,309.46
2135,515523,309.6189
2136,515523,309.7784
2137,515523,309.9366
2138,515523,310.0956
2139,515523,310.2553
2140,515523,310.4155
2141,515523,310.5759
2142,515523,310.7368
2143,515523,310.8957
2144,515523,311.0576
2145,515523,311.2157
2146,515523,311.3742
2147,515523,311.5336
2148,515523,311.6934
2149,515523,311.8533
2150,515523,312.0138
2151,515523,312.1727
2152,515523,312.3327
2153,515523,312.491
2154,515523,312.6499
2155,515523,312.8096
2156,515523,312.9697
2157,515523,313.1305
2158,515523,313.2914
2159,515523,313.4504
2160,515523,313.6102
2161,515523,313.7686
2162,515523,313.9281
2163,515523,314.0889
2164,515523,314.2486
2165,515523,314.4085
2166,515523,314.5692
2167,515523,314.7278
2168,515523,314.8871
2169,515523,315.0455
2170,515523,315.2042
2171,515523,315.3639
2172,515523,315.5241
2173,515523,315.6842
2174,515523,315.845
2175,515523,316.0038
2176,515523,316.1635
2177,515523,316.3216
2178,515523,316.48
2179,515523,316.6392
2180,515523,316.7991
2181,515523,316.9608
2182,515523,317.1216
2183,515523,317.2801
2184,515523,317.4396
2185,515523,317.5982
2186,515523,317.7571
2187,515523,317.9168
2188,515523,318.0768
2189,515523,318.2369
2190,515523,318.3979
2191,515523,318.5567
2192,515523,318.7164
2193,361348302,318.783
2194,744791742,318.8503
2195,1142439606,318.9174
2196,1558727387,318.9852
2197,1722367866,319.0511
2198,1888991933,319.1175
2199,2078951725,319.1841
2200,2334083605,319.2511
2201,2500279099,319.3177
2202,2827118606,319.385
2203,3089903483,319.4529
2204,2729070704,319.5191
2205,2345627264,319.5848
2206,1947979400,319.6506
2207,1531691619,319.7157
2208,1368051140,319.7819
2209,1201427073,319.8491
2210,1011467281,319.9158
2211,684627774,320.0755
2212,421842897,320.2337
2213,166711017,320.3914
2214,164711017,320.5507
2215,164711017,320.7097
2216,515523,320.8714
2217,515523,321.0298
2218,515523,321.189
2219,515523,321.348
2220,515523,321.5077
2221,515523,321.6673
2222,515523,321.8279
2223,515523,321.986
2224,515523,322.1466
2225,515523,322.3055
2226,515523,322.4648
2227,515523,322.6244
2228,515523,322.7846
2229,515523,322.9461
2230,515523,323.1064
2231,515523,323.2643
2232,515523,323.4242
2233,515523,323.5826
2234,515523,323.742
2235,515523,323.9012
2236,515523,324.061
2237,515523,324.2209
2238,515523,324.3813
2239,515523,324.5427
2240,515523,324.7032
2241,515523,324.8615
2242,515523,325.0208
2243,515523,325.1798
2244,515523,325.3396
2245,515523,325.4991
2246,515523,325.6591
2247,515523,325.8171
2248,515523,325.9788
2249,515523,326.1372
2250,515523,326.2966
2251,515523,326.4556
2252,515523,326.6157
2253,515523,326.7755
2254,515523,326.9359
2255,515523,327.0942
2256,515523,327.2545
2257,515523,327.4133
2258,515523,327.5726
2259,515523,327.7317
2260,515523,327.8911
2261,515523,328.0505
2262,515523,328.2103
2263,515523,328.3686
2264,515523,328.5283
2265,515523,328.6868
2266,515523,328.8463
2267,515523,329.0097
2268,515523,329.1718
2269,515523,329.3314
2270,515523,329.492
2271,515523,329.6499
2272,515523,329.8105
2273,515523,329.9691
2274,515523,330.1284
2275,515523,330.2877
2276,515523,330.4472
2277,515523,330.6067
2278,515523,330.7667
2279,515523,330.9281
2280,515523,331.0881
2281,515523,331.2464
2282,515523,331.4055
2283,515523,331.5651
2284,515523,331.7249
2285,515523,331.8848
2286,515523,332.047
2287,515523,332.2052
2288,515523,332.3656
2289,515523,332.5241
2290,515523,332.6836
2291,515523,332.8427
2292,515523,333.0028
2293,515523,333.1624
2294,515523,333.3225
2295,515523,333.4807
2296,515523,333.6405
2297,255647403,333.7063
2298,419842897,333.7727
2299,746682404,333.839
2300,1009467281,333.9059
2301,1370300060,333.9735
2302,1753743500,334.0407
2303,2151391364,334.1086
2304,2567679145,334.1761
2305,2731319624,334.2427
2306,2897943691,334.3109
2307,3087903483,334.3782
2308,2832771603,334.445
2309,2668576109,334.5127
2310,2341736602,334.5791
2311,2078951725,334.6453
2312,1718118946,334.712
2313,1334675506,334.7777
2314,937027642,334.8438
2315,520739861,335.0072
2316,330780069,335.1654
2317,164156002,335.3232
2318,515523,335.4813
2319,515523,335.6395
2320,515523,335.7988
2321,515523,335.9572
2322,515523,336.1163
2323,515523,336.276
2324,515523,336.4364
2325,515523,336.5966
2326,515523,336.7577
2327,515523,336.9167
2328,515523,337.0763
2329,515523,337.2344
2330,515523,337.3931
2331,515523,337.553
2332,515523,337.7125
2333,515523,337.8722
2334,515523,338.0344
2335,515523,338.1928
2336,515523,338.3525
2337,515523,338.5106
2338,515523,338.6696
2339,515523,338.8293
2340,515523,338.9897
2341,515523,339.15
2342,515523,339.3107
2343,515523,339.4697
2344,515523,339.6288
2345,515523,339.7869
2346,515523,339.9458
2347,515523,340.105
2348,515523,340.2644
2349,515523,340.4239
2350,515523,340.5841
2351,515523,340.7426
2352,515523,340.9019
2353,515523,341.0619
2354,515523,341.2209
2355,515523,341.3805
2356,515523,341.5407
2357,515523,341.7011
2358,515523,341.8619
2359,515523,342.0207
2360,515523,342.18
2361,515523,342.3381
2362,515523,342.4967
2363,515523,342.6558
2364,515523,342.8151
2365,515523,342.9747
2366,515523,343.1352
2367,515523,343.2938
2368,515523,343.4532
2369,515523,343.6114
2370,515523,343.7707
2371,515523,343.9319
2372,515523,344.0924
2373,515523,344.2528
2374,515523,344.4137
2375,515523,344.5726
2376,515523,344.7321
2377,515523,344.8902
2378,515523,345.0491
2379,515523,345.2082
2380,515523,345.368
2381,515523,345.5278
2382,515523,345.688
2383,515523,345.8466
2384,515523,346.0059
2385,515523,346.1641
2386,515523,346.3232
2387,515523,346.4828
2388,515523,346.6434
2389,515523,346.804
2390,515523,346.9669
2391,515523,347.1259
2392,515523,347.2853
2393,515523,347.4432
2394,515523,347.602
2395,515523,347.7612
2396,515523,347.9211
2397,515523,348.0808
2398,515523,348.2412
2399,515523,348.4003
2400,515523,348.5597
2401,416803304,348.6267
2402,580443783,348.6932
2403,747067850,348.7589
2404,937027642,348.8261
2405,1192159522,348.8921
2406,1356355016,348.959
2407,1683194523,349.0257
2408,1945979400,349.0927
2409,2306812179,349.1604
2410,2690255619,349.2287
2411,3087903483,349.2958
2412,2671615702,349.3615
2413,2507975223,349.4281
2414,2341351156,349.4952
2415,2151391364,349.5618
2416,1896259484,349.6287
2417,1732063990,349.695
2418,1405224483,349.7612
2419,1007576619,349.9207
2420,624133179,350.0812
2421,263300400,350.2391
2422,515523,350.3973
2423,515523,350.5548
2424,515523,350.714
2425,515523,350.8727
2426,515523,351.0326
2427,515523,351.1921
2428,515523,351.3532
2429,515523,351.5135
2430,515523,351.6746
2431,515523,351.8327
2432,515523,351.9917
2433,515523,352.1537
2434,515523,352.3132
2435,515523,352.473
2436,515523,352.6331
2437,515523,352.7929
2438,515523,352.9555
2439,515523,353.1141
2440,515523,353.2731
2441,515523,353.4323
2442,515523,353.5916
2443,515523,353.7512
2444,515523,353.9114
2445,515523,354.0718
2446,515523,354.2323
2447,515523,354.3906
2448,515523,354.5494
2449,515523,354.7079
2450,515523,354.8671
2451,515523,355.0273
2452,515523,355.1873
2453,515523,355.3473
2454,515523,355.5081
2455,515523,355.6663
2456,515523,355.8261
2457,515523,355.9869
2458,515523,356.1462
2459,515523,356.3058
2460,515523,356.4658
2461,515523,356.6264
2462,515523,356.7871
2463,515523,356.9455
2464,515523,357.1046
2465,515523,357.2631
2466,515523,357.4224
2467,515523,357.5821
2468,515523,357.742
2469,515523,357.9022
2470,515523,358.0629
2471,515523,358.2215
2472,515523,358.3816
2473,515523,358.5404
2474,515523,358.6998
2475,515523,358.8595
2476,515523,359.0217
2477,515523,359.1821
2478,515523,359.3428
2479,515523,359.501
2480,515523,359.6599
2481,515523,359.8189
2482,515523,359.978
2483,515523,360.1373
2484,515523,360.2976
2485,515523,360.4573
2486,515523,360.6178
2487,515523,360.7759
2488,515523,360.9357
2489,515523,361.0947
2490,515523,361.2539
2491,515523,361.4132
2492,515523,361.5732
2493,515523,361.7332
2494,515523,361.894
2495,515523,362.0543
2496,515523,362.2131
2497,515523,362.3716
2498,515523,362.5308
2499,515523,362.6902
2500,515523,362.8501
2501,515523,363.0105
2502,515523,363.1709
2503,515523,363.3293
2504,515523,363.4887
2505,261300400,363.5549
2506,622133179,363.6223
2507,1005576619,363.6893
2508,1403224483,363.7568
2509,1819512264,363.8239
2510,1983152743,363.8903
2511,2149776810,363.9577
2512,2339736602,364.0257
2513,2594868482,364.0934
2514,2759063976,364.1617
2515,3085903483,364.2287
2516,2825118606,364.2957
2517,2464285827,364.3615
2518,2080842387,364.4275
2519,1683194523,364.493
2520,1266906742,364.5586
2521,1103266263,364.6242
2522,936642196,364.6913
2523,609802689,364.8498
2524,354670809,365.0098
2525,164711017,365.1676
2526,162711017,365.3264
2527,162711017,365.4895
2528,515523,365.648
2529,515523,365.8056
2530,515523,365.9681
2531,515523,366.1274
2532,515523,366.287
2533,515523,366.4466
2534,515523,366.6066
2535,515523,366.7653
2536,515523,366.9259
2537,515523,367.0842
2538,515523,367.2431
2539,515523,367.4023
2540,515523,367.5622
2541,515523,367.722
2542,515523,367.8826
2543,515523,368.0465
2544,515523,368.2072
2545,515523,368.3655
2546,515523,368.5245
2547,515523,368.6835
2548,515523,368.8429
2549,515523,369.0028
2550,515523,369.1665
2551,515523,369.3251
2552,515523,369.4859
2553,515523,369.6441
2554,515523,369.8027
2555,515523,369.962
2556,515523,370.1218
2557,515523,370.2817
2558,515523,370.4418
2559,515523,370.601
2560,515523,370.7617
2561,515523,370.921
2562,515523,371.0809
2563,515523,371.24
2564,515523,371.3995
2565,515523,371.5593
2566,515523,371.7194
2567,515523,371.8782
2568,515523,372.0389
2569,515523,372.2003
2570,515523,372.3592
2571,515523,372.5184
2572,515523,372.6783
2573,515523,372.8385
2574,515523,372.9991
2575,515523,373.1581
2576,515523,373.3188
2577,515523,373.4769
2578,515523,373.6357
2579,515523,373.7946
2580,515523,373.9562
2581,515523,374.1158
2582,515523,374.2757
2583,515523,374.4343
2584,515523,374.5948
2585,515523,374.7531
2586,515523,374.9119
2587,515523,375.0712
2588,515523,375.2308
2589,515523,375.3906
2590,515523,375.5513
2591,515523,375.71
2592,515523,375.8705
2593,515523,376.0291
2594,515523,376.1879
2595,515523,376.3469
2596,515523,376.5063
2597,515523,376.666
2598,515523,376.8264
2599,515523,376.9871
2600,515523,377.1479
2601,515523,377.3065
2602,515523,377.4654
2603,515523,377.6248
2604,515523,377.7847
2605,515523,377.9446
2606,515523,378.1049
2607,515523,378.2638
2608,515523,378.4244
2609,190475315,378.4903
2610,445607195,378.5571
2611,607802689,378.6228
2612,934642196,378.6897
2613,1193427073,378.757
2614,1554259852,378.8243
2615,1937703292,378.8914
2616,2335351156,378.9592
2617,2751638937,379.0267
2618,2915279416,379.0939
2619,3081903483,379.1613
2620,2891943691,379.2281
2621,2636811811,379.2946
2622,2474616317,379.362
2623,2147776810,379.4279
2624,1888991933,379.4946
2625,1528159154,379.5607
2626,1144715714,379.6269
2627,728427933,379.7853
2628,330780069,379.9456
2629,164156002,380.1035
2630,515523,380.2614
2631,515523,380.4192
2632,515523,380.5778
2633,515523,380.74
2634,515523,380.8992
2635,515523,381.0588
2636,515523,381.2189
2637,515523,381.3789
2638,515523,381.5396
2639,515523,381.6979
2640,515523,381.8568
2641,515523,382.0158
2642,515523,382.1751
2643,515523,382.3345
2644,515523,382.4946
2645,515523,382.6549
2646,515523,382.8157
2647,515523,382.9755
2648,515523,383.1344
2649,515523,383.293
2650,515523,383.4524
2651,515523,383.6117
2652,515523,383.7714
2653,515523,383.9314
2654,515523,384.092
2655,515523,384.2503
2656,515523,384.4092
2657,515523,384.5681
2658,515523,384.7272
2659,515523,384.8865
2660,515523,385.0464
2661,515523,385.2063
2662,515523,385.3667
2663,515523,385.5249
2664,515523,385.6834
2665,515523,385.8422
2666,515523,386.0036
2667,515523,386.1628
2668,515523,386.3226
2669,515523,386.4825
2670,515523,386.6429
2671,515523,386.8009
2672,515523,386.96
2673,515523,387.1188
2674,515523,387.2782
2675,515523,387.4377
2676,515523,387.5977
2677,515523,387.7577
2678,515523,387.9181
2679,515523,388.0761
2680,515523,388.2346
2681,515523,388.3933
2682,515523,388.5526
2683,515523,388.7118
2684,515523,388.8751
2685,515523,389.0385
2686,515523,389.199
2687,515523,389.357
2688,515523,389.5159
2689,515523,389.6747
2690,515523,389.8339
2691,515523,389.9934
2692,515523,390.1531
2693,515523,390.313
2694,515523,390.4734
2695,515523,390.6315
2696,515523,390.7901
2697,515523,390.9487
2698,515523,391.108
2699,515523,391.2676
2700,515523,391.4274
2701,515523,391.5876
2702,515523,391.7479
2703,515523,391.9062
2704,515523,392.0704
2705,515523,392.2291
2706,515523,392.3885
2707,515523,392.5481
2708,515523,392.7111
2709,515523,392.8709
2710,515523,393.0318
2711,515523,393.1901
2712,515523,393.3485
2713,398163387,393.4155
2714,814451168,393.4836
2715,978091647,393.5492
2716,1144715714,393.6153
2717,1334675506,393.6816
2718,1589807386,393.7481
2719,1752002880,393.8144
2720,2078842387,393.8814
2721,2339627264,393.9481
2722,2700460043,394.0164
2723,3083903483,394.0843
2724,2686255619,394.1511
2725,2269967838,394.2162
2726,2106327359,394.2825
2727,1939703292,394.3496
2728,1749743500,394.4183
2729,1494611620,394.4851
2730,1332416126,394.5522
2731,948972686,394.7143
2732,588139907,394.873
2733,261300400,395.0329
2734,515523,395.1914
2735,515523,395.3499
2736,515523,395.5102
2737,515523,395.6691
2738,515523,395.8286
2739,515523,395.9889
2740,515523,396.1499
2741,515523,396.3143
2742,515523,396.4755
2743,515523,396.6378
2744,515523,396.798
2745,515523,396.9569
2746,515523,397.1167
2747,515523,397.2768
2748,515523,397.4371
2749,515523,397.5983
2750,515523,397.7591
2751,515523,397.9191
2752,515523,398.0801
2753,515523,398.2382
2754,515523,398.3973
2755,515523,398.5566
2756,515523,398.7163
2757,515523,398.8768
2758,515523,399.0377
2759,515523,399.1965
2760,515523,399.356
2761,515523,399.514
2762,515523,399.6725
2763,515523,399.8319
2764,515523,399.9917
2765,515523,400.1515
2766,515523,400.312
2767,515523,400.4707
2768,515523,400.6304
2769,515523,400.7884
2770,515523,400.9493
2771,515523,401.1091
2772,515523,401.269
2773,515523,401.4292
2774,515523,401.5916
2775,515523,401.7505
2776,515523,401.9098
2777,515523,402.0679
2778,515523,402.2263
2779,515523,402.3858
2780,515523,402.5453
2781,515523,402.705
2782,515523,402.8654
2783,515523,403.0242
2784,515523,403.1835
2785,515523,403.3418
2786,515523,403.5006
2787,515523,403.6601
2788,515523,403.8203
2789,515523,403.9827
2790,515523,404.1434
2791,515523,404.3028
2792,515523,404.4622
2793,515523,404.6204
2794,515523,404.779
2795,515523,404.9384
2796,515523,405.0984
2797,515523,405.2581
2798,515523,405.422
2799,515523,405.5808
2800,515523,405.7404
2801,515523,405.8988
2802,515523,406.0578
2803,515523,406.2174
2804,515523,406.3773
2805,515523,406.5379
2806,515523,406.7
2807,515523,406.8591
2808,515523,407.0208
2809,515523,407.1792
2810,515523,407.3376
2811,515523,407.4973
2812,515523,407.6571
2813,515523,407.8171
2814,515523,407.9777
2815,515523,408.1364
2816,515523,408.296
2817,327355030,408.3625
2818,588139907,408.4294
2819,948972686,408.4961
2820,1332416126,408.5632
2821,1730063990,408.6311
2822,2146351771,408.6991
2823,2309992250,408.7654
2824,2476616317,408.8326
2825,2666576109,408.8995
2826,2921707989,408.9671
2827,3083903483,409.0344
2828,2757063976,409.1014
2829,2496279099,409.1677
2830,2135446320,409.2344
2831,1752002880,409.3012
2832,1354355016,409.3671
2833,938067235,409.4323
2834,774426756,409.4994
2835,519294876,409.6577
2836,329335084,409.8157
2837,162711017,409.9756
2838,160711017,410.1345
2839,160711017,410.2937
2840,515523,410.4521
2841,515523,410.6105
2842,515523,410.7698
2843,515523,410.9291
2844,515523,411.0889
2845,515523,411.2491
2846,515523,411.4102
2847,515523,411.5685
2848,515523,411.7289
2849,515523,411.8875
2850,515523,412.0469
2851,515523,412.2065
2852,515523,412.3662
2853,515523,412.5261
2854,515523,412.6867
2855,515523,412.8451
2856,515523,413.01
2857,515523,413.1688
2858,515523,413.328
2859,515523,413.4875
2860,515523,413.6478
2861,515523,413.8128
2862,515523,413.9738
2863,515523,414.1321
2864,515523,414.2921
2865,515523,414.4508
2866,515523,414.6103
2867,515523,414.7698
2868,515523,414.9294
2869,515523,415.0894
2870,515523,415.2503
2871,515523,415.4087
2872,515523,415.5688
2873,515523,415.7279
2874,515523,415.8879
2875,515523,416.0493
2876,515523,416.2092
2877,515523,416.3727
2878,515523,416.5336
2879,515523,416.692
2880,515523,416.8521
2881,515523,417.011
2882,515523,417.1701
2883,515523,417.3295
2884,515523,417.4894
2885,515523,417.6492
2886,515523,417.8098
2887,515523,417.9682
2888,515523,418.128
2889,515523,418.2872
2890,515523,418.4467
2891,515523,418.6064
2892,515523,418.7665
2893,515523,418.9285
2894,515523,419.0903
2895,515523,419.2486
2896,515523,419.4086
2897,515523,419.5674
2898,515523,419.7269
2899,515523,419.8872
2900,515523,420.047
2901,515523,420.2072
2902,515523,420.3683
2903,515523,420.5264
2904,515523,420.6863
2905,515523,420.8456
2906,515523,421.0052
2907,515523,421.1647
2908,515523,421.3248
2909,515523,421.4851
2910,515523,421.6465
2911,515523,421.8051
2912,515523,421.9671
2913,515523,422.1259
2914,515523,422.2852
2915,515523,422.4447
2916,515523,422.6044
2917,515523,422.7643
2918,515523,422.9255
2919,515523,423.0841
2920,515523,423.2442
2921,209139590,423.3101
2922,399099382,423.3769
2923,654231262,423.443
2924,814426756,423.5097
2925,1141266263,423.5761
2926,1398051140,423.6439
2927,1758883919,423.7104
2928,2142327359,423.7778
2929,2539975223,423.8457
2930,2942775455,423.9135
2931,3106415934,423.981
2932,2897791867,424.0477
2933,2707832075,424.1144
2934,2452700195,424.1813
2935,2292504701,424.2477
2936,1965665194,424.3143
2937,1708880317,424.3803
2938,1348047538,424.4466
2939,945247306,424.6049
2940,547599442,424.763
2941,164156002,424.9218
2942,515523,425.0813
2943,515523,425.2435
2944,515523,425.4029
2945,515523,425.5613
2946,515523,425.7205
2947,515523,425.8801
2948,515523,426.0406
2949,515523,426.201
2950,515523,426.3622
2951,515523,426.5212
2952,515523,426.6806
2953,515523,426.8389
2954,515523,426.9983
2955,515523,427.1579
2956,515523,427.3184
2957,515523,427.4787
2958,515523,427.6395
2959,515523,427.7985
2960,515523,427.96
2961,515523,428.1186
2962,515523,428.2778
2963,515523,428.4374
2964,515523,428.5978
2965,515523,428.7582
2966,515523,428.9191
2967,515523,429.0782
2968,515523,429.2375
2969,515523,429.396
2970,515523,429.5552
2971,515523,429.7148
2972,515523,429.8748
2973,515523,430.0383
2974,515523,430.199
2975,515523,430.358
2976,515523,430.5174
2977,515523,430.6759
2978,515523,430.835
2979,515523,431.0008
2980,515523,431.162
2981,515523,431.323
2982,515523,431.4843
2983,515523,431.6434
2984,515523,431.8029
2985,515523,431.9621
2986,515523,432.1214
2987,515523,432.2814
2988,515523,432.4418
2989,515523,432.6034
2990,515523,432.7643
2991,515523,432.9241
2992,515523,433.084
2993,515523,433.2426
2994,515523,433.4019
2995,515523,433.5626
2996,515523,433.7235
2997,515523,433.8843
2998,515523,434.0482
2999,515523,434.2075
3000,515523,434.3671
3001,515523,434.5261
