1,73039917037,0.54
2,70723771035,0.94258
3,68550229454,1.3369
4,66623695994,1.7393
5,64797620596,2.1309
6,62643588404,2.5309
7,60937716156,2.9227
8,59250970837,3.3156
9,57638657638,3.7176
10,56080692308,4.1102
11,54656037530,4.503
12,53273701531,4.896
13,51905241955,5.2886
14,50749820151,5.6855
15,49789532686,6.0785
16,48277055237,6.4708
17,47331279152,6.8634
18,46404343805,7.2562
19,45269059752,7.6487
20,44379178589,8.0421
21,43457585241,8.437
22,42567717209,8.8294
23,41682743604,9.2214
24,40819889261,9.6144
25,40072060691,10.0069
26,39121567477,10.4001
27,38387250040,10.7925
28,37729392900,11.1855
29,36570786482,11.5813
30,35986654994,11.974
31,35500863217,12.3662
32,35026041751,12.7584
33,34486242523,13.1498
34,34013342743,13.5423
35,33568949708,13.9341
36,33143646267,14.3266
37,32725469932,14.7228
38,32311365638,15.1159
39,31923428126,15.5082
40,31595959581,15.9004
41,31269846729,16.2921
42,30973719957,16.6844
43,30680761809,17.0763
44,30419970305,17.4748
45,30213062314,17.8673
46,30011018444,18.2603
47,29813200989,18.652
48,29617228517,19.0442
49,29458843677,19.436
50,29306122050,19.8298
51,29156398588,20.2216
52,29033565524,20.6176
53,28919466837,21.0093
54,28663561852,21.4025
55,28553977969,21.7948
56,28474309545,22.1877
57,28436754855,22.5808
58,28404702937,22.9739
59,28370231033,23.3706
60,28367142400,23.7634
61,28177804021,24.1553
62,28013265846,24.5482
63,28025023651,24.9406
64,28036891885,25.3346
65,28049452477,25.7272
66,28063702999,26.1205
67,28087674017,26.5167
68,26903258212,27.4876
69,25837595760,28.4604
70,25090899008,29.4395
71,24372016835,30.4154
72,23730103008,31.3902
73,23149655832,32.3677
74,22589204542,33.3466
75,22101556867,34.3209
76,21639045507,35.2954
77,21143373632,36.2742
78,20700335129,37.2491
79,20259182850,38.2231
80,19842758330,39.2004
81,19434758330,40.1744
82,19037398314,41.1488
83,18675345276,42.1266
84,18356129945,43.1018
85,18037951910,44.0752
86,17580679533,45.0542
87,17274319091,46.0282
88,16717982293,47.0025
89,16151710474,47.9818
90,15851623001,48.9556
91,15560143227,49.9279
92,15270051838,50.9044
93,15042919508,51.8775
94,14819082673,52.8512
95,14597177730,53.829
96,14395314221,54.8031
97,14218960736,55.7761
98,14058026921,56.7551
99,13901018262,57.7265
100,13745333432,58.6982
101,13596285353,59.676
102,13414530911,60.6494
103,13270530459,61.6215
104,13142209399,62.5998
105,13014209399,63.5724
106,12847663759,64.5468
107,12601801419,65.5245
108,12473801419,66.4987
109,12348910369,67.4699
110,12228910369,68.4481
111,12108910369,69.4212
112,11990836207,70.3953
113,11874344781,71.3736
114,11757944781,72.3479
115,11656152629,73.3216
116,11404487573,74.2972
117,11302716873,75.2733
118,11204244143,76.2466
119,11108244073,77.2192
120,11013498676,78.1965
121,10920216130,79.1699
122,10829986830,80.1455
123,10741986830,81.1256
124,10593172275,82.0992
125,10510893098,83.0748
126,10388304275,84.0517
127,10307703980,85.0243
128,9696297327,85.9988
129,9616297327,86.9871
130,9536297327,87.9682
131,9459014465,88.9407
132,9359414465,89.9171
133,9259814465,90.8932
134,9185894351,91.8655
135,9115338046,92.8403
136,9004898221,93.8103
137,8937093221,94.7806
138,8869411418,95.7549
139,8594758888,96.7246
140,8529112678,97.6967
141,8463734188,98.6683
142,8399279898,99.6388
143,8337063728,100.6098
144,8276062553,101.5821
145,8214571562,102.5521
146,8154589153,103.5236
147,8099686038,104.4952
148,8019686038,105.4651
149,7959503023,106.4369
150,7905131979,107.4092
151,7853892932,108.3792
152,7763909962,109.3507
153,7712729442,110.3192
154,7663129442,111.2902
155,7613529442,112.262
156,7565529442,113.2323
157,7517529442,114.2032
158,7469529442,115.1757
159,7337140146,116.1466
160,7291011158,117.1201
161,7246011162,118.0912
162,7204550571,119.0615
163,7164466841,120.033
164,7124466841,121.0043
165,7084466841,121.974
166,7044466841,122.9467
167,7004466841,123.9174
168,6964466841,124.8878
169,6924466841,125.8592
170,6884466841,126.8308
171,6844466841,127.8011
172,6804466841,128.7731
173,6765373311,129.7436
174,6586871761,130.714
175,6546871761,131.6853
176,6508934585,132.6574
177,6471723438,133.6268
178,6436285710,134.6002
179,6401241150,135.5712
180,6366642880,136.5407
181,6333058214,137.5113
182,6293058214,138.4828
183,6260744019,139.4522
184,6215265895,140.4251
185,6183220671,141.3955
186,6151220671,142.3653
187,6120300911,143.3344
188,6090451371,144.3094
189,6061130991,145.2791
190,6032216943,146.2489
191,6003351413,147.2216
192,5974531933,148.1914
193,5894531933,149.161
194,5861189588,150.1344
195,5832404630,151.1032
196,5804152117,152.0728
197,5726624207,153.0451
198,5685943522,154.0155
199,5657726757,154.9846
200,5627780627,155.9576
201,5600824219,156.9266
202,5574564982,157.8967
203,5542621567,158.8703
204,5428311747,159.84
205,5404221357,160.8086
206,5380999872,161.7822
207,5358685632,162.751
208,5337753942,163.7207
209,5319263942,164.6936
210,5289263941,165.6634
211,5270868461,166.6322
212,5254815089,167.6047
213,5207560795,168.5735
214,5191960795,169.5432
215,5176467582,170.5184
216,5105386097,171.4881
217,4897695753,172.4581
218,4882895753,173.4313
219,4868095753,174.401
220,4853295753,175.3722
221,4838495753,176.3443
222,4823695753,177.3175
223,4808895753,178.2916
224,4794095753,179.2657
225,4779378043,180.2374
226,4763971023,181.2099
227,4749171023,182.184
228,4734545788,183.1568
229,4720145788,184.1274
230,4705745788,185.101
231,4691345788,186.0737
232,4676945788,187.0514
233,4662545788,188.0236
234,4648145788,188.998
235,4633745788,189.9699
236,4619345788,190.944
237,4604949406,191.9178
238,4590596376,192.8893
239,4576341476,193.8631
240,4562187910,194.8352
241,4544371205,195.8066
242,4529971205,196.7794
243,4515571205,197.7525
244,4496448349,198.7225
245,4482984224,199.6923
246,4469784224,200.6644
247,4275018068,201.6329
248,4261938468,202.6051
249,4249710973,203.5766
250,4238066358,204.5477
251,4227733708,205.5194
252,4217447393,206.4941
253,4209003378,207.4629
254,4200716078,208.434
255,4192458143,209.4058
256,4153430285,210.3761
257,4145403390,211.3481
258,4137403390,212.3199
259,4079716767,213.2922
260,4071716767,214.2641
261,4063991397,215.2334
262,4056808042,216.2052
263,4050852655,217.1765
264,4045252655,218.1465
265,4039652655,219.1187
266,4034052655,220.0911
267,4028452655,221.0614
268,4022852655,222.0364
269,4017252655,223.0094
270,4011652655,223.9828
271,4006052655,224.9568
272,4000452655,225.9317
273,3994852655,226.9102
274,3989252655,227.885
275,3983652655,228.8664
276,3978052655,229.8394
277,3972452655,230.8133
278,3966146635,231.7877
279,3959746635,232.7647
280,3953346635,233.7462
281,3947746635,234.7164
282,3942146635,235.6883
283,3936546635,236.6603
284,3930946635,237.6327
285,3925346635,238.604
286,3919746635,239.5781
287,3914146635,240.5504
288,3908546635,241.5234
289,3902946635,242.4982
290,3897346635,243.4721
291,3891746635,244.4451
292,3849678075,245.418
293,3807068907,246.3921
294,3802668907,247.3624
295,3798268907,248.3339
296,3793868907,249.3074
297,3789468907,250.2785
298,3785068907,251.2494
299,3780668907,252.2238
300,3776268907,253.1966
301,3771868907,254.1688
302,3767868907,255.1438
303,3763868907,256.1142
304,3759868907,257.0849
305,3755868907,258.0576
306,3751868907,259.0279
307,3747868907,259.9984
308,3743868907,260.9721
309,3739868907,261.9432
310,3735868907,262.9145
311,3731868907,263.889
312,3727868907,264.8617
313,3723868907,265.8348
314,3719868907,266.811
315,3715868907,267.7838
316,3711868907,268.7578
317,3707868907,269.7337
318,3703868907,270.7074
319,3699868907,271.6768
320,3695868907,272.6519
321,3691868907,273.6227
322,3687868907,274.5953
323,3683868907,275.5706
324,3679868907,276.5431
325,3675868907,277.5144
326,3671868907,278.4903
327,3667868907,279.4626
328,3663868907,280.4358
329,3659868907,281.4094
330,3655868907,282.3818
331,3651868907,283.3518
332,3647868907,284.3244
333,3643868907,285.298
334,3639868907,286.2705
335,3635868907,287.2436
336,3631868907,288.2189
337,3627868907,289.1918
338,3623868907,290.1663
339,3619868907,291.1408
340,3615868907,292.1134
341,3611868907,293.0885
342,3607868907,294.0634
343,3603868907,295.0332
344,3599868907,296.0056
345,3595868907,296.9806
346,3591976657,297.951
347,3572663012,298.9218
348,3532663012,299.8949
349,3528885917,300.8661
350,3525199622,301.8378
351,3521908862,302.8088
352,3518683662,303.7788
353,3515960243,304.7497
354,3513560243,305.7219
355,3511214660,306.6916
356,3509023595,307.6632
357,3506985740,308.6342
358,3504959365,309.6045
359,3502959365,310.5753
360,3500959365,311.5481
361,3498959365,312.5188
362,3496959365,313.4902
363,3494959365,314.4633
364,3492959365,315.433
365,3490959365,316.4047
366,3488959365,317.3769
367,3486959365,318.3482
368,3484959365,319.3214
369,3482959365,320.2908
370,3480959365,321.2652
371,3478959365,322.2391
372,3476959365,323.2113
373,3474959365,324.1838
374,3472959365,325.1592
375,3470959365,326.134
376,3468959365,327.1345
377,3466959365,328.1062
378,3464959365,329.08
379,3462959365,330.0602
380,3460959365,331.0346
381,3458959365,332.007
382,3456959365,332.9887
383,3454959365,333.9763
384,3452959365,334.9588
385,3450959365,335.9321
386,3448959365,336.9067
387,3446959365,337.8799
388,3444959365,338.8532
389,3442959365,339.8283
390,3440959365,340.8016
391,3438959365,341.7761
392,3436959365,342.7516
393,3434959365,343.7237
394,3432959365,344.7017
395,3430959365,345.6784
396,3428959365,346.6496
397,3426959365,347.6242
398,3424959365,348.5986
399,3422959365,349.5725
400,3420959365,350.547
401,3418959365,351.5202
402,3416959365,352.493
403,3414959365,353.4682
404,3412959365,354.4429
405,3410959365,355.4161
406,3408959365,356.3915
407,3406959365,357.3646
408,3394096593,358.3354
409,3392096593,359.3045
410,3390096593,360.2809
411,3388096593,361.2506
412,3386096593,362.2209
413,3384096593,363.1948
414,3382096593,364.167
415,3380096593,365.1392
416,3378096593,366.1162
417,3376096593,367.0882
418,3374096593,368.0611
419,3372096593,369.0397
420,3370096593,370.0148
421,3368096593,370.9844
422,3366096593,371.9601
423,3364096593,372.9312
424,3362096593,373.9036
425,3360096593,374.8761
426,3358096593,375.8489
427,3356096593,376.8198
428,3354096593,377.7951
429,3352096593,378.7666
430,3350096593,379.7392
431,3310096593,380.7108
432,3308096593,381.6846
433,3306096593,382.6571
434,3304096593,383.6313
435,3302096593,384.6022
436,3300096593,385.5725
437,3298096593,386.5473
438,3296096593,387.5187
439,3294096593,388.4886
440,3292096593,389.4641
441,3290096593,390.4349
442,3288096593,391.4052
443,3286096593,392.3786
444,3284096593,393.3498
445,3282096593,394.3317
446,3280096593,395.3184
447,3278096593,396.3053
448,3276096593,397.2801
449,3274096593,398.2523
450,3272096593,399.2272
451,3270096593,400.2002
452,3268096593,401.1727
453,3266096593,402.1485
454,3264096593,403.1226
455,3262096593,404.1051
456,3260096593,405.0826
457,3258096593,406.0551
458,3256096593,407.0272
459,3254096593,408.0039
460,3252096593,408.9739
461,3250096593,409.9451
462,3248096593,410.9227
463,3246096593,411.9018
464,3244096593,412.8757
465,3242096593,413.8633
466,3240096593,414.8389
467,3238096593,415.8109
468,3236096593,416.7898
469,3234096593,417.76
470,3232096593,418.7312
471,3230096593,419.7033
472,3228096593,420.6755
473,3226096593,421.6469
474,3224096593,422.6234
475,3222096593,423.5946
476,3220096593,424.5674
477,3218096593,425.5599
478,3216096593,426.5322
479,3214096593,427.5092
480,3212096593,428.4852
481,3210106933,429.4547
482,3208130228,430.4297
483,3206168083,431.4024
484,3204130228,432.3732
485,3202168083,433.3449
486,3200130228,434.3195
487,3198168083,435.2934
488,3196130228,436.2708
489,3194168083,437.242
490,3192130228,438.2188
491,3190168083,439.1979
492,3188130228,440.1778
493,3186168083,441.1512
494,3184130228,442.1254
495,3182220618,443.095
496,3180351443,444.067
497,3178526573,445.0382
498,3176750103,446.0082
499,3175069513,446.9796
500,3173469513,447.951
501,3171869513,448.9205
502,3170269513,449.8929
503,3168669513,450.8691
504,3167069513,451.8415
505,3165469513,452.8152
506,3163869513,453.7912
507,3162269513,454.7641
508,3160669513,455.7651
509,3159069513,456.736
510,3157469513,457.7067
511,3155869513,458.683
512,3154269513,459.6765
513,3152669513,460.6506
514,3151069513,461.6415
515,3149469513,462.6197
516,3147869513,463.5964
517,3146269513,464.5784
518,3144669513,465.5582
519,3143069513,466.5393
520,3141469513,467.5196
521,3139869513,468.4992
522,3138269513,469.4801
523,3136669513,470.4562
524,3135069513,471.4319
525,3133771728,472.4097
526,3131771728,473.3812
527,3130508983,474.3634
528,3129299223,475.3335
529,3128099223,476.3131
530,3126946353,477.2861
531,3125699223,478.2574
532,3121699223,479.229
533,3120546353,480.2056
534,3119299223,481.1776
535,3115299223,482.1485
536,3114150193,483.1213
537,3112112338,484.0927
538,3110966913,485.0639
539,3109862468,486.0408
540,3108951546,487.0121
541,3107704416,487.9826
542,3103704416,488.9561
543,3102823926,489.926
544,3101969351,490.8982
545,3100823926,491.8737
546,3099969351,492.8453
547,3098823926,493.8156
548,3097969351,494.7899
549,3096823926,495.7611
550,3095969351,496.7326
551,3094823926,497.7063
552,3093969351,498.6782
553,3092823926,499.6491
554,3091969351,500.6232
555,3090823926,501.5937
556,3089969351,502.5687
557,3089157726,503.5417
558,3088357726,504.5137
559,3087557726,505.4864
560,3086757726,506.4613
561,3081188336,507.4346
562,3062470626,508.4068
563,3051670626,509.3819
564,3044253753,510.3552
565,3029631445,511.3245
566,3026719875,512.2972
567,3025631445,513.271
568,3022719875,514.2442
569,3021631445,515.2163
570,3018719875,516.1891
571,3017631445,517.1595
572,3014719875,518.1317
573,3013631445,519.1042
574,3010719875,520.075
575,3009631445,521.0464
576,3006719875,522.0217
577,3005631445,522.9925
578,3002719875,523.9651
579,3001631445,524.9416
580,2998719875,525.9192
581,2997631445,526.8914
582,2994719875,527.8646
583,2993631445,528.8356
584,2992142515,529.8084
585,2991054085,530.7806
586,2990142515,531.7524
587,2989342515,532.723
588,2988542515,533.6961
589,2987742515,534.6673
590,2986942515,535.6395
591,2986142515,536.6129
592,2985342515,537.5849
593,2984542515,538.5588
594,2983742515,539.5335
595,2982942515,540.5109
596,2982189645,541.4821
597,2980942515,542.4552
598,2976942515,543.4269
599,2976189645,544.4005
600,2974942515,545.3722
601,2970942515,546.3437
602,2970189645,547.3161
603,2968942515,548.287
604,2965722005,549.2646
605,2964969135,550.2409
606,2963722005,551.2312
607,2961722005,552.2166
608,2960969135,553.1965
609,2959722005,554.1812
610,2957709449,555.1554
611,2955618241,556.1414
612,2953618241,557.1282
613,2951618241,558.1167
614,2949618241,559.0929
615,2948865371,560.0803
616,2948173506,561.0781
617,2947538326,562.066
618,2946992686,563.0413
619,2946488401,564.013
620,2945576831,564.985
621,2945137071,565.9562
622,2944737071,566.9355
623,2944337071,567.928
624,2943937071,568.9027
625,2943537071,569.8795
626,2943137071,570.8577
627,2942737071,571.8397
628,2942337071,572.8289
629,2941937071,573.8099
630,2941537071,574.7896
631,2941137071,575.7704
632,2940737071,576.7702
633,2940337071,577.7654
634,2939937071,578.7454
635,2939537071,579.7163
636,2930720735,580.6875
637,2927043225,581.6848
638,2926643225,582.6574
639,2926243225,583.6303
640,2925843225,584.6073
641,2925443225,585.5914
642,2925043225,586.5673
643,2924643225,587.5456
644,2924243225,588.5242
645,2923843225,589.5113
646,2923443225,590.4923
647,2923043225,591.4738
648,2922643225,592.4542
649,2922243225,593.4307
650,2921843225,594.4101
651,2921443225,595.3899
652,2921043225,596.3705
653,2920643225,597.3534
654,2920243225,598.3359
655,2919843225,599.3192
656,2919443225,600.307
657,2919043225,601.3041
658,2918643225,602.2857
659,2918243225,603.264
660,2917843225,604.2477
661,2917443225,605.2401
662,2917043225,606.2281
663,2916643225,607.2019
664,2916243225,608.1886
665,2915843225,609.1867
666,2915443225,610.1742
667,2915043225,611.1493
668,2914643225,612.1436
669,2914243225,613.1257
670,2913843225,614.1151
671,2913443225,615.0975
672,2913043225,616.0875
673,2912643225,617.0769
674,2912243225,618.0703
675,2911843225,619.0403
676,2911443225,620.0292
677,2911043225,621.0286
678,2910643225,622.0188
679,2910243225,622.997
680,2909843225,623.9758
681,2909443225,624.9549
682,2909043225,625.9304
683,2908643225,626.9125
684,2908243505,627.9046
685,2906643225,628.8802
686,2906243505,629.8765
687,2904643225,630.8521
688,2904243505,631.8331
689,2902643225,632.8237
690,2902243505,633.8035
691,2900643225,634.7852
692,2900243505,635.7661
693,2898643225,636.7623
694,2898243505,637.7593
695,2897861865,638.7436
696,2897541870,639.7158
697,2897142150,640.6884
698,2896867715,641.688
699,2896609780,642.6591
700,2894867715,643.6313
701,2894609780,644.6073
702,2893780605,645.5894
703,2893522670,646.5639
704,2893265648,647.5436
705,2893030238,648.5178
706,2891265648,649.5137
707,2891030238,650.4927
708,2889265648,651.471
709,2889030238,652.4486
710,2887265648,653.4247
711,2887030238,654.4047
712,2885265648,655.3863
713,2885030238,656.3679
714,2883265648,657.351
715,2883030238,658.3331
716,2881265648,659.3175
717,2881030238,660.3015
718,2879265648,661.2975
719,2879035408,662.2795
720,2878813728,663.2534
721,2877407008,664.2359
722,2877035408,665.2281
723,2876442128,666.214
724,2875035408,667.1857
725,2874442128,668.1715
726,2873035408,669.1706
727,2872442128,670.1565
728,2871035408,671.1328
729,2870442128,672.1218
730,2869035408,673.1035
731,2868442128,674.0781
732,2867035408,675.0574
733,2866442128,676.0463
734,2866245561,677.0353
735,2866106839,678.0249
736,2865973447,678.9956
737,2865842622,679.9859
738,2863842622,680.9833
739,2861842622,681.9733
740,2859842622,682.9536
741,2857842622,683.9336
742,2855842622,684.9126
743,2854209592,685.8892
744,2853842622,686.8711
745,2852209592,687.8654
746,2851842622,688.8462
747,2850209592,689.8293
748,2849842622,690.8069
749,2848209592,691.7906
750,2847842622,692.7822
751,2846209592,693.7641
752,2845842622,694.7484
753,2845714417,695.7209
754,2845604012,696.6906
755,2845546335,697.6624
756,2845507830,698.6361
757,2845003545,699.6085
758,2844091975,700.5831
759,2843654085,701.5712
760,2843615580,702.5458
761,2843111295,703.5228
762,2842199725,704.5006
763,2842176430,705.4838
764,2840199725,706.4616
765,2840176430,707.4413
766,2838199725,708.4191
767,2838176430,709.4168
768,2837224950,710.3978
769,2836199725,711.3785
770,2836176430,712.3607
771,2835224950,713.3353
772,2834199725,714.3097
773,2834176430,715.2934
774,2833224950,716.2758
775,2832199725,717.2597
776,2832176430,718.2447
777,2831224950,719.2159
778,2830849645,720.2026
779,2830826350,721.2006
780,2829874870,722.1726
781,2829851575,723.1469
782,2829841235,724.1201
783,2827851575,725.0921
784,2827841235,726.0821
785,2825851575,727.0538
786,2825841235,728.0428
787,2823851575,729.0203
788,2823841235,730.0118
789,2821851575,730.9898
790,2821841235,731.9743
791,2819851575,732.9603
792,2819851575,733.9375
793,2819851575,734.9168
794,2819451575,735.8909
795,2819451575,736.8831
796,2819451575,737.8809
797,2819451575,738.8585
798,2819451575,739.8543
799,2815051575,740.8512
800,2814651575,741.8457
801,2814651575,742.8264
802,2814651575,743.8094
803,2814251575,744.7909
804,2814251575,745.7679
805,2814251575,746.754
806,2814251575,747.7274
807,2814251575,748.6994
808,2809851575,749.6969
809,2809451575,750.6685
810,2809451575,751.641
811,2809451575,752.6223
812,2809051575,753.6134
813,2809051575,754.5867
814,2809051575,755.565
815,2809051575,756.5416
816,2809051575,757.5182
817,2804651575,758.4953
818,2804251575,759.4734
819,2804251575,760.45
820,2804251575,761.449
821,2803851575,762.4275
822,2803851575,763.3994
823,2803851575,764.379
824,2803851575,765.354
825,2803851575,766.3349
826,2799451575,767.3149
827,2799051575,768.2983
828,2799051575,769.2939
829,2799051575,770.2753
830,2798651575,771.2618
831,2798651575,772.244
832,2798651575,773.2222
833,2798651575,774.1985
834,2798651575,775.1701
835,2794251575,776.1545
836,2793851575,777.1349
837,2793851575,778.1198
838,2793851575,779.094
839,2793451575,780.0836
840,2793451575,781.0799
841,2793451575,782.054
842,2793451575,783.034
843,2793451575,784.0113
844,2789051575,784.986
845,2788651575,785.9593
846,2788651575,786.932
847,2788651575,787.923
848,2788251575,788.9069
849,2788251575,789.8807
850,2788251575,790.8569
851,2788251575,791.8463
852,2788251575,792.8291
853,2783851575,793.7998
854,2783451575,794.7788
855,2783451575,795.7643
856,2783451575,796.7496
857,2783451575,797.7242
858,2783451575,798.6953
859,2783451575,799.6851
860,2817476005,800.0787
861,2783451575,800.4737
862,2830232554,800.8674
863,2881737956,801.2583
864,2934549328,801.6507
865,2998741147,802.0444
866,3071696534,802.4369
867,3189147293,802.8304
868,3246833916,803.2228
869,3394285733,803.6169
870,3583059063,804.0103
871,3829185617,804.4036
872,3863210047,804.797
873,3816429068,805.1899
874,3764923666,805.583
875,3712112294,805.9752
876,3647920475,806.3675
877,3574965088,806.7607
878,3457514329,807.1537
879,3399827706,807.5449
880,3252375889,807.937
881,3063602559,808.328
882,2817476005,808.7195
883,2783451575,809.1111
884,2830232554,809.5083
885,2881737956,809.8996
886,2934549328,810.2917
887,2998741147,810.683
888,3071696534,811.0778
889,3189147293,811.4695
890,3246833916,811.8621
891,3394285733,812.2545
892,3583059063,812.6555
893,3829185617,813.0484
894,3863210047,813.4419
895,3816429068,813.8344
896,3764923666,814.2274
897,3712112294,814.6196
898,3647920475,815.012
899,3574965088,815.4052
900,3457514329,815.7983
901,3399827706,816.1896
902,3252375889,816.5817
903,3063602559,816.9731
904,2817476005,817.9466
905,2783451575,818.9186
906,2783451575,819.8918
907,2779751750,820.8619
908,2779351750,821.8338
909,2779351750,822.8048
910,2779351750,823.7784
911,2779351750,824.7504
912,2779351750,825.722
913,2779351750,826.6986
914,2779351750,827.6731
915,2776951750,828.6422
916,2776551750,829.6161
917,2776305200,830.5889
918,2774951750,831.5605
919,2774951750,832.5332
920,2774951750,833.5056
921,2774951750,834.4764
922,2774951750,835.4481
923,2774951750,836.4203
924,2772551750,837.3909
925,2772151750,838.3632
926,2771905200,839.3342
927,2770551750,840.3079
928,2770551750,841.2804
929,2770551750,842.2502
930,2770551750,843.2225
931,2770551750,844.1949
932,2770551750,845.1657
933,2768151750,846.1376
934,2767751750,847.1097
935,2767505200,848.0807
936,2766151750,849.052
937,2766151750,850.0246
938,2766151750,850.9963
939,2766151750,851.9704
940,2766151750,852.942
941,2766151750,853.9129
942,2763751750,854.8838
943,2763351750,855.8562
944,2763105200,856.8283
945,2761751750,857.8017
946,2761751750,858.7736
947,2761751750,859.7452
948,2761751750,860.717
949,2761751750,861.6882
950,2761751750,862.6588
951,3007878304,863.0507
952,2761751750,863.4437
953,2795776180,863.8362
954,2842557159,864.227
955,2894062561,864.6177
956,2946873933,865.0087
957,3011065752,865.4004
958,3084021139,865.7923
959,3141707762,866.1838
960,3259158521,866.5769
961,3406610338,866.9747
962,3595383668,867.3793
963,3841510222,867.7719
964,3807485792,868.1689
965,3760704813,868.5606
966,3709199411,868.9524
967,3656388039,869.3441
968,3592196220,869.7371
969,3519240833,870.1283
970,3461554210,870.5195
971,3344103451,870.9103
972,3196651634,871.3011
973,3007878304,871.6913
974,2761751750,872.0822
975,2795776180,872.4745
976,2842557159,872.8652
977,2894062561,873.2558
978,2946873933,873.6467
979,3011065752,874.038
980,3084021139,874.4305
981,3141707762,874.8216
982,3259158521,875.2132
983,3406610338,875.6063
984,3595383668,875.9986
985,3841510222,876.391
986,3807485792,876.7832
987,3760704813,877.1748
988,3709199411,877.5666
989,3656388039,877.9579
990,3592196220,878.3494
991,3519240833,878.7424
992,3461554210,879.1338
993,3344103451,879.5245
994,3196651634,879.9156
995,2950525080,880.8876
996,2761751750,881.8611
997,2759351750,882.8309
998,2758951750,883.8023
999,2758705200,884.7756
1000,2757351750,885.7465
1001,2757351750,886.7283
1002,2757351750,887.7012
1003,2757351750,888.6704
1004,2757351750,889.6405
1005,2757351750,890.6137
1006,2754951750,891.583
1007,2754551750,892.5527
1008,2754305200,893.5254
1009,2752951750,894.496
1010,2752951750,895.4677
1011,2752951750,896.441
1012,2752951750,897.4112
1013,2752951750,898.3811
1014,2752951750,899.3529
1015,2752951750,900.3264
1016,2750551750,901.2953
1017,2750151750,902.2663
1018,2749905200,903.237
1019,2748551750,904.2073
1020,2748551750,905.1779
1021,2748551750,906.1507
1022,2748551750,907.1215
1023,2748551750,908.0923
1024,2748551750,909.0646
1025,2748551750,910.0346
1026,2746151750,911.0055
1027,2745751750,911.9772
1028,2745505200,912.9559
1029,2744151750,913.9282
1030,2744151750,914.9026
1031,2744151750,915.8743
1032,2744151750,916.8468
1033,2744151750,917.8258
1034,2744151750,918.7967
1035,2744151750,919.7678
1036,2741751750,920.7388
1037,2741351750,921.708
1038,2741105200,922.6796
1039,2739751750,923.6518
1040,2739751750,924.6233
1041,2739751750,925.5964
1042,2739751750,926.5725
1043,2739751750,927.5418
1044,2739751750,928.5135
1045,2928525080,928.9053
1046,2739751750,929.2963
1047,2773776180,929.6885
1048,2820557159,930.0799
1049,2872062561,930.4709
1050,2924873933,930.8621
1051,2989065752,931.2536
1052,3062021139,931.6449
1053,3119707762,932.0369
1054,3237158521,932.4303
1055,3384610338,932.8228
1056,3630736892,933.2154
1057,3819510222,933.6088
1058,3785485792,934.0013
1059,3738704813,934.3943
1060,3687199411,934.7862
1061,3634388039,935.1831
1062,3570196220,935.5778
1063,3497240833,935.9694
1064,3439554210,936.3611
1065,3322103451,936.7537
1066,3174651634,937.1452
1067,2928525080,937.5358
1068,2739751750,937.9284
1069,2773776180,938.3195
1070,2820557159,938.7126
1071,2872062561,939.1038
1072,2924873933,939.4948
1073,2989065752,939.8866
1074,3062021139,940.2779
1075,3119707762,940.6696
1076,3237158521,941.0614
1077,3384610338,941.4559
1078,3630736892,941.8487
1079,3819510222,942.2416
1080,3785485792,942.6341
1081,3738704813,943.0266
1082,3687199411,943.4183
1083,3634388039,943.8104
1084,3570196220,944.2018
1085,3497240833,944.5954
1086,3439554210,944.9866
1087,3322103451,945.3785
1088,3174651634,945.7702
1089,2928525080,946.7429
1090,2739751750,947.7146
1091,2739751750,948.6869
1092,2737351750,949.6602
1093,2736951750,950.632
1094,2736705200,951.6042
1095,2735351750,952.5764
1096,2735351750,953.5475
1097,2735351750,954.519
1098,2735351750,955.4912
1099,2735351750,956.4674
1100,2735351750,957.452
1101,2735351750,958.4249
1102,2732951750,959.3965
1103,2732551750,960.367
1104,2732305200,961.3401
1105,2730951750,962.3117
1106,2730951750,963.288
1107,2730951750,964.263
1108,2730951750,965.234
1109,2730951750,966.2066
1110,2730951750,967.1791
1111,2730951750,968.1568
1112,2728551750,969.1294
1113,2728151750,970.0999
1114,2727905200,971.0695
1115,2726551750,972.0402
1116,2726551750,973.0112
1117,2726551750,973.981
1118,2726551750,974.9603
1119,2726551750,975.934
1120,2726551750,976.908
1121,2726551750,977.8849
1122,2724151750,978.8564
1123,2723751750,979.8263
1124,2723505200,980.8002
1125,2722151750,981.7707
1126,2722151750,982.7414
1127,2722151750,983.7137
1128,2722151750,984.6867
1129,2722151750,985.6635
1130,2722151750,986.6421
1131,2722151750,987.6355
1132,2719751750,988.6115
1133,2719351750,989.5866
1134,2719105200,990.5579
1135,2717751750,991.5266
1136,2717751750,992.4994
1137,2717751750,993.4701
1138,2717751750,994.4416
1139,2717751750,995.4156
1140,2717751750,996.3892
1141,2924220427,996.7847
1142,2717751750,997.1777
1143,2751776180,997.5695
1144,2798557159,997.9605
1145,2850062561,998.3585
1146,2902873933,998.7541
1147,2967065752,999.1562
1148,3040021139,999.5568
1149,3097707762,999.9493
1150,3215158521,1000.344
1151,3362610338,1000.7421
1152,3551383668,1001.1457
1153,3757852345,1001.5429
1154,3723827915,1001.9412
1155,3677046936,1002.3405
1156,3625541534,1002.7384
1157,3572730162,1003.1342
1158,3508538343,1003.5424
1159,3435582956,1003.9402
1160,3377896333,1004.3414
1161,3260445574,1004.7375
1162,3112993757,1005.1377
1163,2924220427,1005.5297
1164,2717751750,1005.9214
1165,2751776180,1006.3155
1166,2798557159,1006.7104
1167,2850062561,1007.112
1168,2902873933,1007.5121
1169,2967065752,1007.9044
1170,3040021139,1008.3041
1171,3097707762,1008.7017
1172,3215158521,1009.0998
1173,3362610338,1009.4957
1174,3551383668,1009.8905
1175,3757852345,1010.2922
1176,3723827915,1010.6919
1177,3677046936,1011.0852
1178,3625541534,1011.481
1179,3572730162,1011.8763
1180,3508538343,1012.2727
1181,3435582956,1012.6654
1182,3377896333,1013.0676
1183,3260445574,1013.4648
1184,3112993757,1013.8573
1185,2906525080,1014.8335
1186,2717751750,1015.8052
1187,2717751750,1016.7785
1188,2717751750,1017.7615
1189,2717751750,1018.7317
1190,2717751750,1019.7214
1191,2717751750,1020.6939
1192,2717751750,1021.6727
1193,2717751750,1022.6496
1194,2717252415,1023.6426
1195,2717252415,1024.6146
1196,2717252415,1025.604
1197,2717252415,1026.5752
1198,2717252415,1027.5546
1199,2717252415,1028.5268
1200,2717252415,1029.5002
1201,2717252415,1030.4723
1202,2714852415,1031.444
1203,2714452415,1032.4144
1204,2714205865,1033.3852
1205,2712852415,1034.3545
1206,2712852415,1035.3279
1207,2712852415,1036.2985
1208,2712852415,1037.2698
1209,2712852415,1038.2428
1210,2712852415,1039.2211
1211,2712852415,1040.1981
1212,2710452415,1041.1722
1213,2710052415,1042.1419
1214,2709805865,1043.1118
1215,2708452415,1044.0828
1216,2708452415,1045.054
1217,2708452415,1046.0237
1218,2708452415,1047.0009
1219,2708452415,1047.9725
1220,2708452415,1048.9444
1221,2708452415,1049.924
1222,2706052415,1050.8987
1223,2705652415,1051.8675
1224,2705405865,1052.8432
1225,2704052415,1053.8131
1226,2704052415,1054.7843
1227,2704052415,1055.7555
1228,2704052415,1056.7282
1229,2704052415,1057.7018
1230,2704052415,1058.677
1231,2892825745,1059.0705
1232,2704052415,1059.4621
1233,2738076845,1059.8532
1234,2784857824,1060.2444
1235,2836363226,1060.636
1236,2889174598,1061.0381
1237,2953366417,1061.4355
1238,3026321804,1061.8288
1239,3084008427,1062.2264
1240,3201459186,1062.6249
1241,3348911003,1063.0232
1242,3548179680,1063.4269
1243,3736953010,1063.8219
1244,3702928580,1064.2246
1245,3656147601,1064.62
1246,3604642199,1065.0125
1247,3551830827,1065.4051
1248,3487639008,1065.7989
1249,3414683621,1066.191
1250,3356996998,1066.5833
1251,3239546239,1066.975
1252,3092094422,1067.3766
1253,2892825745,1067.7691
1254,2704052415,1068.1596
1255,2738076845,1068.5497
1256,2784857824,1068.9407
1257,2836363226,1069.3347
1258,2889174598,1069.7266
1259,2953366417,1070.1184
1260,3026321804,1070.5129
1261,3084008427,1070.9057
1262,3201459186,1071.2989
1263,3348911003,1071.6939
1264,3548179680,1072.0888
1265,3736953010,1072.4898
1266,3702928580,1072.8877
1267,3656147601,1073.288
1268,3604642199,1073.6845
1269,3551830827,1074.0795
1270,3487639008,1074.4716
1271,3414683621,1074.863
1272,3356996998,1075.2552
1273,3239546239,1075.652
1274,3092094422,1076.046
1275,2892825745,1077.0209
1276,2704052415,1077.9913
1277,2704052415,1078.9629
1278,2704052415,1079.9462
1279,2704052415,1080.9158
1280,2704052415,1081.8915
1281,2704052415,1082.8713
1282,2704052415,1083.851
1283,2704052415,1084.8235
1284,2704052415,1085.7983
1285,2704052415,1086.7765
1286,2704052415,1087.748
1287,2704052415,1088.7204
1288,2704052415,1089.7041
1289,2704052415,1090.6767
1290,2704052415,1091.6498
1291,2704052415,1092.6208
1292,2701652415,1093.5961
1293,2701252415,1094.5674
1294,2701005865,1095.5371
1295,2699652415,1096.5073
1296,2699652415,1097.4786
1297,2699652415,1098.45
1298,2699652415,1099.4227
1299,2699652415,1100.3929
1300,2699652415,1101.3658
1301,2699652415,1102.3399
1302,2697252415,1103.3108
1303,2696852415,1104.2831
1304,2696605865,1105.2573
1305,2695252415,1106.2261
1306,2695252415,1107.2009
1307,2695252415,1108.1713
1308,2695252415,1109.1449
1309,2695252415,1110.1187
1310,2695252415,1111.1011
1311,2695252415,1112.089
1312,2692852415,1113.061
1313,2692452415,1114.0311
1314,2692205865,1115.0012
1315,2690852415,1115.9749
1316,2690852415,1116.9463
1317,2690852415,1117.9156
1318,2690852415,1118.8894
1319,2690852415,1119.865
1320,2690852415,1120.849
1321,2882921092,1121.2517
1322,2690852415,1121.6552
1323,2724876845,1122.0484
1324,2771657824,1122.4393
1325,2823163226,1122.842
1326,2875974598,1123.2426
1327,2940166417,1123.6404
1328,3013121804,1124.0349
1329,3070808427,1124.4292
1330,3188259186,1124.831
1331,3335711003,1125.2338
1332,3524484333,1125.6368
1333,3716553010,1126.0335
1334,3682528580,1126.4277
1335,3635747601,1126.8218
1336,3584242199,1127.2243
1337,3531430827,1127.6335
1338,3467239008,1128.0282
1339,3394283621,1128.4251
1340,3336596998,1128.8228
1341,3219146239,1129.2168
1342,3071694422,1129.6133
1343,2882921092,1130.0082
1344,2690852415,1130.4042
1345,2724876845,1130.7977
1346,2771657824,1131.1903
1347,2823163226,1131.584
1348,2875974598,1131.9756
1349,2940166417,1132.3676
1350,3013121804,1132.759
1351,3070808427,1133.1507
1352,3188259186,1133.5443
1353,3335711003,1133.9373
1354,3524484333,1134.3297
1355,3716553010,1134.7232
1356,3682528580,1135.1166
1357,3635747601,1135.5088
1358,3584242199,1135.901
1359,3531430827,1136.2931
1360,3467239008,1136.6863
1361,3394283621,1137.0783
1362,3336596998,1137.4698
1363,3219146239,1137.8615
1364,3071694422,1138.2528
1365,2879625745,1139.2267
1366,2690852415,1140.2021
1367,2690852415,1141.1739
1368,2690852415,1142.1441
1369,2690852415,1143.1177
1370,2690852415,1144.0894
1371,2690852415,1145.0607
1372,2690852415,1146.0351
1373,2690852415,1147.0057
1374,2690852415,1147.9789
1375,2690852415,1148.9523
1376,2690852415,1149.9228
1377,2690852415,1150.8928
1378,2690852415,1151.8686
1379,2690852415,1152.8385
1380,2690852415,1153.8099
1381,2690852415,1154.7833
1382,2688452415,1155.7545
1383,2688052415,1156.7254
1384,2687805865,1157.6993
1385,2686452415,1158.6693
1386,2686452415,1159.6414
1387,2686452415,1160.6156
1388,2686452415,1161.5872
1389,2686452415,1162.5573
1390,2686452415,1163.5323
1391,2686452415,1164.5027
1392,2684052415,1165.4738
1393,2683652415,1166.4531
1394,2683405865,1167.4258
1395,2682052415,1168.3967
1396,2682052415,1169.3695
1397,2682052415,1170.3432
1398,2682052415,1171.3152
1399,2682052415,1172.2866
1400,2682052415,1173.26
1401,2682052415,1174.2306
1402,2682052415,1175.203
1403,2679652415,1176.1738
1404,2679252415,1177.1455
1405,2679005865,1178.1174
1406,2677652415,1179.0942
1407,2677652415,1180.0652
1408,2677652415,1181.0388
1409,2677652415,1182.0114
1410,2677652415,1182.9837
1411,2677652415,1183.955
1412,2866425745,1184.3485
1413,2677652415,1184.7431
1414,2711676845,1185.1342
1415,2758457824,1185.526
1416,2809963226,1185.9176
1417,2862774598,1186.3092
1418,2926966417,1186.701
1419,2999921804,1187.0931
1420,3057608427,1187.4879
1421,3175059186,1187.8804
1422,3322511003,1188.2725
1423,3507379680,1188.6655
1424,3696153010,1189.0588
1425,3662128580,1189.4517
1426,3615347601,1189.8446
1427,3563842199,1190.237
1428,3511030827,1190.6313
1429,3446839008,1191.0234
1430,3373883621,1191.4153
1431,3316196998,1191.8079
1432,3198746239,1192.1996
1433,3051294422,1192.5912
1434,2866425745,1192.9828
1435,2677652415,1193.3744
1436,2711676845,1193.7677
1437,2758457824,1194.1596
1438,2809963226,1194.551
1439,2862774598,1194.9428
1440,2926966417,1195.3351
1441,2999921804,1195.7271
1442,3057608427,1196.119
1443,3175059186,1196.5137
1444,3322511003,1196.9128
1445,3507379680,1197.3058
1446,3696153010,1197.699
1447,3662128580,1198.0932
1448,3615347601,1198.486
1449,3563842199,1198.8785
1450,3511030827,1199.2708
1451,3446839008,1199.6645
1452,3373883621,1200.0565
1453,3316196998,1200.4485
1454,3198746239,1200.8401
1455,3051294422,1201.2319
1456,2862521092,1202.2049
1457,2677652415,1203.1771
1458,2677652415,1204.1506
1459,2677652415,1205.1196
1460,2677652415,1206.0929
1461,2677652415,1207.064
1462,2677652415,1208.0343
1463,2677652415,1209.0073
1464,2677652415,1209.9797
1465,2677652415,1210.9493
1466,2675252415,1211.9229
1467,2674852415,1212.8942
1468,2674852415,1213.8663
1469,2674605865,1214.8392
1470,2673252415,1215.8117
1471,2673252415,1216.7831
1472,2673252415,1217.7568
1473,2673252415,1218.7277
1474,2673252415,1219.6985
1475,2673252415,1220.6704
1476,2671910345,1221.6407
1477,2671510345,1222.6111
1478,2671510345,1223.5834
1479,2671263795,1224.5557
1480,2669910345,1225.5275
1481,2669910345,1226.5004
1482,2669910345,1227.4721
1483,2669910345,1228.4421
1484,2669910345,1229.4125
1485,2669910345,1230.3866
1486,2669910345,1231.3559
1487,2669910345,1232.3277
1488,2669510345,1233.3008
1489,2669263795,1234.2713
1490,2667910345,1235.2419
1491,2667796328,1236.2163
1492,2667796328,1237.1878
1493,2667796328,1238.158
1494,2667796328,1239.1308
1495,2667796328,1240.1009
1496,2667796328,1241.0717
1497,2667796328,1242.0494
1498,2667796328,1243.021
1499,2667396328,1243.9902
1500,2667149778,1244.9637
1501,2665796328,1245.9355
1502,2665796328,1246.9074
1503,2665796328,1247.8823
1504,2665796328,1248.8527
1505,2665796328,1249.8233
1506,2665796328,1250.7964
1507,2841065005,1251.1884
1508,2665796328,1251.5797
1509,2699820758,1251.9716
1510,2746601737,1252.3626
1511,2798107139,1252.7541
1512,2850918511,1253.1451
1513,2915110330,1253.5388
1514,2988065717,1253.9311
1515,3045752340,1254.3234
1516,3163203099,1254.7152
1517,3310654916,1255.1081
1518,3499428246,1255.5006
1519,3674696923,1255.8939
1520,3640672493,1256.286
1521,3593891514,1256.6817
1522,3542386112,1257.0737
1523,3489574740,1257.4656
1524,3425382921,1257.8573
1525,3352427534,1258.2492
1526,3294740911,1258.641
1527,3177290152,1259.0331
1528,3029838335,1259.4256
1529,2841065005,1259.8177
1530,2665796328,1260.21
1531,2699820758,1260.6012
1532,2746601737,1260.9925
1533,2798107139,1261.3839
1534,2850918511,1261.7754
1535,2915110330,1262.1668
1536,2988065717,1262.5607
1537,3045752340,1262.9527
1538,3163203099,1263.3442
1539,3310654916,1263.7373
1540,3499428246,1264.13
1541,3674696923,1264.5235
1542,3640672493,1264.916
1543,3593891514,1265.309
1544,3542386112,1265.7029
1545,3489574740,1266.0959
1546,3425382921,1266.4874
1547,3352427534,1266.8791
1548,3294740911,1267.2706
1549,3177290152,1267.6623
1550,3029838335,1268.0536
1551,2841065005,1269.0252
1552,2665796328,1269.9939
1553,2665796328,1270.971
1554,2665796328,1271.9435
1555,2665796328,1272.9141
1556,2665796328,1273.8851
1557,2665796328,1274.8588
1558,2665796328,1275.8293
1559,2665796328,1276.7992
1560,2665796328,1277.7733
1561,2665396328,1278.7433
1562,2665396328,1279.7125
1563,2665149778,1280.6845
1564,2663796328,1281.6556
1565,2663796328,1282.6269
1566,2663796328,1283.6
1567,2663796328,1284.5716
1568,2663796328,1285.5425
1569,2663796328,1286.5154
1570,2663796328,1287.4857
1571,2663796328,1288.4576
1572,2663796328,1289.4306
1573,2663396328,1290.4002
1574,2663149778,1291.3708
1575,2661796328,1292.3428
1576,2661796328,1293.3192
1577,2661796328,1294.2896
1578,2661796328,1295.2603
1579,2661796328,1296.2336
1580,2661796328,1297.2047
1581,2661796328,1298.1758
1582,2661796328,1299.1487
1583,2661796328,1300.1196
1584,2661396328,1301.0902
1585,2661149778,1302.0639
1586,2659796328,1303.0336
1587,2659796328,1304.0058
1588,2659796328,1304.9834
1589,2659796328,1305.954
1590,2659796328,1306.9255
1591,2659796328,1307.8977
1592,2659796328,1308.8683
1593,2659796328,1309.84
1594,2659796328,1310.813
1595,2848569658,1311.205
1596,2659796328,1311.5969
1597,2693820758,1311.9873
1598,2740601737,1312.3786
1599,2792107139,1312.7696
1600,2844918511,1313.1609
1601,2909110330,1313.5547
1602,2982065717,1313.9465
1603,3039752340,1314.3381
1604,3157203099,1314.7299
1605,3304654916,1315.1223
1606,3550781470,1315.5152
1607,3739554800,1315.9137
1608,3705530370,1316.306
1609,3658749391,1316.7
1610,3607243989,1317.0926
1611,3554432617,1317.4848
1612,3490240798,1317.8765
1613,3417285411,1318.2676
1614,3359598788,1318.6591
1615,3242148029,1319.0502
1616,3094696212,1319.4425
1617,2848569658,1319.8332
1618,2659796328,1320.2256
1619,2693820758,1320.6165
1620,2740601737,1321.0081
1621,2792107139,1321.399
1622,2844918511,1321.7903
1623,2909110330,1322.1814
1624,2982065717,1322.5746
1625,3039752340,1322.9658
1626,3157203099,1323.3596
1627,3304654916,1323.7515
1628,3550781470,1324.1454
1629,3739554800,1324.5386
1630,3705530370,1324.931
1631,3658749391,1325.3231
1632,3607243989,1325.731
1633,3554432617,1326.1241
1634,3490240798,1326.518
1635,3417285411,1326.9112
1636,3359598788,1327.3034
1637,3242148029,1327.6952
1638,3094696212,1328.0892
1639,2848569658,1329.0635
1640,2659796328,1330.0347
1641,2659396328,1331.0058
1642,2659149778,1331.9781
1643,2657796328,1332.9479
1644,2657796328,1333.9175
1645,2657796328,1334.8974
1646,2657796328,1335.8727
1647,2657796328,1336.8445
1648,2657796328,1337.8272
1649,2657796328,1338.8051
1650,2657796328,1339.7803
1651,2657796328,1340.7632
1652,2657396328,1341.7454
1653,2657149778,1342.7144
1654,2655796328,1343.6853
1655,2655796328,1344.6553
1656,2655796328,1345.6256
1657,2655796328,1346.6021
1658,2655796328,1347.5757
1659,2655796328,1348.5465
1660,2655796328,1349.5212
1661,2655796328,1350.4945
1662,2655796328,1351.4689
1663,2655796328,1352.4396
1664,2655796328,1353.4106
1665,2655796328,1354.3816
1666,2655796328,1355.3532
1667,2655796328,1356.3267
1668,2655796328,1357.3016
1669,2655796328,1358.2779
1670,2655796328,1359.2527
1671,2655796328,1360.2345
1672,2655796328,1361.205
1673,2655796328,1362.1787
1674,2655796328,1363.1498
1675,2655796328,1364.1204
1676,2655796328,1365.0957
1677,2655796328,1366.0665
1678,2655796328,1367.0384
1679,2655796328,1368.014
1680,2655796328,1368.9857
1681,2655796328,1369.9556
1682,2655796328,1370.9299
1683,2901922882,1371.3226
1684,2655796328,1371.7134
1685,2689820758,1372.1055
1686,2736601737,1372.4966
1687,2788107139,1372.8878
1688,2840918511,1373.2793
1689,2905110330,1373.6728
1690,2978065717,1374.0646
1691,3035752340,1374.4567
1692,3153203099,1374.8483
1693,3300654916,1375.2407
1694,3489428246,1375.633
1695,3735554800,1376.0285
1696,3701530370,1376.4212
1697,3654749391,1376.8152
1698,3603243989,1377.2072
1699,3550432617,1377.5993
1700,3486240798,1377.9948
1701,3413285411,1378.3935
1702,3355598788,1378.7847
1703,3238148029,1379.1764
1704,3090696212,1379.5705
1705,2901922882,1379.9618
1706,2655796328,1380.3528
1707,2689820758,1380.7468
1708,2736601737,1381.1378
1709,2788107139,1381.5292
1710,2840918511,1381.9203
1711,2905110330,1382.3117
1712,2978065717,1382.7048
1713,3035752340,1383.0982
1714,3153203099,1383.4899
1715,3300654916,1383.8822
1716,3489428246,1384.2747
1717,3735554800,1384.6735
1718,3701530370,1385.0753
1719,3654749391,1385.484
1720,3603243989,1385.8864
1721,3550432617,1386.2839
1722,3486240798,1386.6806
1723,3413285411,1387.0838
1724,3355598788,1387.4878
1725,3238148029,1387.8824
1726,3090696212,1388.2838
1727,2844569658,1389.2594
1728,2655796328,1390.2309
1729,2655796328,1391.201
1730,2655796328,1392.1824
1731,2655796328,1393.1557
1732,2655796328,1394.1256
1733,2655796328,1395.101
1734,2655796328,1396.0821
1735,2655796328,1397.0543
1736,2655796328,1398.0299
1737,2655796328,1399.0009
1738,2655796328,1399.974
1739,2655796328,1400.9455
1740,2655796328,1401.9294
1741,2655796328,1402.8995
1742,2655796328,1403.8736
1743,2655796328,1404.8529
1744,2655796328,1405.8278
1745,2655796328,1406.8111
1746,2655796328,1407.8005
1747,2655796328,1408.7695
1748,2655796328,1409.7428
1749,2655796328,1410.7129
1750,2655796328,1411.6902
1751,2655796328,1412.667
1752,2655796328,1413.6553
1753,2655796328,1414.6309
1754,2655796328,1415.6274
1755,2655796328,1416.5965
1756,2655796328,1417.5665
1757,2655796328,1418.5402
1758,2655796328,1419.5139
1759,2655796328,1420.4908
1760,2655796328,1421.4836
1761,2655796328,1422.4553
1762,2655796328,1423.4276
1763,2655796328,1424.3996
1764,2655796328,1425.3718
1765,2655796328,1426.3443
1766,2655796328,1427.3197
1767,2655796328,1428.2948
1768,2655796328,1429.271
1769,2655796328,1430.248
1770,2655796328,1431.2299
1771,2844569658,1431.6291
1772,3090696212,1432.0281
1773,3124720642,1432.4224
1774,3171501621,1432.8153
1775,3223007023,1433.2167
1776,3275818395,1433.6153
1777,3340010214,1434.0114
1778,3412965601,1434.4061
1779,3470652224,1434.8004
1780,3588102983,1435.2037
1781,3735554800,1435.6034
1782,3546781470,1436.002
1783,3300654916,1436.4
1784,3266630486,1436.7943
1785,3219849507,1437.1967
1786,3168344105,1437.5895
1787,3115532733,1437.9861
1788,3051340914,1438.3823
1789,2978385527,1438.7762
1790,2920698904,1439.1778
1791,2803248145,1439.5773
1792,2655796328,1439.9699
1793,2844569658,1440.3621
1794,3090696212,1440.7578
1795,3124720642,1441.1531
1796,3171501621,1441.5449
1797,3223007023,1441.9418
1798,3275818395,1442.3402
1799,3340010214,1442.7358
1800,3412965601,1443.1287
1801,3470652224,1443.5405
1802,3588102983,1443.9392
1803,3735554800,1444.3358
1804,3546781470,1444.7279
1805,3300654916,1445.1304
1806,3266630486,1445.5266
1807,3219849507,1445.9275
1808,3168344105,1446.3261
1809,3115532733,1446.7183
1810,3051340914,1447.1116
1811,2978385527,1447.5035
1812,2920698904,1447.9016
1813,2803248145,1448.3022
1814,2655796328,1448.6952
1815,2655796328,1449.664
1816,2655796328,1450.6352
1817,2655796328,1451.6268
1818,2655796328,1452.5984
1819,2655796328,1453.5703
1820,2655796328,1454.5484
1821,2655796328,1455.5208
1822,2655796328,1456.4951
1823,2655796328,1457.4667
1824,2655796328,1458.4382
1825,2655796328,1459.4083
1826,2655796328,1460.3791
1827,2655796328,1461.3522
1828,2655796328,1462.33
1829,2655796328,1463.3003
1830,2655796328,1464.2738
1831,2655796328,1465.2442
1832,2655796328,1466.216
1833,2655796328,1467.1878
1834,2655796328,1468.1599
1835,2655796328,1469.1301
1836,2655796328,1470.1038
1837,2655796328,1471.0749
1838,2655796328,1472.0464
1839,2655796328,1473.0171
1840,2655796328,1473.9901
1841,2655796328,1474.961
1842,2655796328,1475.9359
1843,2655796328,1476.9158
1844,2655796328,1477.8873
1845,2655796328,1478.8591
1846,2655796328,1479.8342
1847,2655796328,1480.8032
1848,2655796328,1481.7779
1849,2655796328,1482.7498
1850,2655796328,1483.7212
1851,2655796328,1484.6963
1852,2655796328,1485.6684
1853,2655796328,1486.6406
1854,2655796328,1487.6145
1855,2655796328,1488.5846
1856,2655796328,1489.5565
1857,2655796328,1490.5288
1858,2655796328,1491.5008
1859,2844569658,1491.8928
1860,3090696212,1492.285
1861,3124720642,1492.6762
1862,3171501621,1493.0698
1863,3223007023,1493.4635
1864,3275818395,1493.8598
1865,3340010214,1494.252
1866,3412965601,1494.6438
1867,3470652224,1495.0359
1868,3588102983,1495.4283
1869,3735554800,1495.8211
1870,3546781470,1496.2123
1871,3300654916,1496.6053
1872,3266630486,1496.9978
1873,3219849507,1497.3898
1874,3168344105,1497.7814
1875,3115532733,1498.1732
1876,3051340914,1498.5646
1877,2978385527,1498.9559
1878,2920698904,1499.347
1879,2803248145,1499.7392
1880,2655796328,1500.1308
1881,2844569658,1500.5235
1882,3090696212,1500.9156
1883,3124720642,1501.3068
1884,3171501621,1501.6977
1885,3223007023,1502.0907
1886,3275818395,1502.4835
1887,3340010214,1502.8758
1888,3412965601,1503.2675
1889,3470652224,1503.6597
1890,3588102983,1504.0543
1891,3735554800,1504.4474
1892,3546781470,1504.8487
1893,3300654916,1505.2397
1894,3266630486,1505.6342
1895,3219849507,1506.0263
1896,3168344105,1506.4182
1897,3115532733,1506.81
1898,3051340914,1507.2014
1899,2978385527,1507.5985
1900,2920698904,1507.9959
1901,2803248145,1508.387
1902,2655796328,1508.7792
1903,2655796328,1509.7541
1904,2655796328,1510.7257
1905,2655796328,1511.6981
1906,2655796328,1512.6721
1907,2655796328,1513.6418
1908,2655796328,1514.6158
1909,2655796328,1515.587
1910,2655796328,1516.5581
1911,2655796328,1517.5302
1912,2655796328,1518.5038
1913,2655796328,1519.4807
1914,2655796328,1520.4539
1915,2655796328,1521.4255
1916,2655796328,1522.3975
1917,2655796328,1523.3677
1918,2655796328,1524.342
1919,2655796328,1525.3136
1920,2655796328,1526.2846
1921,2655796328,1527.2573
1922,2655796328,1528.2297
1923,2655796328,1529.1985
1924,2655796328,1530.1737
1925,2655796328,1531.144
1926,2655796328,1532.1148
1927,2655796328,1533.0877
1928,2655796328,1534.0592
1929,2655796328,1535.0294
1930,2655796328,1536.0041
1931,2655796328,1536.9731
1932,2655796328,1537.9448
1933,2655796328,1538.9182
1934,2655796328,1539.8914
1935,2655796328,1540.8624
1936,2655796328,1541.8369
1937,2655796328,1542.8091
1938,2655796328,1543.7814
1939,2655796328,1544.7603
1940,2655796328,1545.7322
1941,2655796328,1546.7023
1942,2655796328,1547.6763
1943,2655796328,1548.6473
1944,2655796328,1549.619
1945,2655796328,1550.5923
1946,2655796328,1551.5652
1947,2844569658,1551.9593
1948,3090696212,1552.3518
1949,3124720642,1552.7424
1950,3171501621,1553.1343
1951,3223007023,1553.5289
1952,3275818395,1553.9203
1953,3340010214,1554.312
1954,3412965601,1554.704
1955,3470652224,1555.0965
1956,3588102983,1555.4885
1957,3735554800,1555.8811
1958,3546781470,1556.2718
1959,3300654916,1556.6679
1960,3266630486,1557.0632
1961,3219849507,1557.4547
1962,3168344105,1557.8464
1963,3115532733,1558.2381
1964,3051340914,1558.629
1965,2978385527,1559.0198
1966,2920698904,1559.4109
1967,2803248145,1559.8039
1968,2655796328,1560.1946
1969,2844569658,1560.5871
1970,3090696212,1560.9792
1971,3124720642,1561.3699
1972,3171501621,1561.7617
1973,3223007023,1562.1527
1974,3275818395,1562.5459
1975,3340010214,1562.9374
1976,3412965601,1563.329
1977,3470652224,1563.7207
1978,3588102983,1564.1139
1979,3735554800,1564.5069
1980,3546781470,1564.8979
1981,3300654916,1565.2891
1982,3266630486,1565.6833
1983,3219849507,1566.0758
1984,3168344105,1566.4675
1985,3115532733,1566.8587
1986,3051340914,1567.2497
1987,2978385527,1567.6403
1988,2920698904,1568.0317
1989,2803248145,1568.4223
1990,2655796328,1568.8148
1991,2655796328,1569.7842
1992,2655796328,1570.7572
1993,2655796328,1571.7289
1994,2655796328,1572.7003
1995,2655796328,1573.6738
1996,2655796328,1574.6521
1997,2655796328,1575.6253
1998,2655796328,1576.5985
1999,2655796328,1577.5725
2000,2655796328,1578.5444
2001,2655796328,1579.5159
2002,2655796328,1580.489
2003,2655796328,1581.4596
2004,2655796328,1582.4321
2005,2655796328,1583.403
2006,2655796328,1584.3783
2007,2655796328,1585.3488
2008,2655796328,1586.3205
2009,2655796328,1587.2933
2010,2655796328,1588.2654
2011,2655796328,1589.2361
2012,2655796328,1590.2107
2013,2655796328,1591.1828
2014,2655796328,1592.1558
2015,2655796328,1593.1263
2016,2655796328,1594.0992
2017,2655796328,1595.0694
2018,2655796328,1596.0421
2019,2655796328,1597.0133
2020,2655796328,1597.9849
2021,2655796328,1598.9586
2022,2655796328,1599.9317
2023,2655796328,1600.9008
2024,2655796328,1601.8752
2025,2655796328,1602.8479
2026,2655796328,1603.8191
2027,2655796328,1604.7914
2028,2655796328,1605.7638
2029,2655796328,1606.7337
2030,2655796328,1607.7083
2031,2655796328,1608.6789
2032,2655796328,1609.651
2033,2655796328,1610.624
2034,2655796328,1611.5962
2035,2844569658,1611.9884
2036,3090696212,1612.3806
2037,3124720642,1612.7747
2038,3171501621,1613.1663
2039,3223007023,1613.5599
2040,3275818395,1613.9518
2041,3340010214,1614.3442
2042,3412965601,1614.736
2043,3470652224,1615.1294
2044,3588102983,1615.5217
2045,3735554800,1615.915
2046,3546781470,1616.3058
2047,3300654916,1616.699
2048,3266630486,1617.0916
2049,3219849507,1617.484
2050,3168344105,1617.8758
2051,3115532733,1618.2677
2052,3051340914,1618.6589
2053,2978385527,1619.0502
2054,2920698904,1619.4424
2055,2803248145,1619.8384
2056,2655796328,1620.2298
2057,2844569658,1620.6226
2058,3090696212,1621.0146
2059,3124720642,1621.4058
2060,3171501621,1621.7974
2061,3223007023,1622.1886
2062,3275818395,1622.5825
2063,3340010214,1622.9745
2064,3412965601,1623.3663
2065,3470652224,1623.7585
2066,3588102983,1624.1507
2067,3735554800,1624.5474
2068,3546781470,1624.9491
2069,3300654916,1625.3408
2070,3266630486,1625.7353
2071,3219849507,1626.1279
2072,3168344105,1626.5195
2073,3115532733,1626.9111
2074,3051340914,1627.3022
2075,2978385527,1627.6934
2076,2920698904,1628.0855
2077,2803248145,1628.4786
2078,2655796328,1628.8697
2079,2655796328,1629.8418
2080,2655796328,1630.8133
2081,2655796328,1631.7858
2082,2655796328,1632.7582
2083,2655796328,1633.7272
2084,2655796328,1634.6997
2085,2655796328,1635.6711
2086,2655796328,1636.6436
2087,2655796328,1637.6182
2088,2655796328,1638.5908
2089,2655796328,1639.5614
2090,2655796328,1640.5352
2091,2655796328,1641.5048
2092,2655796328,1642.4779
2093,2655796328,1643.4488
2094,2655796328,1644.4272
2095,2655796328,1645.4026
2096,2655796328,1646.3743
2097,2655796328,1647.3499
2098,2655796328,1648.322
2099,2655796328,1649.2913
2100,2655796328,1650.2662
2101,2655796328,1651.2365
2102,2655796328,1652.2078
2103,2655796328,1653.1811
2104,2655796328,1654.1527
2105,2655796328,1655.1241
2106,2655796328,1656.0988
2107,2655796328,1657.0678
2108,2655796328,1658.0401
2109,2655796328,1659.013
2110,2655796328,1659.9843
2111,2655796328,1660.9553
2112,2655796328,1661.9295
2113,2655796328,1662.9007
2114,2655796328,1663.8729
2115,2655796328,1664.8451
2116,2655796328,1665.817
2117,2655796328,1666.7875
2118,2655796328,1667.7624
2119,2655796328,1668.7335
2120,2655796328,1669.7049
2121,2655796328,1670.6799
2122,2655796328,1671.6526
2123,2844569658,1672.0452
2124,3090696212,1672.4375
2125,3124720642,1672.8286
2126,3171501621,1673.2199
2127,3223007023,1673.6132
2128,3275818395,1674.008
2129,3340010214,1674.4013
2130,3412965601,1674.7933
2131,3470652224,1675.1854
2132,3588102983,1675.5776
2133,3735554800,1675.9703
2134,3546781470,1676.3612
2135,3300654916,1676.7539
2136,3266630486,1677.1493
2137,3219849507,1677.5411
2138,3168344105,1677.9329
2139,3115532733,1678.3243
2140,3051340914,1678.7155
2141,2978385527,1679.1066
2142,2920698904,1679.4994
2143,2803248145,1679.8902
2144,2655796328,1680.2813
2145,2844569658,1680.6736
2146,3090696212,1681.066
2147,3124720642,1681.4567
2148,3171501621,1681.8485
2149,3223007023,1682.2398
2150,3275818395,1682.6369
2151,3340010214,1683.0285
2152,3412965601,1683.4201
2153,3470652224,1683.8121
2154,3588102983,1684.2047
2155,3735554800,1684.5974
2156,3546781470,1684.9931
2157,3300654916,1685.3844
2158,3266630486,1685.7789
2159,3219849507,1686.171
2160,3168344105,1686.5628
2161,3115532733,1686.9543
2162,3051340914,1687.3557
2163,2978385527,1687.7466
2164,2920698904,1688.1377
2165,2803248145,1688.5304
2166,2655796328,1688.9214
2167,2655796328,1689.891
2168,2655796328,1690.8659
2169,2655796328,1691.8396
2170,2655796328,1692.8224
2171,2655796328,1693.819
2172,2655796328,1694.801
2173,2655796328,1695.7782
2174,2655796328,1696.7646
2175,2655796328,1697.7359
2176,2655796328,1698.7067
2177,2655796328,1699.6871
2178,2655796328,1700.6629
2179,2655796328,1701.6482
2180,2655796328,1702.6238
2181,2655796328,1703.5973
2182,2655796328,1704.5728
2183,2655796328,1705.5526
2184,2655796328,1706.5298
2185,2655796328,1707.5055
2186,2655796328,1708.484
2187,2655796328,1709.4641
2188,2655796328,1710.4369
2189,2655796328,1711.4089
2190,2655796328,1712.3901
2191,2655796328,1713.3631
2192,2655796328,1714.3383
2193,2655796328,1715.3084
2194,2655796328,1716.2815
2195,2655796328,1717.2549
2196,2655796328,1718.2318
2197,2655796328,1719.2099
2198,2655796328,1720.1856
2199,2655796328,1721.1548
2200,2655796328,1722.1286
2201,2655796328,1723.0997
2202,2655796328,1724.0806
2203,2655796328,1725.0568
2204,2655796328,1726.047
2205,2655796328,1727.0459
2206,2655796328,1728.0403
2207,2655796328,1729.0116
2208,2655796328,1729.9825
2209,2655796328,1730.9562
2210,2655796328,1731.9502
2211,2844569658,1732.3512
2212,3090696212,1732.7516
2213,3124720642,1733.1438
2214,3171501621,1733.5484
2215,3223007023,1733.9494
2216,3275818395,1734.3442
2217,3340010214,1734.7402
2218,3412965601,1735.1334
2219,3470652224,1735.5362
2220,3588102983,1735.9399
2221,3735554800,1736.3422
2222,3546781470,1736.7376
2223,3300654916,1737.1401
2224,3266630486,1737.5325
2225,3219849507,1737.931
2226,3168344105,1738.3264
2227,3115532733,1738.7225
2228,3051340914,1739.1246
2229,2978385527,1739.5275
2230,2920698904,1739.919
2231,2803248145,1740.318
2232,2655796328,1740.7126
2233,2844569658,1741.1143
2234,3090696212,1741.5097
2235,3124720642,1741.9134
2236,3171501621,1742.3124
2237,3223007023,1742.7092
2238,3275818395,1743.1031
2239,3340010214,1743.4981
2240,3412965601,1743.8906
2241,3470652224,1744.2878
2242,3588102983,1744.6908
2243,3735554800,1745.0845
2244,3546781470,1745.4782
2245,3300654916,1745.8722
2246,3266630486,1746.2693
2247,3219849507,1746.6673
2248,3168344105,1747.0801
2249,3115532733,1747.4874
2250,3051340914,1747.8923
2251,2978385527,1748.2917
2252,2920698904,1748.6884
2253,2803248145,1749.0798
2254,2655796328,1749.4733
2255,2655796328,1750.4449
2256,2655796328,1751.4434
2257,2655796328,1752.4161
2258,2655796328,1753.3901
2259,2655796328,1754.3709
2260,2655796328,1755.3449
2261,2655796328,1756.3156
2262,2655796328,1757.2877
2263,2655796328,1758.2641
2264,2655796328,1759.2392
2265,2655796328,1760.2103
2266,2655796328,1761.1878
2267,2655796328,1762.1585
2268,2655796328,1763.1307
2269,2655796328,1764.1042
2270,2655796328,1765.0791
2271,2655796328,1766.0514
2272,2655796328,1767.0286
2273,2655796328,1768.0009
2274,2655796328,1768.9752
2275,2655796328,1769.9521
2276,2655796328,1770.9233
2277,2655796328,1771.8968
2278,2655796328,1772.8804
2279,2655796328,1773.8534
2280,2655796328,1774.8315
2281,2655796328,1775.8043
2282,2655796328,1776.7774
2283,2655796328,1777.7544
2284,2655796328,1778.7261
2285,2655796328,1779.7162
2286,2655796328,1780.6888
2287,2655796328,1781.6619
2288,2655796328,1782.6372
2289,2655796328,1783.6186
2290,2655796328,1784.5978
2291,2655796328,1785.5702
2292,2655796328,1786.5412
2293,2655796328,1787.5363
2294,2655796328,1788.5085
2295,2655796328,1789.4943
2296,2655796328,1790.474
2297,2655796328,1791.445
2298,2655796328,1792.4182
2299,2844569658,1792.812
2300,3090696212,1793.2145
2301,3124720642,1793.6125
2302,3171501621,1794.005
2303,3223007023,1794.3983
2304,3275818395,1794.7922
2305,3340010214,1795.1916
2306,3412965601,1795.5845
2307,3470652224,1795.9855
2308,3588102983,1796.3838
2309,3735554800,1796.7801
2310,3546781470,1797.1723
2311,3300654916,1797.564
2312,3266630486,1797.9563
2313,3219849507,1798.3492
2314,3168344105,1798.7449
2315,3115532733,1799.1469
2316,3051340914,1799.5486
2317,2978385527,1799.9413
2318,2920698904,1800.3396
2319,2803248145,1800.7342
2320,2655796328,1801.129
2321,2844569658,1801.5215
2322,3090696212,1801.9204
2323,3124720642,1802.3192
2324,3171501621,1802.7152
2325,3223007023,1803.1175
2326,3275818395,1803.5187
2327,3340010214,1803.9173
2328,3412965601,1804.3138
2329,3470652224,1804.7106
2330,3588102983,1805.114
2331,3735554800,1805.5122
2332,3546781470,1805.9135
2333,3300654916,1806.3087
2334,3266630486,1806.7011
2335,3219849507,1807.1026
2336,3168344105,1807.4988
2337,3115532733,1807.8972
2338,3051340914,1808.2965
2339,2978385527,1808.6968
2340,2920698904,1809.0889
2341,2803248145,1809.4832
2342,2655796328,1809.8811
2343,2655796328,1810.8508
2344,2655796328,1811.8235
2345,2655796328,1812.8033
2346,2655796328,1813.7799
2347,2655796328,1814.7542
2348,2655796328,1815.7333
2349,2655796328,1816.705
2350,2655796328,1817.6947
2351,2655796328,1818.6663
2352,2655796328,1819.6368
2353,2655796328,1820.6125
2354,2655796328,1821.5844
2355,2655796328,1822.56
2356,2655796328,1823.5373
2357,2655796328,1824.5114
2358,2655796328,1825.4847
2359,2655796328,1826.4574
2360,2655796328,1827.4283
2361,2655796328,1828.4
2362,2655796328,1829.3739
2363,2655796328,1830.3498
2364,2655796328,1831.3248
2365,2655796328,1832.3112
2366,2655796328,1833.2889
2367,2655796328,1834.263
2368,2655796328,1835.2343
2369,2655796328,1836.2118
2370,2655796328,1837.1846
2371,2655796328,1838.1568
2372,2655796328,1839.1309
2373,2655796328,1840.1123
2374,2655796328,1841.088
2375,2655796328,1842.0616
2376,2655796328,1843.0333
2377,2655796328,1844.0049
2378,2655796328,1844.9837
2379,2655796328,1845.9575
2380,2655796328,1846.9333
2381,2655796328,1847.9185
2382,2655796328,1848.8992
2383,2655796328,1849.8749
2384,2655796328,1850.8471
2385,2655796328,1851.827
2386,2655796328,1852.8061
2387,2844569658,1853.2091
2388,3090696212,1853.6058
2389,3124720642,1854.0025
2390,3171501621,1854.3973
2391,3223007023,1854.7912
2392,3275818395,1855.19
2393,3340010214,1855.5849
2394,3412965601,1855.9856
2395,3470652224,1856.3841
2396,3588102983,1856.7799
2397,3735554800,1857.1732
2398,3546781470,1857.5652
2399,3300654916,1857.9566
2400,3266630486,1858.3526
2401,3219849507,1858.7472
2402,3168344105,1859.1498
2403,3115532733,1859.5528
2404,3051340914,1859.948
2405,2978385527,1860.3463
2406,2920698904,1860.7411
2407,2803248145,1861.1426
2408,2655796328,1861.5348
2409,2844569658,1861.9276
2410,3090696212,1862.3272
2411,3124720642,1862.7234
2412,3171501621,1863.1253
2413,3223007023,1863.5262
2414,3275818395,1863.924
2415,3340010214,1864.3209
2416,3412965601,1864.7167
2417,3470652224,1865.1213
2418,3588102983,1865.5179
2419,3735554800,1865.9152
2420,3546781470,1866.3101
2421,3300654916,1866.7055
2422,3266630486,1867.0979
2423,3219849507,1867.4912
2424,3168344105,1867.8966
2425,3115532733,1868.2969
2426,3051340914,1868.6934
2427,2978385527,1869.0975
2428,2920698904,1869.4941
2429,2803248145,1869.8921
2430,2655796328,1870.2881
2431,2655796328,1871.2596
2432,2655796328,1872.241
2433,2655796328,1873.2122
2434,2655796328,1874.1881
2435,2655796328,1875.1593
2436,2655796328,1876.1305
2437,2655796328,1877.1033
2438,2655796328,1878.0851
2439,2655796328,1879.0589
2440,2655796328,1880.0358
2441,2655796328,1881.0132
2442,2655796328,1881.9979
2443,2655796328,1882.9709
2444,2655796328,1883.9439
2445,2655796328,1884.9203
2446,2655796328,1885.8974
2447,2655796328,1886.8739
2448,2655796328,1887.8618
2449,2655796328,1888.84
2450,2655796328,1889.8237
2451,2655796328,1890.7988
2452,2655796328,1891.7704
2453,2655796328,1892.7425
2454,2655796328,1893.734
2455,2655796328,1894.7064
2456,2655796328,1895.6881
2457,2655796328,1896.6598
2458,2655796328,1897.6477
2459,2655796328,1898.6219
2460,2655796328,1899.5917
2461,2655796328,1900.5671
2462,2655796328,1901.5629
2463,2655796328,1902.5381
2464,2655796328,1903.5236
2465,2655796328,1904.5084
2466,2655796328,1905.4811
2467,2655796328,1906.4585
2468,2655796328,1907.4285
2469,2655796328,1908.4003
2470,2655796328,1909.3748
2471,2655796328,1910.3486
2472,2655796328,1911.3248
2473,2655796328,1912.2988
2474,2655796328,1913.2713
2475,2844569658,1913.6705
2476,3090696212,1914.064
2477,3124720642,1914.4556
2478,3171501621,1914.8476
2479,3223007023,1915.2445
2480,3275818395,1915.638
2481,3340010214,1916.0358
2482,3412965601,1916.4289
2483,3470652224,1916.8239
2484,3588102983,1917.2164
2485,3735554800,1917.6172
2486,3546781470,1918.0152
2487,3300654916,1918.4084
2488,3266630486,1918.8026
2489,3219849507,1919.2053
2490,3168344105,1919.6096
2491,3115532733,1920.0031
2492,3051340914,1920.3956
2493,2978385527,1920.7972
2494,2920698904,1921.199
2495,2803248145,1921.5905
2496,2655796328,1921.9852
2497,2844569658,1922.3776
2498,3090696212,1922.7779
2499,3124720642,1923.1695
2500,3171501621,1923.5713
2501,3223007023,1923.9676
2502,3275818395,1924.3658
2503,3340010214,1924.7587
2504,3412965601,1925.1516
2505,3470652224,1925.5576
2506,3588102983,1925.9584
2507,3735554800,1926.3546
2508,3546781470,1926.7591
2509,3300654916,1927.15
2510,3266630486,1927.5424
2511,3219849507,1927.9401
2512,3168344105,1928.3411
2513,3115532733,1928.7459
2514,3051340914,1929.1384
2515,2978385527,1929.531
2516,2920698904,1929.9281
2517,2803248145,1930.3221
2518,2655796328,1930.7231
2519,2655796328,1931.6937
2520,2655796328,1932.6655
2521,2655796328,1933.6383
2522,2655796328,1934.6185
2523,2655796328,1935.6057
2524,2655796328,1936.5812
2525,2655796328,1937.5587
2526,2655796328,1938.5368
2527,2655796328,1939.5236
2528,2655796328,1940.4962
2529,2655796328,1941.4741
2530,2655796328,1942.4529
2531,2655796328,1943.425
2532,2655796328,1944.3999
2533,2655796328,1945.3737
2534,2655796328,1946.3493
2535,2655796328,1947.3245
2536,2655796328,1948.2949
2537,2655796328,1949.2652
2538,2655796328,1950.2393
2539,2655796328,1951.2101
2540,2655796328,1952.1823
2541,2655796328,1953.156
2542,2655796328,1954.1304
2543,2655796328,1955.1034
2544,2655796328,1956.078
2545,2655796328,1957.0481
2546,2655796328,1958.0216
2547,2655796328,1958.9959
2548,2655796328,1959.9698
2549,2655796328,1960.944
2550,2655796328,1961.9268
2551,2655796328,1962.9002
2552,2655796328,1963.8713
2553,2655796328,1964.8516
2554,2655796328,1965.8274
2555,2655796328,1966.8068
2556,2655796328,1967.7845
2557,2655796328,1968.7659
2558,2655796328,1969.748
2559,2655796328,1970.7208
2560,2655796328,1971.6915
2561,2655796328,1972.664
2562,2655796328,1973.6383
2563,2844569658,1974.0316
2564,3090696212,1974.4262
2565,3124720642,1974.8191
2566,3171501621,1975.2166
2567,3223007023,1975.6113
2568,3275818395,1976.0052
2569,3340010214,1976.4034
2570,3412965601,1976.7986
2571,3470652224,1977.1937
2572,3588102983,1977.5941
2573,3735554800,1977.9953
2574,3546781470,1978.39
2575,3300654916,1978.7836
2576,3266630486,1979.1791
2577,3219849507,1979.5803
2578,3168344105,1979.9753
2579,3115532733,1980.3736
2580,3051340914,1980.7659
2581,2978385527,1981.1672
2582,2920698904,1981.5599
2583,2803248145,1981.9563
2584,2655796328,1982.3537
2585,2844569658,1982.7506
2586,3090696212,1983.1538
2587,3124720642,1983.5534
2588,3171501621,1983.9502
2589,3223007023,1984.3464
2590,3275818395,1984.7418
2591,3340010214,1985.145
2592,3412965601,1985.5421
2593,3470652224,1985.9353
2594,3588102983,1986.3316
2595,3735554800,1986.7287
2596,3546781470,1987.1282
2597,3300654916,1987.5192
2598,3266630486,1987.9117
2599,3219849507,1988.3103
2600,3168344105,1988.7087
2601,3115532733,1989.1129
2602,3051340914,1989.5089
2603,2978385527,1989.907
2604,2920698904,1990.3043
2605,2803248145,1990.6965
2606,2655796328,1991.0942
2607,2655796328,1992.0688
2608,2655796328,1993.0445
2609,2655796328,1994.0173
2610,2655796328,1994.9968
2611,2655796328,1995.9674
2612,2655796328,1996.9379
2613,2655796328,1997.9214
2614,2655796328,1998.8962
2615,2655796328,1999.8713
2616,2655796328,2000.8543
2617,2655796328,2001.8347
2618,2655796328,2002.8145
2619,2655796328,2003.8026
2620,2655796328,2004.7734
2621,2655796328,2005.7447
2622,2655796328,2006.7212
2623,2655796328,2007.6932
2624,2655796328,2008.6666
2625,2655796328,2009.6417
2626,2655796328,2010.6157
2627,2655796328,2011.586
2628,2655796328,2012.5603
2629,2655796328,2013.5318
2630,2655796328,2014.5038
2631,2655796328,2015.4771
2632,2655796328,2016.4513
2633,2655796328,2017.4228
2634,2655796328,2018.3977
2635,2655796328,2019.3695
2636,2655796328,2020.3404
2637,2655796328,2021.3121
2638,2655796328,2022.2874
2639,2655796328,2023.2638
2640,2655796328,2024.2391
2641,2655796328,2025.2138
2642,2655796328,2026.1939
2643,2655796328,2027.1656
2644,2655796328,2028.1385
2645,2655796328,2029.1088
2646,2655796328,2030.0825
2647,2655796328,2031.0597
2648,2655796328,2032.0359
2649,2655796328,2033.0109
2650,2655796328,2033.9969
2651,2844569658,2034.3899
2652,3090696212,2034.7859
2653,3124720642,2035.1845
2654,3171501621,2035.5765
2655,3223007023,2035.9775
2656,3275818395,2036.3757
2657,3340010214,2036.7722
2658,3412965601,2037.1651
2659,3470652224,2037.5659
2660,3588102983,2037.9685
2661,3735554800,2038.3661
2662,3546781470,2038.7608
2663,3300654916,2039.162
2664,3266630486,2039.5577
2665,3219849507,2039.9524
2666,3168344105,2040.3455
2667,3115532733,2040.7391
2668,3051340914,2041.1421
2669,2978385527,2041.534
2670,2920698904,2041.9261
2671,2803248145,2042.3247
2672,2655796328,2042.7211
2673,2844569658,2043.1135
2674,3090696212,2043.5158
2675,3124720642,2043.9132
2676,3171501621,2044.3108
2677,3223007023,2044.7036
2678,3275818395,2045.1081
2679,3340010214,2045.5052
2680,3412965601,2045.8991
2681,3470652224,2046.2967
2682,3588102983,2046.6905
2683,3735554800,2047.0934
2684,3546781470,2047.4869
2685,3300654916,2047.885
2686,3266630486,2048.2775
2687,3219849507,2048.6734
2688,3168344105,2049.0676
2689,3115532733,2049.4634
2690,3051340914,2049.8573
2691,2978385527,2050.2562
2692,2920698904,2050.6503
2693,2803248145,2051.0511
2694,2655796328,2051.4526
2695,2655796328,2052.4242
2696,2655796328,2053.3959
2697,2655796328,2054.3668
2698,2655796328,2055.3427
2699,2655796328,2056.3183
2700,2655796328,2057.2907
2701,2655796328,2058.2675
2702,2655796328,2059.247
2703,2655796328,2060.2192
2704,2655796328,2061.1973
2705,2655796328,2062.1693
2706,2655796328,2063.1412
2707,2655796328,2064.1221
2708,2655796328,2065.0973
2709,2655796328,2066.0701
2710,2655796328,2067.0481
2711,2655796328,2068.0191
2712,2655796328,2068.9899
2713,2655796328,2069.9678
2714,2655796328,2070.945
2715,2655796328,2071.9192
2716,2655796328,2072.9002
2717,2655796328,2073.8745
2718,2655796328,2074.8542
2719,2655796328,2075.842
2720,2655796328,2076.8132
2721,2655796328,2077.7893
2722,2655796328,2078.7629
2723,2655796328,2079.7375
2724,2655796328,2080.7098
2725,2655796328,2081.6911
2726,2655796328,2082.6663
2727,2655796328,2083.6359
2728,2655796328,2084.6089
2729,2655796328,2085.5822
2730,2655796328,2086.5566
2731,2655796328,2087.5315
2732,2655796328,2088.5045
2733,2655796328,2089.4757
2734,2655796328,2090.4507
2735,2655796328,2091.4227
2736,2655796328,2092.3944
2737,2655796328,2093.3648
2738,2655796328,2094.3412
2739,2844569658,2094.7378
2740,3090696212,2095.1318
2741,3124720642,2095.5238
2742,3171501621,2095.916
2743,3223007023,2096.3155
2744,3275818395,2096.71
2745,3340010214,2097.1131
2746,3412965601,2097.5156
2747,3470652224,2097.9092
2748,3588102983,2098.3089
2749,3735554800,2098.7042
2750,3546781470,2099.1061
2751,3300654916,2099.5036
2752,3266630486,2099.8966
2753,3219849507,2100.3012
2754,3168344105,2100.6964
2755,3115532733,2101.1011
2756,3051340914,2101.4948
2757,2978385527,2101.8905
2758,2920698904,2102.2906
2759,2803248145,2102.6881
2760,2655796328,2103.0793
2761,2844569658,2103.4721
2762,3090696212,2103.8653
2763,3124720642,2104.2646
2764,3171501621,2104.6571
2765,3223007023,2105.0598
2766,3275818395,2105.456
2767,3340010214,2105.85
2768,3412965601,2106.2486
2769,3470652224,2106.6476
2770,3588102983,2107.051
2771,3735554800,2107.4479
2772,3546781470,2107.8409
2773,3300654916,2108.2417
2774,3266630486,2108.6376
2775,3219849507,2109.035
2776,3168344105,2109.4278
2777,3115532733,2109.8211
2778,3051340914,2110.2222
2779,2978385527,2110.6148
2780,2920698904,2111.017
2781,2803248145,2111.4187
2782,2655796328,2111.8148
2783,2655796328,2112.7876
2784,2655796328,2113.7645
2785,2655796328,2114.7485
2786,2655796328,2115.7291
2787,2655796328,2116.6998
2788,2655796328,2117.672
2789,2655796328,2118.6434
2790,2655796328,2119.615
2791,2655796328,2120.592
2792,2655796328,2121.5695
2793,2655796328,2122.5414
2794,2655796328,2123.5197
2795,2655796328,2124.4923
2796,2655796328,2125.4648
2797,2655796328,2126.4347
2798,2655796328,2127.4092
2799,2655796328,2128.3835
2800,2655796328,2129.3581
2801,2655796328,2130.3342
2802,2655796328,2131.311
2803,2655796328,2132.2817
2804,2655796328,2133.2554
2805,2655796328,2134.232
2806,2655796328,2135.2102
2807,2655796328,2136.1902
2808,2655796328,2137.1625
2809,2655796328,2138.1335
2810,2655796328,2139.1122
2811,2655796328,2140.091
2812,2655796328,2141.0617
2813,2655796328,2142.0386
2814,2655796328,2143.0115
2815,2655796328,2143.9843
2816,2655796328,2144.9591
2817,2655796328,2145.931
2818,2655796328,2146.9035
2819,2655796328,2147.8894
2820,2655796328,2148.8603
2821,2655796328,2149.8388
2822,2655796328,2150.8228
2823,2655796328,2151.8051
2824,2655796328,2152.7868
2825,2655796328,2153.7611
2826,2655796328,2154.7421
2827,2844569658,2155.1352
2828,3090696212,2155.5291
2829,3124720642,2155.9262
2830,3171501621,2156.3254
2831,3223007023,2156.7239
2832,3275818395,2157.1277
2833,3340010214,2157.5295
2834,3412965601,2157.9335
2835,3470652224,2158.3332
2836,3588102983,2158.7277
2837,3735554800,2159.1316
2838,3546781470,2159.5349
2839,3300654916,2159.9267
2840,3266630486,2160.3266
2841,3219849507,2160.7213
2842,3168344105,2161.1195
2843,3115532733,2161.5136
2844,3051340914,2161.9122
2845,2978385527,2162.3115
2846,2920698904,2162.709
2847,2803248145,2163.1105
2848,2655796328,2163.5014
2849,2844569658,2163.9008
2850,3090696212,2164.3016
2851,3124720642,2164.6961
2852,3171501621,2165.0983
2853,3223007023,2165.4949
2854,3275818395,2165.8872
2855,3340010214,2166.2849
2856,3412965601,2166.6833
2857,3470652224,2167.0859
2858,3588102983,2167.4822
2859,3735554800,2167.8757
2860,3546781470,2168.2763
2861,3300654916,2168.6699
2862,3266630486,2169.0628
2863,3219849507,2169.4597
2864,3168344105,2169.8537
2865,3115532733,2170.2547
2866,3051340914,2170.6497
2867,2978385527,2171.0518
2868,2920698904,2171.4539
2869,2803248145,2171.8475
2870,2655796328,2172.2477
2871,2655796328,2173.2188
2872,2655796328,2174.191
2873,2655796328,2175.1646
2874,2655796328,2176.1443
2875,2655796328,2177.1173
2876,2655796328,2178.0944
2877,2655796328,2179.0687
2878,2655796328,2180.0453
2879,2655796328,2181.0211
2880,2655796328,2181.9971
2881,2655796328,2182.9778
2882,2655796328,2183.9637
2883,2655796328,2184.9424
2884,2655796328,2185.9188
2885,2655796328,2186.9026
2886,2655796328,2187.8879
2887,2655796328,2188.868
2888,2655796328,2189.8413
2889,2655796328,2190.8182
2890,2655796328,2191.7995
2891,2655796328,2192.7828
2892,2655796328,2193.7555
2893,2655796328,2194.7286
2894,2655796328,2195.7031
2895,2655796328,2196.6752
2896,2655796328,2197.6479
2897,2655796328,2198.6208
2898,2655796328,2199.5933
2899,2655796328,2200.5663
2900,2655796328,2201.542
2901,2655796328,2202.5143
2902,2655796328,2203.489
2903,2655796328,2204.4598
2904,2655796328,2205.4329
2905,2655796328,2206.4053
2906,2655796328,2207.3781
2907,2655796328,2208.3552
2908,2655796328,2209.329
2909,2655796328,2210.3014
2910,2655796328,2211.28
2911,2655796328,2212.2552
2912,2655796328,2213.2266
2913,2655796328,2214.2004
2914,2655796328,2215.1744
2915,2844569658,2215.5689
2916,3090696212,2215.9666
2917,3124720642,2216.3589
2918,3171501621,2216.7531
2919,3223007023,2217.1461
2920,3275818395,2217.5559
2921,3340010214,2217.954
2922,3412965601,2218.3531
2923,3470652224,2218.7573
2924,3588102983,2219.1606
2925,3735554800,2219.5575
2926,3546781470,2219.9561
2927,3300654916,2220.3542
2928,3266630486,2220.7485
2929,3219849507,2221.1502
2930,3168344105,2221.5437
2931,3115532733,2221.9465
2932,3051340914,2222.3449
2933,2978385527,2222.7423
2934,2920698904,2223.1367
2935,2803248145,2223.5309
2936,2655796328,2223.9244
2937,2844569658,2224.3179
2938,3090696212,2224.714
2939,3124720642,2225.1181
2940,3171501621,2225.5147
2941,3223007023,2225.9083
2942,3275818395,2226.31
2943,3340010214,2226.7051
2944,3412965601,2227.0985
2945,3470652224,2227.4928
2946,3588102983,2227.8873
2947,3735554800,2228.282
2948,3546781470,2228.6766
2949,3300654916,2229.0685
2950,3266630486,2229.4633
2951,3219849507,2229.8563
2952,3168344105,2230.2485
2953,3115532733,2230.6415
2954,3051340914,2231.0332
2955,2978385527,2231.4251
2956,2920698904,2231.8188
2957,2803248145,2232.2147
2958,2655796328,2232.606
2959,2655796328,2233.579
2960,2655796328,2234.5538
2961,2655796328,2235.5269
2962,2655796328,2236.5014
2963,2655796328,2237.4718
2964,2655796328,2238.4458
2965,2655796328,2239.4179
2966,2655796328,2240.3914
2967,2655796328,2241.3652
2968,2655796328,2242.3396
2969,2655796328,2243.311
2970,2655796328,2244.285
2971,2655796328,2245.2564
2972,2655796328,2246.2282
2973,2655796328,2247.2011
2974,2655796328,2248.1881
2975,2655796328,2249.1627
2976,2655796328,2250.1411
2977,2655796328,2251.1211
2978,2655796328,2252.1129
2979,2655796328,2253.0878
2980,2655796328,2254.0597
2981,2655796328,2255.0344
2982,2655796328,2256.0077
2983,2655796328,2256.9922
2984,2655796328,2257.9849
2985,2655796328,2258.9585
2986,2655796328,2259.9396
2987,2655796328,2260.9127
2988,2655796328,2261.8856
2989,2655796328,2262.8617
2990,2655796328,2263.8501
2991,2655796328,2264.8348
2992,2655796328,2265.8083
2993,2655796328,2266.7975
2994,2655796328,2267.7956
2995,2655796328,2268.7789
2996,2655796328,2269.7503
2997,2655796328,2270.722
2998,2655796328,2271.6974
2999,2655796328,2272.6721
3000,2655796328,2273.6498
3001,2655796328,2274.6276
