1,5582698315,0.28799
2,3985996775,0.29939
3,2701191770,0.31056
4,1534520960,0.3216
5,933521090,0.33256
6,744707965,0.34386
7,568609740,0.35499
8,531578695,0.36591
9,531578695,0.37708
10,558963552,0.38858
11,557833282,0.401
12,182833282,0.41323
13,182833282,0.42622
14,210513172,0.43839
15,236532732,0.45008
16,273875863,0.46199
17,337998503,0.47403
18,258674758,0.49942
19,194552118,0.52485
20,156076458,0.54997
21,118733327,0.57487
22,81958922,0.59964
23,54574065,0.62442
24,28554505,0.64923
25,874615,0.67405
26,0,0.69891
