1,31823006726,0.77595
2,28820949651,4.7537
3,26231234063,5.6347
4,23721462271,6.3159
5,21805572666,6.9673
6,20065314317,7.654
7,18412675782,8.5213
8,16882753196,9.1934
9,15607552877,9.8328
10,14537572838,10.5955
11,13594791898,11.2324
12,12722716964,11.8841
13,11850716964,12.566
14,10990892598,13.2095
15,10112114648,13.8459
16,9542730738,14.4826
17,9051016978,15.1184
18,8621037825,15.7547
19,8193393595,16.3993
20,7782897117,17.0386
21,7412530527,17.6731
22,6840214417,18.3096
23,6485910767,18.946
24,6140381684,19.5899
25,5828398750,20.2259
26,5502170467,20.8621
27,5184661565,21.499
28,4900636260,22.1527
29,4664345040,22.8214
30,4454846171,23.4959
31,4277413886,24.1384
32,4107882791,24.7731
33,3949723856,25.4154
34,3797969546,26.0497
35,3663305181,26.6838
36,3533088936,27.3173
37,3413754196,27.9562
38,3298804111,28.6003
39,3183393046,29.2365
40,3081987246,29.8727
41,2988234566,30.5077
42,2897888276,31.1506
43,2783361046,31.787
44,2683376096,32.4232
45,2595455731,33.0591
46,2515455731,33.6945
47,2442074846,34.3451
48,2370247546,34.9875
49,2303822211,35.6568
50,2243464236,36.3071
51,2152253191,36.9649
52,2100653191,37.6135
53,2052480491,38.2548
54,2000880491,38.8918
55,1953021111,39.5281
56,1901421111,40.1803
57,1853757386,40.8179
58,1802157386,41.4581
59,1754557386,42.0933
60,1702957386,42.7326
61,1655910801,43.3783
62,1610863936,44.0202
63,1530863936,44.6602
64,1489804568,45.311
65,1449407253,45.9618
66,1409407253,46.6099
67,1359914618,47.2665
68,1319914618,47.9066
69,1279914618,48.5456
70,1239914618,49.1981
71,1199914618,49.8374
72,1161386463,50.4778
73,1127584473,51.1196
74,1095837843,51.852
75,1064794718,52.5531
76,1033936003,53.2166
77,1005683718,53.8772
78,979325043,54.5213
79,957103628,55.1695
80,935522768,55.8308
81,914139093,56.4979
82,884628018,57.1556
83,864249535,57.8184
84,720392840,58.4704
85,582186255,59.1117
86,217577265,59.749
87,189844200,60.3893
88,164802855,61.0326
89,149435945,61.6876
90,132511965,62.3324
91,119741795,62.9705
92,107544760,63.6166
93,70776250,64.3008
94,60161205,64.963
95,49709745,65.6064
96,42478030,66.2462
97,37432050,66.8863
98,32672070,67.5334
99,24812690,68.1737
100,22812690,68.8168
101,20812690,69.4559
102,18812690,70.0933
103,16812690,70.8064
104,14812690,71.4522
105,12812690,72.0949
106,10812690,72.7363
107,8812690,73.4334
108,6812690,74.0819
109,4812690,74.7237
110,2812690,75.377
111,1749600,76.0165
112,932820,76.6678
113,444945,77.3162
114,194335,77.9558
115,16685,78.6092
116,0,79.255
