1,79212597379,0.74513
2,12053369712.0593,4.0575
3,10750544824.9419,4.9171
4,9457548198.1366,5.5729
5,8426302055.5859,6.1925
6,7608925142.1253,6.8387
7,7135761870.3286,7.4347
8,6956278002.1523,8.0329
9,6776901783.593,8.6365
10,6597550196.6784,9.2414
11,6276808547.9056,9.8952
12,5920385667.2015,10.4955
13,5575177929.1951,11.1495
14,5200323908.3094,11.7615
15,4959680812.507,12.3578
16,4761481644.6038,12.9691
17,4582207036.4403,13.5634
18,4402371465.7987,14.1584
19,4046786919.1181,14.7543
20,3910123659.7936,15.3509
21,3777425221.9355,15.9636
22,3644499084.8667,16.5581
23,3518845744.9673,17.1521
24,3395428897.9143,17.7469
25,3288891564.8505,18.3419
26,2851824662.1343,18.9443
27,2821503452.583,19.5383
28,2703385018.8329,20.137
29,2484527058.7859,20.7334
30,2390603716.5369,21.3279
31,2374999587.3026,21.9323
32,2357905867.9832,22.5274
33,2287534166.7621,23.122
34,2217616421.112,23.7307
35,2214914294.667,24.3317
36,2216337775.5849,24.9412
37,2209076019.7986,25.5357
38,2216313225.2153,26.1318
39,2141562869.9825,26.7268
40,2076808521.0592,27.3225
41,2020735917.2185,27.9369
42,1978432827.1031,28.5348
43,1918782950.08,29.1289
44,1973063470.7158,29.7412
45,2043140951.7347,30.3537
46,2091541941.1347,30.9825
47,2115954613.9984,31.5795
48,1892296742.4398,32.3155
49,1801089685.7008,33.0463
50,1661503873.2716,33.7898
51,1559813601.4272,34.5218
52,1465010561.0194,35.2492
53,1401198789.5152,35.9767
54,1335529922.799,36.7159
55,1264734332.2568,37.4436
56,1184227230.3905,38.1714
57,1101781255.5634,38.899
58,1055588282.4263,39.6383
59,1007736116.6806,40.3663
60,981358496.4195,41.0936
61,929252237.2738,41.8209
62,879519691.0966,42.5547
63,844953644.6278,43.2848
64,812225229.9189,44.0301
65,778615862.6938,44.7597
66,744806793.3005,45.4994
67,713266600.9831,46.227
68,680964867.5129,46.9543
69,650411150.1201,47.6825
70,623716607.7424,48.411
71,601675097.38,49.1563
72,579441112.2302,49.885
73,557495368.5242,50.6137
74,535803916.2853,51.3423
75,514119052.7192,52.0818
76,493176831.8261,52.8083
77,478832268.857,53.535
78,463160976.3982,54.2623
79,444654169.3764,55.0018
80,426424303.9916,55.7302
81,409666491.3247,56.4588
82,393506503.8559,57.1867
83,377793518.2735,57.9409
84,363690937.435,58.6808
85,346897631.934,59.417
86,336428722.1583,60.2142
87,327332856.9572,60.9818
88,310170329.924,61.744
89,284426027.2878,62.4855
90,272759147.3288,63.2145
91,260224559.9397,63.9593
92,246901339.2424,64.685
93,235043414.5342,65.4153
94,223020286.2744,66.1409
95,211970895.737,66.8932
96,203048607.706,67.6553
97,194671470.532,68.3924
98,187729800.1342,69.129
99,181496791.051,69.8659
100,175849033.4276,70.5949
101,168264677.2114,71.3229
102,164264655.7327,72.05
103,158354080.0744,72.7968
104,151432413.4759,73.5245
