1,10478419705,0.0308,7653891805,0,2824527900
2,8196120814,0.045382,6153891805,0,2042229009
3,7210798780,0.059807,5280620095,0,1930178685
4,6076191696,0.074216,4751752815,70458996,1253979885
5,5244594335,0.088189,3596707565,70458996,1577427774
6,3821754051,0.10232,3240355265,70458996,510939790
7,3071754051,0.11707,2490355265,70458996,510939790
8,2646386775,0.13101,2067209400,111176009,468001366
9,2201416207,0.14495,1715784550,111176009,374455648
10,277066667.9268,0.15908,275010375.7139,2056292.2129,0
11,237647390.3169,0.17334,235591098.104,2056292.2129,0
12,188315064.6944,0.18745,186258772.4816,2056292.2129,0
13,152193615.4391,0.20153,150137323.2262,2056292.2129,0
14,123559608.8702,0.21558,121503316.6573,2056292.2129,0
15,99176483.0265,0.22979,94434718.5333,4741764.4932,0
16,86342002.7151,0.24424,79247709.2247,7094293.4904,0
17,76402215.815,0.25841,69307922.3246,7094293.4904,0
18,70573673.1693,0.27254,60389647.9125,10184025.2568,0
19,70573673.1693,0.28664,60389647.9125,10184025.2568,0
20,95400862.7899,0.30128,66301244.4249,29099618.365,0
21,498950266,0.33596,337294545,161655721,0
22,456945711,0.36967,295289990,161655721,0
23,415595866,0.40381,293940145,121655721,0
24,375595866,0.43755,253940145,121655721,0
25,335595866,0.47128,213940145,121655721,0
26,295595866,0.50548,213940145,81655721,0
27,287595866,0.53955,213940145,73655721,0
28,280232691,0.57383,206576970,73655721,0
29,278232691,0.60777,204576970,73655721,0
30,43372074.9566,0.64178,30083982.2265,10837583.6201,2450509.11
31,37095189.6523,0.67814,19342214.3422,10837583.6201,6915391.69
32,29733183.2674,0.71219,11980207.9573,10837583.6201,6915391.69
33,23850999.7104,0.74617,6098024.4004,10837583.6201,6915391.69
34,19448638.9815,0.78013,1695663.6714,10837583.6201,6915391.69
35,16408638.9815,0.81412,1695663.6714,10837583.6201,3875391.69
36,14290822.5384,0.84813,1695663.6714,8719767.177,3875391.69
37,12548163.7771,0.882,1695663.6714,6977108.4157,3875391.69
38,11571177.8663,0.91583,1695663.6714,8113159.4248,1762354.77
39,10786397.4871,0.9496,1695663.6714,6977108.4157,2113625.4
40,55650970.3802,0.98397,362538.7436,17048108.2213,38240323.4153
41,55650970.3802,1.0186,362538.7436,17048108.2213,38240323.4153
42,7728128.5018,1.036,1973380.8329,3803241.3689,1951506.3
43,7728128.5018,1.0507,1973380.8329,3803241.3689,1951506.3
44,14095115.7333,1.0651,8340368.0644,3803241.3689,1951506.3
45,55650970.3802,1.1023,362538.7436,17048108.2213,38240323.4153
46,55650970.3802,1.147,362538.7436,17048108.2213,38240323.4153
47,51733855.5135,1.1821,1620169.8839,11873362.2143,38240323.4153
48,51670973.9565,1.2171,1557288.3269,11873362.2143,38240323.4153
49,51670973.9565,1.2542,1557288.3269,11873362.2143,38240323.4153
50,140919377.741,1.2958,2863947.1719,4217952.9865,133837477.5827
51,85770700.2764,1.311,81313451.8813,2648813.6851,1808434.71
52,85770700.2764,1.3256,81313451.8813,2648813.6851,1808434.71
53,91075693.1973,1.3404,76424171.2824,12843087.2049,1808434.71
54,140919377.741,1.3755,2863947.1719,4217952.9865,133837477.5827
55,134406730.1115,1.4105,2863947.1719,4217952.9865,127324829.9531
56,133506586.3776,1.4465,2851891.7511,4217952.9865,126436741.64
57,111127151.6459,1.4815,2851891.7511,4217952.9865,104057306.9082
58,66925587.3839,1.5155,3051084.2214,4217952.9865,59656550.1761
59,66902164.7864,1.5508,3027661.6239,4217952.9865,59656550.1761
60,77582373.3401,1.5862,4546237.5115,1157274.0897,71878861.7389
61,77582373.3401,1.6221,4546237.5115,1157274.0897,71878861.7389
62,89416550.7966,1.6371,85961647.6815,2648813.6851,806089.43
63,94823710.7966,1.6518,85961647.6815,2648813.6851,6213249.43
64,105356095.6817,1.6666,87864398.4663,11278447.7854,6213249.43
65,81453314.9801,1.7007,4646867.9347,4927585.3065,71878861.7389
66,77582373.3401,1.735,4546237.5115,1157274.0897,71878861.7389
67,77207691.0823,1.7694,4675927.9298,652901.4136,71878861.7389
68,77207691.0823,1.805,4675927.9298,652901.4136,71878861.7389
69,63510733.558,1.8395,4675927.9298,652901.4136,58181904.2146
70,14829025.796,1.8735,7607138.4962,106460.0154,7115427.2844
71,3302374.2877,1.9079,2761426.6141,106460.0154,434487.6582
72,2240013.5975,1.9417,1699065.9239,106460.0154,434487.6582
73,1708237.9638,1.9755,1167290.2902,106460.0154,434487.6582
74,1273750.3056,2.0095,1167290.2902,106460.0154,0
75,944388.9912,2.0433,837928.9757,106460.0154,0
76,733399.2178,2.0773,626939.2024,106460.0154,0
77,691633.3586,2.1111,502931.9485,188701.4102,0
78,662183.6724,2.1447,473482.2623,188701.4102,0
79,632733.9863,2.1786,444032.5761,188701.4102,0
80,9551029.9332,2.2125,4076729.2384,5474300.6948,0
81,9426004.3183,2.2464,3951703.6235,5474300.6948,0
82,9426004.3183,2.2804,3951703.6235,5474300.6948,0
83,9426004.3183,2.3144,3951703.6235,5474300.6948,0
84,7467298.2308,2.3307,4818484.5457,2648813.6851,0
85,7467298.2308,2.3451,4818484.5457,2648813.6851,0
86,16084669.856,2.3596,4818484.5457,11266185.3103,0
87,9426004.3183,2.3944,3951703.6235,5474300.6948,0
88,9426004.3183,2.4288,3951703.6235,5474300.6948,0
89,9426004.3183,2.4631,3951703.6235,5474300.6948,0
90,10144827.7807,2.4782,3633604.6153,6511223.1654,0
91,10144827.7807,2.4927,3633604.6153,6511223.1654,0
92,28474444.9136,2.5071,10792150.9378,17682293.9758,0
93,9426004.3183,2.5415,3951703.6235,5474300.6948,0
94,9306711.5891,2.5758,3951703.6235,5355007.9656,0
95,9306711.5891,2.6107,3951703.6235,5355007.9656,0
96,9306711.5891,2.6456,3951703.6235,5355007.9656,0
97,10002939.0491,2.6606,3633604.6153,6369334.4338,0
98,10002939.0491,2.6751,3633604.6153,6369334.4338,0
99,10002939.0491,2.6893,3633604.6153,6369334.4338,0
100,12722653.3238,2.7247,2390995.7513,10331657.5725,0
101,12722653.3238,2.7599,2390995.7513,10331657.5725,0
102,12722653.3238,2.7946,2390995.7513,10331657.5725,0
103,10002939.0491,2.8096,3633604.6153,6369334.4338,0
104,10002939.0491,2.8244,3633604.6153,6369334.4338,0
105,10002939.0491,2.8386,3633604.6153,6369334.4338,0
106,12722653.3238,2.8741,2390995.7513,10331657.5725,0
107,12722653.3238,2.91,2390995.7513,10331657.5725,0
108,12722653.3238,2.9457,2390995.7513,10331657.5725,0
109,32908980.1891,2.9609,5326574.4929,27582405.6962,0
110,78485141.111,2.976,7201772.2755,71283368.8356,0
111,94974776.3867,2.991,19500696.4538,75474079.9329,0
112,67446972.0071,3.0249,50042937.5747,17404034.4323,0
113,32305755.8462,3.0635,17778681.7206,14527074.1256,0
114,12722653.3238,3.0976,2390995.7513,10331657.5725,0
115,10425853.4468,3.1383,94195.8743,10331657.5725,0
116,10331657.5725,3.1728,0,10331657.5725,0
117,10331657.5725,3.2072,0,10331657.5725,0
118,10331657.5725,3.2413,0,10331657.5725,0
119,25277208.9944,3.2566,10227647.156,15049561.8385,0
120,63539019.0826,3.2717,52607904.6112,10690570.3214,240544.15
121,96934772.9617,3.2866,81782117.7441,14912111.0676,240544.15
122,65778991.7588,3.3207,55206790.0363,10331657.5725,240544.15
123,37162250.2195,3.3549,26830592.647,10331657.5725,0
124,10331657.5725,3.3887,0,10331657.5725,0
125,10331657.5725,3.423,0,10331657.5725,0
126,10331657.5725,3.4573,0,10331657.5725,0
127,34091173.6861,3.4725,4650588.0679,29440585.6182,0
128,72741907.2377,3.4877,32118375.0493,40623532.1884,0
129,97611176.1726,3.5024,40859556.8301,53995184.4624,2756434.88
130,78575230.2811,3.5369,39227510.2899,31580215.0859,7767504.9052
131,38797513.189,3.5712,9469885.7762,21560122.5076,7767504.9052
132,9578915.8666,3.6053,0,9578915.8666,0
133,8635637.9836,3.6399,1606889.2495,7028748.7341,0
134,8635637.9836,3.6749,1606889.2495,7028748.7341,0
135,8635637.9836,3.7094,1606889.2495,7028748.7341,0
136,10137654.0431,3.7245,1483239.7522,7844450.6309,809963.66
137,10137654.0431,3.7389,1483239.7522,7844450.6309,809963.66
138,10137654.0431,3.7532,1483239.7522,7844450.6309,809963.66
139,8635637.9836,3.7874,1606889.2495,7028748.7341,0
140,11405979.1197,3.8233,682112.8894,10723866.2303,0
141,11405979.1197,3.8597,682112.8894,10723866.2303,0
142,9327690.3831,3.8767,1483239.7522,7844450.6309,0
143,43049994.7158,3.8918,32228640.693,10821354.0228,0
144,62216307.5652,3.9064,47053791.8872,15162515.6779,0
145,42014351.6345,3.9408,21286221.9673,20728129.6672,0
146,19777808.0733,3.9746,13843162.1606,5934645.9127,0
147,7025365.7107,4.0089,7025365.7107,0,0
148,6019591.9238,4.0426,6019591.9238,0,0
149,6019591.9238,4.0765,6019591.9238,0,0
150,28684327,4.1104,28684327,0,0
151,22837049.9421,4.1262,22837049.9421,0,0
152,54317057.0588,4.1412,37410739.9388,0,16906317.12
153,52219968.7088,4.1555,37410739.9388,0,14809228.77
154,79813668.6288,4.1704,66215224.4788,0,13598444.15
155,66455768.6288,4.1849,66215224.4788,0,240544.15
156,101060647.8773,4.2001,65182792.153,35604949.3742,272906.35
157,124255070.542,4.215,69833380.2209,54354964.671,66725.65
158,140103334.37,4.249,139123664,912944.72,66725.65
159,124103334.37,4.283,123123664,912944.72,66725.65
160,115194549.4201,4.3171,114214879.0501,912944.72,66725.65
161,54426248.2645,4.351,43587747.0145,912944.72,9925556.53
162,47919787.0045,4.3851,43587747.0145,912944.72,3419095.27
163,40011385.8373,4.4198,35650898.9273,941391.64,3419095.27
164,36230303.5392,4.4539,32184741.4492,626466.82,3419095.27
165,31425429.9573,4.4876,27379867.8673,626466.82,3419095.27
166,30824631.9073,4.5216,27379867.8673,28446.92,3416317.12
167,30824631.9073,4.5566,27379867.8673,28446.92,3416317.12
168,30824631.9073,4.5919,27379867.8673,28446.92,3416317.12
169,16276564.1361,4.6068,11166572.3633,1693674.6527,3416317.12
170,90935176.4238,4.6218,18933478.8063,296007.3573,71705690.2602
171,90935176.4238,4.6363,18933478.8063,296007.3573,71705690.2602
172,30253847.2273,4.6708,27379867.8673,28446.92,2845532.44
173,29421815.1473,4.7049,27379867.8673,28446.92,2013500.36
174,29333815.1473,4.7391,27379867.8673,28446.92,1925500.36
175,29333815.1473,4.7738,27379867.8673,28446.92,1925500.36
176,27837487.1301,4.8079,25883539.8501,28446.92,1925500.36
177,7498197.1921,4.8417,5362494.7021,210202.13,1925500.36
178,7498197.1921,4.8771,5362494.7021,210202.13,1925500.36
179,2135702.49,4.9108,0,210202.13,1925500.36
180,172937393.0259,4.945,95367.01,5640778.2609,167201247.755
181,172937393.0259,4.9794,95367.01,5640778.2609,167201247.755
182,83477425.4981,4.9947,31119316.747,13432796.2912,38925312.46
183,89573345.6037,5.0094,37215236.8526,13432796.2912,38925312.46
184,101395491.4496,5.0239,45592913.008,16877265.9816,38925312.46
185,56226821.7146,5.0579,2343117.32,15963613.3062,37920091.0884
186,49868647.269,5.092,3049774.98,8898781.2006,37920091.0884
187,45423639.5593,5.1262,1862770.21,5640778.2609,37920091.0884
188,45334784.5093,5.1606,1773915.16,5640778.2609,37920091.0884
189,45333002.9293,5.1952,1772133.58,5640778.2609,37920091.0884
190,48886912.313,5.23,6927530.1049,6777310.839,35182071.3691
191,48886912.313,5.2645,6927530.1049,6777310.839,35182071.3691
192,136073215.9839,5.2796,121577611.1786,5667612.1082,8827992.6971
193,106331772.1872,5.2939,85613409.6918,11890369.7983,8827992.6971
194,115084159.2795,5.3084,89374138.5152,13394915.5258,12315105.2386
195,138887359.2867,5.3233,113177338.5224,13394915.5258,12315105.2386
196,70189370.0428,5.358,5092566.2148,16017593.3792,49079210.4488
197,64797469.4369,5.3924,7141817.6031,8576441.385,49079210.4488
198,48886912.313,5.429,6927530.1049,6777310.839,35182071.3691
199,48886912.313,5.4639,6927530.1049,6777310.839,35182071.3691
200,62931745.4973,5.4995,25112055.8539,7550881.6263,30268808.0171
201,164152495.4821,5.5153,145197820.4869,5667612.1082,13287062.8869
202,155328028.967,5.5299,145197820.4869,5667612.1082,4462596.3719
203,155328028.967,5.5443,145197820.4869,5667612.1082,4462596.3719
204,193530383.085,5.5593,183400174.6049,5667612.1082,4462596.3719
205,40565786.9788,5.5934,33002815.0246,7550881.6263,12090.3279
206,32675027.808,5.6271,25112055.8539,7550881.6263,12090.3279
207,32675027.808,5.6622,25112055.8539,7550881.6263,12090.3279
208,31529295.8117,5.6968,23978414.1855,7550881.6263,0
209,30420236.4716,5.7309,23978414.1855,6441822.2861,0
210,143220440.3599,5.7668,133380553.686,9839886.6739,0
211,143220440.3599,5.8026,133380553.686,9839886.6739,0
212,120924357.5766,5.8177,116089193.7116,4835163.8649,0
213,120924357.5766,5.8323,116089193.7116,4835163.8649,0
214,31431875.7458,5.8465,26596711.8809,4835163.8649,0
215,31431875.7458,5.8609,26596711.8809,4835163.8649,0
216,63477694.7753,5.8756,51173354.0846,12304340.6906,0
217,74944086.3901,5.91,57584282.3564,17355061.2137,4742.82
218,74769221.8928,5.9445,57409417.8591,17355061.2137,4742.82
219,45597110.5398,5.9784,28237306.5061,17355061.2137,4742.82
220,3877724.8521,6.0127,0,3872982.0321,4742.82
221,3877724.8521,6.0473,0,3872982.0321,4742.82
222,3877724.8521,6.0815,0,3872982.0321,4742.82
223,1158372.2188,6.0965,0,1058824.3226,99547.8962
224,1158372.2188,6.1108,0,1058824.3226,99547.8962
225,1158372.2188,6.1253,0,1058824.3226,99547.8962
226,3877724.8521,6.1611,0,3872982.0321,4742.82
227,3877724.8521,6.1957,0,3872982.0321,4742.82
228,3877724.8521,6.2299,0,3872982.0321,4742.82
229,1158372.2188,6.2454,0,1058824.3226,99547.8962
230,9341818.3983,6.2601,0,9301059.6728,40758.7255
231,10458770.7183,6.2746,1116952.32,9301059.6728,40758.7255
232,68093944.1375,6.3088,64216219.2854,3872982.0321,4742.82
233,66241821.7252,6.3434,62364096.8731,3872982.0321,4742.82
234,6979829.7883,6.3772,3102104.9362,3872982.0321,4742.82
235,6979829.7883,6.4116,3102104.9362,3872982.0321,4742.82
236,6979829.7883,6.4469,3102104.9362,3872982.0321,4742.82
237,9391910.6483,6.4621,50092.25,9301059.6728,40758.7255
238,9391910.6483,6.4767,50092.25,9301059.6728,40758.7255
239,9391910.6483,6.491,50092.25,9301059.6728,40758.7255
240,7872505.9587,6.5259,2226292.341,5646213.6177,0
241,7872505.9587,6.562,2226292.341,5646213.6177,0
242,7872505.9587,6.5967,2226292.341,5646213.6177,0
243,9351151.9228,6.6118,50092.25,9301059.6728,0
244,9987995.1928,6.6263,686935.52,9301059.6728,0
245,10011538.1528,6.6407,710478.48,9301059.6728,0
246,8918845.6926,6.675,3272632.0748,5646213.6177,0
247,3433449.8218,6.7089,2226292.341,1207157.4808,0
248,3433449.8218,6.7442,2226292.341,1207157.4808,0
249,3433449.8218,6.7801,2226292.341,1207157.4808,0
250,2245148.6158,6.7952,123082.8604,2122065.7554,0
251,6536938.002,6.8102,4348146.5966,2122065.7554,66725.65
252,8759298.1324,6.8248,6570506.7269,2122065.7554,66725.65
253,43630950.292,6.8589,42423792.8113,1207157.4808,0
254,40075442.4584,6.8932,38868284.9776,1207157.4808,0
255,3433449.8218,6.927,2226292.341,1207157.4808,0
256,3433449.8218,6.961,2226292.341,1207157.4808,0
257,3433449.8218,6.9958,2226292.341,1207157.4808,0
258,2245148.6158,7.0108,123082.8604,2122065.7554,0
259,4116408.1621,7.0256,1994342.4067,2122065.7554,0
260,43611139.0127,7.0405,39323663.9688,1121511.3838,3165963.66
261,6599413.4818,7.0756,2226292.341,1207157.4808,3165963.66
262,3433449.8218,7.1101,2226292.341,1207157.4808,0
263,3433449.8218,7.1446,2226292.341,1207157.4808,0
264,3433449.8218,7.1788,2226292.341,1207157.4808,0
265,3548411.1102,7.194,2426899.7263,1121511.3838,0
266,13431015.2365,7.2087,8550682.9948,4880332.2418,0
267,35621972.7519,7.2235,14506827.3007,21115145.4512,0
268,13096911.0477,7.2576,7843884.0529,5253026.9948,0
269,3433449.8218,7.2912,2226292.341,1207157.4808,0
270,3897410.6526,7.3256,3132525.0169,764885.6357,0
271,3897410.6526,7.3605,3132525.0169,764885.6357,0
272,3462096.0412,7.3757,2340584.6573,1121511.3838,0
273,24452777.8338,7.3905,23090722.3,1121511.3838,240544.15
274,24452777.8338,7.4052,23090722.3,1121511.3838,240544.15
275,31908932.9065,7.4407,30903503.1208,764885.6357,240544.15
276,3897410.6526,7.4745,3132525.0169,764885.6357,0
277,3897410.6526,7.5096,3132525.0169,764885.6357,0
278,3897410.6526,7.5442,3132525.0169,764885.6357,0
279,3462096.0412,7.5593,2340584.6573,1121511.3838,0
280,3970829.4347,7.574,3266091.1668,704738.2679,0
281,25770827.0262,7.5888,25066088.7583,704738.2679,0
282,3897410.6526,7.6469,3132525.0169,764885.6357,0
283,3756775.7177,7.6947,3132525.0169,624250.7008,0
284,3756775.7177,7.7299,3132525.0169,624250.7008,0
285,3756775.7177,7.7652,3132525.0169,624250.7008,0
286,3841253.4356,7.7804,3266091.1668,575162.2688,0
287,25655655.5523,7.7951,8299756.7589,17355898.7934,0
288,54056129.4738,7.8099,13621091.2904,17355898.7934,23079139.39
289,49980462.1704,7.8449,13064059.4659,18837174.4345,18079228.27
290,633531429.9621,7.88,66535292.5425,20192868.9061,546803268.5136
291,209440709.7805,7.9139,64477918.7634,20192868.9061,124769922.1109
292,187970865.2531,7.9484,62531765.6809,669177.4613,124769922.1109
293,187047075.4133,7.9833,61607975.8411,669177.4613,124769922.1109
294,181244700.3954,8.0296,55805600.8231,669177.4613,124769922.1109
295,180482592.0874,8.0695,55043492.5152,669177.4613,124769922.1109
296,180378038.7568,8.1047,54938939.1846,669177.4613,124769922.1109
297,180378038.7568,8.1426,54938939.1846,669177.4613,124769922.1109
298,180378038.7568,8.1784,54938939.1846,669177.4613,124769922.1109
299,146122347.4425,8.1985,142097890.6138,575162.2688,3449294.56
300,213269374.1063,8.2138,204396464.3404,730669.26,8142240.5059
301,225539445.5964,8.2291,216351611.0105,1045594.08,8142240.5059
302,195460642.1442,8.2868,58152317.0577,12538402.9756,124769922.1109
303,130381741.5635,8.3298,70386478.9281,12538402.9756,47456859.6598
304,115299138.1761,8.3645,67173101.055,669177.4613,47456859.6598
305,115194584.8455,8.3991,67068547.7244,669177.4613,47456859.6598
306,88567108.0453,8.433,66963994.3937,669177.4613,20933936.1903
307,85583504.6744,8.4669,63980391.0229,669177.4613,20933936.1903
308,85583504.6744,8.5016,63980391.0229,669177.4613,20933936.1903
309,54511985.3751,8.5358,53671247.8247,669177.4613,171560.0891
310,155637087.1031,8.5699,155119516.9316,512827.3515,4742.82
311,155637087.1031,8.6057,155119516.9316,512827.3515,4742.82
312,153639172.7108,8.6212,153210221.8257,417755.21,11195.6751
313,153639172.7108,8.6364,153210221.8257,417755.21,11195.6751
314,90485833.9583,8.6511,90056883.0733,417755.21,11195.6751
315,90485833.9583,8.6658,90056883.0733,417755.21,11195.6751
316,98244379.7046,8.6807,97297408.9195,935775.11,11195.6751
317,99663402.7578,8.7167,98509922.448,1148737.4898,4742.82
318,99663402.7578,8.7527,98509922.448,1148737.4898,4742.82
319,81078045.5706,8.7875,79924565.2608,1148737.4898,4742.82
320,74012581.528,8.8222,72682005.1321,1325833.5759,4742.82
321,73278635.7657,8.8566,72682005.1321,591887.8137,4742.82
322,69270712.5639,8.8907,68674081.9302,591887.8137,4742.82
323,54061047.1646,8.9246,53464416.5309,591887.8137,4742.82
324,54061047.1646,8.9599,53464416.5309,591887.8137,4742.82
325,54061047.1646,8.9953,53464416.5309,591887.8137,4742.82
326,53171220.047,9.0112,52742269.1619,417755.21,11195.6751
327,87041530.0763,9.0262,86161193.7012,869140.7,11195.6751
328,87743248.4512,9.0407,86161193.7012,1582054.75,0
329,55066381.8452,9.0763,53464416.5309,1601965.3143,0
330,55947502.0536,9.1108,52658212.1534,3289289.9002,0
331,53878268.8071,9.1478,52658212.1534,1215313.8337,4742.82
332,15041930.0179,9.1815,13821873.3642,1215313.8337,4742.82
333,15041930.0179,9.2177,13821873.3642,1215313.8337,4742.82
334,14658886.0454,9.269,13433509.9763,1220633.2491,4742.82
335,14654143.2254,9.3143,13433509.9763,1220633.2491,0
336,14654143.2254,9.3495,13433509.9763,1220633.2491,0
337,14654143.2254,9.3839,13433509.9763,1220633.2491,0
338,18192939.689,9.3994,17773355.969,419583.72,0
339,30851994.5019,9.414,30117485.9619,734508.54,0
340,68280193.557,9.4293,64813080.5074,3467113.0496,0
341,32206284.5225,9.4684,30069486.78,2136797.7425,0
342,18965663.2633,9.5052,17745030.0142,1220633.2491,0
343,14654143.2254,9.5406,13433509.9763,1220633.2491,0
344,14642506.6133,9.5798,13433509.9763,1208996.637,0
345,14642506.6133,9.6155,13433509.9763,1208996.637,0
346,9274670.2003,9.6561,8065673.5633,1208996.637,0
347,9274670.2003,9.7019,8065673.5633,1208996.637,0
348,9274670.2003,9.7372,8065673.5633,1208996.637,0
349,10332245.7749,9.7544,8109569.9222,2222675.8527,0
350,61508360.0514,9.7729,41424650.5911,20083709.4602,0
351,115048935.5259,9.7944,87088791.1857,20083709.4602,7876434.88
352,53958937.005,9.8399,51242941.2079,2715995.7971,0
353,10698651.8317,9.8805,7982656.0346,2715995.7971,0
354,9191652.6716,9.9152,7982656.0346,1208996.637,0
355,9191652.6716,9.9513,7982656.0346,1208996.637,0
356,6792221.3267,9.9875,5583224.6897,1208996.637,0
357,6792221.3267,10.0217,5583224.6897,1208996.637,0
358,6792221.3267,10.0569,5583224.6897,1208996.637,0
359,17115476.5303,10.0743,4513463.2496,8940049.6207,3661963.66
360,101573942.8642,10.0893,1516448.7291,21707482.5336,78350011.6015
361,107924580.2062,10.104,4058514.1981,25516054.4065,78350011.6015
362,10454184.9867,10.1413,5583224.6897,1208996.637,3661963.66
363,6792221.3267,10.1754,5583224.6897,1208996.637,0
364,6576833.05,10.2113,5367836.413,1208996.637,0
365,6571513.6346,10.2505,5367836.413,1203677.2216,0
366,6571513.6346,10.2875,5367836.413,1203677.2216,0
367,6571513.6346,10.3218,5367836.413,1203677.2216,0
368,23069920.2001,10.3384,1457947.5409,21611972.6592,0
369,38719727.0702,10.3532,11961161.3006,21611972.6592,5146593.1104
370,40303420.4376,10.3678,14011785.8587,23094342.2455,3197292.3334
371,6571513.6346,10.4053,5367836.413,1203677.2216,0
372,6571513.6346,10.4428,5367836.413,1203677.2216,0
373,6571513.6346,10.4793,5367836.413,1203677.2216,0
374,24802240.6864,10.4969,1707898.4408,23094342.2455,0
375,25057656.3742,10.5117,25057656.3742,0,0
376,34057943.2089,10.5261,34057943.2089,0,0
377,70233094.3419,10.5636,70233094.3419,0,0
378,31013283.6479,10.5993,30827809.9857,185473.6622,0
379,18271555.6654,10.6337,18086082.0032,185473.6622,0
380,18102574.4886,10.6695,18037856.8888,64717.5998,0
381,18102574.4886,10.7047,18037856.8888,64717.5998,0
382,18102574.4886,10.7399,18037856.8888,64717.5998,0
383,9187922.8809,10.7573,5629334.1209,3558588.7599,0
384,25018549.5869,10.7721,21459960.827,3558588.7599,0
385,46764969.0086,10.7867,25628398.3914,21136570.6171,0
386,31779015.8631,10.8233,31394619.6287,384396.2344,0
387,18102574.4886,10.8572,18037856.8888,64717.5998,0
388,18102574.4886,10.8942,18037856.8888,64717.5998,0
389,18102574.4886,10.9303,18037856.8888,64717.5998,0
390,13634233.9252,10.9483,11164920.9299,2469312.9953,0
391,33697743.5722,10.9633,11164920.9299,22532822.6423,0
392,47329460.5217,10.9782,21972592.4218,25356868.1,0
393,35637279.9378,11.0163,35498547.6447,138732.2931,0
394,35637279.9378,11.0519,35498547.6447,138732.2931,0
395,18102574.4886,11.0867,18037856.8888,64717.5998,0
396,18102574.4886,11.1227,18037856.8888,64717.5998,0
397,18102574.4886,11.1576,18037856.8888,64717.5998,0
398,16566593.7652,11.1757,11164920.9299,2469312.9953,2932359.84
399,17397286.7152,11.1904,11164920.9299,2469312.9953,3763052.79
400,93994904.8791,11.2049,11694727.252,904920.2393,81395257.3879
401,19705627.2786,11.2416,18037856.8888,64717.5998,1603052.79
402,18874934.3286,11.2759,18037856.8888,64717.5998,772359.84
403,18874934.3286,11.3112,18037856.8888,64717.5998,772359.84
404,18622223.8686,11.3465,18037856.8888,64717.5998,519649.38
405,18107317.3086,11.3824,18037856.8888,64717.5998,4742.82
406,18107317.3086,11.4223,18037856.8888,64717.5998,4742.82
407,15617180.7814,11.4569,15547720.3616,64717.5998,4742.82
408,10269732.521,11.4919,10119064.495,145925.206,4742.82
409,2751990.3376,11.5258,2601322.3115,145925.206,4742.82
410,2868148.13,11.5606,2101138.5115,762266.7984,4742.82
411,2868148.13,11.5972,2101138.5115,762266.7984,4742.82
412,36347964.5423,11.6137,23903151.7704,12342225.0389,102587.7329
413,64101391.0703,11.6289,51656578.2984,12342225.0389,102587.7329
414,77231099.4811,11.6437,60316348.5902,16812163.158,102587.7329
415,58171028.812,11.6813,55734119.8258,2432166.1662,4742.82
416,17293019.2884,11.7181,14856110.3022,2432166.1662,4742.82
417,2868148.13,11.7526,2101138.5115,762266.7984,4742.82
418,2868148.13,11.7902,2101138.5115,762266.7984,4742.82
419,2868148.13,11.8243,2101138.5115,762266.7984,4742.82
420,38730298.6888,11.8424,888336.5189,37828331.3927,13630.7771
421,67340241.1721,11.8573,29498279.0022,37828331.3927,13630.7771
422,80209554.1411,11.872,1194727.3266,79001196.0374,13630.7771
423,7412174.0597,11.9104,2825829.5625,4581601.6772,4742.82
424,6687483.0087,11.9455,2101138.5115,4581601.6772,4742.82
425,6666272.8753,11.982,2101138.5115,4560391.5437,4742.82
426,6661530.0553,12.0167,2101138.5115,4560391.5437,0
427,6661530.0553,12.0513,2101138.5115,4560391.5437,0
428,6661530.0553,12.0877,2101138.5115,4560391.5437,0
429,50049876.3462,12.1048,888336.5189,49161539.8273,0
430,84516979.7564,12.1194,39453.1723,84477526.5841,0
431,84516979.7564,12.134,39453.1723,84477526.5841,0
432,6661530.0553,12.1716,2101138.5115,4560391.5437,0
433,6661530.0553,12.2063,2101138.5115,4560391.5437,0
434,6661530.0553,12.2414,2101138.5115,4560391.5437,0
435,84516979.7564,12.2589,39453.1723,84477526.5841,0
436,84516979.7564,12.2766,39453.1723,84477526.5841,0
437,85713337.6974,12.2912,1023266.9633,84477526.5841,212544.15
438,6661530.0553,12.3285,2101138.5115,4560391.5437,0
439,6661530.0553,12.3642,2101138.5115,4560391.5437,0
440,59452108.7207,12.3991,574947.6304,58877161.0903,0
441,84509880.1463,12.4168,32353.5622,84477526.5841,0
442,84509880.1463,12.4335,32353.5622,84477526.5841,0
443,84509880.1463,12.4482,32353.5622,84477526.5841,0
444,55831417.0664,12.4894,2430945.5725,53400471.4939,0
445,55256469.4361,12.5243,1855997.9422,53400471.4939,0
446,55256469.4361,12.5614,1855997.9422,53400471.4939,0
447,55256469.4361,12.5968,1855997.9422,53400471.4939,0
448,76723959.8546,12.6151,104441.0685,76619518.7861,0
449,76723959.8546,12.63,104441.0685,76619518.7861,0
450,77960725.3482,12.6512,62894.9,77897830.4482,0
451,55256469.4361,12.6887,1855997.9422,53400471.4939,0
452,55256469.4361,12.7246,1855997.9422,53400471.4939,0
453,55256469.4361,12.7627,1855997.9422,53400471.4939,0
454,77956673.7182,12.7806,58843.27,77897830.4482,0
455,78538238.7382,12.7958,640408.29,77897830.4482,0
456,79853930.3282,12.8129,1956099.88,77897830.4482,0
457,73599832.7528,12.8496,20199361.2589,53400471.4939,0
458,55256469.4361,12.8893,1855997.9422,53400471.4939,0
459,55256469.4361,12.9241,1855997.9422,53400471.4939,0
460,75581600.9862,12.9621,197647.4233,75383953.5629,0
461,13167540.184,12.9771,782734.25,6366842.274,6017963.66
462,14432614.554,12.9919,2225682.85,6366842.274,5840089.43
463,13920487.754,13.0083,1713556.05,6366842.274,5840089.43
464,15516111.964,13.0234,3309180.26,6366842.274,5840089.43
465,18493140.334,13.0386,3949369.13,6366842.274,8176928.93
466,22244248.2528,13.0744,7905944.3581,6161374.9647,8176928.93
467,18379924.3532,13.1105,8086957.6386,6161374.9647,4131591.75
468,15528308.8726,13.1475,5498060.9479,6161374.9647,3868872.96
469,8783359.3833,13.1819,1089950.9586,6161374.9647,1532033.46
470,27884731.3144,13.2209,4026789.2888,4472317.9096,19385624.116
471,27884731.3144,13.263,4026789.2888,4472317.9096,19385624.116
472,7802745.304,13.2784,324498.43,6366842.274,1111404.6
473,7802745.304,13.2931,324498.43,6366842.274,1111404.6
474,8659365.404,13.308,878790.16,6366842.274,1413732.97
475,39548048.2713,13.3433,10905146.1464,4472317.9096,24170584.2153
476,27884731.3144,13.3771,4026789.2888,4472317.9096,19385624.116
477,27884731.3144,13.4118,4026789.2888,4472317.9096,19385624.116
478,27380729.848,13.446,3522787.8225,4472317.9096,19385624.116
479,23638614.0826,13.4796,4252989.9666,0,19385624.116
480,97055571.2146,13.5139,5911176.1114,0,91144395.1032
481,97055571.2146,13.5493,5911176.1114,0,91144395.1032
482,1439954.66,13.5643,328550.06,0,1111404.6
483,1628039.38,13.5789,516634.78,0,1111404.6
484,1304138.85,13.5931,192734.25,0,1111404.6
485,854174.19,13.608,192734.25,0,661439.94
486,197477.07,13.6225,192734.25,0,4742.82
487,197477.07,13.6447,192734.25,0,4742.82
488,699042.09,13.6692,694299.27,0,4742.82
489,8518830.7767,13.7276,8129880.2002,0,388950.5766
490,43145348.3906,13.7871,43123693.7455,0,21654.6451
491,43145348.3906,13.8469,43123693.7455,0,21654.6451
492,456611.04,13.8727,451868.22,0,4742.82
493,456611.04,13.8971,451868.22,0,4742.82
494,412332.12,13.9212,407589.3,0,4742.82
495,416383.75,13.9457,411640.93,0,4742.82
496,416383.75,13.9702,411640.93,0,4742.82
497,38919623.9406,14.0291,38897969.2954,0,21654.6451
498,38919623.9406,14.0889,38897969.2954,0,21654.6451
499,18415098.5817,14.1461,18393443.9365,0,21654.6451
500,19255503.8534,14.2055,19250761.0334,0,4742.82
501,19255503.8534,14.2661,19250761.0334,0,4742.82
502,197477.07,14.2916,192734.25,0,4742.82
503,197477.07,14.316,192734.25,0,4742.82
504,1521168.66,14.341,1516425.84,0,4742.82
505,19255503.8534,14.3989,19250761.0334,0,4742.82
506,6790095.3823,14.4559,6499067.6323,286284.93,4742.82
507,6790095.3823,14.5168,6499067.6323,286284.93,4742.82
508,6790095.3823,14.5766,6499067.6323,286284.93,4742.82
509,28659332.2582,14.6026,65067.19,28589522.2482,4742.82
510,29106235.18,14.6279,542734.25,28558758.11,4742.82
511,30713859.39,14.6531,2150358.46,28558758.11,4742.82
512,54500631.6549,14.7105,54209603.9049,286284.93,4742.82
513,6790095.3823,14.7673,6499067.6323,286284.93,4742.82
514,6785352.5623,14.8249,6499067.6323,286284.93,0
515,6785352.5623,14.8858,6499067.6323,286284.93,0
516,6785352.5623,14.9442,6499067.6323,286284.93,0
517,28962661.18,14.9696,219358.92,28558758.11,184544.15
518,30982695.43,14.995,1913974.17,28558758.11,509963.15
519,32876372.94,15.0204,3807651.68,28558758.11,509963.15
520,191793784.8374,15.0781,190997536.7574,286284.93,509963.15
521,22360891.1521,15.1353,21890062.0721,286284.93,184544.15
522,6779409.6589,15.1936,6493124.7289,286284.93,0
523,971131.7971,15.2519,621091.6571,350040.14,0
524,971131.7971,15.3114,621091.6571,350040.14,0
525,971131.7971,15.3693,621091.6571,350040.14,0
526,34924973.1781,15.3944,6223.92,34918749.2581,0
527,34924973.1781,15.4187,6223.92,34918749.2581,0
528,37070828.1099,15.4439,1295176.24,35775651.8699,0
529,129605657.236,15.5033,129247027.146,358630.09,0
530,129517867.5956,15.5445,129159237.5056,358630.09,0
531,970709.9274,15.5785,620669.7874,350040.14,0
532,970709.9274,15.6126,620669.7874,350040.14,0
533,970709.9274,15.6473,620669.7874,350040.14,0
534,34924973.1781,15.6627,6223.92,34918749.2581,0
535,35147429.7281,15.6774,228680.47,34918749.2581,0
536,13615470.6281,15.692,991073.88,6359991.1481,6264405.6
537,13615470.6281,15.7065,991073.88,6359991.1481,6264405.6
538,14943162.2181,15.7213,2318765.47,6359991.1481,6264405.6
539,215378985.9575,15.7563,209050825.1475,63755.21,6264405.6
540,92887511.2936,15.7905,74603418.8734,63755.21,18220337.2102
541,11349667.227,15.8242,604105.1804,350040.14,10395521.9066
542,954145.3204,15.8588,604105.1804,350040.14,0
543,954145.3204,15.8933,604105.1804,350040.14,0
544,954145.3204,15.9291,604105.1804,350040.14,0
545,34924973.1781,15.9442,6223.92,34918749.2581,0
546,35402640.2381,15.9588,483890.98,34918749.2581,0
547,35402640.2381,15.9731,483890.98,34918749.2581,0
548,954145.3204,16.0072,604105.1804,350040.14,0
549,954145.3204,16.0428,604105.1804,350040.14,0
550,13235719.8873,16.0784,394059.7133,12841660.174,0
551,34924973.1781,16.0932,6223.92,34918749.2581,0
552,34924973.1781,16.1077,6223.92,34918749.2581,0
553,37019962.6481,16.1224,2101213.39,34918749.2581,0
554,13235719.8873,16.1568,394059.7133,12841660.174,0
555,13235719.8873,16.1911,394059.7133,12841660.174,0
556,13235719.8873,16.2269,394059.7133,12841660.174,0
557,35663809.0581,16.2424,560515.65,34918749.2581,184544.15
558,37763843.3081,16.2576,2335130.9,34918749.2581,509963.15
559,39796364.0881,16.2725,4367651.68,34918749.2581,509963.15
560,224818444.0599,16.3066,222757827.5179,1550653.392,509963.15
561,55205111.5771,16.3403,53469914.0351,1550653.392,184544.15
562,2144378.9505,16.3741,593725.5585,1550653.392,0
563,2126659.2297,16.4078,593725.5585,1532933.6711,0
564,2126659.2297,16.442,593725.5585,1532933.6711,0
565,2126659.2297,16.4765,593725.5585,1532933.6711,0
566,34525947.5206,16.4915,6223.92,34519723.6006,0
567,35027512.5406,16.5068,507788.94,34519723.6006,0
568,37093367.4723,16.5218,1716741.26,35376626.2123,0
569,49973028.0196,16.5561,48440094.3485,1532933.6711,0
570,1664785.7598,16.5903,603299.9879,1061485.7718,0
571,1664785.7598,16.6241,603299.9879,1061485.7718,0
572,1664785.7598,16.6588,603299.9879,1061485.7718,0
573,34752404.0706,16.6741,232680.47,34519723.6006,0
574,13220444.9706,16.6885,995073.88,5960965.4906,6264405.6
575,13220444.9706,16.703,995073.88,5960965.4906,6264405.6
576,14544136.5606,16.7177,2318765.47,5960965.4906,6264405.6
577,102902682.9231,16.7516,96454976.8967,183300.4264,6264405.6
578,27189905.4513,16.7854,22554294.5195,1061485.7718,3574125.16
579,5238910.9198,16.8191,603299.9879,1061485.7718,3574125.16
580,7082990.7519,16.8535,71673.1191,7011317.6328,0
581,7082990.7519,16.8884,71673.1191,7011317.6328,0
582,35003614.5806,16.9035,483890.98,34519723.6006,0
583,36539238.7906,16.9184,2019515.19,34519723.6006,0
584,36539238.7906,16.9332,2019515.19,34519723.6006,0
585,12583686.1436,16.9674,5572368.5108,7011317.6328,0
586,7082990.7519,17.001,71673.1191,7011317.6328,0
587,7082990.7519,17.0357,71673.1191,7011317.6328,0
588,7082990.7519,17.071,71673.1191,7011317.6328,0
589,34525947.5206,17.0887,6223.92,34519723.6006,0
590,34603999.9271,17.1032,6223.92,34597776.0071,0
591,37529088.5571,17.1182,2045140.15,34597776.0071,886172.4
592,90098435.6697,17.1532,22630066.5723,7011317.6328,60457051.4646
593,90098435.6697,17.1885,22630066.5723,7011317.6328,60457051.4646
594,7082990.7519,17.2224,71673.1191,7011317.6328,0
595,7082990.7519,17.258,71673.1191,7011317.6328,0
596,7082990.7519,17.2937,71673.1191,7011317.6328,0
597,35342835.8071,17.309,560515.65,34597776.0071,184544.15
598,37201383.9571,17.324,2419063.8,34597776.0071,184544.15
599,39066010.7271,17.3389,3958271.57,34597776.0071,509963.15
600,136309218.0594,17.3729,126185400.2834,2776451.0356,7347366.7404
601,39361943.5585,17.4059,29238125.7825,2776451.0356,7347366.7404
602,3101108.7964,17.4393,324657.7608,2776451.0356,0
603,3069014.8199,17.4724,324657.7608,2744357.0591,0
604,3069014.8199,17.5061,324657.7608,2744357.0591,0
605,3069014.8199,17.5397,324657.7608,2744357.0591,0
606,34204072.0343,17.5546,6223.92,34197848.1143,0
607,35289293.0343,17.5694,1091444.92,34197848.1143,0
608,13692759.8425,17.5836,1853838.33,5574515.9125,6264405.6
609,13692759.8425,17.598,1853838.33,5574515.9125,6264405.6
610,277195364.3673,17.6135,34101548.1551,14928061.4705,228165754.7417
611,300248596.8028,17.6484,136571064.8211,5885987.722,157791544.2597
612,243640314.5901,17.6833,79962782.6084,5885987.722,157791544.2597
613,56523544.8319,17.7169,40194125.9842,8182993.1804,8146425.6674
614,13113961.0868,17.7508,5507929.8728,5688289.7892,1917741.4248
615,13113961.0868,17.7858,5507929.8728,5688289.7892,1917741.4248
616,13113961.0868,17.8203,5507929.8728,5688289.7892,1917741.4248
617,32495777.8188,17.836,1429576.766,28862526.3195,2203674.7333
618,32495777.8188,17.8506,1429576.766,28862526.3195,2203674.7333
619,32495777.8188,17.8664,1429576.766,28862526.3195,2203674.7333
620,35890743.1206,17.9025,4434872.3761,30751478.1637,704392.5808
621,35629335.3379,17.9364,4173464.5934,30751478.1637,704392.5808
622,35629335.3379,17.9717,4173464.5934,30751478.1637,704392.5808
623,35629335.3379,18.0067,4173464.5934,30751478.1637,704392.5808
624,32411513.2761,18.0223,1345312.2233,28862526.3195,2203674.7333
625,32411513.2761,18.0368,1345312.2233,28862526.3195,2203674.7333
626,32411513.2761,18.051,1345312.2233,28862526.3195,2203674.7333
627,32210353.9423,18.0856,1458875.7786,30751478.1637,0
628,31564902.3627,18.1194,813424.199,30751478.1637,0
629,31564902.3627,18.1547,813424.199,30751478.1637,0
630,69118360.1228,18.1906,49908.5802,69068451.5426,0
631,29124732.8132,18.2058,262206.4937,28862526.3195,0
632,33566165.3141,18.2204,4703638.9946,28862526.3195,0
633,45370296.8063,18.2353,14679628.5893,30690668.217,0
634,69963745.7073,18.2699,895294.1647,69068451.5426,0
635,69118360.1228,18.304,49908.5802,69068451.5426,0
636,69118360.1228,18.3392,49908.5802,69068451.5426,0
637,69118360.1228,18.3749,49908.5802,69068451.5426,0
638,46155147.0978,18.3908,8849769.0815,28862526.3195,8442851.6968
639,42191972.3876,18.406,4886594.3713,28862526.3195,8442851.6968
640,75129132.4837,18.4212,22938427.4465,48497872.4868,3692832.5504
641,49805108.6409,18.4353,22714122.4029,23398153.6876,3692832.5504
642,71943925.2131,18.4502,44852938.9751,23398153.6876,3692832.5504
643,83534308.0715,18.4646,56443321.8335,23398153.6876,3692832.5504
644,40806355.566,18.5011,12731071.6559,27890739.76,184544.15
645,36632601.0884,18.5364,8557317.1784,27890739.76,184544.15
646,34053704.3207,18.5704,5978420.4106,27890739.76,184544.15
647,33641386.0111,18.606,5566102.1011,27890739.76,184544.15
648,28715429.4489,18.645,640145.5388,27890739.76,184544.15
649,4302945.4445,18.6812,1191340.3345,0,3111605.11
650,235785401.3096,18.7158,12799506.1538,0,222985895.1558
651,217524821.269,18.7503,12799506.1538,68914.05,204656401.0652
652,206471339.2393,18.7858,12799506.1538,68914.05,193602919.0355
653,206471339.2393,18.8216,12799506.1538,68914.05,193602919.0355
654,204256409.3038,18.858,10584576.2182,68914.05,193602919.0355
655,201974171.8005,18.8925,8302338.715,68914.05,193602919.0355
656,201974171.8005,18.9273,8302338.715,68914.05,193602919.0355
657,199982164.3189,18.9618,6310331.2334,68914.05,193602919.0355
658,199982164.3189,18.9972,6310331.2334,68914.05,193602919.0355
659,199982164.3189,19.0327,6310331.2334,68914.05,193602919.0355
660,80784324.3324,19.0483,987473.2615,533217.805,79263633.2659
661,80784324.3324,19.063,987473.2615,533217.805,79263633.2659
662,80749440.2741,19.0774,952589.2031,533217.805,79263633.2659
663,80749440.2741,19.0922,952589.2031,533217.805,79263633.2659
664,1902843.2725,19.1063,952589.2031,533217.805,417036.2644
665,1902843.2725,19.1207,952589.2031,533217.805,417036.2644
666,5910987.2436,19.1353,952589.2031,4541361.7761,417036.2644
667,6499292.1544,19.1697,6087408.7794,68914.05,342969.325
668,4648627.658,19.2037,4236744.283,68914.05,342969.325
669,4648627.658,19.2388,4236744.283,68914.05,342969.325
670,14083798.882,19.2732,13946644.6823,102162.3291,34991.8706
671,1613241.7225,19.289,662987.6532,533217.805,417036.2644
672,1613241.7225,19.3034,662987.6532,533217.805,417036.2644
673,1613241.7225,19.3177,662987.6532,533217.805,417036.2644
674,14083798.882,19.3537,13946644.6823,102162.3291,34991.8706
675,14083798.882,19.3889,13946644.6823,102162.3291,34991.8706
676,14083798.882,19.4245,13946644.6823,102162.3291,34991.8706
677,1613241.7225,19.4397,662987.6532,533217.805,417036.2644
678,1648125.7808,19.4543,697871.7115,533217.805,417036.2644
679,6771062.8369,19.4691,5820808.7676,533217.805,417036.2644
680,133469838.1952,19.5043,133396181.3252,68914.05,4742.82
681,15359030.5382,19.5383,15285373.6682,68914.05,4742.82
682,15359030.5382,19.574,15285373.6682,68914.05,4742.82
683,2892893.6101,19.6083,2532951.8101,355198.98,4742.82
684,2888150.7901,19.6429,2532951.8101,355198.98,0
685,2819236.7401,19.6783,2532951.8101,286284.93,0
686,2819236.7401,19.7142,2532951.8101,286284.93,0
687,2819236.7401,19.7481,2532951.8101,286284.93,0
688,4394489.0948,19.7636,2179378.7946,2215110.3002,0
689,8464359.5538,19.7786,3162595.4162,5301764.1376,0
690,108137007.7115,19.794,43431282.9035,64705724.808,0
691,69429058.0517,19.8281,68396019.7917,1033038.26,0
692,25886507.4719,19.8625,25201297.7219,685209.75,0
693,2819236.7401,19.8968,2532951.8101,286284.93,0
694,2419684.2836,19.9308,2133399.3536,286284.93,0
695,2419684.2836,19.9653,2133399.3536,286284.93,0
696,2419684.2836,19.9999,2133399.3536,286284.93,0
697,51176711.491,20.0173,798009.1652,50378702.3258,0
698,78707880.6639,20.0323,28329178.338,50378702.3258,0
699,78707880.6639,20.0465,28329178.338,50378702.3258,0
700,3721186.1062,20.0808,2113345.3805,1607840.7257,0
701,3176832.6363,20.1148,2113345.3805,1063487.2558,0
702,3176832.6363,20.1495,2113345.3805,1063487.2558,0
703,3176832.6363,20.1835,2113345.3805,1063487.2558,0
704,64188488.8106,20.1988,798009.1652,63390479.6454,0
705,70720923.6906,20.2133,798009.1652,63390479.6454,6532434.88
706,70570752.5606,20.2285,798009.1652,63390479.6454,6382263.75
707,73340758.7164,20.2432,3568015.3209,63390479.6454,6382263.75
708,81836611.7508,20.2576,12063868.3553,63390479.6454,6382263.75
709,16894826.3109,20.2923,9449075.3051,1063487.2558,6382263.75
710,245098987.9735,20.3263,5340879.2038,6370540.729,233387568.0407
711,11711419.9328,20.3591,5340879.2038,6370540.729,0
712,7565062.1005,20.392,1194521.3715,6370540.729,0
713,6718637.168,20.4255,348096.4391,6370540.729,0
714,6718637.168,20.459,348096.4391,6370540.729,0
715,5866960.6454,20.4922,0,5866960.6454,0
716,5866960.6454,20.5263,0,5866960.6454,0
717,5866960.6454,20.5613,0,5866960.6454,0
718,58379573.2879,20.5772,0,58379573.2879,0
719,59885020.2127,20.5918,1505446.9248,58379573.2879,0
720,92379814.6292,20.6065,1518852.2932,90860962.336,0
721,37404712.1193,20.6408,31537751.474,5866960.6454,0
722,37404712.1193,20.6752,31537751.474,5866960.6454,0
723,5866960.6454,20.709,0,5866960.6454,0
724,5866960.6454,20.7439,0,5866960.6454,0
725,5866960.6454,20.7799,0,5866960.6454,0
726,90860962.336,20.7961,0,90860962.336,0
727,90860962.336,20.8105,0,90860962.336,0
728,94578938.9791,20.8251,3717976.6431,90860962.336,0
729,5866960.6454,20.8601,0,5866960.6454,0
730,93204014,20.8958,0,93204014,0
731,93204014,20.9307,0,93204014,0
732,21962261.3089,20.9459,1852347.0994,20109914.2095,0
733,21962261.3089,20.9605,1852347.0994,20109914.2095,0
734,26535729.2822,20.9757,1852347.0994,24683382.1828,0
735,21365336.27,21.0103,736843.27,20628493,0
736,21361336.27,21.0444,732843.27,20628493,0
737,21361336.27,21.079,732843.27,20628493,0
738,21361336.27,21.1156,732843.27,20628493,0
739,20109914.2095,21.1305,0,20109914.2095,0
740,20628493,21.1454,0,20628493,0
741,21508852.84,21.1598,0,20628493,880359.84
742,21508852.84,21.1959,0,20628493,880359.84
743,21508852.84,21.2313,0,20628493,880359.84
744,20628493,21.2657,0,20628493,0
745,20628493,21.3007,0,20628493,0
746,20628493,21.3352,0,20628493,0
747,20628493,21.3498,0,20628493,0
748,4812010.22,21.364,947604.62,0,3864405.6
749,947604.62,21.3781,947604.62,0,0
750,95278481.9,21.3938,94760462,518019.9,0
751,99135717.03,21.4086,98012527,1123190.03,0
752,61497138.27,21.4429,980125.27,60517013,0
753,60713424.63,21.4767,196411.63,60517013,0
754,163890.98,21.5114,163890.98,0,0
755,83890.98,21.5458,83890.98,0,0
756,79890.98,21.5798,79890.98,0,0
757,75890.98,21.6136,75890.98,0,0
758,71890.98,21.648,71890.98,0,0
759,67890.98,21.6825,67890.98,0,0
760,16284.93,21.7171,0,16284.93,0
761,12284.93,21.7531,0,12284.93,0
762,8284.93,21.7885,0,8284.93,0
763,4284.93,21.8221,0,4284.93,0
764,4284.93,21.8565,0,4284.93,0
765,4284.93,21.8917,0,4284.93,0
766,4284.93,21.9065,0,4284.93,0
767,4284.93,21.9209,0,4284.93,0
768,51198.98,21.9351,0,51198.98,0
769,4284.93,21.9693,0,4284.93,0
770,428493,22.0037,0,428493,0
771,428493,22.0382,0,428493,0
772,4284.93,22.0535,0,4284.93,0
773,4284.93,22.0677,0,4284.93,0
774,4284.93,22.0822,0,4284.93,0
775,428493,22.1177,0,428493,0
776,428493,22.1522,0,428493,0
777,428493,22.1887,0,428493,0
778,4284.93,22.2036,0,4284.93,0
779,4284.93,22.2178,0,4284.93,0
780,498949.55,22.2324,70456.55,428493,0
781,428493,22.2675,0,428493,0
782,428493,22.3016,0,428493,0
783,428493,22.3363,0,428493,0
784,428493,22.3536,0,428493,0
785,428493,22.3677,0,428493,0
786,502629.35,22.3819,74136.35,428493,0
787,428493,22.4186,0,428493,0
788,428493,22.4534,0,428493,0
789,428493,22.4906,0,428493,0
790,628784.73,22.508,200291.73,428493,0
791,1361628,22.5226,933135,428493,0
792,2111518.98,22.5372,1683025.98,428493,0
793,1378675.71,22.5733,950182.71,428493,0
794,1178383.98,22.6074,749890.98,428493,0
795,428493,22.6409,0,428493,0
796,428493,22.6766,0,428493,0
797,428493,22.7122,0,428493,0
798,2078114.76,22.7294,1649621.76,428493,0
799,3453671.24,22.744,2620668.89,428493,404509.35
800,210076081.4968,22.7586,198858112.245,6480175.673,4737793.5787
801,3453671.24,22.7951,2620668.89,428493,404509.35
802,2078114.76,22.8287,1649621.76,428493,0
803,428493,22.8631,0,428493,0
804,32383.98,22.8968,3890.98,28493,0
805,32383.98,22.9303,3890.98,28493,0
806,32383.98,22.9643,3890.98,28493,0
807,298785.2645,22.9812,295250.1709,3535.0936,0
808,880842.4619,22.9957,295250.1709,585592.291,0
809,880842.4619,23.0102,295250.1709,585592.291,0
810,32360.5103,23.0465,3890.98,28469.5303,0
811,32360.5103,23.0807,3890.98,28469.5303,0
812,32360.5103,23.1152,3890.98,28469.5303,0
813,298785.2645,23.1322,295250.1709,3535.0936,0
814,5645075.5119,23.1466,5641540.4183,3535.0936,0
815,28118172.1114,23.161,23165222.8721,4952949.2392,0
816,102817.0603,23.1971,74347.53,28469.5303,0
817,32360.5103,23.2306,3890.98,28469.5303,0
818,32360.5103,23.2643,3890.98,28469.5303,0
819,32360.5103,23.2984,3890.98,28469.5303,0
820,384831.483,23.3158,384494.3665,337.1164,0
821,4852795.143,23.3303,384494.3665,337.1164,4467963.66
822,3717466.023,23.3444,384494.3665,337.1164,3332634.54
823,3921604.613,23.3586,384494.3665,337.1164,3536773.13
824,7851202.8599,23.3732,3598082.3883,716347.3417,3536773.13
825,63864680.9006,23.4093,36411.63,60495634.7306,3332634.54
826,62855785.8806,23.443,36411.63,60495634.7306,2323739.52
827,60532046.3606,23.4763,36411.63,60495634.7306,0
828,60532046.3606,23.5107,36411.63,60495634.7306,0
829,32360.5103,23.545,3890.98,28469.5303,0
830,25067.0437,23.579,0,25067.0437,0
831,25067.0437,23.6144,0,25067.0437,0
832,25067.0437,23.6498,0,25067.0437,0
833,337.1164,23.6654,0,337.1164,0
834,613235.0882,23.6799,0,613235.0882,0
835,7939155.2754,23.6944,7325920.1872,613235.0882,0
836,916471.5736,23.7284,891404.5299,25067.0437,0
837,25067.0437,23.7622,0,25067.0437,0
838,25067.0437,23.7977,0,25067.0437,0
839,25067.0437,23.8332,0,25067.0437,0
840,757336.27,23.8499,728843.27,28493,0
841,1277428.52,23.8646,1248935.52,28493,0
842,2744189.63,23.8794,2715696.63,28493,0
843,15042083.3938,23.9142,15017016.35,25067.0437,0
844,6278579.4923,23.9483,6253512.4486,25067.0437,0
845,25067.0437,23.9823,0,25067.0437,0
846,25067.0437,24.0165,0,25067.0437,0
847,25067.0437,24.0509,0,25067.0437,0
848,1944009.01,24.0667,1915516.01,28493,0
849,2014465.56,24.0815,1985972.56,28493,0
850,195855016.2362,24.097,195788257.0637,66759.1724,0
851,4999543.5889,24.1311,847159.1578,4152384.431,0
852,872226.2016,24.1651,847159.1578,25067.0437,0
853,25067.0437,24.1988,0,25067.0437,0
854,25067.0437,24.233,0,25067.0437,0
855,25067.0437,24.2672,0,25067.0437,0
856,4468366.6706,24.283,0,403.0106,4467963.66
857,3429037.5506,24.2973,0,403.0106,3428634.54
858,3429037.5506,24.3117,0,403.0106,3428634.54
859,3633176.1406,24.3261,0,403.0106,3632773.13
860,305171837.8426,24.3605,0,284.93,305171552.9126
861,114487606.7578,24.3944,0,284.93,114487321.8278
862,94213643.1802,24.4283,0,284.93,94213358.2502
863,49711373.331,24.4623,79890.98,0,49631482.351
864,33136423.632,24.4964,79890.98,0,33056532.652
865,33132423.632,24.5307,75890.98,0,33056532.652
866,2186851.7526,24.5646,75890.98,74104.59,2036856.1826
867,2186851.7526,24.5995,75890.98,74104.59,2036856.1826
868,2186851.7526,24.6346,75890.98,74104.59,2036856.1826
869,8339778.0145,24.6501,7481756.2943,837512.6102,20509.11
870,19426057.3743,24.6649,13459206.2114,5946342.0529,20509.11
871,44149997.0916,24.6797,34176989.3295,9952498.652,20509.11
872,2779008.0026,24.7145,150027.33,592124.49,2036856.1826
873,2260988.1026,24.7487,150027.33,74104.59,2036856.1826
874,2186851.7526,24.7831,75890.98,74104.59,2036856.1826
875,2186851.7526,24.8214,75890.98,74104.59,2036856.1826
876,2186851.7526,24.8569,75890.98,74104.59,2036856.1826
877,36058239.7161,24.8725,27924891.5279,8112839.0781,20509.11
878,14941656.7103,24.887,6808308.5222,8112839.0781,20509.11
879,14941656.7103,24.902,6808308.5222,8112839.0781,20509.11
880,49869516.1025,24.9166,3458044.9538,46411471.1487,0
881,909508.1,24.9509,134734.25,774773.85,0
882,850664.83,24.9847,75890.98,774773.85,0
883,850664.83,25.0191,75890.98,774773.85,0
884,803750.78,25.053,75890.98,727859.8,0
885,803750.78,25.0874,75890.98,727859.8,0
886,803750.78,25.1217,75890.98,727859.8,0
887,63027489.0596,25.1372,23507042.6773,39520446.3824,0
888,63027489.0596,25.1517,23507042.6773,39520446.3824,0
889,63618503.3996,25.1661,23507042.6773,39520446.3824,591014.34
890,43785651.7111,25.2013,1331724.85,883847.9078,41570078.9534
891,11632825.4605,25.2358,1331724.85,883847.9078,9417252.7028
892,11192825.9505,25.2702,891725.34,883847.9078,9417252.7028
893,11189120.9605,25.3058,888020.35,883847.9078,9417252.7028
894,11185120.9605,25.3406,884020.35,883847.9078,9417252.7028
895,4586622.1462,25.3749,884020.35,883847.9078,2818753.8884
896,4582622.1462,25.4095,880020.35,883847.9078,2818753.8884
897,4542854.5733,25.4438,930238.77,793861.9148,2818753.8884
898,4542854.5733,25.4791,930238.77,793861.9148,2818753.8884
899,4542559.5633,25.5137,929943.76,793861.9148,2818753.8884
900,32248869.002,25.5491,19037623.7168,11425086.5751,1786158.7102
901,32248869.002,25.5939,19037623.7168,11425086.5751,1786158.7102
902,62769115.9693,25.6107,27243525.6876,35496805.4617,28784.82
903,62769115.9693,25.6254,27243525.6876,35496805.4617,28784.82
904,90895930.6154,25.6405,27243525.6876,63623620.1078,28784.82
905,25451174.0678,25.6754,12239928.7825,11425086.5751,1786158.7102
906,25451174.0678,25.7111,12239928.7825,11425086.5751,1786158.7102
907,25451174.0678,25.7461,12239928.7825,11425086.5751,1786158.7102
908,60482749.9032,25.7612,60453965.0832,0,28784.82
909,27272310.5076,25.7763,27243525.6876,0,28784.82
910,59754892.7254,25.7911,59726107.9054,0,28784.82
911,63693952.4441,25.8059,63625038.3941,68914.05,0
912,14243301.7344,25.8428,13038953.4165,1204348.3179,0
913,14243301.7344,25.8787,13038953.4165,1204348.3179,0
914,13209832.3961,25.913,12005484.0782,1204348.3179,0
915,10367739.9878,25.9468,10367739.9878,0,0
916,10367739.9878,25.9815,10367739.9878,0,0
917,9090350.5721,26.0157,9090350.5721,0,0
918,1681130.7974,26.0497,1681130.7974,0,0
919,1599243.5929,26.0838,1599243.5929,0,0
920,7811934,26.1194,7811934,0,0
921,7811934,26.1551,7811934,0,0
922,7803688.8198,26.1701,7803688.8198,0,0
923,11657491.5268,26.1848,11052321.3968,605170.13,0
924,34726201.0259,26.1997,33722106.0759,1004094.95,0
925,11669169.13,26.2341,11063999,605170.13,0
926,4884356.06,26.2687,4274901,609455.06,0
927,1027120.93,26.3025,1022836,4284.93,0
928,1027120.93,26.3367,1022836,4284.93,0
929,1027120.93,26.3712,1022836,4284.93,0
930,1022849.3862,26.3864,1018564.4562,4284.93,0
931,1022849.3862,26.4009,1018564.4562,4284.93,0
932,1022849.3862,26.4154,1018564.4562,4284.93,0
933,1027120.93,26.452,1022836,4284.93,0
934,1027120.93,26.487,1022836,4284.93,0
935,1027120.93,26.5287,1022836,4284.93,0
936,1022849.3862,26.5442,1018564.4562,4284.93,0
937,1540869.2862,26.5589,1018564.4562,522304.83,0
938,25236266.985,26.5738,24060206.945,1176060.04,0
939,1545140.83,26.6086,1022836,522304.83,0
940,821929.899,26.6425,677086.1675,144843.7315,0
941,821929.899,26.6768,677086.1675,144843.7315,0
942,821929.899,26.7116,677086.1675,144843.7315,0
943,1022849.3862,26.7266,1018564.4562,4284.93,0
944,1022849.3862,26.7411,1018564.4562,4284.93,0
945,1069763.4362,26.7556,1018564.4562,51198.98,0
946,2407768.1886,26.7914,677086.1675,1730682.0211,0
947,2407768.1886,26.8255,677086.1675,1730682.0211,0
948,821929.899,26.8594,677086.1675,144843.7315,0
949,821929.899,26.8936,677086.1675,144843.7315,0
950,918098.5303,26.9277,842587.8023,75510.728,0
951,1022849.3862,26.9428,1018564.4562,4284.93,0
952,33861366.62,26.9577,33107278.33,754088.29,0
953,67764840.9507,26.973,67010752.6607,754088.29,0
954,28964093.8056,27.007,28888583.0776,75510.728,0
955,918098.5303,27.0408,842587.8023,75510.728,0
956,588588.1093,27.075,513077.3813,75510.728,0
957,259077.6884,27.1088,183566.9604,75510.728,0
958,259077.6884,27.1441,183566.9604,75510.728,0
959,188588.1093,27.1783,183566.9604,5021.1489,0
960,217661.6274,27.218,216903.0027,758.6247,0
961,217661.6274,27.2527,216903.0027,758.6247,0
962,4464173.7889,27.2684,3858718.7289,605455.06,0
963,4464173.7889,27.2829,3858718.7289,605455.06,0
964,27860392.0838,27.2987,26856012.2038,1004379.88,0
965,5383753.0122,27.3331,3771731.9555,1612021.0567,0
966,217661.6274,27.3672,216903.0027,758.6247,0
967,217661.6274,27.4017,216903.0027,758.6247,0
968,217661.6274,27.4364,216903.0027,758.6247,0
969,222190.3275,27.4514,221905.3975,284.93,0
970,222835.172,27.466,222550.242,284.93,0
971,740855.072,27.4805,222550.242,518304.83,0
972,1596887.0097,27.5156,216903.0027,1379984.007,0
973,217661.6274,27.5496,216903.0027,758.6247,0
974,217661.6274,27.5837,216903.0027,758.6247,0
975,217661.6274,27.6185,216903.0027,758.6247,0
976,222835.172,27.6336,222550.242,284.93,0
977,222835.172,27.6482,222550.242,284.93,0
978,269749.222,27.6627,222550.242,47198.98,0
979,342570.0499,27.6978,216903.0027,125667.0472,0
980,1872520.5035,27.732,141091.7198,1731428.7837,0
981,151543.9797,27.7658,141091.7198,10452.2598,0
982,151543.9797,27.8,141091.7198,10452.2598,0
983,151543.9797,27.834,141091.7198,10452.2598,0
984,222835.172,27.8494,222550.242,284.93,0
985,23585703.5257,27.8647,22931663.3857,654040.14,0
986,52154184.1499,27.881,51500144.0099,654040.14,0
987,18263301.7025,27.9155,18252849.4427,10452.2598,0
988,151543.9797,27.9494,141091.7198,10452.2598,0
989,10452.2598,27.9832,0,10452.2598,0
990,28493,28.0188,0,28493,0
991,28493,28.0537,0,28493,0
992,284.93,28.0696,0,284.93,0
993,3040644.77,28.0842,0,284.93,3040359.84
994,35572922.9354,28.099,31782474.8054,750088.29,3040359.84
995,3068852.84,28.1335,0,28493,3040359.84
996,28493,28.1672,0,28493,0
997,3890.98,28.2008,3890.98,0,0
998,0,28.2344,0,0,0
