1,11877003149,0.21541,10334251165,0,1542751984
2,9040574783,0.24077,7444353325,0,1596221458
3,6884900254,0.25518,6166975480,0,717924774
4,5022582820,0.26885,4358127520,0,664455300
5,3235179790,0.28231,2593368265,0,641811525
6,2118945446,0.29567,1540201550,0,578743896
7,1368945446,0.30905,790201550,0,578743896
8,1115403950,0.32255,790201550,0,325202400
9,900476425,0.33604,622952025,0,277524400
10,135593393.093,0.3526,86811756.0225,109325.33,48672311.7405
11,118562119.5685,0.36638,69780482.498,109325.33,48672311.7405
12,106978952.5273,0.38078,58187647.8168,118992.97,48672311.7405
13,95537222.0844,0.3946,46745917.3739,118992.97,48672311.7405
14,89189900.9892,0.40824,40211256.2687,306332.98,48672311.7405
15,86957787.8066,0.42249,37979143.0861,306332.98,48672311.7405
16,84987047.7373,0.43626,35697031.2467,617704.75,48672311.7405
17,85415382.7973,0.45014,35697031.2467,1046039.81,48672311.7405
18,89769398.7656,0.46411,40051047.2151,1046039.81,48672311.7405
19,448081324,0.51246,185551520,104603981,157925823
20,70139716.4533,0.55008,17090461.1288,24419658.341,28629596.9835
21,46296133.365,0.58337,16719472.2353,21867473.251,7709187.8787
22,35987529.9215,0.61586,14120056.6705,21867473.251,0
23,25988105.6925,0.64813,14120056.6705,11868049.0219,0
24,18719173.6999,0.68086,14120056.6705,4599117.0294,0
25,13711427.1915,0.71324,9112310.1622,4599117.0294,0
26,9337999.9146,0.74577,9112310.1622,225689.7524,0
27,5936504.5789,0.77842,5710814.8265,225689.7524,0
28,2623685.9442,0.81101,2397996.1918,225689.7524,0
29,900688.1441,0.84331,674998.3917,225689.7524,0
30,563689.4038,0.87597,321442.7069,242246.6969,0
31,242246.6969,0.90837,0,242246.6969,0
32,0,0.94105,0,0,0
