1,14960252792,0.033094,11801379025,0,3158873767
2,11773233018,0.048422,8801379025,0,2971853993
3,9863313796,0.063571,7494489745,0,2368824051
4,7652396111,0.078729,6276808610,0,1375587501
5,5830468718,0.093768,4455057590,0,1375411128
6,4024022223,0.10877,2648611095,0,1375411128
7,3262184143,0.1242,2492234705,0,769949438
8,2510606547,0.13931,1746839805,0,763766742
9,1921986912,0.15436,1111644410,0,810342502
10,385442245.7984,0.16962,138651851.6307,0,246790394.1677
11,334972377.8858,0.1861,124203969.3855,0,210768408.5003
12,303663781.812,0.20243,92177856.5417,717516.77,210768408.5003
13,285454802.2267,0.21872,73387531.4064,1298862.32,210768408.5003
14,269081352.513,0.23471,57014081.6927,1298862.32,210768408.5003
15,257931193.8634,0.25011,45349773.1131,1813012.25,210768408.5003
16,251436079.7146,0.26551,38854658.9643,1813012.25,210768408.5003
17,185957791.7461,0.28089,56840888.9748,1813012.25,127303890.5213
18,183813560.5867,0.29619,53991472.7754,2518197.29,127303890.5213
19,184213529.9667,0.31207,53991472.7754,2918166.67,127303890.5213
20,215161344.6776,0.3275,52477112.3623,4622731.4114,158061500.9039
21,929452375,0.36436,402577815,291816667,235057893
22,736586555,0.4005,249711995,251816667,235057893
23,616586555,0.43669,249711995,251816667,115057893
24,511448645,0.47294,144574085,251816667,115057893
25,418843802,0.50903,144574085,211819729,62449988
26,360709247,0.54528,144574085,153685174,62449988
27,304133802,0.58147,127998640,113685174,62449988
28,249280777,0.61782,97145615,113685174,38449988
29,202979507,0.65409,50844345,113685174,38449988
30,49758770.063,0.6906,7598859.116,34876409.282,7283501.665
31,36273200.8919,0.72708,10915750.7963,18073948.4306,7283501.665
32,23577105.1905,0.76379,15022115.9462,1271487.5793,7283501.665
33,18490171.9771,0.80027,9935182.7329,1271487.5793,7283501.665
34,15505168.8431,0.83691,7931262.4061,290404.772,7283501.665
35,13210843.7443,0.87342,5927342.0793,0,7283501.665
36,11695420.2981,0.90983,5927342.0793,0,5768078.2189
37,10179996.8519,0.94635,5927342.0793,0,4252654.7727
38,8664573.4058,0.98454,5927342.0793,0,2737231.3265
39,7351602.0523,1.0212,4614370.7258,0,2737231.3265
40,14069828.5078,1.0586,8689646.1285,0,5380182.3793
41,11844623.0672,1.0951,8689646.1285,0,3154976.9387
42,6900789.9949,1.1317,3668296.2862,77516.77,3154976.9387
43,5157517.8629,1.1683,3668296.2862,77516.77,1411704.8067
44,3745813.0562,1.2048,3668296.2862,77516.77,0
45,3151454.7054,1.2412,3073937.9354,77516.77,0
46,2900387.2133,1.2777,2822870.4433,77516.77,0
47,2649319.7211,1.3141,2571802.9511,77516.77,0
48,2398252.229,1.3507,2320735.459,77516.77,0
49,2147184.7369,1.3871,2069667.9669,77516.77,0
50,3079068.5798,1.424,2799220.762,279847.8178,0
51,2731424.5034,1.4604,2413661.3955,279847.8178,37915.29
52,2731424.5034,1.497,2413661.3955,279847.8178,37915.29
53,2731424.5034,1.5337,2413661.3955,279847.8178,37915.29
54,4135175.3718,1.5498,733920.0075,781054.8133,2620200.551
55,4949651.4797,1.5653,733920.0075,1595530.9212,2620200.551
56,5938015.8604,1.5807,733920.0075,2583895.3019,2620200.551
57,6087736.0894,1.6174,2413661.3955,3636159.4039,37915.29
58,4231573.4042,1.654,2413661.3955,1779996.7187,37915.29
59,2731424.5034,1.6905,2413661.3955,279847.8178,37915.29
60,3059577.3691,1.7276,2212749.3452,794197.2734,52630.7505
61,3059577.3691,1.7648,2212749.3452,794197.2734,52630.7505
62,8837174.2282,1.7822,4929555.0304,1287418.6467,2620200.551
63,15260993.7962,1.7985,10719774.3879,1921018.8573,2620200.551
64,20603188.3578,1.8146,16061968.9495,1921018.8573,2620200.551
65,37680752.564,1.8518,19449823.7548,12424410.2614,5806518.5478
66,23508971.4669,1.889,5278042.6577,12424410.2614,5806518.5478
67,17755083.6696,1.9255,5278042.6577,12424410.2614,52630.7505
68,13656887.7649,1.9618,5278042.6577,8326214.3567,52630.7505
69,9559005.5771,1.9982,5278042.6577,4228332.169,52630.7505
70,21591338.417,2.0358,3297964.1744,18255458.9526,37915.29
71,21553423.127,2.0725,3297964.1744,18255458.9526,0
72,21553423.127,2.11,3297964.1744,18255458.9526,0
73,21553423.127,2.1477,3297964.1744,18255458.9526,0
74,9183921.2266,2.1644,8530151.2962,653769.9304,0
75,19746679.3097,2.1804,19092909.3793,653769.9304,0
76,30886782.2373,2.1964,29773725.4207,1113056.8166,0
77,54224482.0425,2.2331,35969023.0899,18255458.9526,0
78,34325362.3308,2.2699,16069903.3782,18255458.9526,0
79,21553423.127,2.3065,3297964.1744,18255458.9526,0
80,30526743.2199,2.3438,2137021.9993,28389721.2206,0
81,29815260.398,2.3803,1425539.1774,28389721.2206,0
82,29365226.0975,2.4173,913935.2569,28389721.2206,61569.62
83,29207945.0765,2.454,756654.2359,28389721.2206,61569.62
84,29139351.8898,2.4906,688061.0493,28389721.2206,61569.62
85,28608571.8616,2.5274,157281.021,28389721.2206,61569.62
86,28608571.8616,2.5641,157281.021,28389721.2206,61569.62
87,28608571.8616,2.6009,157281.021,28389721.2206,61569.62
88,5745372.0773,2.6171,301266.1174,1189232.7346,4254873.2253
89,6733736.458,2.6326,301266.1174,2177597.1153,4254873.2253
90,49134988.8798,2.6482,790611.8851,44453952.5733,3890424.4213
91,66350537.2107,2.6848,2703951.1551,63585016.4356,61569.62
92,31155241.9957,2.7213,2703951.1551,28389721.2206,61569.62
93,28608571.8616,2.7579,157281.021,28389721.2206,61569.62
94,28608571.8616,2.7951,157281.021,28389721.2206,61569.62
95,5917318.9609,2.8315,5855749.3409,0,61569.62
96,5686274.1219,2.8681,5624704.5019,0,61569.62
97,4693211.1596,2.9044,4631641.5396,0,61569.62
98,4693211.1596,2.9417,4631641.5396,0,61569.62
99,4693211.1596,2.9793,4631641.5396,0,61569.62
100,12433140.3633,2.9955,7816026.3025,49969.38,4567144.6807
101,15500035.4156,3.0115,15160134.4856,339900.93,0
102,24805850.8429,3.0276,24465949.9129,339900.93,0
103,36931126.4468,3.0646,8141975.6979,28789150.7488,0
104,9487096.2418,3.101,5254757.0904,4232339.1514,0
105,5254757.0904,3.1373,5254757.0904,0,0
106,5254757.0904,3.175,5254757.0904,0,0
107,5254757.0904,3.2148,5254757.0904,0,0
108,2002126.3619,3.2308,1316941.3219,685185.04,0
109,1651517.3884,3.2463,265416.1784,1386101.21,0
110,116499212.4386,3.2618,165192.7116,116334019.727,0
111,118498920.679,3.2771,1703331.3319,116334019.727,461569.62
112,118260118.9992,3.3143,397644.6867,117400904.6925,461569.62
113,117558185.7135,3.3512,157281.021,117400904.6925,0
114,117400904.6925,3.3881,0,117400904.6925,0
115,117400904.6925,3.4254,0,117400904.6925,0
116,117400904.6925,3.4633,0,117400904.6925,0
117,116334019.727,3.4793,0,116334019.727,0
118,120051433.4913,3.4948,3717413.7643,116334019.727,0
119,121627569.317,3.5103,0,116334019.727,5293549.59
120,132629903.2837,3.5472,0,132629903.2837,0
121,132629903.2837,3.5839,0,132629903.2837,0
122,132629903.2837,3.6208,0,132629903.2837,0
123,120426914.4213,3.637,3717413.7643,116334019.727,375480.93
124,120423458.8242,3.6525,3713958.1672,116334019.727,375480.93
125,62250760.4123,3.6679,4368418.2337,57506861.2486,375480.93
126,9443332.9664,3.6856,9067852.0364,0,375480.93
127,12053823.7807,3.701,11678342.8507,0,375480.93
128,15669763.0685,3.7163,10976538.9185,0,4693224.15
129,2115554.4616,3.7534,495573.4,0,1619981.0616
130,20856958.6017,3.7902,20856958.6017,0,0
131,11608918.5715,3.8354,11608918.5715,0,0
132,5094190.3394,3.8729,4759005.2994,335185.04,0
133,1289128.6178,3.9094,953943.5778,335185.04,0
134,366101.21,3.9466,0,366101.21,0
135,286101.21,3.9834,0,286101.21,0
136,282101.21,4.0199,0,282101.21,0
137,278101.21,4.0561,0,278101.21,0
138,274101.21,4.0927,0,274101.21,0
139,270101.21,4.1291,0,270101.21,0
140,27010121,4.1661,0,27010121,0
141,27010121,4.2029,0,27010121,0
142,26579992.8576,4.2187,3910681.7959,22669311.0617,0
143,27377800.4948,4.2342,4246919.8132,22669311.0617,461569.62
144,31571678.1112,4.2495,4246919.8132,26863188.678,461569.62
145,27735949.64,4.2863,264259.02,27010121,461569.62
146,27253458.05,4.3229,243337.05,27010121,0
147,27010121,4.3594,0,27010121,0
148,27010121,4.3964,0,27010121,0
149,27010121,4.4335,0,27010121,0
150,27322723.54,4.4495,312602.54,27010121,0
151,27322723.54,4.4648,312602.54,27010121,0
152,27476292.66,4.4799,466171.66,27010121,0
153,27010121,4.5166,0,27010121,0
154,27010121,4.553,0,27010121,0
155,27010121,4.5894,0,27010121,0
156,27010121,4.6052,0,27010121,0
157,27328852.71,4.6206,318731.71,27010121,0
158,27663753.07,4.636,653632.07,27010121,0
159,27328852.71,4.6729,318731.71,27010121,0
160,26695106.6031,4.7097,0,26695106.6031,0
161,26695106.6031,4.7471,0,26695106.6031,0
162,26695106.6031,4.7848,0,26695106.6031,0
163,27168555.37,4.8009,158434.37,27010121,0
164,27563345.17,4.8163,553224.17,27010121,0
165,27563345.17,4.832,553224.17,27010121,0
166,27155543.1585,4.8691,460436.5554,26695106.6031,0
167,27062240.5341,4.9065,367133.931,26695106.6031,0
168,7321640.6188,4.9429,393277.4546,6928363.1642,0
169,7228337.9944,4.9804,299974.8302,6928363.1642,0
170,7786602.4077,5.0184,1067400.2688,6719202.1389,0
171,7786602.4077,5.0564,1067400.2688,6719202.1389,0
172,7267326.91,5.0724,257205.91,7010121,0
173,8190667.8,5.088,1180546.8,7010121,0
174,9362986.24,5.1037,2352865.24,7010121,0
175,12651704.5276,5.1409,5932502.3887,6719202.1389,0
176,11457388.5652,5.1782,6167901.5677,5289486.9975,0
177,6592286.4454,5.2154,1302799.4478,5289486.9975,0
178,6356887.2663,5.2525,1067400.2688,5289486.9975,0
179,6356887.2663,5.2905,1067400.2688,5289486.9975,0
180,8910685.1401,5.3289,4318806.4531,4591878.687,0
181,5775709.91,5.3456,257205.91,5518504,0
182,6338201.5,5.361,358127.88,5518504,461569.62
183,7529243.99,5.3777,1549170.37,5518504,461569.62
184,28909766.7775,5.4148,24317888.0905,4591878.687,0
185,27592662.6633,5.452,23000783.9764,4591878.687,0
186,8910685.1401,5.4883,4318806.4531,4591878.687,0
187,8910685.1401,5.5258,4318806.4531,4591878.687,0
188,8910685.1401,5.5627,4318806.4531,4591878.687,0
189,5775709.91,5.5787,257205.91,5518504,0
190,8247905.7273,5.5945,2760152.4123,5487753.315,0
191,8247905.7273,5.6098,2760152.4123,5487753.315,0
192,8910685.1401,5.648,4318806.4531,4591878.687,0
193,8910685.1401,5.6857,4318806.4531,4591878.687,0
194,8910685.1401,5.7238,4318806.4531,4591878.687,0
195,6418150.3208,5.7399,1145398.2484,5272752.0725,0
196,6418150.3208,5.7555,1145398.2484,5272752.0725,0
197,7141508.6716,5.7712,1868756.5991,5272752.0725,0
198,11638159.8134,5.8092,7046281.1264,4591878.687,0
199,8910685.1401,5.8464,4318806.4531,4591878.687,0
200,10604183.7714,5.8829,1086457.8761,2843810.6053,6673915.29
201,3930268.4814,5.9205,1086457.8761,2843810.6053,0
202,0,5.9573,0,0,0
