1,17183652619,0.078642,12612073475,0,4571579144
2,14780221554,0.13532,10208642410,0,4571579144
3,13765478931,0.19165,9458642410,0,4306836521
4,12926604433,0.25026,8542617150,0,4383987283
5,12144084555,0.30664,8203549260,0,3940535295
6,11149293135,0.36288,7208757840,0,3940535295
7,10196527460,0.41916,6244668270,11323895,3940535295
8,9575001690,0.4755,5696836670,11323895,3866841125
9,8831276373,0.53133,5701872245,11323895,3118080233
10,1668305345.4133,0.58754,724779653.499,739389.86,942786302.0543
11,1556904599.3816,0.64402,685936990.6688,739389.86,870228218.8528
12,1426618624.2085,0.69998,629063718.3762,1331742.57,796223163.2623
13,1327913227.5318,0.75636,563504396.2529,1331742.57,763077088.7089
14,1235666162.0492,0.8124,471238958.8702,1350114.47,763077088.7089
15,1152172843.0753,0.86859,492475278.0439,1410582.51,658286982.5215
16,1068644009.0352,0.9248,513309657.181,2131255.44,553203096.4142
17,1007148434.8023,0.98072,513309657.181,2681688.38,491157089.2413
18,948021806.596,1.0373,462270761.3899,2681688.38,483069356.8262
19,853349148.9533,1.0933,458826125.4636,2681688.38,391841335.1097
20,754916971.8393,1.1501,530195914.6755,2681688.38,222039368.7839
21,694404081.7682,1.2068,541743018.0883,2988954.77,149672108.9099
22,646613001.9699,1.2633,517409932.7105,2988954.77,126214114.4894
23,583792674.2257,1.3198,466795014.3994,2988954.77,114008705.0563
24,561347337.3109,1.376,443647757.1447,3690875.11,114008705.0563
25,547020384.7616,1.4321,428706744.6554,4304935.05,114008705.0563
26,536022234.4236,1.4883,417461015.5974,4552513.77,114008705.0563
27,535644473.6493,1.5441,427320438.8608,5037712.25,103286322.5385
28,509318571.9392,1.6004,400802641.5807,5229607.82,103286322.5385
29,509318571.9392,1.6564,400802641.5807,5229607.82,103286322.5385
30,630546303.3237,1.7128,572276505.4687,5369684.0166,52900113.8384
31,4140349134,1.8489,3362577670,516913978,260857486
32,3939003744,1.9838,3201232280,476913978,260857486
33,3740392544,2.1191,3002621080,476913978,260857486
34,3617575464,2.2543,2919804000,436913978,260857486
35,3523896287,2.3892,2845314380,417724421,260857486
36,3233346887,2.5238,1843118730,417724421,972503736
37,2242543991,2.66,1773310690,417724421,51508880
38,2101764036,2.7958,1684039615,417724421,0
39,2004514971,2.9315,1592354225,377724421,34436325
40,296646953.689,3.0678,230592757.094,63639714.9562,2414481.6388
41,273790345.5444,3.2045,207736148.9494,63639714.9562,2414481.6388
42,251411160.384,3.3395,181495035.2498,63639714.9562,6276410.178
43,230904912.8066,3.4742,152521960.981,63639714.9562,14743236.8694
44,199035766.2189,3.6089,120652814.3933,63639714.9562,14743236.8694
45,184463341.7928,3.7339,108622813.048,63639714.9562,12200813.7886
46,171753200.9514,3.8317,95912672.2067,63639714.9562,12200813.7886
47,159452275.0102,3.9136,83611746.2655,63639714.9562,12200813.7886
48,149080091.8852,3.9948,83611746.2655,53267531.8311,12200813.7886
49,138708141.9171,4.0763,73239796.2974,53267531.8311,12200813.7886
50,181121012.7579,4.1848,57129491.2563,111629108.2208,12362413.2808
51,163763786.166,4.3189,63353762.4395,88047610.4457,12362413.2808
52,148596989.5086,4.4528,63548005.4716,72686570.7562,12362413.2808
53,136797161.4785,4.5693,63548005.4716,60886742.7261,12362413.2808
54,127289495.118,4.6704,63548005.4716,51379076.3656,12362413.2808
55,119183374.2072,4.799,55441884.5608,51379076.3656,12362413.2808
56,111442865.2611,4.9331,55441884.5608,51379076.3656,4621904.3347
57,104116733.0209,5.0674,48115752.3205,51379076.3656,4621904.3347
58,99892623.5902,5.2019,43891642.8899,51379076.3656,4621904.3347
59,95668514.1596,5.3361,39667533.4592,51379076.3656,4621904.3347
60,101244667.4936,5.4428,31149866.5867,67556249.1023,2538551.8045
61,97927585.8972,5.5384,27832784.9903,67556249.1023,2538551.8045
62,92756284.8193,5.648,27832784.9903,63259823.9458,1663675.8832
63,87775527.3397,5.7302,24515703.3939,63259823.9458,0
64,83479102.1832,5.8113,24515703.3939,58963398.7892,0
65,80162020.5868,5.8926,21198621.7975,58963398.7892,0
66,75865595.4302,6.0013,21198621.7975,54666973.6327,0
67,73232846.1569,6.1355,21198621.7975,50370548.4761,1663675.8832
68,68967465.4212,6.2699,18596916.9451,50370548.4761,0
69,66899624.5346,6.4042,16529076.0584,50370548.4761,0
70,67761950.9862,6.5386,19732255.1526,48029695.8335,0
71,57879039.8796,6.6469,9849344.0461,48029695.8335,0
72,52978074.0209,6.7342,9849344.0461,42006278.0549,1122451.92
73,48931238.4635,6.8166,11825926.2674,35982860.2762,1122451.92
74,46275239.8248,6.8973,9301666.4674,29959442.4975,7014130.86
75,40383560.8848,6.9782,9301666.4674,29959442.4975,1122451.92
76,37879774.6965,7.0596,9763996.4611,24978760.4054,3137017.83
77,35406753.388,7.1404,9305541.0627,24978760.4054,1122451.92
78,33254395.0501,7.221,13176600.5035,18955342.6267,1122451.92
79,30507829.2948,7.3015,10430034.7481,18955342.6267,1122451.92
80,30510344.2196,7.3822,14432291.9375,15642240.9245,435811.3576
81,28533292.8572,7.463,12455240.575,15642240.9245,435811.3576
82,26355359.2963,7.5454,10277307.0141,15642240.9245,435811.3576
83,24590950.8715,7.627,8632214.5272,15522924.9866,435811.3576
84,23295877.4443,7.7077,7337141.1001,15522924.9866,435811.3576
85,22293145.4279,7.7892,6334409.0837,15522924.9866,435811.3576
86,21720581.8334,7.8706,6197656.8467,15522924.9866,0
87,21335298.7365,7.9512,6060904.6098,15274394.1266,0
88,20950015.6396,8.0323,5924152.3729,15025863.2667,0
89,20564732.5427,8.1135,5787400.136,14777332.4067,0
90,20514881.2662,8.204,9173232.0994,11341649.1668,0
91,18887445.1524,8.2858,7545795.9855,11341649.1668,0
92,17488215.1177,8.3673,6146565.9509,11341649.1668,0
93,16105624.5321,8.4497,4763975.3653,11341649.1668,0
94,14990894.5745,8.5317,3649245.4077,11341649.1668,0
95,14590894.5745,8.6563,3536675.9858,11054218.5887,0
96,14300101.3039,8.7905,3245882.7151,11054218.5887,0
97,14012670.7258,8.9254,3245882.7151,10766788.0107,0
98,13729662.1568,9.0601,3133313.2932,10596348.8636,0
99,13469438.7638,9.1945,3160520.4782,10308918.2856,0
100,13402911.5826,9.3287,2729019.2423,10673892.3403,0
101,13190626.6334,9.4621,2822876.7677,10367749.8657,0
102,12978341.6843,9.5929,2916734.2932,10061607.3911,0
103,12674084.448,9.7245,2612477.0569,10061607.3911,0
104,12367941.9735,9.8353,2612477.0569,9755464.9166,0
105,12061799.4989,9.9182,2612477.0569,9449322.442,0
106,11755657.0243,10.0016,2612477.0569,9143179.9674,0
107,11449514.5498,10.0831,2612477.0569,8837037.4928,0
108,11253112.4057,10.166,2722217.3874,8530895.0183,0
109,11065421.8511,10.2476,2722217.3874,8224752.5437,118451.92
110,10743250.7167,10.3285,2755691.18,7987559.5366,0
111,10572736.1798,10.411,2755691.18,7690245.8814,126799.1184
112,10347532.593,10.5056,2657286.7116,7690245.8814,0
113,10177018.0561,10.591,2657286.7116,7392932.2261,126799.1184
114,9983493.3278,10.6844,2590561.1017,7392932.2261,0
115,9812978.791,10.8045,2590561.1017,7095618.5709,126799.1184
116,9674578.0724,10.94,2452160.3831,7095618.5709,126799.1184
117,9547778.954,11.0753,2452160.3831,7095618.5709,0
118,9377264.4171,11.1877,2452160.3831,6798304.9156,126799.1184
119,9250465.2987,11.2689,2452160.3831,6798304.9156,0
120,9188526.4209,11.352,2642283.0383,6427791.4625,118451.92
121,9070074.5009,11.4385,2642283.0383,6427791.4625,0
122,8894560.455,11.5233,2642283.0383,6133825.4966,118451.92
123,8776108.535,11.6068,2642283.0383,6133825.4966,0
124,8600594.4891,11.6925,2642283.0383,5839859.5308,118451.92
125,8482142.5691,11.7735,2642283.0383,5839859.5308,0
126,8306628.5233,11.868,2642283.0383,5545893.5649,118451.92
127,8188176.6033,11.9495,2642283.0383,5545893.5649,0
128,8012662.5574,12.036,2642283.0383,5251927.599,118451.92
129,7894210.6374,12.1542,2642283.0383,5251927.599,0
130,7956768.0402,12.2683,3202412.1346,4754355.9057,0
131,7809104.5579,12.4085,3202412.1346,4488240.5034,118451.92
132,7675219.9602,12.5272,3068527.5369,4488240.5034,118451.92
133,7541335.3625,12.6103,2934642.9392,4488240.5034,118451.92
134,7407450.7649,12.6934,2800758.3415,4488240.5034,118451.92
135,7273566.1672,12.7776,2666873.7438,4488240.5034,118451.92
136,7139681.5695,12.8962,2532989.1461,4488240.5034,118451.92
137,7005796.9718,13.0085,2399104.5484,4488240.5034,118451.92
138,6871912.3741,13.0893,2265219.9507,4488240.5034,118451.92
139,6738027.7764,13.1927,2131335.353,4488240.5034,118451.92
140,6507944.038,13.2738,2014188.6943,4493755.3436,0
141,6381418.2697,13.3555,1887662.926,4493755.3436,0
142,6254892.5014,13.4392,1761137.1577,4493755.3436,0
143,6128366.7331,13.52,1634611.3894,4493755.3436,0
144,6001840.9648,13.6019,1508085.6211,4493755.3436,0
145,5875315.1965,13.6844,1381559.8528,4493755.3436,0
146,5748789.4282,13.7696,1255034.0845,4493755.3436,0
147,5622263.6599,13.8501,1128508.3163,4493755.3436,0
148,5495737.8916,13.9306,1001982.548,4493755.3436,0
149,5369212.1233,14.012,875456.7797,4493755.3436,0
150,5893248.215,14.0969,581714.5414,5311533.6736,0
151,5791064.6311,14.1786,583224.7222,5207839.9089,0
152,5574737.0535,14.2619,583224.7222,4873060.4113,118451.92
153,5474430.4204,14.3455,583224.7222,4772753.7782,118451.92
154,5270091.9274,14.4323,713665.7269,4437974.2805,118451.92
155,5065753.4344,14.5127,844106.7315,4103194.7829,118451.92
156,4861414.9415,14.5931,974547.7362,3768415.2852,118451.92
157,4657076.4485,14.6938,1104988.7409,3433635.7876,118451.92
158,4452737.9555,14.7744,1235429.7456,3098856.2899,118451.92
159,4248399.4625,14.8554,1365870.7503,2764076.7923,118451.92
160,5043569.1888,14.9376,2564605.9145,2148701.0786,330262.1958
161,4756063.2797,15.0188,2607362.2011,2148701.0786,0
162,4627462.3077,15.1011,2478761.2292,2148701.0786,0
163,4567606.5928,15.1884,2418905.5143,2148701.0786,0
164,4498861.3358,15.2694,2350160.2572,2148701.0786,0
165,4445439.5275,15.35,2296738.449,2148701.0786,0
166,4402683.2409,15.4308,2253982.1623,2148701.0786,0
167,4391577.2609,15.5121,2242876.1824,2148701.0786,0
168,4376073.7708,15.5934,2227372.6922,2148701.0786,0
169,4247472.7988,15.6745,2098771.7203,2148701.0786,0
170,4879600.3112,15.7559,3208907.3686,1670692.9426,0
171,4879600.3112,15.8368,3208907.3686,1670692.9426,0
172,5144413.2158,15.8718,5110502.9768,33910.239,0
173,5709589.6233,15.9058,5110502.9768,599086.6465,0
174,6422240.1116,15.9397,5110502.9768,1311737.1348,0
175,32724766.3164,16.0225,3208907.3686,29515858.9477,0
176,4879600.3112,16.1035,3208907.3686,1670692.9426,0
177,4795701.2164,16.1856,3208907.3686,1468341.9277,118451.92
178,4795701.2164,16.267,3208907.3686,1468341.9277,118451.92
179,4795701.2164,16.3486,3208907.3686,1468341.9277,118451.92
180,8201724.9435,16.3833,4400225.5769,29025.64,3772473.7266
181,8897188.4435,16.4183,4400225.5769,724489.14,3772473.7266
182,10144802.1435,16.4521,4400225.5769,1972102.84,3772473.7266
183,39977637.4719,16.5336,3208907.3686,36650278.1833,118451.92
184,4795701.2164,16.6167,3208907.3686,1468341.9277,118451.92
185,4795701.2164,16.7029,3208907.3686,1468341.9277,118451.92
186,4602754.2609,16.7842,2813609.3983,1670692.9426,118451.92
187,4405105.2758,16.8651,2615960.4132,1670692.9426,118451.92
188,4207456.2907,16.946,2418311.4281,1670692.9426,118451.92
189,4009807.3055,17.0276,2220662.4429,1670692.9426,118451.92
190,3864916.2384,17.1101,2488897.4058,1376018.8325,0
191,3588530.6934,17.1915,2045851.1896,1542679.5038,0
192,3312145.1484,17.2734,1602804.9734,1709340.175,0
193,3035759.6035,17.3539,1159758.7573,1876000.8462,0
194,2814236.4954,17.4356,938235.6492,1876000.8462,0
195,2592713.3873,17.5161,716712.5411,1876000.8462,0
196,2371190.2792,17.6749,495189.433,1876000.8462,0
197,2149667.1711,17.8218,273666.3249,1876000.8462,0
198,2026839.2534,17.9582,150838.4071,1876000.8462,0
199,1918616.908,18.0937,42616.0617,1876000.8462,0
200,4404262.8769,18.2298,1709.2253,4402553.6516,0
201,4131599.5433,18.3653,1709.2253,4011438.398,118451.92
202,4131599.5433,18.5026,1709.2253,4011438.398,118451.92
203,4131599.5433,18.6393,1709.2253,4011438.398,118451.92
204,4416071.7783,18.6986,52139.4716,591458.58,3772473.7266
205,5110131.7183,18.7553,52139.4716,1285518.52,3772473.7266
206,5110131.7183,18.8115,52139.4716,1285518.52,3772473.7266
207,57952279.271,18.9452,1709.2253,57832118.1257,118451.92
208,4131599.5433,19.0796,1709.2253,4011438.398,118451.92
209,4131599.5433,19.2145,1709.2253,4011438.398,118451.92
210,4323615.4944,19.3503,769.51,3983247.3083,339598.6761
211,4561102.3383,19.4082,52139.4716,736489.14,3772473.7266
212,5808716.0383,19.4645,52139.4716,1984102.84,3772473.7266
213,6465982.4283,19.5207,52139.4716,2641369.23,3772473.7266
214,161412773.8697,19.6566,769.51,135322031.8637,26089972.496
215,71847318.096,19.7925,769.51,71506949.9099,339598.6761
216,4323615.4944,19.9279,769.51,3983247.3083,339598.6761
217,3984016.8183,20.0634,769.51,3983247.3083,0
218,3984016.8183,20.2,769.51,3983247.3083,0
219,3984016.8183,20.3382,769.51,3983247.3083,0
220,1849646.2375,20.397,43065.3107,1806580.9267,0
221,13773158.9575,20.4535,43065.3107,1806580.9267,11923512.72
222,1849646.2375,20.5099,43065.3107,1806580.9267,0
223,18406315.3396,20.5587,5372589.3329,1806580.9267,11227145.08
224,35745586.5564,20.5945,19852086.8953,4666354.5811,11227145.08
225,10548126.4582,20.6758,259495.57,10288630.8882,0
226,3984016.8183,20.7565,769.51,3983247.3083,0
227,2554523.0114,20.8368,158987.39,2395535.6214,0
228,2554523.0114,20.9184,158987.39,2395535.6214,0
229,2513480.1814,20.9988,117944.56,2395535.6214,0
230,2722162.5285,21.0832,370646.7641,2351515.7643,0
231,2355126.6748,21.1796,3610.9104,2351515.7643,0
232,2355126.6748,21.2659,3610.9104,2351515.7643,0
233,2092348.5156,21.3484,3610.9104,1970285.6852,118451.92
234,2092348.5156,21.4301,3610.9104,1970285.6852,118451.92
235,2092348.5156,21.5108,3610.9104,1970285.6852,118451.92
236,1071858.2038,21.5494,43065.3107,910340.973,118451.92
237,12951010.4438,21.5948,43065.3107,910340.973,11997604.16
238,1071858.2038,21.6302,43065.3107,910340.973,118451.92
239,25310399.0491,21.6645,43065.3107,25148881.8183,118451.92
240,57299056.9278,21.6985,434466.78,56746138.2278,118451.92
241,54552746.8398,21.7828,3610.9104,54430684.0094,118451.92
242,2092348.5156,21.8649,3610.9104,1970285.6852,118451.92
243,2092348.5156,21.9457,3610.9104,1970285.6852,118451.92
244,2092348.5156,22.0283,3610.9104,1970285.6852,118451.92
245,2173322.088,22.0646,769.51,2054100.658,118451.92
246,2654682.428,22.0996,482129.85,2054100.658,118451.92
247,2438170.738,22.1348,265618.16,2054100.658,118451.92
248,2438170.738,22.1685,265618.16,2054100.658,118451.92
249,2920894.618,22.204,748342.04,2054100.658,118451.92
250,17632961.9511,22.2882,16655116.8144,727308.3313,250536.8055
251,12616703.4802,22.3839,11638858.3434,727308.3313,250536.8055
252,12616703.4802,22.5203,11638858.3434,727308.3313,250536.8055
253,12366166.6747,22.6564,11638858.3434,727308.3313,0
254,12366166.6747,22.7932,11638858.3434,727308.3313,0
255,12366166.6747,22.9297,11638858.3434,727308.3313,0
256,2239718.818,22.9874,185618.16,2054100.658,0
257,2420327.978,23.0434,366227.32,2054100.658,0
258,2741144.718,23.0993,687044.06,2054100.658,0
259,32482412.7954,23.2348,31755104.4642,727308.3313,0
260,18192489.8642,23.3708,18146201.4487,46288.4156,0
261,18126316.4774,23.5064,18080028.0619,46288.4156,0
262,18120035.9738,23.642,18070973.4458,49062.528,0
263,18120035.9738,23.7791,18070973.4458,49062.528,0
264,12046370.191,23.9154,11997307.663,49062.528,0
265,10299162.6503,24.0508,10250100.1223,49062.528,0
266,10299162.6503,24.1858,10250100.1223,49062.528,0
267,10299162.6503,24.3227,10250100.1223,49062.528,0
268,2282053.6773,24.3801,104848.65,2177205.0273,0
269,2925642.9473,24.4368,748437.92,2177205.0273,0
270,29771484.6953,24.4938,19146537.3655,1630638.3299,8994309
271,19293471.6503,24.6075,10250100.1223,49062.528,8994309
272,10299162.6503,24.716,10250100.1223,49062.528,0
273,10299162.6503,24.7972,10250100.1223,49062.528,0
274,10299162.6503,24.8782,10250100.1223,49062.528,0
275,4312876.2835,24.9127,2682237.9536,1630638.3299,0
276,4312876.2835,24.9476,2682237.9536,1630638.3299,0
277,15407718.9731,24.9816,13777080.6432,1630638.3299,0
278,10299162.6503,25.0629,10250100.1223,49062.528,0
279,10299162.6503,25.145,10250100.1223,49062.528,0
280,10456829.7144,25.2258,10434917.8344,21911.88,0
281,4312876.2835,25.2607,2682237.9536,1630638.3299,0
282,4312876.2835,25.2943,2682237.9536,1630638.3299,0
283,4312876.2835,25.3291,2682237.9536,1630638.3299,0
284,2494939.6304,25.4113,2473027.7504,21911.88,0
285,336057.2104,25.4924,314145.3304,21911.88,0
286,21911.88,25.5746,0,21911.88,0
287,21911.88,25.6573,0,21911.88,0
288,21911.88,25.7387,0,21911.88,0
289,1630638.3299,25.7735,0,1630638.3299,0
290,2191188,25.8075,0,2191188,0
291,2215797.16,25.8426,24609.16,2191188,0
292,21911.88,25.9248,0,21911.88,0
293,17911.88,26.0053,0,17911.88,0
294,17911.88,26.0866,0,17911.88,0
295,17911.88,26.168,0,17911.88,0
296,1791188,26.2052,0,1791188,0
297,1791188,26.2389,0,1791188,0
298,2112004.74,26.2741,320816.74,1791188,0
299,17911.88,26.3545,0,17911.88,0
300,1667385.62,26.4351,92.62,1667293,0
301,1667385.62,26.5167,92.62,1667293,0
302,1667385.62,26.5536,92.62,1667293,0
303,1667385.62,26.5872,92.62,1667293,0
304,2150109.5,26.6228,482816.5,1667293,0
305,1667385.62,26.7039,92.62,1667293,0
306,1667385.62,26.784,92.62,1667293,0
307,1667385.62,26.8667,92.62,1667293,0
308,1667385.62,26.9014,92.62,1667293,0
309,1667385.62,26.9365,92.62,1667293,0
310,2310882.2751,26.9704,643681.89,1667200.3851,0
311,1667385.62,27.0516,92.62,1667293,0
312,1667385.62,27.1336,92.62,1667293,0
313,1667385.62,27.2156,92.62,1667293,0
314,1667293.0051,27.2505,92.62,1667200.3851,0
315,1667293.0051,27.2844,92.62,1667200.3851,0
316,2100990.2751,27.3198,433789.89,1667200.3851,0
317,1667385.62,27.4033,92.62,1667293,0
318,1667385.62,27.4843,92.62,1667293,0
319,1667385.62,27.5656,92.62,1667293,0
320,1667293,27.6008,92.62,1667200.38,0
321,1667293,27.6364,92.62,1667200.38,0
322,2328878.02,27.6706,661677.64,1667200.38,0
323,1667385.62,27.7564,92.62,1667293,0
324,1667385.62,27.8386,92.62,1667293,0
325,1667385.62,27.9221,92.62,1667293,0
326,1667293,27.9572,92.62,1667200.38,0
327,1667293,27.9909,92.62,1667200.38,0
328,1667293,28.0265,92.62,1667200.38,0
329,1667385.62,28.1115,92.62,1667293,0
330,1667293.0051,28.1932,92.62,1667200.3851,0
331,1667293.0051,28.2767,92.62,1667200.3851,0
332,1267315.2244,28.3591,92.62,1267222.6044,0
333,1267315.2244,28.4432,92.62,1267222.6044,0
334,1267315.2244,28.5269,92.62,1267222.6044,0
335,1267315.2204,28.5635,92.62,1267222.6004,0
336,1267315.2204,28.5974,92.62,1267222.6004,0
337,1291924.3804,28.6316,24701.78,1267222.6004,0
338,1267315.2244,28.7157,92.62,1267222.6044,0
339,1267315.2244,28.8098,92.62,1267222.6044,0
340,1267293.0016,28.8926,92.62,1267200.3816,0
341,1267293.0016,28.9809,92.62,1267200.3816,0
342,1267200.3816,29.0648,0,1267200.3816,0
343,1267200.3816,29.1456,0,1267200.3816,0
344,1267200.3816,29.2292,0,1267200.3816,0
345,1267222.6004,29.2687,0,1267222.6004,0
346,1267222.6004,29.3027,0,1267222.6004,0
347,1588039.3404,29.3366,320816.74,1267222.6004,0
348,1267200.3816,29.4192,0,1267200.3816,0
349,1267200.3816,29.4999,0,1267200.3816,0
350,1267293,29.5818,0,1267293,0
351,1267222.6004,29.6185,0,1267222.6004,0
352,1267222.6004,29.6531,0,1267222.6004,0
353,1696919.8704,29.6875,429697.27,1267222.6004,0
354,1267293,29.7871,0,1267293,0
355,1267293,29.8733,0,1267293,0
356,1267293,29.9544,0,1267293,0
357,1267222.6004,29.9922,0,1267222.6004,0
358,1267222.6004,30.0264,0,1267222.6004,0
359,1267222.6004,30.0602,0,1267222.6004,0
360,1267293,30.1446,0,1267293,0
361,1267293,30.2268,0,1267293,0
362,1267293,30.3496,0,1267293,0
363,1267222.6004,30.4071,0,1267222.6004,0
364,1267222.6004,30.4637,0,1267222.6004,0
365,1886975.6804,30.5208,619753.08,1267222.6004,0
366,1267293,30.6562,0,1267293,0
367,1267293,30.7925,0,1267293,0
368,867293,30.9274,0,867293,0
369,867293,31.0643,0,867293,0
370,867293,31.2014,0,867293,0
371,867244.8209,31.2592,0,867244.8209,0
372,867244.8209,31.3154,0,867244.8209,0
373,891853.9809,31.3718,24609.16,867244.8209,0
374,867293,31.5071,0,867293,0
375,867293,31.6458,0,867293,0
376,867293,31.7835,0,867293,0
377,867244.8209,31.8416,0,867244.8209,0
378,914605.1609,31.898,47360.34,867244.8209,0
379,993761.6509,31.9542,126516.83,867244.8209,0
380,1359802.5653,32.0905,602920.1869,756882.3784,0
381,756882.3784,32.2258,0,756882.3784,0
382,756882.3784,32.3611,0,756882.3784,0
383,756882.3784,32.499,0,756882.3784,0
384,867244.8209,32.5562,0,867244.8209,0
385,1188061.5609,32.613,320816.74,867244.8209,0
386,1746785.4409,32.6696,879540.62,867244.8209,0
387,4841035.6772,32.8049,4084153.2988,756882.3784,0
388,756882.3784,32.9399,0,756882.3784,0
389,756882.3784,33.0767,0,756882.3784,0
390,867293,33.2128,0,867293,0
391,867244.8209,33.2702,0,867244.8209,0
392,1216942.0909,33.3264,349697.27,867244.8209,0
393,1860531.3609,33.3835,993286.54,867244.8209,0
394,1216990.27,33.5183,349697.27,867293,0
395,867293,33.6535,0,867293,0
396,867293,33.789,0,867293,0
397,867293,33.9246,0,867293,0
398,867244.8209,33.9825,0,867244.8209,0
399,1482997.9009,34.039,615753.08,867244.8209,0
400,37997279.171,34.096,25566580.7281,507185.7229,11923512.72
401,1483046.08,34.2315,615753.08,867293,0
402,867293,34.3669,0,867293,0
403,867293,34.4855,0,867293,0
404,467293,34.5675,0,467293,0
405,467293,34.6564,0,467293,0
406,467293,34.7418,0,467293,0
407,273269.0544,34.7764,0,273269.0544,0
408,273269.0544,34.8111,0,273269.0544,0
409,14827601.5303,34.8482,3954040.9559,273269.0544,10600291.52
410,19561.6206,34.9365,0,19561.6206,0
411,2816.9909,35.0183,0,2816.9909,0
412,0,35.0992,0,0,0
