1,8656999101,0.054845,6123941925,0,2533057176
2,6462909616,0.085895,3929852440,0,2533057176
3,5235519022,0.11743,3554852440,0,1680666582
4,4415147977,0.14835,2905120015,0,1510027962
5,2912293054,0.17896,2791868325,48763585,71661144
6,2113834719,0.2105,1993409990,48763585,71661144
7,1466397754,0.24153,1345973025,48763585,71661144
8,834135309,0.27232,713710580,48763585,71661144
9,774523240,0.30346,725759655,48763585,0
10,129798361.3688,0.33388,122268153.5075,7530207.8614,0
11,126493821.9655,0.36499,116925804.4244,9568017.5412,0
12,116435343.0615,0.39565,85565029.9503,9568017.5412,21302295.57
13,95133047.4915,0.42693,85565029.9503,9568017.5412,0
14,94262237.0009,0.45799,84694219.4598,9568017.5412,0
15,94262237.0009,0.48931,84694219.4598,9568017.5412,0
16,94262237.0009,0.52055,84694219.4598,9568017.5412,0
17,513478774,0.5946,393874750,119604024,0
18,423257379,0.66848,303653355,119604024,0
19,353852479,0.74199,234248455,119604024,0
20,57207142.317,0.81571,40724790.6683,16482351.6488,0
21,33976384.1661,0.88885,31014245.7246,2962138.4415,0
22,27625983.1617,0.96211,24663844.7202,2962138.4415,0
23,22330025.8031,1.0368,19367887.3616,2962138.4415,0
24,17034068.4446,1.1093,14071930.0031,2962138.4415,0
25,12711324.676,1.1823,9749186.2345,2962138.4415,0
26,9705202.2464,1.2539,6743063.8049,2962138.4415,0
27,7123278.0573,1.326,4161139.6158,2962138.4415,0
28,5155152.678,1.3987,2193014.2365,2962138.4415,0
29,3549044.3799,1.4715,586905.9384,2962138.4415,0
30,7314673.5844,1.5437,323.7947,7314349.7897,0
31,7314349.7897,1.6167,0,7314349.7897,0
32,7314349.7897,1.6894,0,7314349.7897,0
33,7314349.7897,1.7612,0,7314349.7897,0
34,551750.8062,1.7922,0,551750.8062,0
35,551750.8062,1.8223,0,551750.8062,0
36,551750.8062,1.8531,0,551750.8062,0
37,7314349.7897,1.9257,0,7314349.7897,0
38,7314349.7897,1.9999,0,7314349.7897,0
39,7314349.7897,2.0736,0,7314349.7897,0
40,8763585,2.105,0,8763585,0
41,8763585,2.1352,0,8763585,0
42,8763585,2.1655,0,8763585,0
43,7314349.7897,2.2393,0,7314349.7897,0
44,7314349.7897,2.3133,0,7314349.7897,0
45,7314349.7897,2.3874,0,7314349.7897,0
46,8763585,2.4189,0,8763585,0
47,8763585,2.4501,0,8763585,0
48,9313049.85,2.4687,549464.85,8763585,0
49,7314349.7897,2.5142,0,7314349.7897,0
50,8763585,2.5657,0,8763585,0
51,4097126.34,2.6078,0,763585,3333541.34
52,763585,2.6501,0,763585,0
53,363585,2.6919,0,363585,0
54,21541.34,2.7337,0,0,21541.34
55,0,2.7757,0,0,0
