1,11911142217,0.042982,10996406070,0,914736147
2,8219223945,0.073316,7253024290,0,966199655
3,5973664543,0.10276,5155243295,1178258,817242990
4,4716508960,0.13327,3959374900,1178258,755955802
5,3766732290,0.1633,3194610300,1178258,570943732
6,2994248956,0.19353,2462720900,1178258,530349798
7,2564540906,0.22307,2033012850,1178258,530349798
8,2141085493,0.25333,1571712565,39023130,530349798
9,1883994553,0.28332,1571712565,39023130,273258858
10,270644810.0161,0.31333,262238591.1939,808285.0731,7597933.7491
11,243337283.9016,0.34271,234931065.0794,808285.0731,7597933.7491
12,220131176.9421,0.37349,211724958.1199,808285.0731,7597933.7491
13,197671338.6184,0.40348,189265119.7962,808285.0731,7597933.7491
14,186946051.186,0.43371,178539832.3638,808285.0731,7597933.7491
15,176397244.8935,0.46389,167991026.0713,808285.0731,7597933.7491
16,172804086.3822,0.49357,171995801.3091,808285.0731,0
17,147898239.9485,0.52301,147089954.8754,808285.0731,0
18,148045479.6148,0.55402,147089954.8754,955524.7394,0
19,149319968.369,0.58357,147089954.8754,2230013.4935,0
20,130734273.0876,0.65493,119016928.7956,11717344.292,0
21,91401515.3027,0.7256,79684171.0107,11717344.292,0
22,59030044.5401,0.79638,47312700.2482,11717344.292,0
23,35045158.9008,0.86837,23327814.6088,11717344.292,0
24,24385526.2898,0.93937,12668181.9978,11717344.292,0
25,14982583.1519,1.0109,3265238.8599,11717344.292,0
26,9640688.7575,1.0824,3265238.8599,5020692.6476,1354757.25
27,5521884.0665,1.1534,3265238.8599,901887.9566,1354757.25
28,4167126.8165,1.2251,3265238.8599,901887.9566,0
29,2853129.1245,1.2966,1951241.1678,901887.9566,0
30,1869866.8024,1.3688,1497413.733,372453.0695,0
31,1058615.3309,1.4404,686162.2615,372453.0695,0
32,521256.3438,1.5117,148803.2743,372453.0695,0
33,246011.1291,1.5832,0,246011.1291,0
34,119569.1887,1.6545,0,119569.1887,0
35,0,1.7259,0,0,0
