1,13653361419,0.064911,9557405455,0,4095955964
2,9740620549,0.11224,6694664585,0,3045955964
3,6618924237,0.16017,4315432420,11930417,2291561400
4,5480853177,0.20743,3565432420,11930417,1903490340
5,4229710976,0.25531,2961700555,11930417,1256080004
6,3429127848,0.303,2211700555,11930417,1205496876
7,3163754351,0.35029,1951815190,11930417,1200008744
8,2971341656,0.3974,2214304590,79817628,677219438
9,2816812051,0.44504,2059774985,79817628,677219438
10,419810440.28,0.4922,319231203.292,2261724.8237,98317512.1643
11,406239876.1837,0.54075,305660639.1957,2261724.8237,98317512.1643
12,397082347.9091,0.58818,324086998.2078,3303257.0762,69692092.6251
13,370396331.7352,0.6376,296951314.853,3752924.2571,69692092.6251
14,357373357.1648,0.68685,296951314.853,4669276.0396,55752766.2722
15,353008351.2067,0.73494,291295699.1604,5959885.7741,55752766.2722
16,351774938.3937,0.783,288828447.6497,7193724.4718,55752766.2722
17,351802948.628,0.83099,288828447.6497,7221734.7061,55752766.2722
18,352320287.0569,0.87979,288828447.6497,7739073.135,55752766.2722
19,1981873255,0.9955,1516859850,233116541,231896864
20,261954408.1563,1.1111,226067878.4469,27420180.1506,8466349.5588
21,233102180.3075,1.2337,204272239.2725,27420180.1506,1409760.8843
22,208898900.2267,1.3484,180068959.1917,27420180.1506,1409760.8843
23,189134428.0954,1.4629,161707794.5307,26016872.6804,1409760.8843
24,170302973.8981,1.5797,142876340.3333,26016872.6804,1409760.8843
25,153812789.8842,1.6949,131091130.0691,21311898.9307,1409760.8843
26,138863874.2519,1.8123,116142214.4369,21311898.9307,1409760.8843
27,128262965.676,1.9268,105541305.8609,21311898.9307,1409760.8843
28,118354775.2189,2.0415,95633115.4038,21311898.9307,1409760.8843
29,109404330.2446,2.1559,86682670.4296,21311898.9307,1409760.8843
30,117392937.6799,2.2705,89734712.0211,27502973.5878,155252.071
31,111054419.2512,2.3858,83396193.5924,27502973.5878,155252.071
32,104715900.8225,2.5,77057675.1637,27502973.5878,155252.071
33,98377382.3938,2.6142,70719156.735,27502973.5878,155252.071
34,92038863.9651,2.729,64380638.3063,27502973.5878,155252.071
35,85700345.5364,2.8441,58042119.8776,27502973.5878,155252.071
36,79361827.1077,2.958,51703601.4488,27502973.5878,155252.071
37,73023308.6789,3.0711,45365083.0201,27502973.5878,155252.071
38,66723767.5202,3.1853,45365083.0201,21203432.4291,155252.071
39,61286307.5128,3.3001,41486018.2889,19645037.1529,155252.071
40,62020568.3607,3.415,29573888.0488,32326197.1219,120483.19
41,56142091.1966,3.5291,26259773.1967,29761834.81,120483.19
42,50289836.8752,3.6452,26259773.1967,23909580.4885,120483.19
43,45203095.6706,3.7588,26259773.1967,18822839.2839,120483.19
44,41190300.3693,3.8743,22246977.8954,18822839.2839,120483.19
45,36856171.793,3.9896,17912849.3191,18822839.2839,120483.19
46,34291809.4811,4.1039,17912849.3191,16258476.972,120483.19
47,32513939.334,4.2269,17912849.3191,14480606.8249,120483.19
48,31280626.296,4.3407,16679536.2811,14480606.8249,120483.19
49,28716263.9841,4.4554,16679536.2811,11916244.513,120483.19
50,25212103.3418,4.5724,9665330.6816,15426289.4702,120483.19
51,23171661.1053,4.6869,10944608.4531,12106569.4622,120483.19
52,19927189.4625,4.8008,7700136.8103,12106569.4622,120483.19
53,18457006.2258,4.9146,7700136.8103,10636386.2254,120483.19
54,17177728.4543,5.0274,6420859.0388,10636386.2254,120483.19
55,15137286.2177,5.1412,7700136.8103,7316666.2174,120483.19
56,13858008.4462,5.2554,6420859.0388,7316666.2174,120483.19
57,13015278.4988,5.3697,5578129.0914,7316666.2174,120483.19
58,12492633.2716,5.4846,4975483.8642,7316666.2174,200483.19
59,12067066.7964,5.5986,4549917.389,7316666.2174,200483.19
60,13378184.7616,5.7127,2953583.6198,10091516.8044,333084.3373
61,11851683.213,5.8286,3784028.1198,7734570.7559,333084.3373
62,11021238.713,5.9429,2953583.6198,7734570.7559,333084.3373
63,10778705.3338,6.0569,2953583.6198,7492037.3767,333084.3373
64,10536171.9546,6.1703,2953583.6198,7249503.9975,333084.3373
65,10293638.5755,6.2845,2953583.6198,7006970.6183,333084.3373
66,10051105.1963,6.3987,2953583.6198,6764437.2391,333084.3373
67,9808571.8171,6.5129,2953583.6198,6521903.8599,333084.3373
68,9566038.4379,6.6283,2953583.6198,6279370.4808,333084.3373
69,9323505.0587,6.745,2953583.6198,6036837.1016,333084.3373
70,9358509.7335,6.8624,2481518.608,6446562.1908,430428.9347
71,8782052.9522,6.9792,1905061.8267,6446562.1908,430428.9347
72,8496251.1339,7.0955,1905061.8267,6446562.1908,144627.1164
73,8237256.8152,7.2121,1905061.8267,6187567.8721,144627.1164
74,7978262.4965,7.3287,1905061.8267,5928573.5534,144627.1164
75,7719268.1778,7.4458,1905061.8267,5669579.2347,144627.1164
76,7460273.8591,7.5628,1905061.8267,5410584.916,144627.1164
77,7315646.7427,7.6794,1905061.8267,5410584.916,0
78,7188931.1523,7.7962,1778346.2363,5410584.916,0
79,7062215.5619,7.9129,1651630.6459,5410584.916,0
80,7527787.3544,8.0301,1125764.5152,6402022.8392,0
81,7434239.9043,8.1468,1032217.065,6402022.8392,0
82,7340692.4541,8.2633,938669.6149,6402022.8392,0
83,7251834.7715,8.38,849811.9322,6402022.8392,0
84,7251834.7715,8.4969,849811.9322,6402022.8392,0
85,7251834.7715,8.6146,849811.9322,6402022.8392,0
86,2893915.2052,8.6645,2657129.8064,236785.3989,0
87,3627099.4348,8.7135,2657129.8064,969969.6285,0
88,3627099.4348,8.762,2657129.8064,969969.6285,0
89,7251834.7715,8.8787,849811.9322,6402022.8392,0
90,1185451.4571,8.9953,870905.6342,314545.8229,0
91,740365.5585,9.1116,425819.7356,314545.8229,0
92,425819.7356,9.2279,425819.7356,0,0
93,378945.4226,9.3447,378945.4226,0,0
94,332071.1097,9.4613,332071.1097,0,0
95,285196.7967,9.578,285196.7967,0,0
96,238322.4837,9.6949,238322.4837,0,0
97,191448.1707,9.8112,191448.1707,0,0
98,144573.8577,9.9285,144573.8577,0,0
99,97699.5447,10.045,97699.5447,0,0
100,833715,10.1622,833715,0,0
101,833715,10.2795,833715,0,0
102,609648.5213,10.3292,609648.5213,0,0
103,609648.5213,10.3777,609648.5213,0,0
104,2517765.7924,10.4266,609648.5213,1908117.2711,0
105,833715,10.5435,833715,0,0
106,833715,10.6617,833715,0,0
107,676203,10.7784,676203,0,0
108,676203,10.8964,676203,0,0
109,676203,11.0146,676203,0,0
110,676203,11.0649,676203,0,0
111,676203,11.1134,676203,0,0
112,4093143,11.1625,4093143,0,0
113,676203,11.2788,676203,0,0
114,676203,11.3957,676203,0,0
115,676203,11.5128,676203,0,0
116,676203,11.5623,676203,0,0
117,676203,11.611,676203,0,0
118,1284948.12,11.6597,676203,608745.12,0
119,676203,11.7657,676203,0,0
120,676203,11.8844,676203,0,0
121,676203,12.0018,676203,0,0
122,676203,12.0515,676203,0,0
123,676203,12.0998,676203,0,0
124,8909656,12.1487,676203,0,8233453
125,676203,12.2648,676203,0,0
126,676203,12.383,676203,0,0
127,676203,12.5015,676203,0,0
128,676203,12.5517,676203,0,0
129,676203,12.6004,676203,0,0
130,676203,12.6495,676203,0,0
131,676203,12.7684,676203,0,0
132,676203,12.8876,676203,0,0
133,276472.02,13.0044,276203,269.02,0
134,269.02,13.1209,0,269.02,0
135,269.02,13.2403,0,269.02,0
136,269.02,13.3568,0,269.02,0
137,269.02,13.4067,0,269.02,0
138,269.02,13.4552,0,269.02,0
139,269.02,13.5038,0,269.02,0
140,26902,13.6211,0,26902,0
141,26902,13.7411,0,26902,0
142,26902,13.8585,0,26902,0
143,269.02,13.9081,0,269.02,0
144,269.02,13.9566,0,269.02,0
145,269.02,14.0055,0,269.02,0
146,26902,14.1252,0,26902,0
147,26902,14.243,0,26902,0
148,26902,14.3241,0,26902,0
149,269.02,14.3535,0,269.02,0
150,26902,14.3823,0,26902,0
151,26902,14.4107,0,26902,0
152,26902,14.4812,0,26902,0
153,26902,14.5492,0,26902,0
154,26902,14.6388,0,26902,0
155,26902,14.6879,0,26902,0
156,26902,14.7355,0,26902,0
157,26902,14.7834,0,26902,0
158,26902,14.8894,0,26902,0
159,26902,14.9594,0,26902,0
160,26902,15.0287,0,26902,0
161,26902,15.058,0,26902,0
162,26902,15.0866,0,26902,0
163,131494.02,15.1156,104592.02,26902,0
164,26902,15.1841,0,26902,0
165,26902,15.2535,0,26902,0
166,26902,15.3237,0,26902,0
167,26902,15.3533,0,26902,0
168,26902,15.3821,0,26902,0
169,141541.74,15.4106,114639.74,26902,0
170,5113.1038,15.4797,0,5113.1038,0
171,5113.1038,15.5499,0,5113.1038,0
172,5113.1038,15.6204,0,5113.1038,0
173,26902,15.6527,0,26902,0
174,26902,15.6853,0,26902,0
175,335791.18,15.7217,308889.18,26902,0
176,5113.1038,15.7907,0,5113.1038,0
177,5113.1038,15.8606,0,5113.1038,0
178,5113.1038,15.9338,0,5113.1038,0
179,26902,15.9631,0,26902,0
180,26902,15.9917,0,26902,0
181,506697.4,16.0202,0,26902,479795.4
182,5113.1038,16.0898,0,5113.1038,0
183,5113.1038,16.1585,0,5113.1038,0
184,5113.1038,16.2697,0,5113.1038,0
185,26902,16.3194,0,26902,0
186,26902,16.3674,0,26902,0
187,295104.03,16.4158,268202.03,26902,0
188,5113.1038,16.5312,0,5113.1038,0
189,5113.1038,16.6477,0,5113.1038,0
190,2762.03,16.764,2762.03,0,0
191,0,16.8794,0,0,0
