1,16125679074,0.048629,13116531620,0,3009147454
2,13488676970,0.081862,9678642390,0,3810034580
3,11142479345,0.11407,7429819380,0,3712659965
4,8632664988,0.14658,6723064855,0,1909600133
5,7000248231,0.17949,5582904105,0,1417344126
6,5901696141,0.21169,4484352015,0,1417344126
7,4854917406,0.24443,3401507355,0,1453410051
8,3821782025,0.27712,2578029585,26113574,1217638866
9,3020519251,0.30949,2504511235,56277896,459730120
10,427856495.9462,0.34236,387403373.3523,1048561.9574,39404560.6366
11,374812366.0913,0.37517,333815024.2284,1592781.2263,39404560.6366
12,331633463.8118,0.40795,290636121.9489,1592781.2263,39404560.6366
13,294484825.6329,0.44137,253487483.77,1592781.2263,39404560.6366
14,267718837.124,0.47491,225491652.7079,2822623.7795,39404560.6366
15,255076849.761,0.50831,212138443.4296,3533845.6949,39404560.6366
16,249666030.1868,0.54084,200988579.7252,3047301.2038,45630149.2577
17,194669003.7305,0.57511,155847980.6333,3047301.2038,35773721.8934
18,175577313.9971,0.60779,172530012.7933,3047301.2038,0
19,173232761.7065,0.63988,168990120.7844,4242640.9221,0
20,127627124.4192,0.67264,108733236.483,5576815.5362,13317072.4
21,107791314.3986,0.70534,97352357.1524,5576815.5362,4862141.71
22,90072795.3675,0.73853,77726037.6212,5576815.5362,6769942.21
23,79529612.9425,0.77109,67182855.1963,5576815.5362,6769942.21
24,74195855.0521,0.80364,59752306.4516,3960226.9105,10483321.69
25,74195855.0521,0.83624,59752306.4516,3960226.9105,10483321.69
26,74986437.5093,0.86759,59752306.4516,4750809.3677,10483321.69
27,1208245880,0.91471,306262195,224989464,676994221
28,983168600,0.95931,306262195,224989464,451916941
29,766292199,1.0039,306262195,224989464,235040540
30,90539307.876,1.0487,24480617.7614,66058690.1146,0
31,73408961.4449,1.0941,26186887.2446,47222074.2002,0
32,62201257.1875,1.1389,26186887.2446,36014369.9429,0
33,52411075.0058,1.184,16396705.0629,36014369.9429,0
34,42933249.6389,1.2286,16396705.0629,26536544.576,0
35,34076765.5881,1.2739,16396705.0629,17680060.5252,0
36,25524639.8074,1.3188,16948626.4905,8576013.3169,0
37,18238257.1062,1.364,9096415.5112,9141841.595,0
38,11777892.0372,1.4093,11212063.7591,565828.2781,0
39,6464902.6664,1.4571,5899074.3883,565828.2781,0
40,4191761.262,1.504,4023090.6079,168670.6541,0
41,1260085.897,1.5528,1260085.897,0,0
42,0,1.5985,0,0,0
