1,8974631227,0.047809,6141306265,0,2833324962
2,7466963826,0.079547,4621767990,0,2845195836
3,5561847774,0.11421,3871767990,0,1690079784
4,4653200919,0.14527,2827414125,0,1825786794
5,3861603069,0.17687,2035816275,0,1825786794
6,3183129679,0.20833,2444615785,0,738513894
7,2794899909,0.2397,2192093025,0,602806884
8,2477110214,0.27123,1874303330,0,602806884
9,2188573389,0.30249,1765706790,0,422866599
10,323744016.7377,0.33464,241857988.5245,181589.4,81704438.8132
11,283963830.9748,0.36652,190623501.6586,181589.4,93158739.9162
12,249907041.7759,0.39827,227089592.5887,181589.4,22635859.7872
13,223726280.4416,0.42995,217328948.3471,504989.42,5892342.6746
14,197970878.6418,0.46168,191001004.9372,1077531.03,5892342.6746
15,182169042.763,0.49303,175199169.0584,1077531.03,5892342.6746
16,182169042.763,0.52473,175199169.0584,1077531.03,5892342.6746
17,182169042.763,0.55659,175199169.0584,1077531.03,5892342.6746
18,1024584453,0.63287,886335150,107753103,30496200
19,851516618,0.70841,713267315,107753103,30496200
20,107722755.8843,0.78367,85987000.5842,13635354.8019,8100400.4981
21,86321153.4479,0.83364,64585398.1479,13635354.8019,8100400.4981
22,66640125.1315,0.88001,45672867.454,13635354.8019,7331902.8756
23,49400856.4714,0.92417,33495301.6766,8573651.9192,7331902.8756
24,41155774.5885,0.97215,20093006.5261,8573651.9192,12489116.1433
25,34865138.4761,1.019,13802370.4136,8573651.9192,12489116.1433
26,29707925.2084,1.064,13802370.4136,8573651.9192,7331902.8756
27,25615538.1747,1.1085,13802370.4136,4481264.8854,7331902.8756
28,22352532.7779,1.157,7101222.8384,4481264.8854,10770045.0541
29,19437744.6688,1.2085,4186434.7293,4481264.8854,10770045.0541
30,168531549.0987,1.2534,1076424.5168,8164295.2256,159290829.3563
31,164470487.48,1.2999,1201806.4164,3977851.7073,159290829.3563
32,164131874.3788,1.3453,863193.3152,3977851.7073,159290829.3563
33,164006492.4792,1.3899,737811.4156,3977851.7073,159290829.3563
34,164006492.4792,1.4343,737811.4156,3977851.7073,159290829.3563
35,164006492.4792,1.4793,737811.4156,3977851.7073,159290829.3563
36,58483428.0748,1.5001,2763785.8673,172541.61,55547100.5975
37,58483428.0748,1.5186,2763785.8673,172541.61,55547100.5975
38,58483428.0748,1.5374,2763785.8673,172541.61,55547100.5975
39,164006492.4792,1.585,737811.4156,3977851.7073,159290829.3563
40,279674245.3855,1.631,34256.81,418486.4438,279221502.1317
41,279674245.3855,1.6766,34256.81,418486.4438,279221502.1317
42,58483428.0748,1.6978,2763785.8673,172541.61,55547100.5975
43,58483428.0748,1.7163,2763785.8673,172541.61,55547100.5975
44,58483428.0748,1.7357,2763785.8673,172541.61,55547100.5975
45,279670245.3855,1.7834,30256.81,418486.4438,279221502.1317
46,279670245.3855,1.8324,30256.81,418486.4438,279221502.1317
47,104101390.5962,1.8763,430256.81,418486.4438,103252647.3425
48,848743.2538,1.9201,430256.81,418486.4438,0
49,654709.3885,1.9661,430256.81,224452.5785,0
50,31447865.1357,2.014,28275281.4902,3172583.6455,0
51,28848733.3079,2.0582,25676149.6624,3172583.6455,0
52,26190487.5263,2.1024,23017903.8807,3172583.6455,0
53,26190487.5263,2.1502,23017903.8807,3172583.6455,0
54,26190487.5263,2.1981,23017903.8807,3172583.6455,0
55,28350713.3839,2.2181,28258171.7739,92541.61,0
56,28350713.3839,2.2368,28258171.7739,92541.61,0
57,28522079.2839,2.2554,28258171.7739,263907.51,0
58,26190487.5263,2.3013,23017903.8807,3172583.6455,0
59,25182493.1459,2.3464,22009909.5004,3172583.6455,0
60,30438291.9059,2.3916,29272418.4687,1165873.4372,0
61,30438291.9059,2.4372,29272418.4687,1165873.4372,0
62,27113238.4819,2.4584,27020696.8719,92541.61,0
63,27113238.4819,2.4769,27020696.8719,92541.61,0
64,27113238.4819,2.4952,27020696.8719,92541.61,0
65,30438291.9059,2.5443,29272418.4687,1165873.4372,0
66,30438291.9059,2.5934,29272418.4687,1165873.4372,0
67,30438291.9059,2.6376,29272418.4687,1165873.4372,0
68,27113238.4819,2.6588,27020696.8719,92541.61,0
69,27113238.4819,2.6774,27020696.8719,92541.61,0
70,34107294.195,2.6985,33377532.235,729761.96,0
71,30438291.9059,2.7449,29272418.4687,1165873.4372,0
72,30438291.9059,2.7896,29272418.4687,1165873.4372,0
73,30438291.9059,2.8365,29272418.4687,1165873.4372,0
74,33470073.845,2.8579,33377532.235,92541.61,0
75,33470073.845,2.8765,33377532.235,92541.61,0
76,33470073.845,2.8948,33377532.235,92541.61,0
77,30438291.9059,2.942,29272418.4687,1165873.4372,0
78,30438291.9059,2.9875,29272418.4687,1165873.4372,0
79,30438291.9059,3.0329,29272418.4687,1165873.4372,0
80,29567433.1637,3.057,21659256.1537,92541.61,7815635.4
81,7908177.01,3.079,0,92541.61,7815635.4
82,2774223.51,3.1004,0,92541.61,2681681.9
83,2774223.51,3.119,0,92541.61,2681681.9
84,3447623.53,3.138,0,765941.63,2681681.9
85,3847555.3372,3.1845,0,1165873.4372,2681681.9
86,3747555.3372,3.2287,0,1165873.4372,2581681.9
87,2739685.7424,3.2749,0,158003.8424,2581681.9
88,2659685.7424,3.3239,0,158003.8424,2501681.9
89,2659685.7424,3.3704,0,158003.8424,2501681.9
90,235380964.4362,3.4166,0,74505.8914,235306458.5449
91,2514223.51,3.4379,0,12541.61,2501681.9
92,2514223.51,3.4562,0,12541.61,2501681.9
93,2685589.41,3.4746,0,183907.51,2501681.9
94,236398997.1391,3.5222,0,1092538.5942,235306458.5449
95,236398997.1391,3.5681,0,1092538.5942,235306458.5449
96,235380964.4362,3.6125,0,74505.8914,235306458.5449
97,111328254.0594,3.6575,350680.15,74505.8914,110903068.0181
98,425186.0414,3.7036,350680.15,74505.8914,0
99,74505.8914,3.7506,0,74505.8914,0
100,18528.53,3.7946,18528.53,0,0
101,0,3.839,0,0,0
