1,46243888508,0.11601,40790245835,0,5453642673
2,41083520026,0.17849,35448559445,0,5634960581
3,36962889413,0.24064,31932548640,0,5030340773
4,33113165056,0.30346,28198555385,0,4914609671
5,29336912531,0.36506,24422302860,0,4914609671
6,26142940231,0.42689,21228330560,0,4914609671
7,22952152486,0.48797,18168373110,0,4783779376
8,20372703610,0.55008,15783846395,0,4588857215
9,18263800997,0.61172,13981939920,0,4281861077
10,2867746870.4174,0.67388,1863884953.2985,0,1003861917.119
11,2695048434.6515,0.73583,1681761266.3511,0,1013287168.3004
12,2545917918.8663,0.79741,1579448229.4413,0,966469689.425
13,2419959603.7867,0.85957,1483950769.6849,0,936008834.1018
14,2302427970.4078,0.92177,1215880644.4476,0,1086547325.9602
15,2189854388.7128,0.98417,1215880644.4476,443317.7,973530426.5652
16,1982919361.6187,1.046,1119077002.803,443317.7,863399041.1157
17,1909770614.3328,1.1081,1045928255.5172,443317.7,863399041.1157
18,1838322085.3232,1.1701,974413434.0676,509610.14,863399041.1157
19,1780873646.4904,1.2319,934189480.1786,509610.14,846174556.1719
20,2146221831.0391,1.2946,672087170.9031,1023671.73,1473110988.406
21,2012001744.155,1.3569,713567004.1246,2200381.08,1296234358.9505
22,1901473580.3361,1.4192,845205074.5218,2775254.93,1053493250.8843
23,1868456982.7846,1.4816,812188476.9702,2775254.93,1053493250.8843
24,1840011934.4635,1.5436,819695021.1019,2775254.93,1017541658.4316
25,1736965503.3598,1.6064,819008719.2327,3093742.63,914863041.4971
26,1646270524.5779,1.6698,777528886.0113,1917033.28,866824605.2866
27,1530087451.9062,1.7314,803311057.0276,2498931.92,724277462.9587
28,1462413475.5191,1.7936,807958336.319,2498931.92,651956207.2801
29,1425254865.9358,1.8555,877075854.8557,3041311.07,545137700.0101
30,1429988910.3662,1.9185,1031078406.7813,3041311.07,395869192.5149
31,1411901096.3033,1.9816,1012990592.7185,3041311.07,395869192.5149
32,1412423555.4733,2.0438,1012990592.7185,3563770.24,395869192.5149
33,1412993417.0233,2.1059,1012990592.7185,4133631.79,395869192.5149
34,9238944317,2.257,7830586690,373363179,1034994448
35,8937761707,2.406,7529404080,373363179,1034994448
36,8661208102,2.5641,7252850475,373363179,1034994448
37,8386369236,2.7131,6710565785,333363179,1342440272
38,7020298044,2.8617,5519306310,333363179,1167628555
39,6479916961,3.0101,5043205850,333363179,1103347932
40,884866627.0933,3.1591,693742128.0048,17150066.8576,173974432.2309
41,841741082.6662,3.3089,650616583.5777,17150066.8576,173974432.2309
42,759474951.0101,3.4579,536095698.115,14359765.0875,209019487.8076
43,720065520.0122,3.6078,497622055.4807,13423976.724,209019487.8076
44,680491386.5371,3.757,478943275.9333,13423976.724,188124133.8798
45,616922579.049,3.9059,465741789.3201,12524327.8101,138656461.9188
46,459588479.1327,4.0546,429412294.6859,12524327.8101,17651856.6368
47,423159572.9207,4.2034,392983388.4738,12524327.8101,17651856.6368
48,389970449.9035,4.3519,361852089.2282,10466504.0385,17651856.6368
49,364722197.2721,4.5007,336603836.5968,10466504.0385,17651856.6368
50,361518561.7162,4.6521,331203115.1452,5838387.3714,24477059.1995
51,306678334.9905,4.8017,276362888.4196,5838387.3714,24477059.1995
52,280635825.9844,4.9515,251234349.7786,4924417.0062,24477059.1995
53,262539078.3558,5.1016,233137602.15,4924417.0062,24477059.1995
54,244588188.4346,5.2513,215186712.2288,4924417.0062,24477059.1995
55,226881243.4572,5.4007,197479767.2514,4924417.0062,24477059.1995
56,211228772.0578,5.5591,181827295.852,4924417.0062,24477059.1995
57,196462296.5709,5.7082,167060820.3651,4924417.0062,24477059.1995
58,183056199.2505,5.857,153654723.0448,4924417.0062,24477059.1995
59,170047481.6291,6.0064,140646005.4233,4924417.0062,24477059.1995
60,175494998.6965,6.1553,127667578.2777,4969354.6311,42858065.7878
61,154176041.4478,6.3051,134284365.7338,4969354.6311,14922321.0829
62,142953094.0716,6.4539,127667578.2777,4969354.6311,10316161.1629
63,132230928.2823,6.6025,116945412.4883,4969354.6311,10316161.1629
64,125088635.5664,6.751,109803119.7724,4969354.6311,10316161.1629
65,118240175.5464,6.8999,103186332.3163,4737682.0672,10316161.1629
66,111623388.0903,7.0488,96569544.8602,4737682.0672,10316161.1629
67,105006600.6342,7.197,89952757.4041,4737682.0672,10316161.1629
68,98389813.1781,7.3452,83335969.948,4737682.0672,10316161.1629
69,92872661.3583,7.4934,77818818.1282,4737682.0672,10316161.1629
70,89697138.931,7.644,73390657.6313,8345633.6656,7960847.6342
71,83015652.1058,7.7929,66687387.4124,8345633.6656,7982631.0277
72,78116095.3237,7.9423,61787830.6304,8345633.6656,7982631.0277
73,74002538.0323,8.0914,57674273.339,8345633.6656,7982631.0277
74,70121317.2332,8.2405,53640666.7894,8498019.416,7982631.0277
75,66314335.6811,8.3891,49833685.2373,8498019.416,7982631.0277
76,63407319.9816,8.5461,49833685.2373,5591003.7166,7982631.0277
77,60676598.1363,8.6964,49833685.2373,5570598.6501,5272314.2489
78,57945876.291,8.8451,49833685.2373,5550193.5836,2561997.4701
79,55280672.77,8.9943,49833685.2373,2884990.0627,2561997.4701
80,55749569.1901,9.1435,51729165.203,2951462.7142,1068941.2729
81,53886133.8682,9.2932,49865729.8811,2951462.7142,1068941.2729
82,52113522.217,9.4579,48093118.2299,2951462.7142,1068941.2729
83,48536196.7842,9.6256,44515792.7972,2951462.7142,1068941.2729
84,46768392.6549,9.7738,42747988.6678,2951462.7142,1068941.2729
85,39556659.1155,9.9227,35536255.1284,2951462.7142,1068941.2729
86,39056708.6731,10.0713,35588269.7566,2951462.7142,516976.2024
87,36267894.6372,10.2204,35588269.7566,679624.8807,0
88,35907307.9603,10.3687,35227683.0796,679624.8807,0
89,35546721.2833,10.5176,34867096.4026,679624.8807,0
90,31600720.7832,10.6679,9291577.7817,248982.0216,22060160.98
91,19967470.3432,10.8172,9291577.7817,248982.0216,10426910.54
92,17494576.1789,10.9711,9291577.7817,1081274.6472,7121723.75
93,15094576.1789,11.1233,9291577.7817,1081274.6472,4721723.75
94,12694576.1789,11.2753,9291577.7817,1081274.6472,2321723.75
95,11823324.0989,11.4275,9291577.7817,1081274.6472,1450471.67
96,11430971.779,11.5792,8899225.4618,1081274.6472,1450471.67
97,11038619.4591,11.7309,8506873.1419,1081274.6472,1450471.67
98,10646267.1392,11.8828,8114520.8219,1081274.6472,1450471.67
99,10253914.8193,12.0348,7722168.502,1081274.6472,1450471.67
100,31711188.0647,12.1872,5928879.2984,5264603.065,20517705.7012
101,31409950.2004,12.3393,5627641.4341,5264603.065,20517705.7012
102,31108712.3361,12.4914,5326403.5698,5264603.065,20517705.7012
103,30849654.4457,12.6437,5025165.7055,5306783.0389,20517705.7012
104,30594658.8528,12.796,4770170.1127,5306783.0389,20517705.7012
105,30358901.0631,12.9486,4534412.323,5306783.0389,20517705.7012
106,30131589.23,13.1009,4307100.4899,5306783.0389,20517705.7012
107,29830351.3657,13.2534,4005862.6256,5306783.0389,20517705.7012
108,29712330.889,13.4059,3887842.1489,5306783.0389,20517705.7012
109,29638404.8579,13.5586,3813916.1177,5306783.0389,20517705.7012
110,110002272.8541,13.7112,651685.2319,8939141.7439,100411445.8784
111,18174071.2395,13.8631,1512763.2828,8939141.7439,7722166.2129
112,2657502.467,14.0152,1512763.2828,1144739.1842,0
113,1796424.4161,14.1671,651685.2319,1144739.1842,0
114,1724804.0564,14.3191,651685.2319,1073118.8245,0
115,1653183.6968,14.4708,651685.2319,1001498.4649,0
116,1581563.3371,14.6223,651685.2319,929878.1052,0
117,1509942.9775,14.774,651685.2319,858257.7456,0
118,1438322.6178,14.9256,651685.2319,786637.3859,0
119,1368490.5458,15.0773,653473.5195,715017.0263,0
120,4445883.021,15.2295,2359401.9006,2086481.1204,0
121,4416957.1274,15.3833,2330476.007,2086481.1204,0
122,4254877.3845,15.5371,2168396.2641,2086481.1204,0
123,4254877.3845,15.6923,2168396.2641,2086481.1204,0
124,4236888.6576,15.8463,2359401.9006,1877486.7569,0
125,4120716.1643,15.9989,2243229.4074,1877486.7569,0
126,4120716.1643,16.1508,2243229.4074,1877486.7569,0
127,4120716.1643,16.3036,2243229.4074,1877486.7569,0
128,3353536.7662,16.3682,2890893.6862,462643.08,0
129,3875995.9362,16.4316,2890893.6862,985102.25,0
130,43023898.1672,16.4955,3503775.7714,39520122.3958,0
131,53713433.8256,16.6472,2243229.4074,51470204.4182,0
132,26415678.4098,16.7989,2243229.4074,24172449.0024,0
133,4120716.1643,16.9506,2243229.4074,1877486.7569,0
134,3929710.5278,17.1025,2052223.7708,1877486.7569,0
135,3929710.5278,17.2545,2052223.7708,1877486.7569,0
136,3929710.5278,17.4068,2052223.7708,1877486.7569,0
137,15294059.0031,17.4714,3205437.6168,11977072.5163,111548.87
138,33942494.4954,17.5352,18267050.5348,12903823.1706,2771620.79
139,60379442.1607,17.5997,44703998.2001,12903823.1706,2771620.79
140,41756182.359,17.7518,19639017.8412,21583374.2412,533790.2766
141,21284787.1548,17.9037,19639017.8412,1645769.3136,0
142,3769473.1231,18.0554,2123703.8095,1645769.3136,0
143,3769473.1231,18.2079,2123703.8095,1645769.3136,0
144,3769473.1231,18.3608,2123703.8095,1645769.3136,0
145,36664170.1064,18.4261,35750897.7796,913272.3268,0
146,46717287.5658,18.4895,41180977.3802,5536310.1856,0
147,80684126.2407,18.5538,67675530.4139,8225134.3468,4783461.48
148,37260449.7745,18.7056,27283700.0731,9976749.7014,0
149,25331869.8973,18.8576,23686100.5837,1645769.3136,0
150,4251963.4909,19.0102,4018508.0437,233455.4472,0
151,4063620.9969,19.1619,3830165.5497,233455.4472,0
152,3930258.7394,19.3138,3456152.8822,233455.4472,240650.41
153,3930258.7394,19.466,3456152.8822,233455.4472,240650.41
154,3582233.4044,19.6177,3082140.2147,259442.7797,240650.41
155,3582233.4044,19.7707,3082140.2147,259442.7797,240650.41
156,3582233.4044,19.9229,3082140.2147,259442.7797,240650.41
157,46630761.1391,19.989,35347747.4647,11042363.2644,240650.41
158,61114055.3513,20.0531,35347747.4647,25525657.4766,240650.41
159,74392596.2056,20.1169,35347747.4647,38804198.3309,240650.41
160,23539777.9877,20.2706,2681498.6447,20617628.9331,240650.41
161,13162963.8528,20.4224,2681498.6447,10240814.7981,240650.41
162,3649316.7218,20.5739,2681498.6447,727167.6672,240650.41
163,3649316.7218,20.7258,2681498.6447,727167.6672,240650.41
164,3323921.2527,20.8777,2356103.1755,727167.6672,240650.41
165,3323921.2527,21.0304,2356103.1755,727167.6672,240650.41
166,3323921.2527,21.1829,2356103.1755,727167.6672,240650.41
167,14260787.8479,21.2481,2160188.263,11859949.1749,240650.41
168,25274821.7974,21.3118,2160188.263,22923749.3644,190884.17
169,43843921.9896,21.3757,17221801.181,23850500.0186,2771620.79
170,42661572.7549,21.5277,1407823.6789,39884671.9276,1369077.1483
171,23768778.3988,21.6794,1407823.6789,20634939.5293,1726015.1906
172,4899706.9152,21.831,1407823.6789,1765868.0457,1726015.1906
173,4899706.9152,21.9838,1407823.6789,1765868.0457,1726015.1906
174,4899706.9152,22.1369,1407823.6789,1765868.0457,1726015.1906
175,30151058.6651,22.2024,28895474.0828,1014934.1723,240650.41
176,64062362.63,22.2668,55390027.1165,3703758.3335,4968577.18
177,96607822.7928,22.3311,87935487.2793,3703758.3335,4968577.18
178,43533764.5703,22.4831,40041881.334,1765868.0457,1726015.1906
179,26110020.0363,22.6349,22618136.8,1765868.0457,1726015.1906
180,4369862.316,22.7868,2508952.3651,270079.0641,1590830.8868
181,4369862.316,22.9402,2508952.3651,270079.0641,1590830.8868
182,3125536.5145,23.0897,2855457.4504,270079.0641,0
183,3125536.5145,23.2141,2855457.4504,270079.0641,0
184,2806084.1552,23.3051,2508952.3651,297131.7901,0
185,2806084.1552,23.3966,2508952.3651,297131.7901,0
186,2806084.1552,23.4879,2508952.3651,297131.7901,0
187,46193434.4201,23.5286,35049409.3102,11144025.1099,0
188,60676728.6323,23.5669,35049409.3102,25627319.3221,0
189,73955269.4865,23.6052,35049409.3102,38905860.1764,0
190,25347463.2718,23.6981,2309049.3975,23038413.8743,0
191,13793091.5904,23.7894,2309049.3975,11484042.1929,0
192,3199838.8283,23.9142,2309049.3975,890789.4308,0
193,3199838.8283,24.0658,2309049.3975,890789.4308,0
194,3172306.0594,24.2174,2281516.6286,890789.4308,0
195,3172306.0594,24.3694,2281516.6286,890789.4308,0
196,3172306.0594,24.5211,2281516.6286,890789.4308,0
197,29275115.9626,24.5862,17196043.4106,2043346.6721,10035725.88
198,33074811.0621,24.6495,17196043.4106,13107146.8616,2771620.79
199,43919826.0647,24.7127,17196043.4106,23952161.8641,2771620.79
200,45072432.7142,24.8641,1306527.0719,42997989.0793,767916.5629
201,23643814.1387,25.0154,1306527.0719,22337287.0668,0
202,3391674.7786,25.1669,1306527.0719,2085147.7067,0
203,3391674.7786,25.319,1306527.0719,2085147.7067,0
204,3391674.7786,25.4709,1306527.0719,2085147.7067,0
205,37217865.1853,25.5362,28628983.5263,3805420.179,4783461.48
206,64251489.1596,25.6002,55662607.5006,3805420.179,4783461.48
207,96796949.3224,25.6642,88208067.6634,3805420.179,4783461.48
208,39861209.2124,25.8156,37776061.5057,2085147.7067,0
209,23313393.9064,25.9668,21228246.1997,2085147.7067,0
210,2998747.3193,26.0822,2605804.4611,392942.8582,0
211,2998747.3193,26.1758,2605804.4611,392942.8582,0
212,2875173.6908,26.2708,2241580.4226,392942.8582,240650.41
213,2875173.6908,26.362,2241580.4226,392942.8582,240650.41
214,2870843.9222,26.4531,2273026.6155,357166.8967,240650.41
215,2870843.9222,26.5488,2273026.6155,357166.8967,240650.41
216,2870843.9222,26.6404,2273026.6155,357166.8967,240650.41
217,46034084.8301,26.6799,34751071.1557,11042363.2644,240650.41
218,60517379.0423,26.7182,34751071.1557,25525657.4766,240650.41
219,73795919.8965,26.7565,34751071.1557,38804198.3309,240650.41
220,29573342.2677,26.8481,1880384.5898,27452307.2679,240650.41
221,15756647.2918,26.939,1880384.5898,13635612.292,240650.41
222,3089256.433,27.0306,1880384.5898,968221.4332,240650.41
223,3089256.433,27.122,1880384.5898,968221.4332,240650.41
224,3063242.2472,27.2131,1854370.404,968221.4332,240650.41
225,3063242.2472,27.3046,1854370.404,968221.4332,240650.41
226,3063242.2472,27.396,1854370.404,968221.4332,240650.41
227,28875115.9626,27.4353,16897705.256,1941684.8266,10035725.88
228,32674811.0621,27.4734,16897705.256,13005485.0161,2771620.79
229,43519826.0647,27.5119,16897705.256,23850500.0186,2771620.79
230,50413549.4997,27.6035,986426.1757,48184919.3849,1242203.9392
231,27481688.8455,27.6946,986426.1757,24929198.3531,1566064.3167
232,4685846.6243,27.7857,986426.1757,2133356.1319,1566064.3167
233,4685846.6243,27.8773,986426.1757,2133356.1319,1566064.3167
234,4685846.6243,27.969,986426.1757,2133356.1319,1566064.3167
235,37002980.8853,28.0086,28330645.3718,3703758.3335,4968577.18
236,64334943.0141,28.0471,55662607.5006,3703758.3335,4968577.18
237,96880403.1769,28.0857,88208067.6634,3703758.3335,4968577.18
238,36854521.0714,28.1767,33155100.6227,2133356.1319,1566064.3167
239,22170639.2663,28.2681,18471218.8177,2133356.1319,1566064.3167
240,4135126.4302,28.3593,2050987.6639,384259.8616,1699878.9046
241,4135126.4302,28.4509,2050987.6639,384259.8616,1699878.9046
242,2768503.0279,28.542,2384243.1663,384259.8616,0
243,2768503.0279,28.6332,2384243.1663,384259.8616,0
244,2758785.7208,28.7242,2413015.6133,345770.1076,0
245,2758785.7208,28.8157,2413015.6133,345770.1076,0
246,2758785.7208,28.9066,2413015.6133,345770.1076,0
247,45990110.7291,28.9465,35049409.3102,10940701.4189,0
248,60473404.9413,28.9848,35049409.3102,25423995.6311,0
249,73751945.7956,29.0232,35049409.3102,38702536.4854,0
250,32834119.3818,29.1155,2107525.4055,30726593.9763,0
251,17314655.2489,29.207,2107525.4055,15207129.8434,0
252,3086135.4449,29.2979,2107525.4055,978610.0394,0
253,3086135.4449,29.3892,2107525.4055,978610.0394,0
254,3061005.6187,29.4804,2082395.5793,978610.0394,0
255,3061005.6187,29.5717,2082395.5793,978610.0394,0
256,3061005.6187,29.6631,2082395.5793,978610.0394,0
257,29071792.2717,29.7023,17196043.4106,1840022.9811,10035725.88
258,32871487.3711,29.7403,17196043.4106,12903823.1706,2771620.79
259,43716502.3737,29.7784,17196043.4106,23748838.1732,2771620.79
260,52538701.0643,29.8698,1067003.4962,50784594.5288,687103.0393
261,27232000.6237,29.9608,1067003.4962,26164997.1275,0
262,3099252.5082,30.0518,1067003.4962,2032249.012,0
263,3099252.5082,30.1434,1067003.4962,2032249.012,0
264,3099252.5082,30.235,1067003.4962,2032249.012,0
265,37014541.4943,30.2744,28628983.5263,3602096.488,4783461.48
266,64644841.7776,30.313,56259283.8096,3602096.488,4783461.48
267,97190301.9404,30.3514,88804743.9724,3602096.488,4783461.48
268,33181162.8844,30.4429,31148913.8724,2032249.012,0
269,19368753.8574,30.5341,17336504.8454,2032249.012,0
270,2938523.8335,30.6257,2561492.4157,377031.4179,0
271,2938523.8335,30.7176,2561492.4157,377031.4179,0
272,2821143.8824,30.8087,2203462.0545,377031.4179,240650.41
273,2821143.8824,30.9001,2203462.0545,377031.4179,240650.41
274,2810085.6898,30.9913,2234373.5008,335061.779,240650.41
275,2810085.6898,31.0832,2234373.5008,335061.779,240650.41
276,2810085.6898,31.1744,2234373.5008,335061.779,240650.41
277,45830761.1391,31.2139,34751071.1557,10839039.5734,240650.41
278,60314055.3513,31.2522,34751071.1557,25322333.7856,240650.41
279,73592596.2056,31.2906,34751071.1557,38600874.6399,240650.41
280,32992502.1129,31.3822,1798630.7128,30953220.9901,240650.41
281,17302948.4795,31.4739,1798630.7128,15263667.3567,240650.41
282,2918487.6065,31.5653,1798630.7128,879206.4837,240650.41
283,2918487.6065,31.6572,1798630.7128,879206.4837,240650.41
284,2893604.4449,31.7484,1773747.5513,879206.4837,240650.41
285,2893604.4449,31.8402,1773747.5513,879206.4837,240650.41
286,2893604.4449,31.932,1773747.5513,879206.4837,240650.41
287,28671792.2717,31.9714,16897705.256,1738361.1356,10035725.88
288,32471487.3711,32.0096,16897705.256,12802161.3251,2771620.79
289,43316502.3737,32.0477,16897705.256,23647176.3277,2771620.79
290,53299083.6462,32.1393,898761.5144,51217069.5527,1183252.579
291,28667222.1215,32.2313,898761.5144,26276717.1153,1491743.4917
292,4220061.8582,32.3224,898761.5144,1829556.852,1491743.4917
293,4220061.8582,32.4139,898761.5144,1829556.852,1491743.4917
294,4220061.8582,32.5055,898761.5144,1829556.852,1491743.4917
295,36799657.1943,32.5464,28330645.3718,3500434.6425,4968577.18
296,64728295.6321,32.5849,56259283.8096,3500434.6425,4968577.18
297,97273755.7949,32.6236,88804743.9724,3500434.6425,4968577.18
298,33821945.8774,32.7151,30500645.5337,1829556.852,1491743.4917
299,20150963.8375,32.8062,16829663.4937,1829556.852,1491743.4917
300,4127441.1892,32.8976,2056010.4587,289934.3922,1781496.3383
301,4127441.1892,32.9895,2056010.4587,289934.3922,1781496.3383
302,2680016.484,33.0808,2390082.0918,289934.3922,0
303,2680016.484,33.1717,2390082.0918,289934.3922,0
304,2672542.3843,33.2626,2418925.0014,253617.383,0
305,2672542.3843,33.3541,2418925.0014,253617.383,0
306,2672542.3843,33.4451,2418925.0014,253617.383,0
307,45786787.0381,33.4847,35049409.3102,10737377.728,0
308,60270081.2503,33.5228,35049409.3102,25220671.9401,0
309,73548622.1046,33.5611,35049409.3102,38499212.7944,0
310,31214350.1674,33.6526,2144731.9063,29069618.2611,0
311,16426943.8597,33.7438,2144731.9063,14282211.9534,0
312,2869587.6457,33.8354,2144731.9063,724855.7394,0
313,2869587.6457,33.9292,2144731.9063,724855.7394,0
314,2844014.1746,34.022,2119158.4352,724855.7394,0
315,2844014.1746,34.1132,2119158.4352,724855.7394,0
316,2844014.1746,34.2049,2119158.4352,724855.7394,0
317,28868468.5807,34.2454,17196043.4106,1636699.2901,10035725.88
318,32668163.6802,34.2837,17196043.4106,12700499.4796,2771620.79
319,43513178.6827,34.3221,17196043.4106,23545514.4822,2771620.79
320,50569834.4612,34.418,1113349.8452,48751974.0901,704510.5259
321,26018658.2077,34.5094,1113349.8452,24905308.3625,0
322,2643557.144,34.6041,1113349.8452,1530207.2988,0
323,2643557.144,34.6968,1113349.8452,1530207.2988,0
324,2643557.144,34.7885,1113349.8452,1530207.2988,0
325,36811217.8033,34.8293,28628983.5263,3398772.797,4783461.48
326,65038194.3957,34.8679,56855960.1186,3398772.797,4783461.48
327,97583654.5584,34.9077,89401420.2814,3398772.797,4783461.48
328,34343339.9607,35.0018,32813132.6619,1530207.2988,0
329,19619740.3269,35.1048,18089533.0281,1530207.2988,0
330,2856426.2757,35.1982,2638562.0388,217864.2368,0
331,2856426.2757,35.2919,2638562.0388,217864.2368,0
332,2728273.9854,35.3834,2269759.3386,217864.2368,240650.41
333,2728273.9854,35.4784,2269759.3386,217864.2368,240650.41
334,2728273.9854,35.5705,2269759.3386,217864.2368,240650.41
335,48465190.5754,35.6118,47564357.7696,709948.6358,190884.17
336,77363738.5337,35.653,59472982.41,17699871.9537,190884.17
337,120280388.673,35.6931,92362203.4571,27727301.0459,190884.17
338,88792851.99,35.7863,83212931.1347,5389036.6853,190884.17
339,51962348.2026,35.878,46332661.1073,5389036.6853,240650.41
340,8803371.1226,35.9707,5488521.767,3074198.9457,240650.41
341,8792680.3775,36.0671,5519315.1877,3032714.7797,240650.41
342,8792680.3775,36.1604,5519315.1877,3032714.7797,240650.41
343,8792680.3775,36.2565,5519315.1877,3032714.7797,240650.41
344,25567957.9968,36.2964,4616741.1736,20710566.4132,240650.41
345,40051252.209,36.3376,4616741.1736,35193860.6254,240650.41
346,92096494.1818,36.3788,52038945.2877,39816898.4841,240650.41
347,20121183.8724,36.4727,5519315.1877,14361218.2747,240650.41
348,14211126.1004,36.5663,5519315.1877,8451160.5026,240650.41
349,8792680.3775,36.6634,5519315.1877,3032714.7797,240650.41
350,13971545.1857,36.7599,3885533.2463,10086011.9395,0
351,13949866.9782,36.8518,3863855.0387,10086011.9395,0
352,13949866.9782,36.9465,3863855.0387,10086011.9395,0
353,13949866.9782,37.0388,3863855.0387,10086011.9395,0
354,22868023.9647,37.0815,4590983.4032,18277040.5615,0
355,33931824.1542,37.1202,4590983.4032,29340840.7509,0
356,62457138.901,37.1588,33116298.1501,29340840.7509,0
357,52675074.6324,37.2515,27871278.1626,24803796.4698,0
358,37957290.102,37.3434,27871278.1626,10086011.9395,0
359,13949866.9782,37.4349,3863855.0387,10086011.9395,0
360,22736752.2568,37.5266,1594141.8007,21142610.4561,0
361,22712185.6696,37.6217,1704934.3995,21007251.27,0
362,22712185.6696,37.714,1704934.3995,21007251.27,0
363,22712185.6696,37.81,1704934.3995,21007251.27,0
364,44520887.8231,37.8532,37136443.566,7384444.257,0
365,78487726.498,37.892,63630996.5997,10073268.4183,4783461.48
366,116954623.9809,37.9324,102097894.0826,10073268.4183,4783461.48
367,49083749.3866,38.028,28076498.1166,21007251.27,0
368,29671591.8941,38.12,28076498.1166,1595093.7775,0
369,15386300.2688,38.2137,13791206.4913,1595093.7775,0
370,5745991.2718,38.3057,5517279.3377,228711.9341,0
371,2793794.0135,38.3972,2565082.0794,228711.9341,0
372,2675912.3203,38.4914,2206549.9762,228711.9341,240650.41
373,2665399.189,38.5826,2237504.7417,187244.0373,240650.41
374,2665399.189,38.6746,2237504.7417,187244.0373,240650.41
375,2665399.189,38.7667,2237504.7417,187244.0373,240650.41
376,15840085.0158,38.806,1861850.1085,13737584.4973,240650.41
377,30323379.228,38.8443,1861850.1085,28220878.7094,240650.41
378,55740480.1157,38.8826,16326786.7174,29045967.5182,10367725.88
379,34665889.7438,38.9725,12450305.1475,11847858.7163,10367725.88
380,48196964.2054,39.0628,3049846.0168,37949848.7625,7197269.426
381,28720645.6047,39.1541,3049846.0168,18473530.1619,7197269.426
382,10864411.4883,39.2455,3049846.0168,617296.0455,7197269.426
383,10852008.1924,39.3372,3037442.7209,617296.0455,7197269.426
384,10852008.1924,39.429,3037442.7209,617296.0455,7197269.426
385,10852008.1924,39.5207,3037442.7209,617296.0455,7197269.426
386,17852528.5947,39.56,6307819.5391,11304058.6456,240650.41
387,28916328.7842,39.5981,6307819.5391,22367858.835,240650.41
388,57739981.6855,39.6364,35131472.4405,22367858.835,240650.41
389,39315402.7101,39.7312,16917071.6723,15201061.6118,7197269.426
390,25241352.9801,39.8228,3639090.9787,17196798.1911,4405463.8103
391,8742895.1937,39.9139,3639090.9787,698340.4047,4405463.8103
392,8643163.8708,40.0086,3466974.5001,770725.5605,4405463.8103
393,8643163.8708,40.101,3466974.5001,770725.5605,4405463.8103
394,8643163.8708,40.1927,3466974.5001,770725.5605,4405463.8103
395,40668060.7044,40.2348,32504034.4183,3195449.1061,4968577.18
396,73466533.2517,40.274,65302506.9656,3195449.1061,4968577.18
397,106011993.4145,40.3157,97847967.1284,3195449.1061,4968577.18
398,46341216.9879,40.4088,41165027.6172,770725.5605,4405463.8103
399,27419206.8032,40.5005,22243017.4325,770725.5605,4405463.8103
400,10458804.3368,40.5925,6536225.1202,56031.6545,3866547.562
401,10458804.3368,40.6848,6536225.1202,56031.6545,3866547.562
402,6916744.8986,40.777,6860713.2441,56031.6545,0
403,6916744.8986,40.869,6860713.2441,56031.6545,0
404,6916744.8986,40.9616,6860713.2441,56031.6545,0
405,49731094.6232,41.0026,39197040.5863,10534054.037,0
406,95809573.506,41.0415,80652481.6102,15157091.8957,0
407,111028834.5125,41.0814,84678927.928,15982180.7045,10367725.88
408,162181928.4304,41.1762,97881483.9996,1767595.6084,62532848.8223
409,116581532.171,41.2685,52792386.0148,1256297.3339,62532848.8223
410,140753263.2459,41.3617,27024945.7359,446642.6826,113281674.8274
411,120359561.4151,41.4536,7056405.7482,21480.8395,113281674.8274
412,117153766.7655,41.5455,3829763.7552,42328.1829,113281674.8274
413,114438778.0675,41.6377,1114775.0572,42328.1829,113281674.8274
414,1157103.2401,41.7316,1114775.0572,42328.1829,0
415,1136255.8967,41.8245,1114775.0572,21480.8395,0
416,1134273.2769,41.9248,1108481.9868,25791.2901,0
417,1003883.503,42.0165,978092.2128,25791.2901,0
418,959431.7027,42.1081,933640.4125,25791.2901,0
419,957449.0828,42.2025,927347.3421,30101.7407,0
420,2071301.4774,42.2946,1983479.1679,87822.3096,0
421,2071301.4774,42.387,1983479.1679,87822.3096,0
422,13082352.8087,42.4274,1527389.1703,11554963.6384,0
423,24146152.9981,42.4659,1527389.1703,22618763.8279,0
424,37424693.8524,42.5059,1527389.1703,35897304.6822,0
425,4781473.2459,42.6004,1983479.1679,2797994.078,0
426,3412855.2416,42.6924,1983479.1679,1429376.0737,0
427,2071301.4774,42.7845,1983479.1679,87822.3096,0
428,2071301.4774,42.8792,1983479.1679,87822.3096,0
429,1924527.6959,42.971,1596054.9763,87822.3096,240650.41
430,4503267.1713,43.067,1366610.596,127470.4796,3009186.0957
431,4503267.1713,43.1587,1366610.596,127470.4796,3009186.0957
432,16662944.2738,43.199,1229051.0157,15193242.848,240650.41
433,45486597.1751,43.2376,30052703.9171,15193242.848,240650.41
434,70903698.0628,43.2759,44517640.526,16018331.6568,10367725.88
435,133490876.177,43.3685,49500206.6402,2511008.0422,81479661.4946
436,101441181.7664,43.4611,17450512.2296,2511008.0422,81479661.4946
437,48780448.9653,43.5523,1366610.596,2362864.274,45050974.0953
438,6738660.9657,43.6451,1366610.596,2362864.274,3009186.0957
439,6738660.9657,43.737,1366610.596,2362864.274,3009186.0957
440,29103440.8508,43.829,341192.849,18015871.661,10746376.3408
441,47099263.4516,43.8688,33800268.9489,13058344.0926,240650.41
442,56854042.7565,43.907,38932010.395,17681381.9514,240650.41
443,90765346.7214,43.9457,65426563.4287,20370206.1126,4968577.18
444,45726330.8619,44.0373,10585934.4398,24394020.0814,10746376.3408
445,37952819.655,44.1286,9190571.6532,18015871.661,10746376.3408
446,29103440.8508,44.2199,341192.849,18015871.661,10746376.3408
447,29045046.185,44.3116,282798.1832,18015871.661,10746376.3408
448,29025138.5807,44.4052,262890.5789,18015871.661,10746376.3408
449,28966001.9847,44.4987,344011.1816,17875614.4623,10746376.3408
450,40408546.5396,44.5937,19735.6895,31460689.2757,8928121.5744
451,40408546.5396,44.6852,19735.6895,31460689.2757,8928121.5744
452,27715289.5405,44.7247,1239416.0291,26235223.1014,240650.41
453,38779089.73,44.763,1239416.0291,37299023.2909,240650.41
454,49624104.7326,44.8012,1239416.0291,48144038.2935,240650.41
455,93606303.0336,44.8926,19735.6895,84658445.7698,8928121.5744
456,66741803.8254,44.9837,19735.6895,57793946.5616,8928121.5744
457,40408546.5396,45.0784,19735.6895,31460689.2757,8928121.5744
458,40408546.5396,45.1702,19735.6895,31460689.2757,8928121.5744
459,31485175.5163,45.265,24486.2406,31460689.2757,0
460,50960498.4655,45.3567,20617.6,50939880.8655,0
461,50960498.4655,45.4488,20617.6,50939880.8655,0
462,5131490.0084,45.488,1537754.1836,506624.9448,3087110.88
463,34253481.0643,45.5266,30659745.2394,506624.9448,3087110.88
464,52916140.202,45.5664,45124681.8484,1331713.7536,6459744.6
465,9960366.6881,45.6619,1583227.2,5235702.9881,3141436.5
466,6985931.1681,45.7534,1583227.2,5235702.9881,167000.98
467,3381109.7899,45.8471,1389287.05,1991822.7399,0
468,2990653.6499,45.9391,998830.91,1991822.7399,0
469,2713157.9099,46.0303,721335.17,1991822.7399,0
470,18514295.4175,46.1217,17050891.5898,1463403.8277,0
471,16387371.1648,46.2128,14923967.3371,1463403.8277,0
472,15851397.1536,46.3041,14387993.3259,1463403.8277,0
473,15318473.6835,46.3951,13855069.8558,1463403.8277,0
474,15034001.5623,46.4864,13864251.5219,1169750.0403,0
475,14927655.3496,46.5774,13757905.3093,1169750.0403,0
476,14740347.7749,46.6687,13864251.5219,876096.253,0
477,14731166.1088,46.7625,13855069.8558,876096.253,0
478,14731166.1088,46.8541,13855069.8558,876096.253,0
479,14731166.1088,46.9495,13855069.8558,876096.253,0
480,52156818.7813,46.9889,51709567.3513,447251.43,0
481,52583528.1313,47.0271,51709567.3513,873960.78,0
482,53105987.3013,47.0652,51709567.3513,1396419.95,0
483,78015543.1197,47.1565,13855069.8558,64160473.2639,0
484,46057370.2917,47.2479,13855069.8558,32202300.4359,0
485,14731166.1088,47.3396,13855069.8558,876096.253,0
486,14731166.1088,47.4329,13855069.8558,876096.253,0
487,14731166.1088,47.5287,13855069.8558,876096.253,0
488,91858556.9665,47.5709,86957366.9365,117728.55,4783461.48
489,135156356.9244,47.6101,130255166.8944,117728.55,4783461.48
490,142661587.9492,47.6487,125432306.6524,299627.19,16929654.1068
491,39388538.3062,47.7444,25158635.915,14229902.3911,0
492,26332385.646,47.8366,25456289.3931,876096.253,0
493,14731166.1088,47.9285,13855069.8558,876096.253,0
494,4231519.4584,48.0201,3355423.2054,876096.253,0
495,4231519.4584,48.1157,3355423.2054,876096.253,0
496,3124594.1666,48.2081,2248497.9137,876096.253,0
497,3124594.1666,48.3051,2248497.9137,876096.253,0
498,3124594.1666,48.3978,2248497.9137,876096.253,0
499,8732383.1744,48.4373,8150587.8944,581795.28,0
500,27392864.0241,48.4776,12932633.5923,4092504.5518,10367725.88
501,64210412.8575,48.5164,49750182.4258,4092504.5518,10367725.88
502,27798122.0627,48.6085,14171002.1208,3259394.0619,10367725.88
503,12861271.6589,48.7037,11141726.2659,876096.253,843449.14
504,2374042.524,48.796,654497.131,876096.253,843449.14
505,1079545.393,48.8927,0,876096.253,203449.14
506,795073.2717,48.9845,9181.6661,582442.4656,203449.14
507,607765.697,49.0778,115527.8788,288788.6782,203449.14
508,470325.4466,49.1695,115527.8788,151348.4279,203449.14
509,363979.234,49.2612,9181.6661,151348.4279,203449.14
510,11458549.8193,49.3534,871.1729,85724.2327,11371954.4137
511,11458549.8193,49.4461,871.1729,85724.2327,11371954.4137
512,3092370.8649,49.4857,32234.1046,2856687.6202,203449.14
513,249418.5939,49.5239,32234.1046,13735.3493,203449.14
514,3149724.0215,49.5639,32234.1046,2914040.7768,203449.14
515,6630609.7434,49.6026,32234.1046,6394926.4987,203449.14
516,29559760.9228,49.6946,871.1729,18186935.3362,11371954.4137
517,11458549.8193,49.7896,871.1729,85724.2327,11371954.4137
518,11458549.8193,49.8827,871.1729,85724.2327,11371954.4137
519,11458549.8193,49.9753,871.1729,85724.2327,11371954.4137
520,18960897.221,50.0162,4463.1989,2361218.76,16595215.262
521,24600238.7046,50.0547,5643804.6825,2361218.76,16595215.262
522,25457255.7749,50.0932,5499115.6176,3362924.8952,16595215.262
523,20094690.785,50.1875,1073373.7153,7649362.656,11371954.4137
524,12559294.2555,50.2796,1101615.6091,85724.2327,11371954.4137
525,11458549.8193,50.3739,871.1729,85724.2327,11371954.4137
526,11458549.8193,50.4663,871.1729,85724.2327,11371954.4137
527,11458549.8193,50.5586,871.1729,85724.2327,11371954.4137
528,22500993.1012,50.5994,5894424.7727,11353.0665,16595215.262
529,30372613.6386,50.6383,11593331.7073,2184066.6692,16595215.262
530,52307046.4096,50.6771,34241089.4147,6949751.082,11116205.9128
531,36303973.9393,50.7721,1150534.2054,23781485.3201,11371954.4137
532,35154310.9067,50.8663,871.1729,23781485.3201,11371954.4137
533,11458549.8193,50.9587,871.1729,85724.2327,11371954.4137
534,11458549.8193,51.0514,871.1729,85724.2327,11371954.4137
535,11458549.8193,51.1451,871.1729,85724.2327,11371954.4137
536,26353421.465,51.186,15222390.8484,14824.7038,11116205.9128
537,48470376.3829,51.2249,45705287.9259,2765088.4569,0
538,76511442.7441,51.2638,69298866.2081,7212576.5361,0
539,19009739.9728,51.3567,3020544.5315,15989195.4413,0
540,6713589.873,51.4485,6336739.2794,173401.4536,203449.14
541,382338.0177,51.5431,5487.4241,173401.4536,203449.14
542,272494.3936,51.6349,69045.2536,0,203449.14
543,208936.5641,51.7296,5487.4241,0,203449.14
544,176936.5641,51.8221,5487.4241,0,171449.14
545,56085.2441,51.9138,5487.4241,0,50597.82
546,5487.4241,52.0057,5487.4241,0,0
547,0,52.0987,0,0,0
