1,44787653455,0.084595,40457254860,0,4330398595
2,36561295581,0.15078,32263907825,0,4297387756
3,31537246663,0.2169,27344316525,0,4192930138
4,26654524571,0.28308,22441388330,0,4213136241
5,22735433956,0.34928,18610116915,0,4125317041
6,19508288453,0.4161,16383662210,36683898,3087942345
7,16925342087,0.48274,13743970250,36683898,3144687939
8,14640593456,0.54938,11629936095,36683898,2973973463
9,12525440464,0.61653,9176943185,36683898,3311813381
10,1993841422.0816,0.68301,1245582928.0959,366838.98,747891655.0057
11,1829170627.8589,0.74104,1149921443.2328,366838.98,678882345.646
12,1705377299.2964,0.78541,1149190242.0542,366838.98,555820218.2622
13,1612037128.0584,0.82609,1097035295.0878,366838.98,514634993.9906
14,1543873754.6057,0.86661,1028871921.6351,366838.98,514634993.9906
15,1480712694.3473,0.90708,965710861.3767,366838.98,514634993.9906
16,1429337439.8823,0.94755,907485244.0409,366838.98,521485356.8614
17,1387489004.1656,0.98892,865212115.0042,791532.3,521485356.8614
18,1352508677.2742,1.0293,829784333.0828,1238987.33,521485356.8614
19,1319276443.001,1.0699,814651743.769,1238987.33,503385711.902
20,1335543549.6507,1.1104,707453951.2949,1548179.56,626541418.7958
21,1283609538.6633,1.151,773740592.6651,1548179.56,508320766.4382
22,1236804619.1453,1.1963,773740592.6651,1895820.38,461168206.1002
23,1216911580.9554,1.2367,753348911.8852,2394462.97,461168206.1002
24,1204024307.5573,1.2769,740174759.4771,2681341.98,461168206.1002
25,1196094389.1829,1.3207,765774634.6394,2681341.98,427638412.5635
26,1190374529.9277,1.3634,759816030.2842,2920087.08,427638412.5635
27,1185720935.384,1.4037,755162435.7405,2920087.08,427638412.5635
28,1183810842.1117,1.4442,753252342.4682,2920087.08,427638412.5635
29,1183973206.0117,1.4846,753252342.4682,3082450.98,427638412.5635
30,1183799269.7208,1.5251,776073624.7217,2920087.08,404805557.9192
31,1184007618.7608,1.5689,776073624.7217,3128436.12,404805557.9192
32,1173717684.2906,1.6094,765394578.6715,3517547.7,404805557.9192
33,1174588466.9696,1.6497,766195716.9305,3587192.12,404805557.9192
34,1176477181.6388,1.6901,767689605.9996,3982017.72,404805557.9192
35,6849055195,1.7889,5504714885,398201772,946138538
36,6261798453,1.8852,5430872860,398201772,432723821
37,5543192091,1.9816,4766584990,398201772,378405329
38,5257523691,2.0791,4480916590,398201772,378405329
39,4978726421,2.1759,3910945745,398201772,669578904
40,681515973.2337,2.2724,559030756.3364,32434896.6406,90050320.2568
41,643668855.2573,2.3693,528721207.061,32434896.6406,82512751.5558
42,568762781.7174,2.4701,536327885.0769,32434896.6406,0
43,533880489.3104,2.5669,503355091.4821,30525397.8283,0
44,506395778.3673,2.6668,475870380.539,30525397.8283,0
45,459305851.1101,2.7632,428780453.2818,30525397.8283,0
46,434813156.2375,2.8608,404899408.3081,27326171.855,2587576.0744
47,414550809.1614,2.9573,384637061.232,27326171.855,2587576.0744
48,399119444.6108,3.0567,369205696.6814,27326171.855,2587576.0744
49,384431755.698,3.1534,352363718.9013,29480460.7223,2587576.0744
50,414254098.0289,3.2513,361319153.0188,25452865.3901,27482079.62
51,391618903.375,3.3476,360283958.3649,25452865.3901,5882079.62
52,373295989.9586,3.4447,326454255.4386,25452865.3901,21388869.13
53,352808223.6294,3.5415,316346029.3093,25452865.3901,11009328.93
54,337796155.4843,3.6406,304317894.8484,22468931.7059,11009328.93
55,324445625.9982,3.7446,290967365.3623,22468931.7059,11009328.93
56,311846546.3138,3.8458,278368285.6778,22468931.7059,11009328.93
57,299530482.9921,3.9424,267302086.1192,21855445.2229,10372951.65
58,285859867.9599,4.0434,253631471.087,21855445.2229,10372951.65
59,275168861.6838,4.1398,242940464.8109,21855445.2229,10372951.65
60,276915086.174,4.2383,234006811.4494,23133720.1438,19774554.5808
61,266779156.8743,4.3415,234461271.0042,23505741.4384,8812144.4317
62,252368596.0186,4.4402,228137562.9034,23505741.4384,725291.6768
63,241073929.3779,4.5383,217478300.8674,22870336.8337,725291.6768
64,230537830.5534,4.6348,206942202.0429,22870336.8337,725291.6768
65,221157433.7094,4.7315,197561805.1989,22870336.8337,725291.6768
66,212827958.0319,4.8278,189232329.5214,22870336.8337,725291.6768
67,205129531.4465,4.9245,182169307.5407,22234932.229,725291.6768
68,196659317.9931,5.0214,173699094.0873,22234932.229,725291.6768
69,189596296.0124,5.1188,166636072.1066,22234932.229,725291.6768
70,186805833.8507,5.2174,153782636.7239,32830795.1069,192402.02
71,179774638.5959,5.3142,146751441.4691,32830795.1069,192402.02
72,172743443.3411,5.4123,139720246.2142,32830795.1069,192402.02
73,165712248.0863,5.509,132689050.9594,32830795.1069,192402.02
74,158681052.8315,5.6077,125657855.7046,32830795.1069,192402.02
75,151669891.2097,5.7047,118646694.0829,32830795.1069,192402.02
76,144728121.3329,5.804,111704924.206,32830795.1069,192402.02
77,137932259.3043,5.9006,104909062.1775,32830795.1069,192402.02
78,129434771.3992,6.0003,97271497.5228,31970871.8564,192402.02
79,122740689.9944,6.0974,95207738.8843,27340549.0901,192402.02
80,127239172.1434,6.1942,84026596.0471,43020174.0763,192402.02
81,119495455.7724,6.2909,84026596.0471,35276457.7053,192402.02
82,114489579.838,6.3892,79020720.1127,35276457.7053,192402.02
83,109656192.7004,6.4889,79020720.1127,30635472.5877,0
84,105054371.4014,6.5861,73745967.2138,30635472.5877,672931.6
85,100618327.7235,6.7345,69309923.5359,30635472.5877,672931.6
86,96828014.7879,6.8945,67060870.928,29094212.2598,672931.6
87,93070869.6798,7.0547,63303725.8199,29094212.2598,672931.6
88,89344093.296,7.2145,59576949.4362,29094212.2598,672931.6
89,85638466.6566,7.3752,55871322.7968,29094212.2598,672931.6
90,88851193.3528,7.5353,46170611.6071,42007650.1456,672931.6
91,79104966.9948,7.6953,46170611.6071,32261423.7877,672931.6
92,73885693.4624,7.8551,40951338.0748,32261423.7877,672931.6
93,69469923.8283,8.0151,36535568.4406,32261423.7877,672931.6
94,66550465.5587,8.1753,33178790.7111,32261423.7877,1110251.06
95,63832601.6459,8.3352,33178790.7111,29543559.8748,1110251.06
96,61114737.733,8.4951,33178790.7111,26825695.962,1110251.06
97,58690668.3228,8.6551,30754721.3009,26825695.962,1110251.06
98,57578943.5981,8.8149,30418894.9743,25234421.2937,1925627.33
99,56026732.4727,8.9748,29682060.119,25234421.2937,1110251.06
100,58891035.0505,9.1168,24103089.587,33454433.7822,1333511.6814
101,56921861.6422,9.2156,23467427.8601,33454433.7822,0
102,56200813.7325,9.3132,26349577.2357,29851236.4969,0
103,53318664.3569,9.4126,23467427.8601,29851236.4969,0
104,52597616.4472,9.5109,26349577.2357,26248039.2116,0
105,49715467.0716,9.6076,23467427.8601,26248039.2116,0
106,48994419.1619,9.7072,26349577.2357,22644841.9263,0
107,46112269.7863,9.8126,23467427.8601,22644841.9263,0
108,45459790.5997,9.9095,22814948.6735,22644841.9263,0
109,41873998.6884,10.0111,19229156.7621,22644841.9263,0
110,42688270.7445,10.1113,18065389.6941,24622881.0503,0
111,41437723.348,10.2084,21141124.5034,20296598.8446,0
112,40704082.3637,10.3074,20407483.5191,20296598.8446,0
113,40089954.7202,10.4117,13658030.9156,20296598.8446,6135324.96
114,39320770.8033,10.509,12564616.3187,20296598.8446,6459555.64
115,38445550.8772,10.6079,12013627.0726,20296598.8446,6135324.96
116,37787767.4572,10.7051,12013627.0726,20296598.8446,5477541.54
117,35794049.6629,10.8024,8339909.2784,20296598.8446,7157541.54
118,35228483.1046,10.8993,7774342.72,20296598.8446,7157541.54
119,34397313.6379,10.9963,6943173.2534,20296598.8446,7157541.54
120,133242136.3023,11.0942,20634503.711,22146094.6434,90461537.948
121,42780598.3544,11.1916,20634503.711,22146094.6434,0
122,41311420.1018,11.2896,22536790.8894,17425586.7437,1349042.4687
123,39877029.7424,11.3906,21102400.53,17425586.7437,1349042.4687
124,38527987.2737,11.4881,21102400.53,17425586.7437,0
125,37388114.4055,11.5861,19962527.6619,17425586.7437,0
126,34158479.2886,11.6843,16732892.5449,17425586.7437,0
127,30928844.1716,11.7818,13503257.4279,17425586.7437,0
128,27699209.0547,11.8793,10273622.311,17425586.7437,0
129,27065421.9478,11.9764,11371745.8879,15693676.06,0
130,36806492.5231,12.0751,21384665.6301,15421826.893,0
131,35607027.5339,12.1736,20185200.6409,15421826.893,0
132,35001274.4493,12.2712,18023403.8963,15421826.893,1556043.66
133,32370975.2931,12.3697,18023403.8963,10783088.6268,3564482.77
134,28033741.7255,12.4675,17380880.6491,7151537.5664,3501323.51
135,26088461.8755,12.5658,17380880.6491,7151537.5664,1556043.66
136,24532418.2155,12.6666,17380880.6491,7151537.5664,0
137,23332953.2262,12.7728,16181415.6599,7151537.5664,0
138,22727200.1417,12.87,14019618.9153,7151537.5664,1556043.66
139,21171156.4817,12.9676,14019618.9153,7151537.5664,0
140,25319250.6429,13.0689,21153009.6801,4166240.9629,0
141,24503683.8328,13.1656,20337442.87,4166240.9629,0
142,23970018.4775,13.2627,19803777.5146,4166240.9629,0
143,21374758.7033,13.398,14506147.6275,6868611.0757,0
144,20844995.7145,13.5138,13976384.6388,6868611.0757,0
145,20315232.7258,13.6547,13446621.6501,6868611.0757,0
146,19785469.7371,13.812,12916858.6614,6868611.0757,0
147,19255706.7484,13.9689,12387095.6727,6868611.0757,0
148,18843292.2677,14.1256,10371668.0072,8471624.2605,0
149,18523129.3433,14.2823,10051505.0828,8471624.2605,0
150,19489717.501,14.4397,8019697.6559,11470019.8451,0
151,19272659.0354,14.5967,7802639.1903,11470019.8451,0
152,19055600.5699,14.7539,7585580.7248,11470019.8451,0
153,18860511.1342,14.911,7390491.2891,11470019.8451,0
154,18341689.4156,15.0677,9042043.5715,9299645.8442,0
155,18124630.9501,15.2245,8824985.1059,9299645.8442,0
156,17907572.4845,15.3813,8607926.6403,9299645.8442,0
157,17690514.0189,15.5383,8390868.1747,9299645.8442,0
158,17473455.5533,15.6952,8173809.7091,9299645.8442,0
159,17256397.0877,15.8525,7956751.2436,9299645.8442,0
160,17096318.6438,16.0095,10449622.4821,6646696.1616,0
161,16880754.6232,16.1663,10449622.4821,6431132.141,0
162,16665190.6025,16.3237,10449622.4821,6215568.1204,0
163,16480754.6232,16.4805,10265186.5028,6215568.1204,0
164,16296318.6438,16.6372,10080750.5234,6215568.1204,0
165,16111882.6644,16.7938,9896314.544,6215568.1204,0
166,15927446.685,16.9504,9711878.5646,6215568.1204,0
167,15743010.7056,17.1071,9527442.5852,6215568.1204,0
168,15558574.7263,17.2638,9343006.6059,6215568.1204,0
169,15374138.7469,17.4206,9158570.6265,6215568.1204,0
170,14964045.8128,17.5781,7066864.2214,7897181.5915,0
171,14725760.7088,17.7349,6828579.1174,7897181.5915,0
172,14487475.6048,17.8916,6590294.0133,7897181.5915,0
173,14249190.5008,18.0486,6352008.9093,7897181.5915,0
174,14042785.5608,18.2043,6145603.9694,7897181.5915,0
175,13897719.9723,18.361,6000538.3809,7897181.5915,0
176,13821149.7643,18.5179,5762253.2768,8058896.4874,0
177,13744579.5562,18.6748,5523968.1728,8220611.3834,0
178,13712699.3922,18.8322,5492088.0088,8220611.3834,0
179,13506294.4522,18.9893,5285683.0688,8220611.3834,0
180,15838210.0774,19.1466,3462161.9887,12376048.0887,0
181,15838210.0774,19.3034,3462161.9887,12376048.0887,0
182,5994049.7949,19.3709,5628349.9849,365699.81,0
183,5831685.8949,19.4362,5628349.9849,203335.91,0
184,6129326.7149,19.5019,5628349.9849,500976.73,0
185,6607675.7549,19.5674,5628349.9849,979325.77,0
186,33954130.1895,19.7242,3462161.9887,30491968.2007,0
187,15838210.0774,19.8808,3462161.9887,12376048.0887,0
188,15838210.0774,20.0378,3462161.9887,12376048.0887,0
189,15838210.0774,20.1954,3462161.9887,12376048.0887,0
190,9813362.7717,20.2624,8538261.4546,1275101.3171,0
191,22176285.9583,20.3281,8538261.4546,2651756.7837,10986267.72
192,47433135.5421,20.3941,28320222.7462,5266814.1659,13846098.63
193,60737838.4355,20.5511,3462161.9887,46289408.7267,10986267.72
194,25720495.1802,20.7081,3462161.9887,22258333.1915,0
195,15838210.0774,20.8648,3462161.9887,12376048.0887,0
196,15838210.0774,21.0225,3462161.9887,12376048.0887,0
197,15838210.0774,21.18,3462161.9887,12376048.0887,0
198,41279319.8904,21.2473,29946461.4723,1066075.178,10266783.24
199,81063113.0208,21.3135,57041582.5766,1308907.3842,22712623.06
200,412646510.5607,21.3793,123352721.4462,1634496.1522,287659292.9623
201,68690752.7381,21.5361,23129673.4146,22848456.2635,22712623.06
202,41019257.9287,21.6931,12142928.7634,18609545.9253,10266783.24
203,15838210.0774,21.8505,3462161.9887,12376048.0887,0
204,15795308.7677,22.0076,3419260.6791,12376048.0887,0
205,15795308.7677,22.166,3419260.6791,12376048.0887,0
206,15795308.7677,22.3248,3419260.6791,12376048.0887,0
207,44467958.1858,22.3926,43559168.9399,908789.2459,0
208,86320239.1515,22.4594,85411449.9056,908789.2459,0
209,68138084.3138,22.5247,67229295.0679,908789.2459,0
210,140964301.4872,22.5918,138331979.9673,1357600.0399,1274721.48
211,189767335.9068,22.6587,185387937.9811,2143015.5257,2236382.4
212,118096278.7717,22.815,54867965.9552,61953591.3364,1274721.48
213,71646668.6081,22.9718,37389974.9802,34256693.6278,0
214,28959591.1362,23.1285,16583543.0475,12376048.0887,0
215,25828794.2548,23.2861,13452746.1661,12376048.0887,0
216,22697997.3734,23.4428,10321949.2847,12376048.0887,0
217,17998743.654,23.5996,5622695.5654,12376048.0887,0
218,16146698.8825,23.7568,8639853.9124,7506844.9701,0
219,5370906.4777,23.9137,3749304.1988,1621602.2789,0
220,4525766.9869,24.0705,1305977.782,3219789.2049,0
221,3734341.4758,24.2271,514552.2709,3219789.2049,0
222,3503521.7459,24.3838,283732.541,3219789.2049,0
223,3257147.4729,24.5404,37358.268,3219789.2049,0
224,3212904.0684,24.6968,113884.2185,3099019.8498,0
225,3136378.1178,24.854,37358.268,3099019.8498,0
226,3092134.7133,25.0106,113884.2185,2978250.4947,0
227,3015608.7627,25.1672,37358.268,2978250.4947,0
228,2971365.3582,25.3245,113884.2185,2857481.1397,0
229,2894839.4076,25.4811,37358.268,2857481.1397,0
230,1146183.8124,25.638,877781.7924,0,268402.02
231,900131.3027,25.7949,671299.7727,0,228831.53
232,613649.283,25.9512,464817.753,0,148831.53
233,327167.2632,26.1078,258335.7332,0,68831.53
234,258335.7332,26.2642,258335.7332,0,0
235,248011.6322,26.4209,248011.6322,0,0
236,237687.5312,26.5776,237687.5312,0,0
237,227363.4303,26.7341,227363.4303,0,0
238,217039.3293,26.8904,217039.3293,0,0
239,206715.2283,27.0466,206715.2283,0,0
240,15618071,27.2037,15618071,0,0
241,15564555,27.36,15564555,0,0
242,15564555,27.5168,15564555,0,0
243,15564555,27.6736,15564555,0,0
244,15356963.3082,27.7405,15356963.3082,0,0
245,15753940.68,27.806,15356963.3082,396977.3719,0
246,27266805.6223,27.8717,15356963.3082,923574.5941,10986267.72
247,15862195.82,28.0286,15564555,297640.82,0
248,15564555,28.1852,15564555,0,0
249,15564555,28.3429,15564555,0,0
250,15564555,28.5004,15564555,0,0
251,15356963.3082,28.5669,15356963.3082,0,0
252,48040776.8021,28.6326,37637397.8179,136595.7442,10266783.24
253,88279057.7991,28.6992,65336951.0006,229483.7385,22712623.06
254,48515369.32,28.8558,38146171,102415.08,10266783.24
255,15564555,29.0124,15564555,0,0
256,15272873,29.169,15272873,0,0
257,15164555,29.3256,15164555,0,0
258,15164555,29.4828,15164555,0,0
259,15164555,29.6405,15164555,0,0
260,15164555,29.707,15164555,0,0
261,15562904.04,29.7722,15164555,398349.04,0
262,62353490.82,29.8382,60225366,853403.34,1274721.48
263,15562904.04,29.9947,15164555,398349.04,0
264,15164555,30.1513,15164555,0,0
265,15164555,30.309,15164555,0,0
266,15164555,30.4669,15164555,0,0
267,15164555,30.5335,15164555,0,0
268,64869186.74,30.5994,63256604,588879.18,1023703.56
269,118394524.22,30.6658,116422447,948373.66,1023703.56
270,63815532.3706,30.823,62202949.6306,588879.18,1023703.56
271,14911961.6164,30.9797,14911961.6164,0,0
272,5255825.0966,31.1362,5221182.5066,34642.59,0
273,114642.59,31.2927,0,114642.59,0
274,110642.59,31.4502,0,110642.59,0
275,106642.59,31.6064,0,106642.59,0
276,102642.59,31.7629,0,102642.59,0
277,98642.59,31.9194,0,98642.59,0
278,94642.59,32.076,0,94642.59,0
279,90642.59,32.2325,0,90642.59,0
280,9064259,32.3892,0,9064259,0
281,9064259,32.5456,0,9064259,0
282,90642.59,32.612,0,90642.59,0
283,388283.41,32.6772,0,388283.41,0
284,11769376.73,32.7427,0,783109.01,10986267.72
285,38828341,32.8994,0,38828341,0
286,9064259,33.0558,0,9064259,0
287,9064259,33.2125,0,9064259,0
288,9064259,33.3692,0,9064259,0
289,90642.59,33.4355,0,90642.59,0
290,9735162.01,33.5011,670903.01,9064259,0
291,10959310.89,33.5664,1895051.89,9064259,0
292,9735162.01,33.723,670903.01,9064259,0
293,9064259,33.8799,0,9064259,0
294,9064259,33.9907,0,9064259,0
295,9064259,34.0876,0,9064259,0
296,9064259,34.1285,0,9064259,0
297,10064208.46,34.1687,999949.46,9064259,0
298,11327551.4,34.2097,2263292.4,9064259,0
299,10064208.46,34.3064,999949.46,9064259,0
300,8163661.5086,34.4074,0,8163661.5086,0
301,8163661.5086,34.5054,0,8163661.5086,0
302,8163661.5086,34.6053,0,8163661.5086,0
303,9064259,34.6479,0,9064259,0
304,10459710.14,34.6881,1395451.14,9064259,0
305,11292793.24,34.7287,2228534.24,9064259,0
306,20771013.0578,34.8276,8277262.9292,8163661.5086,4330088.62
307,8163661.5086,34.9257,0,8163661.5086,0
308,8163661.5086,35.0232,0,8163661.5086,0
309,8163661.5086,35.121,0,8163661.5086,0
310,9064259,35.1634,0,9064259,0
311,10612946.91,35.204,1548687.91,9064259,0
312,12334491.34,35.2447,3270232.34,9064259,0
313,23550958.4378,35.3431,15387296.9292,8163661.5086,0
314,8163661.5086,35.44,0,8163661.5086,0
315,1724522.4643,35.5376,766005.0352,958517.4291,0
316,1695541.8187,35.6344,737024.3896,958517.4291,0
317,1684779.6683,35.7313,726262.2392,958517.4291,0
318,1684779.6683,35.8431,726262.2392,958517.4291,0
319,1684779.6683,35.9436,726262.2392,958517.4291,0
320,1465639.9256,35.9864,469779.3718,995860.5537,0
321,3688923.0208,36.028,469779.3718,2712836.889,506306.76
322,11530650.2342,36.0697,8311506.5853,2712836.889,506306.76
323,13807811.6834,36.168,12849294.2543,958517.4291,0
324,13012955.7629,36.2687,12054438.3338,958517.4291,0
325,1684779.6683,36.3662,726262.2392,958517.4291,0
326,1684779.6683,36.4638,726262.2392,958517.4291,0
327,1684779.6683,36.5608,726262.2392,958517.4291,0
328,1465639.9256,36.6032,469779.3718,995860.5537,0
329,6291589.1721,36.6451,5295728.6184,995860.5537,0
330,74236946.6501,36.6855,69357300.5228,4879646.1273,0
331,9145525.9589,36.7937,8187008.5298,958517.4291,0
332,1684779.6683,36.8918,726262.2392,958517.4291,0
333,1684779.6683,36.9949,726262.2392,958517.4291,0
334,1684779.6683,37.0943,726262.2392,958517.4291,0
335,6321080.0126,37.1371,6152624.3923,168455.6204,0
336,23556821.9097,37.1777,6152624.3923,6417929.7974,10986267.72
337,51531574.0111,37.2199,25159922.3626,8039000.9686,18332650.68
338,23419146.8963,37.3215,2969903.6358,10182460.0205,10266783.24
339,1684779.6683,37.4499,726262.2392,958517.4291,0
340,3756464.3101,37.579,3150978.133,605486.1771,0
341,3756464.3101,37.7319,3150978.133,605486.1771,0
342,6321080.0126,37.7776,6152624.3923,168455.6204,0
343,44720917.1233,37.8185,29782938.2785,1270818.2948,13667160.55
344,89787832.6948,37.8607,70262765.1139,10591858.3409,8933209.24
345,33487812.7561,37.9574,15252903.683,4567748.5231,13667160.55
346,3756464.3101,38.0561,3150978.133,605486.1771,0
347,3756464.3101,38.1541,3150978.133,605486.1771,0
348,3701322.3365,38.2503,3323407.1462,377915.1903,0
349,3575586.238,38.3467,3197671.0477,377915.1903,0
350,6607254.0356,38.4466,6537046.3691,70207.6666,0
351,6607254.0356,38.5443,6537046.3691,70207.6666,0
352,6257766.244,38.5856,6152624.3923,105141.8517,0
353,7054509.5642,38.626,6152624.3923,395578.4119,506306.76
354,29786031.0668,38.6667,18597662.7749,395578.4119,10792789.88
355,7307497.5854,38.7646,6537046.3691,264144.4563,506306.76
356,6607254.0356,38.8623,6537046.3691,70207.6666,0
357,6607254.0356,38.9591,6537046.3691,70207.6666,0
358,6607254.0356,39.0575,6537046.3691,70207.6666,0
359,6257766.244,39.0998,6152624.3923,105141.8517,0
360,44899533.0025,39.1405,43670862.0975,1228670.905,0
361,45399623.7015,39.1806,43670862.0975,1728761.604,0
362,9753115.4313,39.2797,6537046.3691,3216069.0623,0
363,9753115.4313,39.3762,6537046.3691,3216069.0623,0
364,6607254.0356,39.4741,6537046.3691,70207.6666,0
365,6607254.0356,39.5716,6537046.3691,70207.6666,0
366,6607254.0356,39.6697,6537046.3691,70207.6666,0
367,7197969.7844,39.715,7186809.0254,11160.7591,0
368,18847616.3054,39.7574,7186809.0254,674539.56,10986267.72
369,48568279.0124,39.8029,29389012.8154,846615.517,18332650.68
370,438011846.8319,39.902,138977199.7837,5325496.2217,293709150.8265
371,175808118.7609,40.0108,138977199.7837,1152620.5455,35678298.4317
372,145719863.2267,40.1117,144567242.6812,1152620.5455,0
373,132657950.465,40.2098,132587745.5385,70204.9265,0
374,128413968.23,40.3067,128343763.3035,70204.9265,0
375,126402240.5454,40.4079,126332035.6189,70204.9265,0
376,125489239.5437,40.5058,125419034.6171,70204.9265,0
377,125277040.4319,40.6053,125206835.5054,70204.9265,0
378,122244813.8192,40.7043,121329096.2053,915717.6139,0
379,122032614.7075,40.8011,121116897.0936,915717.6139,0
380,226284468.0664,40.8993,226197825.4764,86642.59,0
381,225994974.8119,40.9959,225908332.2219,86642.59,0
382,225887469.6168,41.0931,225800827.0268,86642.59,0
383,225887469.6168,41.19,225800827.0268,86642.59,0
384,225887469.6168,41.2883,225800827.0268,86642.59,0
385,223831045.8985,41.3307,223685470.5927,145575.3058,0
386,224368182.3654,41.3716,223685470.5927,176405.0127,506306.76
387,240914858.592,41.412,238250040.4783,1165829.1137,1498989
388,226412125.4068,41.511,225800827.0268,104991.62,506306.76
389,225887469.6168,41.6075,225800827.0268,86642.59,0
390,227507397.4135,41.7048,227420754.8235,86642.59,0
391,227507397.4135,41.802,227420754.8235,86642.59,0
392,223831045.8985,41.8443,223685470.5927,145575.3058,0
393,224331136.5975,41.8855,223685470.5927,645666.0048,0
394,20294607.0935,41.926,17311672.7987,645666.0048,2337268.29
395,28050386.5744,41.9663,17311672.7987,1309044.8057,9429668.97
396,64842365.0803,42.0068,44913967.7353,1426060.0951,18502337.25
397,27809535.3502,42.1061,17600757.3702,779109.01,9429668.97
398,27511894.5302,42.2029,17600757.3702,481468.19,9429668.97
399,22545047.6132,42.3014,13753910.4532,481468.19,8309668.97
400,53445168.0559,42.3998,8393978.2655,185032.4368,44866157.3535
401,28933673.3068,42.4967,4523001.5718,185032.4368,24225639.2981
402,25837595.5985,42.5933,4523001.5718,185032.4368,21129561.5898
403,25837595.5985,42.6905,4523001.5718,185032.4368,21129561.5898
404,25837595.5985,42.7927,4523001.5718,185032.4368,21129561.5898
405,8008260.1666,42.838,7289416.5708,145575.3058,573268.29
406,53246514.1918,42.8787,52527670.5959,145575.3058,573268.29
407,99560150.4394,42.9208,96831378.035,910149.2744,1818623.13
408,53907426.9869,43.0225,32592832.9602,185032.4368,21129561.5898
409,22251048.8062,43.1203,936454.7796,185032.4368,21129561.5898
410,54584713.2111,43.217,64602.3177,82642.59,54437468.3034
411,54584713.2111,43.3154,64602.3177,82642.59,54437468.3034
412,2221343.8757,43.3615,1509221.0072,138854.5785,573268.29
413,55097920.1343,43.4025,53781781.171,742870.6734,573268.29
414,113499700.5373,43.4438,105491158.5339,742870.6734,7265671.33
415,57181738.5248,43.542,2302133.1514,442137.07,54437468.3034
416,54584713.2111,43.6404,64602.3177,82642.59,54437468.3034
417,54567878.8625,43.7371,47767.9691,82642.59,54437468.3034
418,54567878.8625,43.8356,47767.9691,82642.59,54437468.3034
419,54567878.8625,43.934,47767.9691,82642.59,54437468.3034
420,19297890.5851,43.9756,692867.8877,627729.566,17977293.1315
421,22323636.3899,44.0158,692867.8877,3653475.3708,17977293.1315
422,50205440.2479,44.0562,23100971.6733,9127175.4431,17977293.1315
423,57210609.6951,44.1555,1571519.7717,1201621.62,54437468.3034
424,56812260.6551,44.2523,1571519.7717,803272.58,54437468.3034
425,54998311.9443,44.3492,478201.051,82642.59,54437468.3034
426,54682741.4325,44.4478,162630.5392,82642.59,54437468.3034
427,54682741.4325,44.5463,162630.5392,82642.59,54437468.3034
428,54682741.4325,44.6453,162630.5392,82642.59,54437468.3034
429,20963956.523,44.6866,2358933.8256,627729.566,17977293.1315
430,34028429.814,44.727,33780970.8141,247458.9999,0
431,34919663.9784,44.7673,33780970.8141,1138693.1644,0
432,12678325.7816,44.8641,12298042.3716,380283.41,0
433,12380684.9616,44.9607,12298042.3716,82642.59,0
434,12279678.8702,45.0616,12197036.2802,82642.59,0
435,12180191.9103,45.1584,12097549.3203,82642.59,0
436,12163357.5617,45.2572,12080714.9717,82642.59,0
437,12148775.4807,45.3574,12066132.8907,82642.59,0
438,12136499.7895,45.4564,12053857.1995,82642.59,0
439,10910915.9909,45.5552,10828273.4009,82642.59,0
440,255026868.8278,45.6541,254944226.2378,82642.59,0
441,254980158.3276,45.7583,254897515.7376,82642.59,0
442,254629898.5493,45.8602,254547255.9593,82642.59,0
443,254625898.5493,45.9577,254547255.9593,78642.59,0
444,254228928.2707,46.0594,254150285.6807,78642.59,0
445,254228928.2707,46.1585,254150285.6807,78642.59,0
446,254228928.2707,46.2575,254150285.6807,78642.59,0
447,29051575.4823,46.2988,28816093.7934,235481.6889,0
448,30244363.0638,46.3452,28816093.7934,1428269.2704,0
449,34295569.468,46.3871,32867300.1976,1428269.2704,0
450,256146283.2553,46.4848,255669291.6253,476991.63,0
451,253421523.7784,46.5887,252944532.1484,476991.63,0
452,253023174.7384,46.7452,252944532.1484,78642.59,0
453,251505142.622,46.9012,251426500.032,78642.59,0
454,251505142.622,47.0578,251426500.032,78642.59,0
455,251505142.622,47.2142,251426500.032,78642.59,0
456,28573376.9481,47.2804,28337895.2592,235481.6889,0
457,29464611.1126,47.3454,28337895.2592,1126715.8534,0
458,36523452.1595,47.4112,34320292.0115,2203160.148,0
459,251802783.442,47.5667,251426500.032,376283.41,0
460,243852114.9234,47.7226,243475831.5134,376283.41,0
461,25886550.944,47.8782,24880999.244,376283.41,629268.29
462,22176537.3284,48.0344,21170985.6284,376283.41,629268.29
463,21734052.2784,48.1908,21170985.6284,376283.41,186783.24
464,14491375.6253,48.3475,13928308.9753,376283.41,186783.24
465,14193734.8053,48.5046,13928308.9753,78642.59,186783.24
466,951245.4364,48.6608,685819.6064,78642.59,186783.24
467,708093.3364,48.8175,442667.5064,78642.59,186783.24
468,599937.2023,48.9745,334511.3723,78642.59,186783.24
469,599937.2023,49.1327,334511.3723,78642.59,186783.24
470,7032950.9132,49.2912,186795.0903,1030884.0556,5815271.7673
471,16290465.228,49.3592,37696.6599,235481.6889,16017286.8792
472,23633141.939,49.4245,6198136.1235,1417718.9363,16017286.8792
473,31859551.1615,49.491,14424545.346,1417718.9363,16017286.8792
474,47796585.0947,49.6478,40950429.2718,1030884.0556,5815271.7673
475,7032950.9132,49.8037,186795.0903,1030884.0556,5815271.7673
476,6846155.823,49.9614,0,1030884.0556,5815271.7673
477,1030884.0556,50.117,0,1030884.0556,0
478,1030884.0556,50.2731,0,1030884.0556,0
479,1030884.0556,50.4293,0,1030884.0556,0
480,7864259,50.4965,0,7864259,0
481,9163601.94,50.5616,1299342.94,7864259,0
482,10539053.08,50.6269,2674794.08,7864259,0
483,73479298.3663,50.7825,72448414.3107,1030884.0556,0
484,1030884.0556,50.9387,0,1030884.0556,0
485,1030884.0556,51.0953,0,1030884.0556,0
486,1030884.0556,51.252,0,1030884.0556,0
487,7864259,51.3185,0,7864259,0
488,8864208.46,51.3834,999949.46,7864259,0
489,10584151.07,51.4486,2719892.07,7864259,0
490,99398456.1844,51.5983,99319813.5944,78642.59,0
491,78642.59,51.6946,0,78642.59,0
492,78642.59,51.8006,0,78642.59,0
493,78642.59,51.8977,0,78642.59,0
494,7864259,51.9402,0,7864259,0
495,9908918.64,51.9849,2044659.64,7864259,0
496,12014597.92,52.0253,4150338.92,7864259,0
497,203164120.8389,52.1231,203085478.2489,78642.59,0
498,78642.59,52.2194,0,78642.59,0
499,78642.59,52.3184,0,78642.59,0
500,77096.24,52.4175,77096.24,0,0
501,74179.42,52.5141,74179.42,0,0
502,74179.42,52.6125,74179.42,0,0
503,74179.42,52.7094,74179.42,0,0
504,74179.42,52.7518,74179.42,0,0
505,805264.3,52.792,805264.3,0,0
506,3146474.06,52.8328,805264.3,1834903,506306.76
507,805264.3,52.9306,805264.3,0,0
508,74179.42,53.0268,74179.42,0,0
509,74179.42,53.1248,74179.42,0,0
510,7417942,53.2227,7417942,0,0
511,74179.42,53.2649,74179.42,0,0
512,415353.59,53.305,415353.59,0,0
513,1790804.73,53.3456,1790804.73,0,0
514,144963056,53.4434,144963056,0,0
515,136854738,53.54,136854738,0,0
516,15236574,53.6369,15236574,0,0
517,15236574,53.742,15236574,0,0
518,15236574,53.8976,15236574,0,0
519,152365.74,53.9635,152365.74,0,0
520,15534214.82,54.0285,15236574,297640.82,0
521,26915308.14,54.0932,15236574,692466.42,10986267.72
522,15534214.82,54.2484,15236574,297640.82,0
523,15236574,54.4046,15236574,0,0
524,15236574,54.5605,15236574,0,0
525,15236574,54.7173,15236574,0,0
526,15236574,54.7831,15236574,0,0
527,56941205.74,54.848,55328623,588879.18,1023703.56
528,92994344.84,54.9131,83402612,658523.6,8933209.24
529,56941205.74,55.0683,55328623,588879.18,1023703.56
530,14805072.1389,55.2238,14805072.1389,0,0
531,14805072.1389,55.3818,14805072.1389,0,0
532,14805072.1389,55.5383,14805072.1389,0,0
533,15236574,55.6041,15236574,0,0
534,61627160.78,55.6694,59897385,455054.3,1274721.48
535,115152498.26,55.7348,113063228,814548.78,1274721.48
536,60963421.4845,55.8901,58201082.8587,470611.7469,2291726.8788
537,14805072.1389,56.0455,14805072.1389,0,0
538,7783788.9226,56.2009,7702457.6911,81331.2316,0
539,7783788.9226,56.3578,7702457.6911,81331.2316,0
540,7926294.9545,56.5145,7844122.9073,82172.0471,0
541,8005592.59,56.5803,7926950,78642.59,0
542,8403941.63,56.6448,7926950,476991.63,0
543,68268302.59,56.7107,58919986,476991.63,8871324.96
544,8342521.7863,56.8658,7844122.9073,498398.8789,0
545,7926294.9545,57.0213,7844122.9073,82172.0471,0
546,7926294.9545,57.1768,7844122.9073,82172.0471,0
547,7926294.9545,57.3342,7844122.9073,82172.0471,0
548,8005592.59,57.4001,7926950,78642.59,0
549,42123009.59,57.4652,42044367,78642.59,0
550,63785641.2264,57.5304,54727326.3564,78642.59,8979672.28
551,29557700.9669,57.6858,20495856.6398,82172.0471,8979672.28
552,21641291.3442,57.8418,12579447.0171,82172.0471,8979672.28
553,7926294.9545,57.9975,7844122.9073,82172.0471,0
554,82172.0471,58.1531,0,82172.0471,0
555,82172.0471,58.3087,0,82172.0471,0
556,82172.0471,58.4672,0,82172.0471,0
557,78642.59,58.5329,0,78642.59,0
558,376283.41,58.5978,0,376283.41,0
559,11757376.73,58.6625,0,771109.01,10986267.72
560,2571048.506,58.8187,0,2571048.506,0
561,537344.7464,58.9736,0,537344.7464,0
562,73096.24,59.1288,73096.24,0,0
563,16336.43,59.2839,16336.43,0,0
564,1083.18,59.4391,1083.18,0,0
565,0,59.5944,0,0,0
