1,18307023410,0.039618,13986138215,0,4320885195
2,15595098515,0.063444,10986138215,0,4608960300
3,12089755380,0.087249,9730795080,0,2358960300
4,9821860555,0.11096,7850768830,0,1971091725
5,7888879950,0.1345,5917788225,0,1971091725
6,6441269925,0.15815,5329096200,0,1112173725
7,5079865447,0.18171,3943208410,24917960,1111739077
8,3991835387,0.20524,2855178350,24917960,1111739077
9,3194711752,0.22882,2050376555,32596120,1111739077
10,512892508.0376,0.25279,186641777.5799,332583.069,325918147.3887
11,245364290.0308,0.27677,159643059.8482,332583.069,85388647.1136
12,71547531.9817,0.30067,71214948.9127,332583.069,0
13,53391517.2639,0.3246,53058934.1949,332583.069,0
14,49755360.754,0.3485,49422777.685,332583.069,0
15,21460630.3582,0.37226,21128047.2892,332583.069,0
16,19965931.8895,0.39606,19247107.2889,718824.6006,0
17,17781013.3071,0.42018,17062188.7065,718824.6006,0
18,17781013.3071,0.44436,17062188.7065,718824.6006,0
19,17781013.3071,0.46825,17062188.7065,718824.6006,0
20,11970008.6461,0.52558,678371.6937,11291636.9524,0
21,3338166.638,0.58234,678371.6937,2659794.9444,0
22,678371.6937,0.63931,678371.6937,0,0
23,0,0.69651,0,0,0
