1,12863208116,0.03874,10857586895,0,2005621221
2,10713738828,0.062436,8936442975,0,1777295853
3,8713069541,0.086238,7146980810,0,1566088731
4,7368239296,0.10983,6180623485,0,1187615811
5,6208446830,0.13341,5038734050,0,1169712780
6,5069495195,0.15699,4313268830,4531851,751694514
7,3849961242,0.18057,3481912000,4531851,363517391
8,2484365643,0.20419,2099348545,4531851,380485247
9,1572246674,0.22766,1348186500,4531851,219528323
10,197932924.2517,0.25139,166899624.9735,381185.08,30652114.1982
11,140474364.4969,0.27544,108952001.9187,870248.38,30652114.1982
12,92895305.8169,0.29927,61372943.2387,870248.38,30652114.1982
13,83047602.5756,0.32311,51525239.9974,870248.38,30652114.1982
14,83047602.5756,0.3469,51525239.9974,870248.38,30652114.1982
15,83047602.5756,0.3708,51525239.9974,870248.38,30652114.1982
16,527056986,0.42795,260503825,47024838,219528323
17,467334113,0.4848,367617020,47024838,52692255
18,365938517,0.54138,260503825,42492987,62941705
19,321855800,0.59798,260503825,42492987,18858988
20,42409468.2789,0.65477,35694301.5099,5610133.3087,1105033.4603
21,35934423.8646,0.71161,29219257.0957,5610133.3087,1105033.4603
22,29459379.4503,0.76884,22744212.6814,5610133.3087,1105033.4603
23,22984335.036,0.8258,16269168.2671,5610133.3087,1105033.4603
24,16509290.6217,0.88311,9794123.8528,5610133.3087,1105033.4603
25,12686035.8969,0.94017,5970869.1279,5610133.3087,1105033.4603
26,10470318.5955,0.99718,3755151.8265,5610133.3087,1105033.4603
27,9064790.417,1.0546,2349623.648,5610133.3087,1105033.4603
28,6715166.769,1.1119,0,5610133.3087,1105033.4603
29,5610133.3087,1.1686,0,5610133.3087,0
30,9285163.64,1.2259,27375.47,8906330,351458.17
31,1323404.01,1.2832,65615.84,906330,351458.17
32,564491.68,1.3402,213033.51,0,351458.17
33,213033.51,1.3969,213033.51,0,0
34,133033.51,1.4536,133033.51,0,0
35,105658.04,1.5103,105658.04,0,0
36,91308.19,1.5672,91308.19,0,0
37,83308.19,1.6249,83308.19,0,0
38,75308.19,1.6821,75308.19,0,0
39,67308.19,1.7388,67308.19,0,0
40,21063.3,1.7957,0,21063.3,0
41,17063.3,1.8524,0,17063.3,0
42,13063.3,1.9093,0,13063.3,0
43,9063.3,1.9663,0,9063.3,0
44,5063.3,2.0232,0,5063.3,0
45,1063.3,2.08,0,1063.3,0
46,0,2.1366,0,0,0
