1,31283028902,0.052758,26681518670,0,4601510232
2,27843400555,0.081171,22382890345,0,5460510210
3,24973484314,0.10951,19558380435,46023835,5369080044
4,22263278964,0.13773,17283892825,46023835,4933362304
5,19574813489,0.1661,14595427350,46023835,4933362304
6,18046937333,0.19436,13845427350,46023835,4155486148
7,16559715102,0.22348,13302798270,46023835,3210892997
8,15178516950,0.25187,11802798270,46023835,3329694845
9,13951740783,0.28012,10582758315,46023835,3322958633
10,2130254200.8049,0.30868,1610036484.1211,1114040.87,519103675.8138
11,1948567934.7468,0.33736,1464230097.0515,1114040.87,483223796.8254
12,1767045119.5762,0.36595,1373903610.2949,1488408.3,391653100.9813
13,1596699527.9464,0.3949,1280437890.8137,1488408.3,314773228.8327
14,1410393855.3274,0.42335,1135475511.8464,1488408.3,273429935.181
15,1227762761.9656,0.45607,989197480.1284,1870818.6,236694463.2371
16,1076476986.5824,0.48462,891462995.4583,1870818.6,183143172.5241
17,945492081.7585,0.51314,760478090.6344,1870818.6,183143172.5241
18,818102164.4593,0.54152,632238433.2971,1870818.6,183992912.5622
19,765722774.8764,0.56977,579859043.7143,1870818.6,183992912.5622
20,739718631.927,0.59834,578899035.7073,2034743.2,158784853.0197
21,715552068.4198,0.62662,556551931.3372,1660375.77,157339761.3126
22,691770076.3464,0.65504,532769939.2639,1660375.77,157339761.3126
23,604291367.1049,0.68329,445291230.0224,1660375.77,157339761.3126
24,583233103.5148,0.71165,445291230.0224,1660375.77,136281497.7224
25,555335198.0521,0.74036,472892086.5236,1660375.77,80782735.7584
26,547684161.0311,0.76867,472892086.5236,2269764.48,72522310.0274
27,545589160.1317,0.797,470797085.6243,2269764.48,72522310.0274
28,546344892.4189,0.82545,485449674.9603,2269764.48,58625452.9786
29,547789984.126,0.85418,485449674.9603,2269764.48,60070544.6857
30,516105359.7613,0.92283,488377171.0973,13991052.4777,13737136.1864
31,450197523.7189,0.99069,422469335.0548,13991052.4777,13737136.1864
32,396485238.9951,1.0585,368757050.331,13991052.4777,13737136.1864
33,357031330.5244,1.1261,329303141.8604,13991052.4777,13737136.1864
34,319466372.1429,1.1936,291738183.4788,13991052.4777,13737136.1864
35,282182066.1025,1.2614,256919516.9532,11525412.9629,13737136.1864
36,253406482.0747,1.335,228143932.9254,11525412.9629,13737136.1864
37,233640731.1403,1.4033,208378181.9909,11525412.9629,13737136.1864
38,216965031.5334,1.4715,191702482.3841,11525412.9629,13737136.1864
39,206696930.6938,1.5393,185236353.0879,11525412.9629,9935164.643
40,200612605.8545,1.6071,183537451.787,10425799.6009,6649354.4666
41,193058685.549,1.6748,176368062.1897,10425799.6009,6264823.7583
42,185699322.1395,1.7425,170423900.6627,9010597.7185,6264823.7583
43,178529932.5423,1.8102,163254511.0654,9010597.7185,6264823.7583
44,171360542.945,1.8778,156085121.4681,9010597.7185,6264823.7583
45,164191153.3477,1.9455,148915731.8709,9010597.7185,6264823.7583
46,157021763.7505,2.0132,141746342.2736,9010597.7185,6264823.7583
47,149852374.1532,2.0809,134576952.6763,9010597.7185,6264823.7583
48,143129064.2505,2.1486,127407563.079,9456677.4131,6264823.7583
49,137499648.7846,2.2163,121778147.6132,9456677.4131,6264823.7583
50,133088429.2825,2.2842,115463000.349,11664149.9104,5961279.0231
51,127642450.9045,2.3522,112568520.3462,11664149.9104,3409780.6479
52,122830638.6447,2.4201,112568520.3462,7473017.4235,2789100.875
53,118553060.9047,2.4877,108290942.6062,7473017.4235,2789100.875
54,114848941.912,2.5553,104586823.6135,7473017.4235,2789100.875
55,112218876.3966,2.6229,104586823.6135,4842951.9081,2789100.875
56,110215510.9294,2.6904,102583458.1464,4842951.9081,2789100.875
57,108855779.8106,2.7579,102583458.1464,4842951.9081,1429369.7562
58,107728371.7947,2.8257,102583458.1464,3715543.8921,1429369.7562
59,106712588.8869,2.8933,101567675.2386,3715543.8921,1429369.7562
60,100376700.52,2.9612,93922373.3491,1881014.5294,4573312.6414
61,95649452.1212,3.0287,78693778.2905,1881014.5294,15074659.3014
62,85148105.4613,3.0961,78693778.2905,1881014.5294,4573312.6414
63,84623038.1283,3.1641,78693778.2905,1881014.5294,4048245.3085
64,84097970.7953,3.232,78693778.2905,1881014.5294,3523177.9755
65,83572903.4623,3.2996,78693778.2905,1881014.5294,2998110.6425
66,83047836.1293,3.3673,78693778.2905,1881014.5294,2473043.3095
67,82522768.7963,3.4349,78693778.2905,1881014.5294,1947975.9765
68,81997701.4633,3.5023,78693778.2905,1881014.5294,1422908.6435
69,81616986.5869,3.5698,78313063.414,1881014.5294,1422908.6435
70,81662537.7348,3.6376,78565443.2598,1245079.276,1852015.199
71,81278730.0659,3.7053,78181635.5908,1245079.276,1852015.199
72,80894922.397,3.7732,77797827.9219,1245079.276,1852015.199
73,80511114.728,3.8407,77414020.253,1245079.276,1852015.199
74,80127307.0591,3.9083,77030212.5841,1245079.276,1852015.199
75,79743499.3902,3.9759,76646404.9152,1245079.276,1852015.199
76,79359691.7213,4.0434,76262597.2463,1245079.276,1852015.199
77,78975884.0524,4.111,75878789.5774,1245079.276,1852015.199
78,78592076.3835,4.1789,75494981.9085,1245079.276,1852015.199
79,78208268.7146,4.2467,75111174.2395,1245079.276,1852015.199
80,77930439.0034,4.3147,75483064.2104,860061.9663,1587312.8267
81,77470183.9444,4.3824,75867223.9698,860061.9663,742898.0083
82,76783038.3431,4.4501,75180078.3685,860061.9663,742898.0083
83,76398878.5837,4.5176,74795918.6091,860061.9663,742898.0083
84,76014718.8242,4.5853,74411758.8496,860061.9663,742898.0083
85,75630559.0648,4.6531,74027599.0902,860061.9663,742898.0083
86,75246399.3053,4.7213,73643439.3308,860061.9663,742898.0083
87,74862239.5459,4.7893,73259279.5713,860061.9663,742898.0083
88,74478079.7864,4.8571,72875119.8119,860061.9663,742898.0083
89,74093920.027,4.9249,72490960.0524,860061.9663,742898.0083
90,72656796.2096,4.993,66020140.3493,627093.9065,6009561.9538
91,70524885.634,5.0609,58193213.6567,627093.9065,11704578.0709
92,65636158.9052,5.1287,58099586.0028,627093.9065,6909478.9959
93,64112151.2008,5.1966,54970839.5647,627093.9065,8514217.7297
94,59671585.0592,5.2642,52535560.7883,627093.9065,6508930.3645
95,51842950.2614,5.3323,36881707.4031,627093.9065,14334148.9519
96,47491422.5119,5.3999,40355398.2409,627093.9065,6508930.3645
97,44717731.8844,5.4676,37581707.6135,627093.9065,6508930.3645
98,42712444.5192,5.5354,37581707.6135,627093.9065,4503642.9993
99,34883809.7214,5.6034,21927854.2282,627093.9065,12328861.5867
100,380245426.8291,5.6715,14088575.4698,971167.3697,365185683.9895
101,343953466.7919,5.7394,61096127.5319,971167.3697,281886171.8903
102,328690532.8065,5.8072,61096127.5319,971167.3697,266623237.9049
103,323742562.2839,5.8752,61096127.5319,971167.3697,261675267.3824
104,320232191.3747,5.9433,61096127.5319,971167.3697,258164896.4731
105,317263409.0612,6.0115,61096127.5319,971167.3697,255196114.1596
106,310857709.8745,6.0797,61096127.5319,971167.3697,248790414.9729
107,310138644.0254,6.1483,61096127.5319,252101.5206,248790414.9729
108,309688896.1526,6.217,60646379.6591,252101.5206,248790414.9729
109,309578811.8654,6.2854,60536295.372,252101.5206,248790414.9729
110,542292404.0751,6.3536,30037700.989,217839.05,512036864.0361
111,530155269.215,6.4217,30115918.6099,217839.05,499821511.5551
112,519750559.1109,6.49,86240062.042,217839.05,433292658.0189
113,504963553.476,6.5581,86240062.042,217839.05,418505652.384
114,500821937.2477,6.6263,87188198.2481,217839.05,413415899.9495
115,500610241.9746,6.6948,87188198.2481,217839.05,413204204.6765
116,500576676.447,6.7634,87154632.7205,217839.05,413204204.6765
117,456470314.3762,6.8314,87848912.4647,217839.05,368403562.8615
118,455915942.2949,6.9,87294540.3835,217839.05,368403562.8615
119,448200982.8332,6.9682,87294540.3835,217839.05,360688603.3998
120,448326276.4371,7.0369,86923508.2702,217839.05,361184929.1169
121,437059811.9692,7.1051,86923508.2702,217839.05,349918464.649
122,437005827.1727,7.1743,86869523.4738,217839.05,349918464.649
123,432575248.3364,7.2427,72262035.3613,741641.57,359571571.4051
124,419377389.9596,7.311,72262035.3613,741641.57,346373713.0284
125,419377389.9596,7.3795,72262035.3613,741641.57,346373713.0284
126,419377389.9596,7.4482,72262035.3613,741641.57,346373713.0284
127,371039347.7545,7.4773,237564540.4438,741641.57,132733165.7407
128,355916269.9478,7.5058,251752174.2032,741641.57,103422454.1746
129,355916269.9478,7.5342,251752174.2032,741641.57,103422454.1746
130,360962896.07,7.5628,235151497.1225,741641.57,125069757.3776
131,411864887.1745,7.6327,64749532.5761,741641.57,346373713.0284
132,411784887.1745,7.7014,64749532.5761,661641.57,346373713.0284
133,411706980.5712,7.7717,64671625.9728,661641.57,346373713.0284
134,411706980.5712,7.8406,64671625.9728,661641.57,346373713.0284
135,234502606.089,7.9082,65099751.5832,584040.87,168818813.6358
136,234424699.4858,7.9767,65021844.98,584040.87,168818813.6358
137,152796278.853,8.0446,31369596.6925,584040.87,120842641.2905
138,147085905.9318,8.1129,26153415.9688,584040.87,120348449.093
139,147007999.3285,8.1813,26075509.3655,584040.87,120348449.093
140,145340034.1048,8.2496,22328089.5838,584040.87,122427903.651
141,144550945.3904,8.3179,21539000.8694,584040.87,122427903.651
142,144529240.5725,8.3866,21517296.0515,584040.87,122427903.651
143,144529240.5725,8.456,21517296.0515,584040.87,122427903.651
144,144529240.5725,8.5254,21517296.0515,584040.87,122427903.651
145,129846563.8933,8.5548,85806709.9444,584040.87,43455813.079
146,124896680.0685,8.5832,116898928.6794,985035.75,7012715.6391
147,124896680.0685,8.6116,116898928.6794,985035.75,7012715.6391
148,96622113.3257,8.64,89148164.4566,461233.23,7012715.6391
149,97231502.0357,8.6684,89148164.4566,1070621.94,7012715.6391
150,125271139.619,8.6968,122351673.3965,1178868.2828,1740597.9397
151,24350621.2266,8.7653,23279999.2866,1070621.94,0
152,16855630.618,8.833,16185008.678,670621.94,0
153,13113002.3576,8.9006,12042380.4176,1070621.94,0
154,10160640.0094,8.9685,9090018.0694,1070621.94,0
155,8741641.8877,9.0363,7671019.9477,1070621.94,0
156,7402643.766,9.1041,6252021.826,1150621.94,0
157,6063645.6443,9.1718,4833023.7043,1230621.94,0
158,4748965.3469,9.2397,3518343.4069,1230621.94,0
159,4046129.3841,9.3073,2816502.3241,1229627.06,0
160,29902386.568,9.375,11053215.2637,18849171.3044,0
161,28239730.9148,9.4425,9149225.2104,18849171.3044,241334.4
162,27995774.7438,9.5103,8592346.8594,18849171.3044,554256.58
163,27776170.4622,9.5781,8372742.5778,18849171.3044,554256.58
164,27682852.5638,9.6461,8592346.8594,18849171.3044,241334.4
165,27597355.7267,9.714,8506850.0223,18849171.3044,241334.4
166,27404413.3883,9.7817,8313907.6839,18849171.3044,241334.4
167,27404413.3883,9.8496,8313907.6839,18849171.3044,241334.4
168,27404413.3883,9.9176,8313907.6839,18849171.3044,241334.4
169,13374205.2711,9.9468,10950659.1391,682948.1923,1740597.9397
170,16087374.8841,9.9755,9779285.5265,3167221.1647,3140868.1929
171,16087374.8841,10.004,9779285.5265,3167221.1647,3140868.1929
172,27404413.3883,10.0725,8313907.6839,18849171.3044,241334.4
173,27404413.3883,10.141,8313907.6839,18849171.3044,241334.4
174,27404413.3883,10.2094,8313907.6839,18849171.3044,241334.4
175,16087374.8841,10.2385,9779285.5265,3167221.1647,3140868.1929
176,16087374.8841,10.267,9779285.5265,3167221.1647,3140868.1929
177,16087374.8841,10.2953,9779285.5265,3167221.1647,3140868.1929
178,27163078.9883,10.3635,8313907.6839,18849171.3044,0
179,27163078.9883,10.432,8313907.6839,18849171.3044,0
180,46695582.1825,10.501,3655620.0571,43039962.1255,0
181,12946506.6912,10.53,9779285.5265,3167221.1647,0
182,12946506.6912,10.5583,9779285.5265,3167221.1647,0
183,12946506.6912,10.5865,9779285.5265,3167221.1647,0
184,46695582.1825,10.6553,3655620.0571,43039962.1255,0
185,46695582.1825,10.7239,3655620.0571,43039962.1255,0
186,46695582.1825,10.7924,3655620.0571,43039962.1255,0
187,12946506.6912,10.8216,9779285.5265,3167221.1647,0
188,12946506.6912,10.8502,9779285.5265,3167221.1647,0
189,12946506.6912,10.8786,9779285.5265,3167221.1647,0
190,8053739.5968,10.9468,8053739.5968,0,0
191,8053739.5968,11.0159,8053739.5968,0,0
192,8053739.5968,11.0853,8053739.5968,0,0
193,84233452.6901,11.1161,84233452.6901,0,0
194,84233452.6901,11.1454,84233452.6901,0,0
195,84233452.6901,11.1744,84233452.6901,0,0
196,8053739.5968,11.245,8053739.5968,0,0
197,8053739.5968,11.3154,8053739.5968,0,0
198,8053739.5968,11.3847,8053739.5968,0,0
199,84233452.6901,11.4139,84233452.6901,0,0
200,101768475.86,11.4423,27564213,0,74204262.86
201,75025275,11.4706,75025275,0,0
202,54152860,11.4991,54152860,0,0
203,54152860,11.5272,54152860,0,0
204,54762248.71,11.5554,54152860,609388.71,0
205,4239422.059,11.6231,4239422.059,0,0
206,2849974.2499,11.6906,2849974.2499,0,0
207,1498455.4822,11.7583,1498455.4822,0,0
208,872165.8186,11.8256,872165.8186,0,0
209,350139.2142,11.8931,350139.2142,0,0
210,2379180,11.9609,2379180,0,0
211,1155817,12.0283,1155817,0,0
212,0,12.0956,0,0,0
