1,10412774682,0.03678,8430822405,0,1981952277
2,8700254302,0.059858,7068357625,0,1631896677
3,7760999018,0.082982,6318357625,0,1442641393
4,6981872825,0.10602,5598264325,0,1383608500
5,6228205115,0.13042,4844596615,0,1383608500
6,5508626340,0.15348,4125017840,0,1383608500
7,4885325070,0.17648,3501716570,0,1383608500
8,4458922562,0.19953,3085780830,0,1373141732
9,3409500167,0.22285,2838267045,0,571233122
10,493163257.8427,0.24601,397236410.632,221534.5,95705312.7107
11,439485045.9047,0.26916,343558198.694,221534.5,95705312.7107
12,388434195.9749,0.29227,323184735.912,221534.5,65027925.5629
13,269668470.2695,0.3159,269446935.7695,221534.5,0
14,222566225.1487,0.33924,222344690.6487,221534.5,0
15,177856483.7763,0.36219,177634949.2763,221534.5,0
16,140352619.6684,0.38523,140131085.1684,221534.5,0
17,115087463.1867,0.40843,114865928.6867,221534.5,0
18,99749668.6168,0.43164,99528134.1168,221534.5,0
19,84706647.5654,0.45456,84485113.0654,221534.5,0
20,85466353.9193,0.47776,85244819.4193,221534.5,0
21,71223484.1739,0.50129,71001949.6739,221534.5,0
22,64715392.4058,0.52435,60582407.5058,221534.5,3911450.4
23,58261728.0292,0.54759,53685444.5292,664833.1,3911450.4
24,54350277.6292,0.57066,53685444.5292,664833.1,0
25,51173853.759,0.59351,50509020.659,664833.1,0
26,51173853.759,0.61685,50509020.659,664833.1,0
27,51173853.759,0.64112,50509020.659,664833.1,0
28,193093145,0.69978,103671965,89421180,0
29,95824965,0.75521,6403785,89421180,0
30,42625668.7417,0.81135,547708.7638,42077959.9779,0
31,21952688.1665,0.86644,547708.7638,21404979.4027,0
32,2546336.7066,0.92192,2546336.7066,0,0
33,1516898.1367,0.97723,1516898.1367,0,0
34,547708.7638,1.0322,547708.7638,0,0
35,85590.3518,1.0872,85590.3518,0,0
36,0,1.1427,0,0,0
