1,7.734170875738054e+16,0.039242
2,5.567228325905667e+16,0.047553
3,3.699553242513238e+16,0.055608
4,1.953168319008814e+16,0.063682
5,9789532810908728,0.071789
6,6557004776096478,0.079835
7,5185759538907080,0.087864
8,5185759538907080,0.095905
9,5861863553766594,0.10432
10,5185759538907080,0.11337
11,5185759538907080,0.12155
12,5861863553766594,0.12959
13,5185759538907080,0.13836
14,5185759538907080,0.14662
15,5861863553766594,0.15466
16,5185759538907080,0.16339
17,5185759538907080,0.17162
18,5861863553766594,0.17968
19,5185759538907080,0.18843
20,5185759538907080,0.19663
21,5861863553766594,0.2047
22,5185759538907080,0.21341
23,5185759538907080,0.22162
24,5861863553766594,0.22969
25,5185759538907080,0.23841
26,5185759538907080,0.24674
27,5861863553766594,0.25479
28,5185759538907080,0.26347
29,5185759538907080,0.27171
30,5861863553766594,0.27977
31,5185759538907080,0.28847
32,5185759538907080,0.29666
33,5861863553766594,0.30475
34,5185759538907080,0.31345
35,5185759538907080,0.32168
36,5861863553766594,0.33015
37,5185759538907080,0.33917
38,5185759538907080,0.34744
39,5861863553766594,0.3555
40,5185759538907080,0.36416
41,5185759538907080,0.37244
42,5861863553766594,0.38051
43,5185759538907080,0.38924
44,5185759538907080,0.3975
45,5861863553766594,0.40556
46,5185759538907080,0.41421
47,5185759538907080,0.42244
48,5861863553766594,0.4305
49,5185759538907080,0.43918
50,5185759538907080,0.44742
51,5861863553766594,0.45548
52,5185759538907080,0.46414
53,5185759538907080,0.4724
54,5861863553766594,0.48048
55,5185759538907080,0.48924
56,5185759538907080,0.49785
57,5861863553766594,0.50601
58,5185759538907080,0.51483
59,5185759538907080,0.52344
60,5861863553766594,0.5316
61,5185759538907080,0.54043
62,5185759538907080,0.5491
63,5861863553766594,0.55731
64,5185759538907080,0.56609
65,5185759538907080,0.5748
66,5861863553766594,0.58298
67,5185759538907080,0.59176
68,5185759538907080,0.60045
69,5861863553766594,0.60865
70,5185759538907080,0.61754
71,5185759538907080,0.62636
72,5861863553766594,0.63487
73,5185759538907080,0.64404
74,5185759538907080,0.65286
75,5861863553766594,0.66108
76,5185759538907080,0.67021
77,5185759538907080,0.67915
78,5861863553766594,0.68746
79,5185759538907080,0.69665
80,5185759538907080,0.70546
81,5861863553766594,0.7137
82,5185759538907080,0.72279
83,5185759538907080,0.73162
84,5861863553766594,0.73988
85,5185759538907080,0.74904
86,5185759538907080,0.75771
87,5861863553766594,0.76602
88,5185759538907080,0.77527
89,5185759538907080,0.78405
90,5861863553766594,0.79268
91,5185759538907080,0.80189
92,5185759538907080,0.81054
93,5861863553766594,0.81886
94,5185759538907080,0.82799
95,5185759538907080,0.83656
96,5861863553766594,0.84482
97,5185759538907080,0.85404
98,5185759538907080,0.86265
99,5861863553766594,0.871
100,5185759538907080,0.88023
101,5185759538907080,0.88897
102,5861863553766594,0.89748
103,5185759538907080,0.90653
104,5185759538907080,0.91522
105,5861863553766594,0.92373
106,5185759538907080,0.93276
107,5185759538907080,0.94145
108,5861863553766594,0.94999
109,5185759538907080,0.959
110,5185759538907080,0.96772
111,5861863553766594,0.97615
112,5185759538907080,0.98524
113,5185759538907080,0.99394
114,5861863553766594,1.0024
115,5185759538907080,1.0115
116,5185759538907080,1.02
117,5861863553766594,1.0283
118,5185759538907080,1.0373
119,5185759538907080,1.046
120,5861863553766594,1.0544
121,5185759538907080,1.0635
122,5185759538907080,1.0722
123,5861863553766594,1.0807
124,5185759538907080,1.0897
125,5185759538907080,1.0984
126,5861863553766594,1.1067
127,5185759538907080,1.1157
128,5185759538907080,1.1244
129,5861863553766594,1.1326
130,5185759538907080,1.1416
131,5185759538907080,1.1506
132,5861863553766594,1.1591
133,5185759538907080,1.1681
134,5185759538907080,1.1768
135,5861863553766594,1.1853
136,5185759538907080,1.1943
137,5185759538907080,1.2027
138,5861863553766594,1.211
139,5185759538907080,1.22
140,5185759538907080,1.2284
141,5861863553766594,1.2367
142,5185759538907080,1.2459
143,5185759538907080,1.2546
144,5861863553766594,1.2631
145,5185759538907080,1.2721
146,5185759538907080,1.2807
147,5861863553766594,1.2892
148,5185759538907080,1.2982
149,5185759538907080,1.3067
150,5861863553766594,1.3149
151,5185759538907080,1.3242
152,5185759538907080,1.3328
153,5861863553766594,1.3412
154,5185759538907080,1.3507
155,5185759538907080,1.3594
156,5861863553766594,1.368
157,5185759538907080,1.3772
158,5185759538907080,1.3859
159,5861863553766594,1.3944
160,5185759538907080,1.4034
161,5185759538907080,1.4121
162,5861863553766594,1.4206
163,5185759538907080,1.4296
164,5185759538907080,1.4383
165,5861863553766594,1.4468
166,5185759538907080,1.4558
167,5185759538907080,1.4645
168,5861863553766594,1.473
169,5185759538907080,1.482
170,5185759538907080,1.4906
171,5861863553766594,1.4992
172,5185759538907080,1.5082
173,5185759538907080,1.5168
174,5861863553766594,1.5254
175,5185759538907080,1.5344
176,5185759538907080,1.5431
177,5861863553766594,1.5516
178,5185759538907080,1.5606
179,5185759538907080,1.5693
180,5861863553766594,1.5778
181,5185759538907080,1.5868
182,5185759538907080,1.5953
183,5861863553766594,1.6034
184,5185759538907080,1.6124
185,5185759538907080,1.6209
186,5861863553766594,1.6291
187,5185759538907080,1.6381
188,5185759538907080,1.6468
189,5861863553766594,1.6553
190,5185759538907080,1.6643
191,5185759538907080,1.6729
192,5861863553766594,1.6812
193,5185759538907080,1.6901
194,5185759538907080,1.6986
195,5861863553766594,1.7068
196,5185759538907080,1.7158
197,5185759538907080,1.7242
198,5861863553766594,1.7325
199,5185759538907080,1.7415
200,5185759538907080,1.7499
201,5861863553766594,1.7582
202,5185759538907080,1.7672
203,5185759538907080,1.7758
204,5861863553766594,1.7843
205,5185759538907080,1.7934
206,5185759538907080,1.8021
207,5861863553766594,1.8104
208,5185759538907080,1.8193
209,5185759538907080,1.8278
210,5861863553766594,1.836
211,5185759538907080,1.8451
212,5185759538907080,1.8538
213,5861863553766594,1.8619
214,5185759538907080,1.8712
215,5185759538907080,1.8797
216,5861863553766594,1.888
217,5185759538907080,1.897
218,5185759538907080,1.9056
219,5861863553766594,1.9139
220,5185759538907080,1.9228
221,5185759538907080,1.9313
222,5861863553766594,1.9395
223,5185759538907080,1.9486
224,5185759538907080,1.9572
225,5861863553766594,1.9655
226,5185759538907080,1.9746
227,5185759538907080,1.9831
228,5861863553766594,1.9915
229,5185759538907080,2.0005
230,5185759538907080,2.0091
231,5861863553766594,2.0176
232,5185759538907080,2.0265
233,5185759538907080,2.0352
234,5861863553766594,2.0437
235,5185759538907080,2.0527
236,5185759538907080,2.0613
237,5861863553766594,2.0698
238,5185759538907080,2.0788
239,5185759538907080,2.0873
240,5861863553766594,2.0956
241,5185759538907080,2.1047
242,5185759538907080,2.1133
243,5861863553766594,2.1217
244,5185759538907080,2.1306
245,5185759538907080,2.1392
246,5861863553766594,2.1476
247,5185759538907080,2.1563
248,5185759538907080,2.1647
249,5861863553766594,2.173
250,5185759538907080,2.1821
251,5185759538907080,2.1907
252,5861863553766594,2.1989
253,5185759538907080,2.2077
254,5185759538907080,2.2161
255,5861863553766594,2.2243
256,5185759538907080,2.2331
257,5185759538907080,2.2415
258,5861863553766594,2.2499
259,5185759538907080,2.2586
260,5185759538907080,2.267
261,5861863553766594,2.2752
262,5185759538907080,2.284
263,5185759538907080,2.2924
264,5861863553766594,2.3007
265,5185759538907080,2.3094
266,5185759538907080,2.3178
267,5861863553766594,2.3261
268,5185759538907080,2.3349
269,5185759538907080,2.3433
270,5861863553766594,2.3517
271,5185759538907080,2.361
272,5185759538907080,2.3696
273,5861863553766594,2.3779
274,5185759538907080,2.3867
275,5185759538907080,2.395
276,5861863553766594,2.4032
277,5185759538907080,2.412
278,5185759538907080,2.4204
279,5861863553766594,2.4285
280,5185759538907080,2.4372
281,5185759538907080,2.4455
282,5861863553766594,2.4536
283,5185759538907080,2.4624
284,5185759538907080,2.4708
285,5861863553766594,2.4789
286,5185759538907080,2.4877
287,5185759538907080,2.496
288,5861863553766594,2.5041
289,5185759538907080,2.5128
290,5185759538907080,2.5212
291,5861863553766594,2.5293
292,5185759538907080,2.5381
293,5185759538907080,2.5465
294,5861863553766594,2.5548
295,5185759538907080,2.5636
296,5185759538907080,2.5719
297,5861863553766594,2.58
298,5185759538907080,2.5888
299,5185759538907080,2.5972
300,5861863553766594,2.6054
301,5185759538907080,2.6141
302,5185759538907080,2.6226
303,5861863553766594,2.6307
304,5185759538907080,2.6394
305,5185759538907080,2.6479
306,5861863553766594,2.6561
307,5185759538907080,2.6648
308,5185759538907080,2.6732
309,5861863553766594,2.6815
310,5185759538907080,2.6903
311,5185759538907080,2.6987
312,5861863553766594,2.7069
313,5185759538907080,2.7157
314,5185759538907080,2.724
315,5861863553766594,2.7321
316,5185759538907080,2.7408
317,5185759538907080,2.7493
318,5861863553766594,2.7575
319,5185759538907080,2.7663
320,5185759538907080,2.7746
321,5861863553766594,2.7827
322,5185759538907080,2.7915
323,5185759538907080,2.7998
324,5861863553766594,2.8081
325,5185759538907080,2.8168
326,5185759538907080,2.8251
327,5861863553766594,2.8332
328,5185759538907080,2.8419
329,5185759538907080,2.8504
330,5861863553766594,2.8587
331,5185759538907080,2.8674
332,5185759538907080,2.8758
333,5861863553766594,2.8838
334,5185759538907080,2.8926
335,5185759538907080,2.901
336,5861863553766594,2.9091
337,5185759538907080,2.9179
338,5185759538907080,2.9261
339,5861863553766594,2.9343
340,5185759538907080,2.9431
341,5185759538907080,2.9514
342,5861863553766594,2.9595
343,5185759538907080,2.9682
344,5185759538907080,2.9765
345,5861863553766594,2.9846
346,5185759538907080,2.9934
347,5185759538907080,3.0018
348,5861863553766594,3.0101
349,5185759538907080,3.0188
350,5185759538907080,3.0271
351,5861863553766594,3.0352
352,5185759538907080,3.044
353,5185759538907080,3.0523
354,5861863553766594,3.0604
355,5185759538907080,3.0691
356,5185759538907080,3.0776
357,5861863553766594,3.0858
358,5185759538907080,3.0946
359,5185759538907080,3.103
360,5861863553766594,3.1111
361,5185759538907080,3.1198
362,5185759538907080,3.1281
363,5861863553766594,3.1362
364,5185759538907080,3.145
365,5185759538907080,3.1534
366,5861863553766594,3.1615
367,5185759538907080,3.1703
368,5185759538907080,3.1786
369,5861863553766594,3.1867
370,5185759538907080,3.1955
371,5185759538907080,3.2039
372,5861863553766594,3.2121
373,5185759538907080,3.2209
374,5185759538907080,3.2294
375,5861863553766594,3.2376
376,5185759538907080,3.2465
377,5185759538907080,3.2549
378,5861863553766594,3.2629
379,5185759538907080,3.2719
380,5185759538907080,3.2802
381,5861863553766594,3.2883
382,5185759538907080,3.2971
383,5185759538907080,3.3054
384,5861863553766594,3.3135
385,5185759538907080,3.3222
386,5185759538907080,3.3306
387,5861863553766594,3.3388
388,5185759538907080,3.3475
389,5185759538907080,3.3559
390,5861863553766594,3.3642
391,5185759538907080,3.3729
392,5185759538907080,3.3814
393,5861863553766594,3.3896
394,5185759538907080,3.3984
395,5185759538907080,3.4067
396,5861863553766594,3.4148
397,5185759538907080,3.4236
398,5185759538907080,3.4319
399,5861863553766594,3.44
400,5185759538907080,3.4487
401,5185759538907080,3.4571
402,5861863553766594,3.4652
403,5185759538907080,3.4739
404,5185759538907080,3.4823
405,5861863553766594,3.4904
406,5185759538907080,3.4992
407,5185759538907080,3.5076
408,5861863553766594,3.5158
409,5185759538907080,3.5246
410,5185759538907080,3.533
411,5861863553766594,3.5413
412,5185759538907080,3.5501
413,5185759538907080,3.5585
414,5861863553766594,3.5668
415,5185759538907080,3.5758
416,5185759538907080,3.5843
417,5861863553766594,3.5926
418,5185759538907080,3.6015
419,5185759538907080,3.6098
420,5861863553766594,3.618
421,5185759538907080,3.627
422,5185759538907080,3.6355
423,5861863553766594,3.6437
424,5185759538907080,3.6528
425,5185759538907080,3.6614
426,5861863553766594,3.6696
427,5185759538907080,3.6787
428,5185759538907080,3.6874
429,5861863553766594,3.6958
430,5185759538907080,3.7049
431,5185759538907080,3.7135
432,5861863553766594,3.7218
433,5185759538907080,3.7308
434,5185759538907080,3.7395
435,5861863553766594,3.7477
436,5185759538907080,3.7567
437,5185759538907080,3.7654
438,5861863553766594,3.7736
439,5185759538907080,3.7826
440,5185759538907080,3.7912
441,5861863553766594,3.7997
442,5185759538907080,3.8087
443,5185759538907080,3.8173
444,5861863553766594,3.8258
445,5185759538907080,3.8348
446,5185759538907080,3.8433
447,5861863553766594,3.8516
448,5185759538907080,3.8606
449,5185759538907080,3.8691
450,5861863553766594,3.8773
451,5185759538907080,3.8863
452,5185759538907080,3.895
453,5861863553766594,3.9035
454,5185759538907080,3.9125
455,5185759538907080,3.9211
456,5861863553766594,3.9296
457,5185759538907080,3.9386
458,5185759538907080,3.9473
459,5861863553766594,3.9558
460,5185759538907080,3.9648
461,5185759538907080,3.9735
462,5861863553766594,3.9819
463,5185759538907080,3.9909
464,5185759538907080,3.9996
465,5861863553766594,4.0081
466,5185759538907080,4.017
467,5185759538907080,4.0255
468,5861863553766594,4.0338
469,5185759538907080,4.0428
470,5185759538907080,4.0515
471,5861863553766594,4.0599
472,5185759538907080,4.0689
473,5185759538907080,4.0774
474,5861863553766594,4.0857
475,5185759538907080,4.0947
476,5185759538907080,4.1033
477,5861863553766594,4.1118
478,5185759538907080,4.1208
479,5185759538907080,4.1292
480,5861863553766594,4.1374
481,5185759538907080,4.1467
482,5185759538907080,4.1553
483,5861863553766594,4.1638
484,5185759538907080,4.1728
485,5185759538907080,4.1815
486,5861863553766594,4.19
487,5185759538907080,4.199
488,5185759538907080,4.2076
489,5861863553766594,4.2161
490,5185759538907080,4.2251
491,5185759538907080,4.2338
492,5861863553766594,4.2423
493,5185759538907080,4.2514
494,5185759538907080,4.2599
495,5861863553766594,4.2681
496,5185759538907080,4.2771
497,5185759538907080,4.2856
498,5861863553766594,4.2938
499,5185759538907080,4.3028
500,5185759538907080,4.3115
501,5861863553766594,4.32
502,5185759538907080,4.3291
503,5185759538907080,4.3375
504,5861863553766594,4.3458
505,5185759538907080,4.3548
506,5185759538907080,4.3633
507,5861863553766594,4.3715
508,5185759538907080,4.3805
509,5185759538907080,4.389
510,5861863553766594,4.3972
511,5185759538907080,4.4062
512,5185759538907080,4.4146
513,5861863553766594,4.4229
514,5185759538907080,4.4319
515,5185759538907080,4.4403
516,5861863553766594,4.4486
517,5185759538907080,4.4577
518,5185759538907080,4.4663
519,5861863553766594,4.4748
520,5185759538907080,4.4838
521,5185759538907080,4.4925
522,5861863553766594,4.501
523,5185759538907080,4.51
524,5185759538907080,4.5187
525,5861863553766594,4.5272
526,5185759538907080,4.5362
527,5185759538907080,4.5448
528,5861863553766594,4.5533
529,5185759538907080,4.5623
530,5185759538907080,4.571
531,5861863553766594,4.5795
532,5185759538907080,4.5885
533,5185759538907080,4.5972
534,5861863553766594,4.6057
535,5185759538907080,4.6147
536,5185759538907080,4.6233
537,5861863553766594,4.6318
538,5185759538907080,4.6409
539,5185759538907080,4.6495
540,5861863553766594,4.658
541,5185759538907080,4.667
542,5185759538907080,4.6757
543,5861863553766594,4.6842
544,5185759538907080,4.6932
545,5185759538907080,4.7019
546,5861863553766594,4.7104
547,5185759538907080,4.7194
548,5185759538907080,4.7277
549,5861863553766594,4.7358
550,5185759538907080,4.7448
551,5185759538907080,4.7535
552,5861863553766594,4.762
553,5185759538907080,4.771
554,5185759538907080,4.7796
555,5861863553766594,4.7882
556,5185759538907080,4.7973
557,5185759538907080,4.8057
558,5861863553766594,4.8138
559,5185759538907080,4.8229
560,5185759538907080,4.8313
561,5861863553766594,4.8394
562,5185759538907080,4.8485
563,5185759538907080,4.857
564,5861863553766594,4.8652
565,5185759538907080,4.8743
566,5185759538907080,4.8828
567,5861863553766594,4.8911
568,5185759538907080,4.9001
569,5185759538907080,4.9088
570,5861863553766594,4.9173
571,5185759538907080,4.9263
572,5185759538907080,4.9348
573,5861863553766594,4.9431
574,5185759538907080,4.9522
575,5185759538907080,4.9606
576,5861863553766594,4.9689
577,5185759538907080,4.9779
578,5185759538907080,4.9865
579,5861863553766594,4.995
580,5185759538907080,5.0041
581,5185759538907080,5.0127
582,5861863553766594,5.0212
583,5185759538907080,5.0302
584,5185759538907080,5.0387
585,5861863553766594,5.047
586,5185759538907080,5.056
587,5185759538907080,5.0645
588,5861863553766594,5.0728
589,5185759538907080,5.0818
590,5185759538907080,5.0903
591,5861863553766594,5.0985
592,5185759538907080,5.1075
593,5185759538907080,5.1161
594,5861863553766594,5.1246
595,5185759538907080,5.1338
596,5185759538907080,5.1424
597,5861863553766594,5.1507
598,5185759538907080,5.1597
599,5185759538907080,5.1682
600,5861863553766594,5.1764
601,5185759538907080,5.1855
602,5185759538907080,5.1941
603,5861863553766594,5.2026
604,5185759538907080,5.2117
605,5185759538907080,5.2203
606,5861863553766594,5.2288
607,5185759538907080,5.2378
608,5185759538907080,5.2466
609,5861863553766594,5.255
610,5185759538907080,5.264
611,5185759538907080,5.2725
612,5861863553766594,5.2807
613,5185759538907080,5.2897
614,5185759538907080,5.2984
615,5861863553766594,5.3069
616,5185759538907080,5.3159
617,5185759538907080,5.3245
618,5861863553766594,5.333
619,5185759538907080,5.342
620,5185759538907080,5.3507
621,5861863553766594,5.3594
622,5185759538907080,5.3686
623,5185759538907080,5.3769
624,5861863553766594,5.385
625,5185759538907080,5.3937
626,5185759538907080,5.4021
627,5861863553766594,5.4102
628,5185759538907080,5.419
629,5185759538907080,5.4273
630,5861863553766594,5.4353
631,5185759538907080,5.4441
632,5185759538907080,5.4526
633,5861863553766594,5.4608
634,5185759538907080,5.4696
635,5185759538907080,5.4781
636,5861863553766594,5.4864
637,5185759538907080,5.4951
638,5185759538907080,5.5034
639,5861863553766594,5.5115
640,5185759538907080,5.5202
641,5185759538907080,5.5287
642,5861863553766594,5.5369
643,5185759538907080,5.5457
644,5185759538907080,5.554
645,5861863553766594,5.562
646,5185759538907080,5.5708
647,5185759538907080,5.5792
648,5861863553766594,5.5875
649,5185759538907080,5.5962
650,5185759538907080,5.6046
651,5861863553766594,5.6127
652,5185759538907080,5.6214
653,5185759538907080,5.6299
654,5861863553766594,5.6381
655,5185759538907080,5.6469
656,5185759538907080,5.6553
657,5861863553766594,5.6636
658,5185759538907080,5.6724
659,5185759538907080,5.6808
660,5861863553766594,5.6891
661,5185759538907080,5.6978
662,5185759538907080,5.7062
663,5861863553766594,5.7142
664,5185759538907080,5.723
665,5185759538907080,5.7313
666,5861863553766594,5.7394
667,5185759538907080,5.7482
668,5185759538907080,5.7566
669,5861863553766594,5.7649
670,5185759538907080,5.7737
671,5185759538907080,5.7821
672,5861863553766594,5.7904
673,5185759538907080,5.7992
674,5185759538907080,5.8076
675,5861863553766594,5.8159
676,5185759538907080,5.8246
677,5185759538907080,5.8331
678,5861863553766594,5.8413
679,5185759538907080,5.8502
680,5185759538907080,5.8586
681,5861863553766594,5.8668
682,5185759538907080,5.8756
683,5185759538907080,5.884
684,5861863553766594,5.8921
685,5185759538907080,5.9009
686,5185759538907080,5.9092
687,5861863553766594,5.9173
688,5185759538907080,5.926
689,5185759538907080,5.9345
690,5861863553766594,5.9428
691,5185759538907080,5.9516
692,5185759538907080,5.96
693,5861863553766594,5.9683
694,5185759538907080,5.9771
695,5185759538907080,5.9854
696,5861863553766594,5.9935
697,5185759538907080,6.0023
698,5185759538907080,6.0106
699,5861863553766594,6.0187
700,5185759538907080,6.0275
701,5185759538907080,6.0357
702,5861863553766594,6.0438
703,5185759538907080,6.0527
704,5185759538907080,6.0611
705,5861863553766594,6.0694
706,5185759538907080,6.0781
707,5185759538907080,6.0865
708,5861863553766594,6.0948
709,5185759538907080,6.1036
710,5185759538907080,6.112
711,5861863553766594,6.1203
712,5185759538907080,6.129
713,5185759538907080,6.1373
714,5861863553766594,6.1454
715,5185759538907080,6.1541
716,5185759538907080,6.1626
717,5861863553766594,6.1709
718,5185759538907080,6.1797
719,5185759538907080,6.1881
720,5861863553766594,6.1964
721,5185759538907080,6.2052
722,5185759538907080,6.2135
723,5861863553766594,6.2216
724,5185759538907080,6.2304
725,5185759538907080,6.2387
726,5861863553766594,6.2469
727,5185759538907080,6.2556
728,5185759538907080,6.2639
729,5861863553766594,6.272
730,5185759538907080,6.2807
731,5185759538907080,6.289
732,5861863553766594,6.297
733,5185759538907080,6.3058
734,5185759538907080,6.3141
735,5861863553766594,6.3222
736,5185759538907080,6.331
737,5185759538907080,6.3393
738,5861863553766594,6.3473
739,5185759538907080,6.3561
740,5185759538907080,6.3644
741,5861863553766594,6.3724
742,5185759538907080,6.3812
743,5185759538907080,6.3895
744,5861863553766594,6.3977
745,5185759538907080,6.4064
746,5185759538907080,6.4147
747,5861863553766594,6.4228
748,5185759538907080,6.4316
749,5185759538907080,6.4398
750,5861863553766594,6.4479
751,5185759538907080,6.4567
752,5185759538907080,6.4649
753,5861863553766594,6.473
754,5185759538907080,6.4818
755,5185759538907080,6.4901
756,5861863553766594,6.4982
757,5185759538907080,6.5069
758,5185759538907080,6.5151
759,5861863553766594,6.5232
760,5185759538907080,6.532
761,5185759538907080,6.5402
762,5861863553766594,6.5483
763,5185759538907080,6.5571
764,5185759538907080,6.5654
765,5861863553766594,6.5736
766,5185759538907080,6.5824
767,5185759538907080,6.5907
768,5861863553766594,6.5988
769,5185759538907080,6.6076
770,5185759538907080,6.616
771,5861863553766594,6.6243
772,5185759538907080,6.6349
773,5185759538907080,6.6435
774,5861863553766594,6.6518
775,5185759538907080,6.6606
776,5185759538907080,6.6688
777,5861863553766594,6.6769
778,5185759538907080,6.6857
779,5185759538907080,6.6941
780,5861863553766594,6.7024
781,5185759538907080,6.7112
782,5185759538907080,6.7194
783,5861863553766594,6.7275
784,5185759538907080,6.7363
785,5185759538907080,6.7447
786,5861863553766594,6.753
787,5185759538907080,6.7617
788,5185759538907080,6.77
789,5861863553766594,6.7781
790,5185759538907080,6.7869
791,5185759538907080,6.7954
792,5861863553766594,6.8037
793,5185759538907080,6.8126
794,5185759538907080,6.8208
795,5861863553766594,6.8289
796,5185759538907080,6.8377
797,5185759538907080,6.8461
798,5861863553766594,6.8544
799,5185759538907080,6.8632
800,5185759538907080,6.8715
801,5861863553766594,6.8796
802,5185759538907080,6.8884
803,5185759538907080,6.8968
804,5861863553766594,6.9051
805,5185759538907080,6.9139
806,5185759538907080,6.9221
807,5861863553766594,6.9302
808,5185759538907080,6.939
809,5185759538907080,6.9474
810,5861863553766594,6.9557
811,5185759538907080,6.9644
812,5185759538907080,6.9727
813,5861863553766594,6.9808
814,5185759538907080,6.9896
815,5185759538907080,6.998
816,5861863553766594,7.0063
817,5185759538907080,7.015
818,5185759538907080,7.0233
819,5861863553766594,7.0314
820,5185759538907080,7.0402
821,5185759538907080,7.0486
822,5861863553766594,7.0568
823,5185759538907080,7.0656
824,5185759538907080,7.0738
825,5861863553766594,7.0819
826,5185759538907080,7.0908
827,5185759538907080,7.0993
828,5861863553766594,7.1075
829,5185759538907080,7.1162
830,5185759538907080,7.1245
831,5861863553766594,7.1326
832,5185759538907080,7.1414
833,5185759538907080,7.1501
834,5861863553766594,7.1583
835,5185759538907080,7.167
836,5185759538907080,7.1753
837,5861863553766594,7.1834
838,5185759538907080,7.1921
839,5185759538907080,7.2006
840,5861863553766594,7.2088
841,5185759538907080,7.2175
842,5185759538907080,7.2258
843,5861863553766594,7.2339
844,5185759538907080,7.2427
845,5185759538907080,7.2512
846,5861863553766594,7.2594
847,5185759538907080,7.2682
848,5185759538907080,7.2765
849,5861863553766594,7.2846
850,5185759538907080,7.2934
851,5185759538907080,7.3018
852,5861863553766594,7.31
853,5185759538907080,7.3188
854,5185759538907080,7.3271
855,5861863553766594,7.3352
856,5185759538907080,7.344
857,5185759538907080,7.3525
858,5861863553766594,7.3606
859,5185759538907080,7.3694
860,5185759538907080,7.3777
861,5861863553766594,7.3858
862,5185759538907080,7.3946
863,5185759538907080,7.403
864,5861863553766594,7.4112
865,5185759538907080,7.42
866,5185759538907080,7.4283
867,5861863553766594,7.4364
868,5185759538907080,7.4451
869,5185759538907080,7.4536
870,5861863553766594,7.4617
871,5185759538907080,7.4705
872,5185759538907080,7.4788
873,5861863553766594,7.4869
874,5185759538907080,7.4957
875,5185759538907080,7.5042
876,5861863553766594,7.5123
877,5185759538907080,7.5211
878,5185759538907080,7.5294
879,5861863553766594,7.5375
880,5185759538907080,7.5463
881,5185759538907080,7.5546
882,5861863553766594,7.5627
883,5185759538907080,7.5715
884,5185759538907080,7.5798
885,5861863553766594,7.5879
886,5185759538907080,7.5967
887,5185759538907080,7.605
888,5861863553766594,7.6131
889,5185759538907080,7.6219
890,5185759538907080,7.6303
891,5861863553766594,7.6385
892,5185759538907080,7.6472
893,5185759538907080,7.6556
894,5861863553766594,7.6637
895,5185759538907080,7.6725
896,5185759538907080,7.6808
897,5861863553766594,7.6889
898,5185759538907080,7.6977
899,5185759538907080,7.706
900,5861863553766594,7.7141
901,5185759538907080,7.7229
902,5185759538907080,7.7313
903,5861863553766594,7.7395
904,5185759538907080,7.7483
905,5185759538907080,7.7567
906,5861863553766594,7.7648
907,5185759538907080,7.7736
908,5185759538907080,7.7821
909,5861863553766594,7.7903
910,5185759538907080,7.7992
911,5185759538907080,7.8076
912,5861863553766594,7.8157
913,5185759538907080,7.8246
914,5185759538907080,7.8329
915,5861863553766594,7.841
916,5185759538907080,7.8498
917,5185759538907080,7.8581
918,5861863553766594,7.8662
919,5185759538907080,7.8749
920,5185759538907080,7.8832
921,5861863553766594,7.8913
922,5185759538907080,7.9001
923,5185759538907080,7.9084
924,5861863553766594,7.9165
925,5185759538907080,7.9253
926,5185759538907080,7.9336
927,5861863553766594,7.9417
928,5185759538907080,7.9505
929,5185759538907080,7.9588
930,5861863553766594,7.9669
931,5185759538907080,7.9757
932,5185759538907080,7.984
933,5861863553766594,7.9921
934,5185759538907080,8.0009
935,5185759538907080,8.0091
936,5861863553766594,8.0172
937,5185759538907080,8.026
938,5185759538907080,8.0343
939,5861863553766594,8.0424
940,5185759538907080,8.0512
941,5185759538907080,8.0595
942,5861863553766594,8.0676
943,5185759538907080,8.0763
944,5185759538907080,8.0846
945,5861863553766594,8.0927
946,5185759538907080,8.1015
947,5185759538907080,8.1097
948,5861863553766594,8.1178
949,5185759538907080,8.1266
950,5185759538907080,8.1349
951,5861863553766594,8.143
952,5185759538907080,8.1518
953,5185759538907080,8.1601
954,5861863553766594,8.1681
955,5185759538907080,8.1769
956,5185759538907080,8.1852
957,5861863553766594,8.1933
958,5185759538907080,8.202
959,5185759538907080,8.2103
960,5861863553766594,8.2184
961,5185759538907080,8.2272
962,5185759538907080,8.2355
963,5861863553766594,8.2436
964,5185759538907080,8.2525
965,5185759538907080,8.2608
966,5861863553766594,8.2689
967,5185759538907080,8.2776
968,5185759538907080,8.2859
969,5861863553766594,8.294
970,5185759538907080,8.3028
971,5185759538907080,8.3111
972,5861863553766594,8.3192
973,5185759538907080,8.3279
974,5185759538907080,8.3362
975,5861863553766594,8.3443
976,5185759538907080,8.3532
977,5185759538907080,8.3622
978,5861863553766594,8.3704
979,5185759538907080,8.3792
980,5185759538907080,8.3875
981,5861863553766594,8.3956
982,5185759538907080,8.4044
983,5185759538907080,8.4127
984,5861863553766594,8.4208
985,5185759538907080,8.4295
986,5185759538907080,8.4378
987,5861863553766594,8.4459
988,5185759538907080,8.4547
989,5185759538907080,8.463
990,5861863553766594,8.4711
991,5185759538907080,8.4798
992,5185759538907080,8.4881
993,5861863553766594,8.4962
994,5185759538907080,8.505
995,5185759538907080,8.5132
996,5861863553766594,8.5213
997,5185759538907080,8.5301
998,5185759538907080,8.5384
999,5861863553766594,8.5465
1000,5185759538907080,8.5553
1001,5185759538907080,8.5636
1002,5861863553766594,8.5716
1003,5185759538907080,8.5804
1004,5185759538907080,8.5887
1005,5861863553766594,8.5968
1006,5185759538907080,8.6055
1007,5185759538907080,8.6138
1008,5861863553766594,8.6219
1009,5185759538907080,8.6307
1010,5185759538907080,8.639
1011,5861863553766594,8.6471
1012,5185759538907080,8.6559
1013,5185759538907080,8.6641
1014,5861863553766594,8.6722
1015,5185759538907080,8.681
1016,5185759538907080,8.6893
1017,5861863553766594,8.6974
1018,5185759538907080,8.7061
1019,5185759538907080,8.7144
1020,5861863553766594,8.7225
1021,5185759538907080,8.7313
1022,5185759538907080,8.7396
1023,5861863553766594,8.7477
1024,5185759538907080,8.7565
1025,5185759538907080,8.7647
1026,5861863553766594,8.7728
1027,5185759538907080,8.7816
1028,5185759538907080,8.7901
1029,5861863553766594,8.7982
1030,5185759538907080,8.8071
1031,5185759538907080,8.8154
1032,5861863553766594,8.8235
1033,5185759538907080,8.8324
1034,5185759538907080,8.8407
1035,5861863553766594,8.8488
1036,5185759538907080,8.8577
1037,5185759538907080,8.8659
1038,5861863553766594,8.874
1039,5185759538907080,8.8828
1040,5185759538907080,8.8911
1041,5861863553766594,8.8992
1042,5185759538907080,8.908
1043,5185759538907080,8.9164
1044,5861863553766594,8.9247
1045,5185759538907080,8.9335
1046,5185759538907080,8.9418
1047,5861863553766594,8.9499
1048,5185759538907080,8.9586
1049,5185759538907080,8.9669
1050,5861863553766594,8.975
1051,5185759538907080,8.9838
1052,5185759538907080,8.9921
1053,5861863553766594,9.0001
1054,5185759538907080,9.0089
1055,5185759538907080,9.0172
1056,5861863553766594,9.0253
1057,5185759538907080,9.0341
1058,5185759538907080,9.0424
1059,5861863553766594,9.0504
1060,5185759538907080,9.0593
1061,5185759538907080,9.0675
1062,5861863553766594,9.0757
1063,5185759538907080,9.0845
1064,5185759538907080,9.0929
1065,5861863553766594,9.1012
1066,5185759538907080,9.11
1067,5185759538907080,9.1184
1068,5861863553766594,9.1267
1069,5185759538907080,9.1355
1070,5185759538907080,9.1439
1071,5861863553766594,9.1522
1072,5185759538907080,9.161
1073,5185759538907080,9.1693
1074,5861863553766594,9.1773
1075,5185759538907080,9.1862
1076,5185759538907080,9.1944
1077,5861863553766594,9.2026
1078,5185759538907080,9.2114
1079,5185759538907080,9.2199
1080,5861863553766594,9.2281
1081,5185759538907080,9.2369
1082,5185759538907080,9.2455
1083,5861863553766594,9.2537
1084,5185759538907080,9.2626
1085,5185759538907080,9.271
1086,5861863553766594,9.2793
1087,5185759538907080,9.2881
1088,5185759538907080,9.2965
1089,5861863553766594,9.3048
1090,5185759538907080,9.3136
1091,5185759538907080,9.3219
1092,5861863553766594,9.33
1093,5185759538907080,9.3388
1094,5185759538907080,9.3472
1095,5861863553766594,9.3555
1096,5185759538907080,9.3643
1097,5185759538907080,9.3726
1098,5861863553766594,9.3806
1099,5185759538907080,9.3895
1100,5185759538907080,9.3978
1101,5861863553766594,9.4059
1102,5185759538907080,9.4147
1103,5185759538907080,9.423
1104,5861863553766594,9.431
1105,5185759538907080,9.4399
1106,5185759538907080,9.4482
1107,5861863553766594,9.4562
1108,5185759538907080,9.465
1109,5185759538907080,9.4733
1110,5861863553766594,9.4813
1111,5185759538907080,9.4901
1112,5185759538907080,9.4986
1113,5861863553766594,9.5069
1114,5185759538907080,9.5157
1115,5185759538907080,9.524
1116,5861863553766594,9.5321
1117,5185759538907080,9.5409
1118,5185759538907080,9.5493
1119,5861863553766594,9.5576
1120,5185759538907080,9.5663
1121,5185759538907080,9.5746
1122,5861863553766594,9.5827
1123,5185759538907080,9.5915
1124,5185759538907080,9.5999
1125,5861863553766594,9.6082
1126,5185759538907080,9.6169
1127,5185759538907080,9.6252
1128,5861863553766594,9.6333
1129,5185759538907080,9.6421
1130,5185759538907080,9.6505
1131,5861863553766594,9.6588
1132,5185759538907080,9.6676
1133,5185759538907080,9.6758
1134,5861863553766594,9.6839
1135,5185759538907080,9.6927
1136,5185759538907080,9.7011
1137,5861863553766594,9.7094
1138,5185759538907080,9.7181
1139,5185759538907080,9.7265
1140,5861863553766594,9.7348
1141,5185759538907080,9.7436
1142,5185759538907080,9.752
1143,5861863553766594,9.7603
1144,5185759538907080,9.7691
1145,5185759538907080,9.7775
1146,5861863553766594,9.7858
1147,5185759538907080,9.7945
1148,5185759538907080,9.803
1149,5861863553766594,9.8113
1150,5185759538907080,9.82
1151,5185759538907080,9.8283
1152,5861863553766594,9.8364
1153,5185759538907080,9.8452
1154,5185759538907080,9.8535
1155,5861863553766594,9.8616
1156,5185759538907080,9.8703
1157,5185759538907080,9.8786
1158,5861863553766594,9.8867
1159,5185759538907080,9.8955
1160,5185759538907080,9.9038
1161,5861863553766594,9.9119
1162,5185759538907080,9.9207
1163,5185759538907080,9.9291
1164,5861863553766594,9.9374
1165,5185759538907080,9.9462
1166,5185759538907080,9.9547
1167,5861863553766594,9.9629
1168,5185759538907080,9.972
1169,5185759538907080,9.9805
1170,5861863553766594,9.9888
1171,5185759538907080,9.9976
1172,5185759538907080,10.006
1173,5861863553766594,10.0143
1174,5185759538907080,10.0231
1175,5185759538907080,10.0314
1176,5861863553766594,10.0395
1177,5185759538907080,10.0483
1178,5185759538907080,10.0568
1179,5861863553766594,10.0651
1180,5185759538907080,10.0738
1181,5185759538907080,10.0823
1182,5861863553766594,10.0906
1183,5185759538907080,10.0993
1184,5185759538907080,10.1076
1185,5861863553766594,10.1157
1186,5185759538907080,10.1245
1187,5185759538907080,10.1327
1188,5861863553766594,10.1408
1189,5185759538907080,10.1499
1190,5185759538907080,10.1582
1191,5861863553766594,10.1662
1192,5185759538907080,10.175
1193,5185759538907080,10.1835
1194,5861863553766594,10.1918
1195,5185759538907080,10.2006
1196,5185759538907080,10.209
1197,5861863553766594,10.2173
1198,5185759538907080,10.2261
1199,5185759538907080,10.2344
1200,5861863553766594,10.2425
1201,5185759538907080,10.2514
1202,5185759538907080,10.2597
1203,5861863553766594,10.2678
1204,5185759538907080,10.2766
1205,5185759538907080,10.2849
1206,5861863553766594,10.293
1207,5185759538907080,10.3018
1208,5185759538907080,10.3102
1209,5861863553766594,10.3185
1210,5185759538907080,10.3272
1211,5185759538907080,10.3355
1212,5861863553766594,10.3436
1213,5185759538907080,10.3524
1214,5185759538907080,10.3612
1215,5861863553766594,10.3695
1216,5185759538907080,10.3783
1217,5185759538907080,10.3866
1218,5861863553766594,10.3947
1219,5185759538907080,10.4036
1220,5185759538907080,10.412
1221,5861863553766594,10.4203
1222,5185759538907080,10.4291
1223,5185759538907080,10.4375
1224,5861863553766594,10.4458
1225,5185759538907080,10.4546
1226,5185759538907080,10.463
1227,5861863553766594,10.471
1228,5185759538907080,10.4799
1229,5185759538907080,10.4882
1230,5861863553766594,10.4962
1231,5185759538907080,10.505
1232,5185759538907080,10.5134
1233,5861863553766594,10.5216
1234,5185759538907080,10.5304
1235,5185759538907080,10.5389
1236,5861863553766594,10.5471
1237,5185759538907080,10.556
1238,5185759538907080,10.5643
1239,5861863553766594,10.5724
1240,5185759538907080,10.5811
1241,5185759538907080,10.5894
1242,5861863553766594,10.5975
1243,5185759538907080,10.6063
1244,5185759538907080,10.6146
1245,5861863553766594,10.6226
1246,5185759538907080,10.6314
1247,5185759538907080,10.6398
1248,5861863553766594,10.6479
1249,5185759538907080,10.6566
1250,5185759538907080,10.6649
1251,5861863553766594,10.673
1252,5185759538907080,10.6818
1253,5185759538907080,10.6901
1254,5861863553766594,10.6982
1255,5185759538907080,10.707
1256,5185759538907080,10.7153
1257,5861863553766594,10.7233
1258,5185759538907080,10.7321
1259,5185759538907080,10.7404
1260,5861863553766594,10.7485
1261,5185759538907080,10.7573
1262,5185759538907080,10.7656
1263,5861863553766594,10.7737
1264,5185759538907080,10.7824
1265,5185759538907080,10.7908
1266,5861863553766594,10.7989
1267,5185759538907080,10.8078
1268,5185759538907080,10.8161
1269,5861863553766594,10.8242
1270,5185759538907080,10.833
1271,5185759538907080,10.8413
1272,5861863553766594,10.8494
1273,5185759538907080,10.8582
1274,5185759538907080,10.8664
1275,5861863553766594,10.8745
1276,5185759538907080,10.8833
1277,5185759538907080,10.8916
1278,5861863553766594,10.8997
1279,5185759538907080,10.9085
1280,5185759538907080,10.9167
1281,5861863553766594,10.9248
1282,5185759538907080,10.9337
1283,5185759538907080,10.942
1284,5861863553766594,10.9501
1285,5185759538907080,10.959
1286,5185759538907080,10.9672
1287,5861863553766594,10.9753
1288,5185759538907080,10.9841
1289,5185759538907080,10.9924
1290,5861863553766594,11.0005
1291,5185759538907080,11.0093
1292,5185759538907080,11.0175
1293,5861863553766594,11.0256
1294,5185759538907080,11.0344
1295,5185759538907080,11.0427
1296,5861863553766594,11.0508
1297,5185759538907080,11.0596
1298,5185759538907080,11.0679
1299,5861863553766594,11.0759
1300,5185759538907080,11.0847
1301,5185759538907080,11.093
1302,5861863553766594,11.1011
1303,5185759538907080,11.1099
1304,5185759538907080,11.1185
1305,5861863553766594,11.1269
1306,5185759538907080,11.1361
1307,5185759538907080,11.1447
1308,5861863553766594,11.153
1309,5185759538907080,11.1622
1310,5185759538907080,11.1707
1311,5861863553766594,11.179
1312,5185759538907080,11.1878
1313,5185759538907080,11.1962
1314,5861863553766594,11.2045
1315,5185759538907080,11.2133
1316,5185759538907080,11.2217
1317,5861863553766594,11.2299
1318,5185759538907080,11.2387
1319,5185759538907080,11.2472
1320,5861863553766594,11.2555
1321,5185759538907080,11.2643
1322,5185759538907080,11.2726
1323,5861863553766594,11.2806
1324,5185759538907080,11.2894
1325,5185759538907080,11.2977
1326,5861863553766594,11.3058
1327,5185759538907080,11.3146
1328,5185759538907080,11.3229
1329,5861863553766594,11.3309
1330,5185759538907080,11.3398
1331,5185759538907080,11.3482
1332,5861863553766594,11.3566
1333,5185759538907080,11.3661
1334,5185759538907080,11.3744
1335,5861863553766594,11.3825
1336,5185759538907080,11.3913
1337,5185759538907080,11.3996
1338,5861863553766594,11.4077
1339,5185759538907080,11.4165
1340,5185759538907080,11.4248
1341,5861863553766594,11.4329
1342,5185759538907080,11.4416
1343,5185759538907080,11.4501
1344,5861863553766594,11.4583
1345,5185759538907080,11.4671
1346,5185759538907080,11.4753
1347,5861863553766594,11.4834
1348,5185759538907080,11.4922
1349,5185759538907080,11.5007
1350,5861863553766594,11.5089
1351,5185759538907080,11.5177
1352,5185759538907080,11.5259
1353,5861863553766594,11.534
1354,5185759538907080,11.5428
1355,5185759538907080,11.5513
1356,5861863553766594,11.5595
1357,5185759538907080,11.5684
1358,5185759538907080,11.5766
1359,5861863553766594,11.5848
1360,5185759538907080,11.5936
1361,5185759538907080,11.602
1362,5861863553766594,11.6103
1363,5185759538907080,11.6191
1364,5185759538907080,11.6275
1365,5861863553766594,11.6358
1366,5185759538907080,11.6446
1367,5185759538907080,11.6529
1368,5861863553766594,11.661
1369,5185759538907080,11.6698
1370,5185759538907080,11.678
1371,5861863553766594,11.6861
1372,5185759538907080,11.6949
1373,5185759538907080,11.7033
1374,5861863553766594,11.7115
1375,5185759538907080,11.7203
1376,5185759538907080,11.7286
1377,5861863553766594,11.7367
1378,5185759538907080,11.7455
1379,5185759538907080,11.7539
1380,5861863553766594,11.7622
1381,5185759538907080,11.7709
1382,5185759538907080,11.7792
1383,5861863553766594,11.7873
1384,5185759538907080,11.7961
1385,5185759538907080,11.8045
1386,5861863553766594,11.8128
1387,5185759538907080,11.8216
1388,5185759538907080,11.8299
1389,5861863553766594,11.8381
1390,5185759538907080,11.8469
1391,5185759538907080,11.8553
1392,5861863553766594,11.8635
1393,5185759538907080,11.8723
1394,5185759538907080,11.8806
1395,5861863553766594,11.8887
1396,5185759538907080,11.8975
1397,5185759538907080,11.9059
1398,5861863553766594,11.9141
1399,5185759538907080,11.9229
1400,5185759538907080,11.9312
1401,5861863553766594,11.9393
1402,5185759538907080,11.9481
1403,5185759538907080,11.9566
1404,5861863553766594,11.9647
1405,5185759538907080,11.9736
1406,5185759538907080,11.9819
1407,5861863553766594,11.99
1408,5185759538907080,11.9988
1409,5185759538907080,12.0072
1410,5861863553766594,12.0154
1411,5185759538907080,12.0241
1412,5185759538907080,12.0324
1413,5861863553766594,12.0406
1414,5185759538907080,12.0493
1415,5185759538907080,12.0578
1416,5861863553766594,12.0659
1417,5185759538907080,12.0747
1418,5185759538907080,12.083
1419,5861863553766594,12.0911
1420,5185759538907080,12.0999
1421,5185759538907080,12.1083
1422,5861863553766594,12.1165
1423,5185759538907080,12.1253
1424,5185759538907080,12.1336
1425,5861863553766594,12.1417
1426,5185759538907080,12.1505
1427,5185759538907080,12.1589
1428,5861863553766594,12.167
1429,5185759538907080,12.1758
1430,5185759538907080,12.1841
1431,5861863553766594,12.1922
1432,5185759538907080,12.201
1433,5185759538907080,12.2094
1434,5861863553766594,12.2175
1435,5185759538907080,12.2263
1436,5185759538907080,12.2346
1437,5861863553766594,12.2427
1438,5185759538907080,12.2516
1439,5185759538907080,12.2601
1440,5861863553766594,12.2682
1441,5185759538907080,12.2769
1442,5185759538907080,12.2852
1443,5861863553766594,12.2933
1444,5185759538907080,12.3021
1445,5185759538907080,12.3104
1446,5861863553766594,12.3185
1447,5185759538907080,12.3273
1448,5185759538907080,12.3356
1449,5861863553766594,12.3437
1450,5185759538907080,12.3525
1451,5185759538907080,12.3608
1452,5861863553766594,12.3689
1453,5185759538907080,12.3778
1454,5185759538907080,12.3862
1455,5861863553766594,12.3943
1456,5185759538907080,12.4031
1457,5185759538907080,12.4114
1458,5861863553766594,12.4196
1459,5185759538907080,12.4284
1460,5185759538907080,12.4368
1461,5861863553766594,12.4451
1462,5185759538907080,12.4539
1463,5185759538907080,12.4622
1464,5861863553766594,12.4703
1465,5185759538907080,12.4791
1466,5185759538907080,12.4875
1467,5861863553766594,12.4958
1468,5185759538907080,12.5046
1469,5185759538907080,12.5129
1470,5861863553766594,12.521
1471,5185759538907080,12.5298
1472,5185759538907080,12.5381
1473,5861863553766594,12.5461
1474,5185759538907080,12.5549
1475,5185759538907080,12.5632
1476,5861863553766594,12.5713
1477,5185759538907080,12.5801
1478,5185759538907080,12.5884
1479,5861863553766594,12.5965
1480,5185759538907080,12.6053
1481,5185759538907080,12.6136
1482,5861863553766594,12.6217
1483,5185759538907080,12.6305
1484,5185759538907080,12.6388
1485,5861863553766594,12.6469
1486,5185759538907080,12.6557
1487,5185759538907080,12.664
1488,5861863553766594,12.6721
1489,5185759538907080,12.6809
1490,5185759538907080,12.6892
1491,5861863553766594,12.6972
1492,5185759538907080,12.706
1493,5185759538907080,12.7143
1494,5861863553766594,12.7224
1495,5185759538907080,12.7311
1496,5185759538907080,12.7394
1497,5861863553766594,12.7475
1498,5185759538907080,12.7563
1499,5185759538907080,12.7646
1500,5861863553766594,12.7727
1501,5185759538907080,12.7815
1502,5185759538907080,12.79
1503,5861863553766594,12.7982
1504,5185759538907080,12.807
1505,5185759538907080,12.8153
1506,5861863553766594,12.8234
1507,5185759538907080,12.8322
1508,5185759538907080,12.8405
1509,5861863553766594,12.8486
1510,5185759538907080,12.8574
1511,5185759538907080,12.8657
1512,5861863553766594,12.8738
1513,5185759538907080,12.8825
1514,5185759538907080,12.8909
1515,5861863553766594,12.899
1516,5185759538907080,12.9078
1517,5185759538907080,12.9161
1518,5861863553766594,12.9242
1519,5185759538907080,12.9329
1520,5185759538907080,12.9413
1521,5861863553766594,12.9494
1522,5185759538907080,12.9581
1523,5185759538907080,12.9664
1524,5861863553766594,12.9745
1525,5185759538907080,12.9832
1526,5185759538907080,12.9915
1527,5861863553766594,12.9997
1528,5185759538907080,13.0085
1529,5185759538907080,13.0168
1530,5861863553766594,13.0248
1531,5185759538907080,13.0336
1532,5185759538907080,13.0419
1533,5861863553766594,13.05
1534,5185759538907080,13.0587
1535,5185759538907080,13.067
1536,5861863553766594,13.0751
1537,5185759538907080,13.0839
1538,5185759538907080,13.0922
1539,5861863553766594,13.1003
1540,5185759538907080,13.109
1541,5185759538907080,13.1173
1542,5861863553766594,13.1254
1543,5185759538907080,13.1341
1544,5185759538907080,13.1424
1545,5861863553766594,13.1507
1546,5185759538907080,13.1595
1547,5185759538907080,13.1678
1548,5861863553766594,13.1759
1549,5185759538907080,13.1847
1550,5185759538907080,13.193
1551,5861863553766594,13.2011
1552,5185759538907080,13.2099
1553,5185759538907080,13.2181
1554,5861863553766594,13.2262
1555,5185759538907080,13.235
1556,5185759538907080,13.2433
1557,5861863553766594,13.2515
1558,5185759538907080,13.2603
1559,5185759538907080,13.2686
1560,5861863553766594,13.2767
1561,5185759538907080,13.2854
1562,5185759538907080,13.2938
1563,5861863553766594,13.3019
1564,5185759538907080,13.3107
1565,5185759538907080,13.3189
1566,5861863553766594,13.327
1567,5185759538907080,13.3358
1568,5185759538907080,13.3441
1569,5861863553766594,13.3522
1570,5185759538907080,13.361
1571,5185759538907080,13.3692
1572,5861863553766594,13.3773
1573,5185759538907080,13.3861
1574,5185759538907080,13.3944
1575,5861863553766594,13.4025
1576,5185759538907080,13.4113
1577,5185759538907080,13.4196
1578,5861863553766594,13.4276
1579,5185759538907080,13.4364
1580,5185759538907080,13.4448
1581,5861863553766594,13.4529
1582,5185759538907080,13.4617
1583,5185759538907080,13.4699
1584,5861863553766594,13.478
1585,5185759538907080,13.4868
1586,5185759538907080,13.4951
1587,5861863553766594,13.5031
1588,5185759538907080,13.5119
1589,5185759538907080,13.5202
1590,5861863553766594,13.5283
1591,5185759538907080,13.537
1592,5185759538907080,13.5454
1593,5861863553766594,13.5534
1594,5185759538907080,13.5622
1595,5185759538907080,13.5705
1596,5861863553766594,13.5786
1597,5185759538907080,13.5874
1598,5185759538907080,13.5957
1599,5861863553766594,13.6037
1600,5185759538907080,13.6125
1601,5185759538907080,13.621
1602,5861863553766594,13.6292
1603,5185759538907080,13.638
1604,5185759538907080,13.6464
1605,5861863553766594,13.6547
1606,5185759538907080,13.6635
1607,5185759538907080,13.6719
1608,5861863553766594,13.6802
1609,5185759538907080,13.689
1610,5185759538907080,13.6973
1611,5861863553766594,13.7054
1612,5185759538907080,13.7141
1613,5185759538907080,13.7225
1614,5861863553766594,13.7308
1615,5185759538907080,13.7396
1616,5185759538907080,13.748
1617,5861863553766594,13.7562
1618,5185759538907080,13.765
1619,5185759538907080,13.7733
1620,5861863553766594,13.7814
1621,5185759538907080,13.7902
1622,5185759538907080,13.7985
1623,5861863553766594,13.8065
1624,5185759538907080,13.8153
1625,5185759538907080,13.8236
1626,5861863553766594,13.8317
1627,5185759538907080,13.8405
1628,5185759538907080,13.8488
1629,5861863553766594,13.8569
1630,5185759538907080,13.8657
1631,5185759538907080,13.8741
1632,5861863553766594,13.8824
1633,5185759538907080,13.8912
1634,5185759538907080,13.8996
1635,5861863553766594,13.9079
1636,5185759538907080,13.9166
1637,5185759538907080,13.925
1638,5861863553766594,13.9331
1639,5185759538907080,13.9419
1640,5185759538907080,13.9504
1641,5861863553766594,13.9587
1642,5185759538907080,13.9674
1643,5185759538907080,13.9758
1644,5861863553766594,13.9839
1645,5185759538907080,13.9927
1646,5185759538907080,14.0011
1647,5861863553766594,14.0093
1648,5185759538907080,14.0181
1649,5185759538907080,14.0264
1650,5861863553766594,14.0346
1651,5185759538907080,14.0434
1652,5185759538907080,14.0519
1653,5861863553766594,14.0602
1654,5185759538907080,14.069
1655,5185759538907080,14.0774
1656,5861863553766594,14.0855
1657,5185759538907080,14.0943
1658,5185759538907080,14.1028
1659,5861863553766594,14.1109
1660,5185759538907080,14.1196
1661,5185759538907080,14.1281
1662,5861863553766594,14.1362
1663,5185759538907080,14.1449
1664,5185759538907080,14.1534
1665,5861863553766594,14.1616
1666,5185759538907080,14.1703
1667,5185759538907080,14.1787
1668,5861863553766594,14.1868
1669,5185759538907080,14.1956
1670,5185759538907080,14.204
1671,5861863553766594,14.2123
1672,5185759538907080,14.221
1673,5185759538907080,14.2295
1674,5861863553766594,14.2376
1675,5185759538907080,14.2464
1676,5185759538907080,14.2548
1677,5861863553766594,14.2631
1678,5185759538907080,14.2719
1679,5185759538907080,14.2803
1680,5861863553766594,14.2886
1681,5185759538907080,14.2973
1682,5185759538907080,14.3058
1683,5861863553766594,14.314
1684,5185759538907080,14.3227
1685,5185759538907080,14.3312
1686,5861863553766594,14.3394
1687,5185759538907080,14.3481
1688,5185759538907080,14.3566
1689,5861863553766594,14.3655
1690,5185759538907080,14.3744
1691,5185759538907080,14.3829
1692,5861863553766594,14.3911
1693,5185759538907080,14.4
1694,5185759538907080,14.4085
1695,5861863553766594,14.4168
1696,5185759538907080,14.4256
1697,5185759538907080,14.434
1698,5861863553766594,14.4423
1699,5185759538907080,14.451
1700,5185759538907080,14.4593
1701,5861863553766594,14.4674
1702,5185759538907080,14.4762
1703,5185759538907080,14.4847
1704,5861863553766594,14.4929
1705,5185759538907080,14.5017
1706,5185759538907080,14.5101
1707,5861863553766594,14.5184
1708,5185759538907080,14.5271
1709,5185759538907080,14.5355
1710,5861863553766594,14.5438
1711,5185759538907080,14.5527
1712,5185759538907080,14.561
1713,5861863553766594,14.5691
1714,5185759538907080,14.5779
1715,5185759538907080,14.5861
1716,5861863553766594,14.5943
1717,5185759538907080,14.603
1718,5185759538907080,14.6113
1719,5861863553766594,14.6195
1720,5185759538907080,14.6282
1721,5185759538907080,14.6367
1722,5861863553766594,14.6448
1723,5185759538907080,14.6536
1724,5185759538907080,14.6621
1725,5861863553766594,14.6703
1726,5185759538907080,14.679
1727,5185759538907080,14.6873
1728,5861863553766594,14.6954
1729,5185759538907080,14.7042
1730,5185759538907080,14.7126
1731,5861863553766594,14.7207
1732,5185759538907080,14.7295
1733,5185759538907080,14.7378
1734,5861863553766594,14.7459
1735,5185759538907080,14.7546
1736,5185759538907080,14.7631
1737,5861863553766594,14.7712
1738,5185759538907080,14.7799
1739,5185759538907080,14.7882
1740,5861863553766594,14.7964
1741,5185759538907080,14.8052
1742,5185759538907080,14.8135
1743,5861863553766594,14.8221
1744,5185759538907080,14.8309
1745,5185759538907080,14.8392
1746,5861863553766594,14.8473
1747,5185759538907080,14.8561
1748,5185759538907080,14.8644
1749,5861863553766594,14.8725
1750,5185759538907080,14.8813
1751,5185759538907080,14.8896
1752,5861863553766594,14.8977
1753,5185759538907080,14.9065
1754,5185759538907080,14.9148
1755,5861863553766594,14.9229
1756,5185759538907080,14.9317
1757,5185759538907080,14.94
1758,5861863553766594,14.9481
1759,5185759538907080,14.9569
1760,5185759538907080,14.9652
1761,5861863553766594,14.9733
1762,5185759538907080,14.982
1763,5185759538907080,14.9907
1764,5861863553766594,14.9991
1765,5185759538907080,15.008
1766,5185759538907080,15.0164
1767,5861863553766594,15.0247
1768,5185759538907080,15.0334
1769,5185759538907080,15.0419
1770,5861863553766594,15.0501
1771,5185759538907080,15.0589
1772,5185759538907080,15.0672
1773,5861863553766594,15.0753
1774,5185759538907080,15.084
1775,5185759538907080,15.0923
1776,5861863553766594,15.1004
1777,5185759538907080,15.1092
1778,5185759538907080,15.1175
1779,5861863553766594,15.1255
1780,5185759538907080,15.1343
1781,5185759538907080,15.1426
1782,5861863553766594,15.1507
1783,5185759538907080,15.1594
1784,5185759538907080,15.1677
1785,5861863553766594,15.1758
1786,5185759538907080,15.1846
1787,5185759538907080,15.1929
1788,5861863553766594,15.2009
1789,5185759538907080,15.2097
1790,5185759538907080,15.218
1791,5861863553766594,15.226
1792,5185759538907080,15.2348
1793,5185759538907080,15.2431
1794,5861863553766594,15.2513
1795,5185759538907080,15.26
1796,5185759538907080,15.2683
1797,5861863553766594,15.2764
1798,5185759538907080,15.2851
1799,5185759538907080,15.2934
1800,5861863553766594,15.3015
1801,5185759538907080,15.3103
1802,5185759538907080,15.3185
1803,5861863553766594,15.3266
1804,5185759538907080,15.3353
1805,5185759538907080,15.3438
1806,5861863553766594,15.3521
1807,5185759538907080,15.3608
1808,5185759538907080,15.3693
1809,5861863553766594,15.3775
1810,5185759538907080,15.3862
1811,5185759538907080,15.3947
1812,5861863553766594,15.4028
1813,5185759538907080,15.4116
1814,5185759538907080,15.42
1815,5861863553766594,15.4281
1816,5185759538907080,15.4368
1817,5185759538907080,15.4452
1818,5861863553766594,15.4534
1819,5185759538907080,15.4621
1820,5185759538907080,15.4705
1821,5861863553766594,15.4786
1822,5185759538907080,15.4873
1823,5185759538907080,15.4957
1824,5861863553766594,15.5043
1825,5185759538907080,15.5132
1826,5185759538907080,15.5215
1827,5861863553766594,15.5297
1828,5185759538907080,15.5384
1829,5185759538907080,15.5469
1830,5861863553766594,15.5552
1831,5185759538907080,15.5639
1832,5185759538907080,15.5722
1833,5861863553766594,15.5803
1834,5185759538907080,15.589
1835,5185759538907080,15.5975
1836,5861863553766594,15.6057
1837,5185759538907080,15.6146
1838,5185759538907080,15.6229
1839,5861863553766594,15.631
1840,5185759538907080,15.6399
1841,5185759538907080,15.6483
1842,5861863553766594,15.6564
1843,5185759538907080,15.6652
1844,5185759538907080,15.6736
1845,5861863553766594,15.6817
1846,5185759538907080,15.6906
1847,5185759538907080,15.6989
1848,5861863553766594,15.7069
1849,5185759538907080,15.7157
1850,5185759538907080,15.724
1851,5861863553766594,15.7321
1852,5185759538907080,15.7409
1853,5185759538907080,15.7492
1854,5861863553766594,15.7573
1855,5185759538907080,15.7661
1856,5185759538907080,15.7744
1857,5861863553766594,15.7825
1858,5185759538907080,15.7913
1859,5185759538907080,15.7996
1860,5861863553766594,15.8076
1861,5185759538907080,15.8165
1862,5185759538907080,15.8248
1863,5861863553766594,15.8329
1864,5185759538907080,15.8417
1865,5185759538907080,15.8501
1866,5861863553766594,15.8584
1867,5185759538907080,15.8672
1868,5185759538907080,15.8756
1869,5861863553766594,15.8839
1870,5185759538907080,15.8927
1871,5185759538907080,15.9011
1872,5861863553766594,15.9092
1873,5185759538907080,15.918
1874,5185759538907080,15.9264
1875,5861863553766594,15.9345
1876,5185759538907080,15.9434
1877,5185759538907080,15.9518
1878,5861863553766594,15.9601
1879,5185759538907080,15.9689
1880,5185759538907080,15.9773
1881,5861863553766594,15.9855
1882,5185759538907080,15.9944
1883,5185759538907080,16.0028
1884,5861863553766594,16.011
1885,5185759538907080,16.0198
1886,5185759538907080,16.0283
1887,5861863553766594,16.0364
1888,5185759538907080,16.0452
1889,5185759538907080,16.0537
1890,5861863553766594,16.0618
1891,5185759538907080,16.0706
1892,5185759538907080,16.079
1893,5861863553766594,16.0871
1894,5185759538907080,16.0959
1895,5185759538907080,16.1044
1896,5861863553766594,16.1126
1897,5185759538907080,16.1214
1898,5185759538907080,16.1297
1899,5861863553766594,16.1378
1900,5185759538907080,16.1468
1901,5185759538907080,16.1556
1902,5861863553766594,16.1637
1903,5185759538907080,16.1728
1904,5185759538907080,16.1812
1905,5861863553766594,16.1893
1906,5185759538907080,16.1981
1907,5185759538907080,16.2066
1908,5861863553766594,16.2148
1909,5185759538907080,16.2237
1910,5185759538907080,16.2321
1911,5861863553766594,16.2402
1912,5185759538907080,16.2492
1913,5185759538907080,16.2576
1914,5861863553766594,16.2658
1915,5185759538907080,16.2746
1916,5185759538907080,16.283
1917,5861863553766594,16.2912
1918,5185759538907080,16.3
1919,5185759538907080,16.3084
1920,5861863553766594,16.3167
1921,5185759538907080,16.3255
1922,5185759538907080,16.3338
1923,5861863553766594,16.3419
1924,5185759538907080,16.3507
1925,5185759538907080,16.3591
1926,5861863553766594,16.3674
1927,5185759538907080,16.3762
1928,5185759538907080,16.3846
1929,5861863553766594,16.3928
1930,5185759538907080,16.4016
1931,5185759538907080,16.41
1932,5861863553766594,16.4183
1933,5185759538907080,16.4271
1934,5185759538907080,16.4354
1935,5861863553766594,16.4435
1936,5185759538907080,16.4523
1937,5185759538907080,16.4606
1938,5861863553766594,16.4687
1939,5185759538907080,16.4776
1940,5185759538907080,16.4863
1941,5861863553766594,16.4951
1942,5185759538907080,16.5039
1943,5185759538907080,16.5125
1944,5861863553766594,16.5212
1945,5185759538907080,16.5309
1946,5185759538907080,16.5401
1947,5861863553766594,16.5488
1948,5185759538907080,16.5577
1949,5185759538907080,16.5661
1950,5861863553766594,16.5744
1951,5185759538907080,16.5831
1952,5185759538907080,16.5915
1953,5861863553766594,16.5999
1954,5185759538907080,16.6086
1955,5185759538907080,16.617
1956,5861863553766594,16.6253
1957,5185759538907080,16.634
1958,5185759538907080,16.6425
1959,5861863553766594,16.6508
1960,5185759538907080,16.6595
1961,5185759538907080,16.6679
1962,5861863553766594,16.6762
1963,5185759538907080,16.6849
1964,5185759538907080,16.6933
1965,5861863553766594,16.7016
1966,5185759538907080,16.7103
1967,5185759538907080,16.7187
1968,5861863553766594,16.7267
1969,5185759538907080,16.7354
1970,5185759538907080,16.7439
1971,5861863553766594,16.7521
1972,5185759538907080,16.7608
1973,5185759538907080,16.7692
1974,5861863553766594,16.7775
1975,5185759538907080,16.7863
1976,5185759538907080,16.7947
1977,5861863553766594,16.8029
1978,5185759538907080,16.8118
1979,5185759538907080,16.8202
1980,5861863553766594,16.8283
1981,5185759538907080,16.8371
1982,5185759538907080,16.8455
1983,5861863553766594,16.8537
1984,5185759538907080,16.8626
1985,5185759538907080,16.8709
1986,5861863553766594,16.879
1987,5185759538907080,16.8879
1988,5185759538907080,16.8963
1989,5861863553766594,16.9044
1990,5185759538907080,16.9132
1991,5185759538907080,16.9215
1992,5861863553766594,16.9296
1993,5185759538907080,16.9384
1994,5185759538907080,16.9468
1995,5861863553766594,16.9548
1996,5185759538907080,16.9637
1997,5185759538907080,16.972
1998,5861863553766594,16.9801
1999,5185759538907080,16.9888
2000,5185759538907080,16.9976
2001,5861863553766594,17.0058
