1,2.183938601456676e+18,0.91741
2,1.908584142825532e+18,3.7627
3,1.685555572033729e+18,4.6957
4,1.505988798176135e+18,5.3804
5,1.328737371850746e+18,6.0343
6,1.154520199016905e+18,6.7151
7,1.010457712737025e+18,7.3574
8,8.921595864437219e+17,8.0106
9,8.101027137200312e+17,8.6709
10,7.432160338646554e+17,9.3849
11,6.816326692500353e+17,10.0301
12,6.230496521024746e+17,10.6781
13,5.792947749454019e+17,11.3253
14,5.368914878333981e+17,11.9698
15,4.992334365328692e+17,12.6153
16,4.657926925691939e+17,13.257
17,4.32715990889587e+17,13.9048
18,4.107855067134339e+17,14.5543
19,3.893928992579023e+17,15.2084
20,3.718775705340207e+17,15.846
21,3.588743316199194e+17,16.4851
22,3.487602210646056e+17,17.3054
23,3.450063209344682e+17,17.9546
24,3.421507682587078e+17,18.6036
25,3.393582256519528e+17,19.2459
26,3.35547259575183e+17,19.8885
27,3.328801351762606e+17,20.5366
28,3.100595662191965e+17,21.1774
29,3.080170721353755e+17,21.8233
30,3.059966058195617e+17,22.4933
31,3.047294539344691e+17,23.1529
32,3.047512693897002e+17,23.8109
33,3.051329066115903e+17,24.4609
34,2.868801119275593e+17,25.1915
35,2.709864980051561e+17,25.9148
36,2.559545852051562e+17,26.6377
37,2.426409408526275e+17,27.3583
38,2.297306670353642e+17,28.0843
39,2.176826724353642e+17,28.8057
40,2.077584271642806e+17,29.8052
41,1.983344689285542e+17,30.5222
42,1.898470831143388e+17,31.237
43,1.821242395143388e+17,31.9587
44,1.74493437684876e+17,32.6808
45,1.672313752312371e+17,33.3936
46,1.604830655997745e+17,34.1154
47,1.537530261597746e+17,34.8644
48,1.440478576490884e+17,35.5742
49,1.376112037507089e+17,36.2826
50,1.314215590882839e+17,36.9908
51,1.253763812119915e+17,37.7048
52,1.198413942520047e+17,38.4144
53,1.143268856343254e+17,39.1219
54,1.091171710831955e+17,39.829
55,1.04114276907311e+17,40.5362
56,9.837027205047288e+16,41.2461
57,9.345879845245424e+16,41.9659
58,8.938604561368371e+16,42.673
59,8.538668112216523e+16,43.3834
60,8.240968860081523e+16,44.0949
61,7.945629680775941e+16,44.8022
62,7.625513360775941e+16,45.5102
63,7.362077072071867e+16,46.2174
64,7.108356175563438e+16,46.9248
65,6.86102643231661e+16,47.6412
66,6.616930950821485e+16,48.3497
67,6.377161360623219e+16,49.0573
68,6.151209795482819e+16,49.7674
69,5.925474950369003e+16,50.4821
70,5.705488500902719e+16,51.2026
71,5.506987782837542e+16,51.9249
72,5.316890263938859e+16,52.6456
73,5.130547538778342e+16,53.37
74,4.970437818870422e+16,54.0847
75,4.811639263823841e+16,54.8055
76,4.671242469037697e+16,55.5229
77,4.533702780746963e+16,56.2358
78,4.166009156160506e+16,56.9496
79,4.041437029778298e+16,57.6681
80,3.919941616971496e+16,58.3851
81,3.807558870339782e+16,59.1023
82,3.525464180964552e+16,59.8179
83,3.426202945975382e+16,60.5308
84,3.324940571762776e+16,61.2395
85,3.23006509687998e+16,61.9484
86,3.081305024880016e+16,62.659
87,2.996156091648137e+16,63.3682
88,2.916567344708154e+16,64.0767
89,2.842882825493394e+16,64.7846
90,2.769454177835218e+16,65.4957
91,2.696683306319474e+16,66.2036
92,2.626855303185947e+16,66.9119
93,2.559767011299202e+16,67.6208
94,2.494150339299202e+16,68.3312
95,2.42860079071537e+16,69.0406
96,2.364006900791422e+16,69.7482
97,2.27985880545145e+16,70.4561
98,2.219618876548438e+16,71.1663
99,2.173614234982172e+16,71.8759
100,2.024122914982172e+16,72.5834
101,1.978309104582947e+16,73.2919
102,1.932786576582947e+16,74.0006
103,1.886582071984591e+16,74.7082
104,1.842664543274467e+16,75.4154
105,1.799042931475954e+16,76.1224
106,1.755830475350954e+16,76.8293
107,1.713568127864304e+16,77.5393
108,1.679439766023736e+16,78.2462
109,1.647341828881716e+16,78.9527
110,1.617902316881716e+16,79.6607
111,1.590159007856473e+16,80.3721
112,1.472992158320982e+16,81.0796
113,1.43590449986097e+16,81.7878
114,1.40990078905023e+16,82.4964
115,1.38392123131526e+16,83.2068
116,1.337652804840406e+16,83.9143
117,1.311825235092006e+16,84.6215
118,1.287090918028984e+16,85.3291
119,1.262494558351779e+16,86.0384
120,1.239512972923938e+16,86.7459
121,1.217987258000587e+16,87.4538
122,1.167364257414776e+16,88.1608
123,1.036214139421385e+16,88.8674
124,8852556924615339,89.5773
125,8494966204615339,90.2849
126,8170558902619835,91.0047
127,7990209773490555,91.712
128,7819944334078690,92.4221
129,7649817072768910,93.1289
130,7481961499518839,93.8363
131,7321291406027177,94.5439
132,7188161592765257,95.2525
133,7069707378160377,95.9591
134,6979186729659067,96.666
135,6911572361640487,97.3731
136,6849763732114847,98.0889
137,6793538292657972,98.7958
138,6749547826253152,99.5025
139,6320881265294432,100.2092
140,6164642304349307,100.9152
141,5851816550634771,101.6246
142,5768218488920593,102.3316
143,5725319886213313,103.0389
144,5575072619661073,103.748
145,5525903745994948,104.4568
146,5381030604114193,105.1651
147,5339294058777988,105.873
148,5308694018586863,106.5793
149,5280724677094383,107.2873
150,5253381295894383,107.9965
151,5226483850769383,108.7099
152,5200650869569383,109.4271
153,5176328288369383,110.146
154,5153516107169383,110.8684
155,5132214325969383,111.5864
156,5112422944769383,112.2991
157,5094141963569383,113.0151
158,5077371382369383,113.7226
159,5061956130769383,114.4294
160,5046695949569383,115.14
161,5032672697969383,115.8573
162,5018922916769383,116.5751
163,5006291665169383,117.2823
164,4993844600369383,117.9932
165,4981605219169383,118.7077
166,4969462154369383,119.4193
167,4957160927512258,120.1277
168,4707179385014188,120.8375
169,4663897071910697,121.5528
170,4637951424102463,122.2641
171,4626079390552858,122.9756
172,4614797267654858,123.6833
173,4582999841691013,124.3905
174,4571760590091013,125.1036
175,5190757305978013,125.7476
176,4571760590091013,126.3862
177,5190757305978013,127.0283
178,5443159664602791,127.6654
179,4573286304602791,128.3818
180,4562557323402791,129.0921
181,4552710071802791,129.8068
182,4543491490602791,130.5147
183,4535036239002791,131.227
184,4527328057802791,131.935
185,4519684143402791,132.6432
186,4512088229002791,133.3505
187,4504540314602791,134.0598
188,4497040400202791,134.7682
189,4489588485802791,135.4752
190,4482184571402791,136.1826
191,4474828657002791,136.8896
192,4467520742602791,137.6001
193,4460260828202791,138.3165
