1,2.595168932928668e+18,0.37534
2,2.260653417986527e+18,0.54007
3,1.951578322419797e+18,0.69854
4,1.683944037469634e+18,0.85339
5,1.467049950633957e+18,1.0089
6,1.258368053300116e+18,1.1635
7,1.085422749325094e+18,1.3182
8,9.434649977731309e+17,1.4761
9,8.448813351262918e+17,1.6306
10,7.653805868282949e+17,1.7867
11,6.940308016007561e+17,1.9526
12,6.405550647647194e+17,2.1094
13,5.91336350171964e+17,2.2666
14,5.512074574155533e+17,2.423
15,5.125191583723811e+17,2.582
16,4.856555067674639e+17,2.7393
17,4.59472097316346e+17,2.8961
18,4.397344894939848e+17,3.0528
19,4.24304988038974e+17,3.2091
20,4.123514153962543e+17,3.3646
21,4.009374843817789e+17,3.5196
22,3.903319085595572e+17,3.6746
23,3.853172904674854e+17,3.8301
24,3.808289821672186e+17,3.9849
25,3.719240265746001e+17,4.1405
26,3.455791612593434e+17,4.2958
27,3.431281683587581e+17,4.451
28,3.411077020429443e+17,4.6063
29,3.395503403722251e+17,4.7615
30,3.386675103040917e+17,4.9202
31,3.377941111612239e+17,5.0753
32,3.377156199889798e+17,5.2318
33,3.377862988298968e+17,5.387
34,3.381501061889664e+17,5.543
35,3.224915833861517e+17,5.7889
36,3.065112192448913e+17,6.0206
37,2.919162729811287e+17,6.2494
38,2.711698795336531e+17,6.4787
39,2.56964725837166e+17,6.7077
40,2.43494305745577e+17,6.9365
41,2.30323176426843e+17,7.1663
42,2.189904461906284e+17,7.398
43,2.083859302099646e+17,7.6273
44,1.965856121317771e+17,7.8587
45,1.871086457028433e+17,8.0871
46,1.786952113508433e+17,8.3162
47,1.719104127981573e+17,8.5446
48,1.651412277113111e+17,8.7722
49,1.589034735526097e+17,9.001
50,1.537270981606097e+17,9.2296
51,1.487344881049898e+17,9.4577
52,1.412937958881859e+17,9.6859
53,1.36880355198356e+17,9.9138
54,1.321867398612901e+17,10.1421
55,1.252697948937353e+17,10.3702
56,1.210285468396799e+17,10.598
57,1.168646279148976e+17,10.8267
58,1.127282092377791e+17,11.0543
59,1.08646754637283e+17,11.2822
60,1.049470006823813e+17,11.5099
61,1.012866630860167e+17,11.7378
62,9.765415056966454e+16,11.9655
63,9.414870712777062e+16,12.1933
64,9.073290619725216e+16,12.4209
65,8.751603931742482e+16,12.6507
66,8.425725470925216e+16,12.8783
67,8.119214474945962e+16,13.1063
68,7.820430633946619e+16,13.3338
69,7.530633400793653e+16,13.5616
70,7.250984340295093e+16,13.7896
71,6.978352519495093e+16,14.0184
72,6.716599834540163e+16,14.2465
73,6.472193721275753e+16,14.4751
74,6.242986665275753e+16,14.703
75,6.021388305299256e+16,14.9308
76,5.810132471699256e+16,15.1584
77,5.60897984810531e+16,15.386
78,5.43142230890531e+16,15.6137
79,5.25477780650531e+16,15.8416
80,5.084126481530662e+16,16.0699
81,4.879390504122575e+16,16.2998
82,4.70711204330531e+16,16.5284
83,4.553508541556456e+16,16.7566
84,4.406041034994226e+16,16.9855
85,4.259244037498032e+16,17.2141
86,4.118408793392899e+16,17.4433
87,3.983952959792899e+16,17.6733
88,3.850198600290598e+16,17.9017
89,3.72123624394216e+16,18.1304
90,3.49910228754178e+16,18.3583
91,3.371894721458716e+16,18.5865
92,3.245380081621925e+16,18.8141
93,2.999716691599866e+16,19.0432
94,2.881372577318146e+16,19.2712
95,2.764836544134063e+16,19.4992
96,2.658652148385497e+16,19.7267
97,2.559192392318291e+16,19.9557
98,2.418486651518291e+16,20.1837
99,2.323347932355383e+16,20.4114
100,2.233137241575388e+16,20.6425
101,2.143890841575388e+16,20.8701
102,2.057437407975388e+16,21.0976
103,1.971988238314438e+16,21.3249
104,1.88851491414011e+16,21.5527
105,1.802731615148108e+16,21.78
106,1.724956682023234e+16,22.0071
107,1.649259334336474e+16,22.235
108,1.575582625118545e+16,22.4628
109,1.470443204318545e+16,22.6905
110,1.405893668318545e+16,22.9192
111,1.347984968773147e+16,23.1469
112,1.290329135173147e+16,23.374
113,1.235411835973147e+16,23.6015
114,1.183065901814932e+16,23.8286
115,1.132390621662014e+16,24.056
116,1.081841764062014e+16,24.2834
117,1.034302095649934e+16,24.511
118,9954217399699340,24.7385
119,9566821591710088,24.9669
120,9231380132276368,25.1952
121,8902416575476368,25.4233
122,8592485738495562,25.6507
123,8286030300745326,25.8792
124,7980505172345976,26.1067
125,7686859293647442,26.3346
126,7396179952251204,26.562
127,7012707541051204,26.7896
128,6721715129851204,27.017
129,6436951067447758,27.245
130,6175542890313832,27.4726
131,5939677186106555,27.7002
132,5702733282368054,27.9277
133,5480777950095441,28.1567
134,5282265538895441,28.3839
135,5091058626895441,28.6117
136,4922741153395441,28.843
137,4756311233395441,29.0721
138,4628623983713425,29.2998
139,4507530317417659,29.5286
140,4387693982581045,29.7567
141,4272555752623738,29.989
142,3803044785800096,30.217
143,3514533375487646,30.4469
144,3405908597286074,30.6752
145,3299963537627738,30.9029
146,3214808587441088,31.1324
147,2965697405233214,31.3599
148,2881553501777288,31.5873
149,2807489540095664,31.8155
150,2735681155248938,32.0434
151,2672471786262314,32.2709
152,2615193998794633,32.4984
153,2560593113774353,32.7256
154,2507804554088569,32.9532
155,2428802725754419,33.1807
156,2376134272377559,33.4079
157,1776206770276819,33.6354
158,1729583650169244,33.8626
159,1686170933369244,34.0908
160,1643178232366916,34.319
161,1602148012366916,34.5474
162,1566876541498412,34.7775
163,1441494255267182,35.0092
164,1406978651267182,35.239
165,1372836551675224,35.468
166,1334276558075224,35.699
167,1300429208071474,35.9321
168,1267629214471474,36.163
169,1236507214471474,36.3922
170,1207344221227888,36.6216
171,1180304227627888,36.8511
172,1143831908611672,37.0805
173,884683060276408,37.3113
174,859145663476408,37.5403
175,834915265123503,37.7686
176,810775478168367,38.0019
177,792711016181721,38.2313
178,774758286581721,38.4607
179,756996491473497,38.6899
180,741812752316883,38.9185
181,729299856870483,39.1511
182,716974285622355,39.3829
183,698864701622355,39.6125
184,682995117622355,39.843
185,669365533622355,40.071
186,657250765622355,40.3035
187,645221668022355,40.5355
188,633188310422355,40.7678
189,621508722422355,41.0015
190,610119138422355,41.2346
191,599244709622355,41.4629
192,588735777615374,41.6909
193,573853041248278,41.921
194,563658273248278,42.1505
195,553544915648278,42.38
196,541865327648278,42.6081
197,531756230048278,42.836
198,521642872448278,43.0648
199,509963284448278,43.2944
200,500801864827902,43.5224
201,491847436027902,43.7515
202,483572668027902,43.9843
203,475379310427902,44.2177
204,463699722427902,44.4487
205,455510624827902,44.6789
206,447317267227902,44.9065
207,435637679227902,45.1336
208,427554908027902,45.3657
209,420060314641252,45.5961
210,412938030881518,45.8263
211,405903602081518,46.0546
212,399548834081518,46.2844
213,393275476481518,46.5131
214,381595888481518,46.7429
215,375326790881518,46.9791
216,369053433281518,47.208
217,357373845281518,47.437
218,351628488380182,47.671
219,346160509180182,47.9035
220,341148335580182,48.138
221,336277863757166,48.3695
222,331585690157166,48.5987
223,326989848557166,48.8291
224,322415705143752,49.0575
225,317980937143752,49.2888
226,313597949850312,49.5185
227,303578685943752,49.7491
228,299195698650312,49.9809
229,291096434743752,50.2117
230,286713447450312,50.4411
231,280534183543752,50.6715
232,276151196250312,50.9009
233,271687081764072,51.13
234,267314908164072,51.3613
235,262961550564072,51.5916
236,251281962564072,51.8216
237,247506716005448,52.051
238,243977949981128,52.2829
239,238864464805448,52.5138
240,235492879205448,52.7432
241,232264900005448,52.9734
242,226127138192098,53.2038
243,157009476005448,53.4345
244,150871714192098,53.6632
245,147820128592098,53.8946
246,145088542992098,54.125
247,142412701392098,54.3529
248,139108750992098,54.58
249,136432909392098,54.8086
250,133918141392098,55.0372
251,131484783792098,55.2654
252,119805195792098,55.4956
253,117394923792098,55.726
254,115204194192098,55.9617
255,113067972978744,56.1922
256,111327012178744,56.428
257,109058872337368,56.6576
258,91605277109179,56.8856
259,89401889909179,57.1132
260,87793123884859,57.3419
261,82679638709179,57.5692
262,81295688309179,57.7979
263,78619846709179,58.0271
264,77292146709179,58.259
265,76025599509179,58.4906
266,74097717909179,58.7204
267,73090017909179,58.9526
268,72323321972645,59.1858
269,70950225909179,59.4169
270,69607622709179,59.6445
271,67998856684859,59.8726
272,62885371509179,60.1048
273,62118675572645,60.3366
274,60745579509179,60.571
275,59978883572645,60.8044
276,59287047319085,61.038
277,49705937972645,61.269
278,49014101719085,61.5005
279,41352992372645,61.7274
280,40661156119085,61.9586
281,34920046772645,62.1882
282,34199965628045,62.4184
283,33508129374485,62.6489
284,27767020028045,62.8774
285,27079320028045,63.1107
286,26449813899445,63.3412
287,25832579281574,63.5701
288,22011469935134,63.7979
289,21463738457534,64.0291
290,20943194380838,64.2597
291,20540423180838,64.4886
292,20145971267214,64.7157
293,19778271267214,64.9477
294,19413307206670,65.1746
295,19099977353110,65.4044
296,17198868006670,65.6352
297,16634198020024,65.8636
298,14817976806670,66.094
299,14536796377770,66.3246
300,14258175565386,66.557
301,14014218588402,66.7883
302,12983746765386,67.0159
303,12739789788402,67.2458
304,12520659346002,67.4809
305,12225328188402,67.7097
306,12026776988402,67.9393
307,11894254205471,68.1703
308,11802163806175,68.4003
309,11734758665550,68.6308
310,11728944204150,68.8613
311,11726622024429,69.0951
312,11726622024429,69.3257
313,11726622024429,69.5532
314,11726622024429,69.781
315,11726622024429,70.0082
316,11726622024429,70.2384
317,11726622024429,70.4674
318,11726622024429,70.6976
319,11726622024429,70.9302
320,11726622024429,71.1576
321,11726622024429,71.3893
322,11726622024429,71.6208
323,11726622024429,71.8517
324,11726622024429,72.0804
325,11726622024429,72.3109
326,11726622024429,72.5397
327,11726622024429,72.7704
328,11726622024429,72.9978
329,11726622024429,73.2255
330,11726622024429,73.4551
331,11726622024429,73.6843
332,11418165013219,73.9245
333,11418165013219,74.1521
334,11418165013219,74.3809
335,7936107111189,74.6182
336,6495904711189,74.8451
337,5695702311189,75.0722
338,5535499911189,75.2994
339,5155899111189,75.5253
340,5010659370789,75.7512
341,4961437511189,75.9773
342,4961437511189,76.2084
343,4961437511189,76.4346
344,10218310695073,76.673
345,10218310695073,76.9017
346,10218310695073,77.1283
347,10218310695073,77.3568
348,10218310695073,77.5838
349,10218310695073,77.8099
350,10218310695073,78.0364
351,10218310695073,78.2627
352,10218310695073,78.489
353,10218310695073,78.7148
354,10218310695073,78.9406
355,10218310695073,79.1663
356,10218310695073,79.3922
357,10218310695073,79.6178
358,10218310695073,79.845
359,10218310695073,80.0707
360,10218310695073,80.2968
361,10218310695073,80.5224
362,10218310695073,80.7483
363,10218310695073,80.9741
364,10218310695073,81.1999
365,8754937095073,81.4358
366,7356178612078,81.6631
367,7172805012078,81.8889
368,6953579192117,82.1145
369,6953579192117,82.3404
370,6953579192117,82.5657
371,6953579192117,82.7916
372,6953579192117,83.0205
373,6953579192117,83.2463
374,6953579192117,83.4716
375,6953579192117,83.697
376,6953579192117,83.9225
377,6953579192117,84.1478
378,6953579192117,84.3736
379,6953579192117,84.5992
380,6953579192117,84.8247
381,6953579192117,85.05
382,6953579192117,85.2758
383,6953579192117,85.5012
384,6953579192117,85.7267
385,6953579192117,85.953
386,6953579192117,86.1786
387,6953579192117,86.4041
388,6953579192117,86.6294
389,27582768704663,86.7838
390,463282305960552,86.9366
391,1317065372042605,87.0909
392,463282305960552,87.3205
393,193307633960552,87.5498
394,51332961960552,87.7769
395,27582768704663,88.0048
396,22246055104663,88.2324
397,19149341504663,88.4594
398,16624696424429,88.6873
399,13847982824429,88.9158
400,13311269224429,89.1426
401,11748874024429,89.3695
402,11532160424429,89.5972
403,11493337199309,89.8242
404,11493337199309,90.0514
405,11493337199309,90.2788
406,11493337199309,90.5055
407,11493337199309,90.7324
408,11493337199309,90.9587
409,11493337199309,91.1858
410,11493337199309,91.4123
411,11493337199309,91.6392
412,11493337199309,91.8667
413,11493337199309,92.0938
414,11493337199309,92.3207
415,11493337199309,92.5477
416,11493337199309,92.7743
417,11493337199309,93.0013
418,11493337199309,93.2279
419,11493337199309,93.4545
420,11493337199309,93.6811
421,11493337199309,93.908
422,11493337199309,94.1353
423,11493337199309,94.3625
424,10990764062499,94.5906
425,10990764062499,94.8179
426,10990764062499,95.0452
427,8066114734073,95.2723
428,6625912334073,95.4996
429,6301443111189,95.7268
430,6301443111189,95.9534
431,6301443111189,96.1807
432,6301443111189,96.4083
433,6297152075153,96.6398
434,6297152075153,96.8675
435,6297152075153,97.0952
436,6297152075153,97.3233
437,16720367659037,97.5517
438,16720367659037,97.7778
439,16720367659037,98.0062
440,16720367659037,98.2333
441,16720367659037,98.46
442,16720367659037,98.6862
443,16720367659037,98.9129
444,16720367659037,99.1389
445,16720367659037,99.3653
446,16720367659037,99.5916
447,16720367659037,99.8178
448,16720367659037,100.0439
449,16720367659037,100.2706
450,16720367659037,100.4968
451,16720367659037,100.7232
452,16720367659037,100.9508
453,16720367659037,101.1774
454,16720367659037,101.4041
455,16720367659037,101.6309
456,16720367659037,101.8575
457,16720367659037,102.0838
458,16720367659037,102.3104
459,13016994059037,102.537
460,10593620459037,102.7629
461,9194861976042,102.9893
462,8051488376042,103.2156
463,7351887576042,103.4421
464,7168513976042,103.6681
465,6949288156081,103.8954
466,6910464930961,104.1215
467,6910464930961,104.3477
468,6910464930961,104.5738
469,6910464930961,104.8
470,6910464930961,105.0262
471,6910464930961,105.2526
472,6910464930961,105.4788
473,6910464930961,105.7052
474,6910464930961,105.9312
475,6910464930961,106.1583
476,6910464930961,106.3849
477,6910464930961,106.6111
478,6910464930961,106.8382
479,6910464930961,107.0644
480,6910464930961,107.2913
