1,1.556312768119043e+18,0.66715
2,1.255856670969492e+18,2.7695
3,9.67342893023497e+17,3.4279
4,7.513467743056069e+17,3.9058
5,5.546629343276202e+17,4.3546
6,4.569495793682899e+17,4.8593
7,3.797960743221206e+17,5.3132
8,3.176792025973089e+17,5.7587
9,2.582922991505168e+17,6.2288
10,2.222006356173398e+17,6.7472
11,1.910671447314582e+17,7.1955
12,1.713352709197069e+17,7.6533
13,1.556251760757537e+17,8.1079
14,1.438384556387446e+17,8.5539
15,1.340614309113373e+17,9.0031
16,1.279007689353367e+17,9.4523
17,1.224962561392328e+17,9.9017
18,1.220803431876457e+17,10.3501
19,1.220803431876457e+17,10.7962
20,1.22430979738413e+17,11.2388
21,1.079591518014875e+17,11.7207
22,9.726162120583474e+16,12.2093
23,8.781509575600477e+16,12.7134
24,7.87206741562143e+16,13.1885
25,6.840092765875791e+16,13.6614
26,5.995276395898086e+16,14.1396
27,5.159363492189178e+16,14.6132
28,4.573651578820544e+16,15.0917
29,4.084276799664923e+16,15.5694
30,4.084276799664923e+16,16.0187
31,4.084276799664923e+16,16.4676
32,4.125868094823632e+16,16.9168
33,3.568886444128428e+16,17.3919
34,3.031355636625974e+16,17.8775
35,2.635292575599812e+16,18.3549
36,2.331504640895012e+16,18.8585
37,2.098557750013845e+16,19.3321
38,1.868078244692877e+16,19.8138
39,1.656870625829056e+16,20.2887
40,1.465200403095943e+16,20.7684
41,1.322801027095943e+16,21.2457
42,1.322801027095943e+16,21.6956
43,1.322801027095943e+16,22.14
44,1.410538794861336e+16,22.5818
45,1.279162286579418e+16,23.0536
46,1.1557788432591e+16,23.5243
47,1.040017218301582e+16,24.0004
48,9621336374512752,24.4706
49,8844945174512753,24.9408
50,8255818386506973,25.4111
51,7774652732506365,25.8821
52,7288426195834955,26.3528
53,6814113921397763,26.823
54,6707854132220198,27.273
55,6707854132220198,27.7155
56,6814113921397763,28.1583
57,6383303967299363,28.6329
58,5954354506241363,29.1095
59,5559604266241363,29.5865
60,5179594344614543,30.072
61,4833793645223498,30.5776
62,4506870908584253,31.0616
63,4217201879816873,31.5474
64,3944777158205728,32.1124
65,3679416839024368,32.6438
66,3562950883724443,33.1952
67,3562950883724443,33.644
68,3679416839024368,34.1312
69,2932528678205728,34.6021
70,2719596588036083,35.0718
71,2531882028036083,35.5406
72,2359353325329107,36.0232
73,2165212083658779,36.4982
74,1993604235964204,36.9689
75,1788986754852068,37.4405
76,1529227169252068,37.9107
77,1353307583652068,38.3812
78,1353307583652068,38.8255
79,1353307583652068,39.2693
80,3206743856225380,39.7113
81,1347502336900068,40.184
82,1184773487339568,40.6543
83,1044390428731133,41.127
84,952310843131133,41.5975
85,916000767543048,42.071
86,900097456468200,42.5408
87,886915188224920,43.0108
88,875630527205020,43.524
89,866799654451895,43.9968
90,866799654451895,44.4415
91,866799654451895,44.9301
92,4820970013470847,45.3745
93,906661853470847,45.8562
94,866799654451895,46.3271
95,859755306440231,46.7984
96,832987230451895,47.2689
97,826022721319095,47.7392
98,819616837714807,48.2163
99,813559234327402,48.7111
100,809193923092982,49.1811
101,805062770427382,49.6515
102,807404337248282,50.0964
103,805062770427382,50.5391
104,807404337248282,50.9838
105,8541166408409754,51.4264
106,829534004501818,51.8975
107,804704351007770,52.3705
108,787022941211850,52.8412
109,783676373211850,53.3118
110,780636065576405,53.7834
111,777828128600305,54.2555
112,776038553462305,54.7257
113,774699825462305,55.1962
114,773545274112843,55.6664
115,9378887401688700,56.1108
116,773545274112843,56.5604
117,9378887401688700,57.0127
118,1.805347461854495e+16,57.4605
119,9383985589050906,57.9371
120,1277445206514743,58.4187
121,778643461475048,58.8944
122,773545274112843,59.3746
123,772473950613343,59.8475
124,771571980638593,60.3193
125,770896736138093,60.7889
126,770806039932473,61.2593
127,770769953172348,61.7291
128,5428630430250128,62.1728
129,770769953172348,62.6159
130,5428630430250128,63.0619
131,1.588289405379199e+16,63.5052
132,5859949425941341,63.9771
133,1202088948863561,64.4475
134,770769953172348,64.9181
135,770762985527848,65.3888
136,770762985527848,65.8594
137,770762985527848,66.332
138,770762985527848,66.8018
139,770762985527848,67.272
140,770762985527848,67.7423
141,773940132210148,68.1865
142,770762985527848,68.6295
143,773940132210148,69.075
144,1.050903620780032e+16,69.5182
145,779038319572353,69.9906
146,773940132210148,70.4611
147,770762985527848,70.9318
148,770762985527848,71.4016
149,770762985527848,71.873
150,770762985527848,72.3437
151,770762985527848,72.8135
152,770762985527848,73.2842
153,770762985527848,73.7538
154,5428623462605628,74.1999
155,770762985527848,74.6432
156,5428623462605628,75.0883
157,1.588288708614749e+16,75.5317
158,5859942458296841,76.0035
159,1202081981219061,76.4741
160,770762985527848,76.9445
161,770762985527848,77.4142
162,770762985527848,77.8859
163,770762985527848,78.3562
164,770762985527848,78.8263
165,770762985527848,79.2964
166,770762985527848,79.7668
167,773940132210148,80.2113
168,770762985527848,80.6536
169,773940132210148,81.0982
170,1.050903620780032e+16,81.5408
171,779038319572353,82.0128
172,773940132210148,82.4831
173,770762985527848,82.9532
174,770762985527848,83.4236
175,770762985527848,83.8948
176,770762985527848,84.3653
177,770762985527848,84.8362
178,770762985527848,85.3071
179,770762985527848,85.7925
180,5428623462605628,86.2475
181,770762985527848,86.6937
182,5428623462605628,87.1463
183,1.588288708614749e+16,87.5993
184,5859942458296841,88.0782
185,1202081981219061,88.5636
186,770762985527848,89.0464
187,770762985527848,89.5541
188,770762985527848,90.035
189,770762985527848,90.5144
190,770762985527848,90.9918
191,770762985527848,91.4807
192,770762985527848,91.9543
193,773940132210148,92.4053
194,770762985527848,92.852
195,773940132210148,93.2982
196,1.050903620780032e+16,93.7467
197,779038319572353,94.2254
198,773940132210148,94.7009
199,770762985527848,95.1761
200,770762985527848,95.6531
201,770762985527848,96.1284
202,770762985527848,96.6105
203,770762985527848,97.087
204,770762985527848,97.5598
205,770762985527848,98.0403
206,5428623462605628,98.488
207,770762985527848,98.9328
208,5428623462605628,99.3762
209,1.588288708614749e+16,99.821
210,5859942458296841,100.2941
211,1202081981219061,100.7654
212,770762985527848,101.2372
213,770762985527848,101.7081
214,770762985527848,102.1815
215,770762985527848,102.652
216,770762985527848,103.1238
217,770762985527848,103.597
218,770762985527848,104.0689
219,773940132210148,104.5136
220,770762985527848,104.9605
221,773940132210148,105.4059
222,1.050903620780032e+16,105.8521
223,779038319572353,106.3386
224,773940132210148,106.8296
225,770762985527848,107.3071
226,770762985527848,107.7846
227,770762985527848,108.2715
228,770762985527848,108.746
229,770762985527848,109.218
230,770762985527848,109.6891
231,770762985527848,110.1626
232,5428623462605628,110.6101
233,770762985527848,111.0589
234,5428623462605628,111.5038
235,1.588288708614749e+16,111.9576
236,5859942458296841,112.4321
237,1202081981219061,112.9045
238,770762985527848,113.3759
239,770762985527848,113.847
240,770762985527848,114.3199
241,770762985527848,114.8008
242,770762985527848,115.2738
243,770762985527848,115.7515
244,770762985527848,116.2243
245,773940132210148,116.671
246,770762985527848,117.1165
247,773940132210148,117.5593
248,1.050903620780032e+16,118.0059
249,779038319572353,118.4781
250,773940132210148,118.9491
251,770762985527848,119.4196
252,770762985527848,119.8911
253,770762985527848,120.3617
254,770762985527848,120.8318
255,770762985527848,121.3046
256,770762985527848,121.7767
257,770762985527848,122.2476
258,5428623462605628,122.6909
259,770762985527848,123.1358
260,5428623462605628,123.5784
261,1.588288708614749e+16,124.0223
262,5859942458296841,124.4941
263,1202081981219061,124.965
264,770762985527848,125.4354
265,770762985527848,125.9074
266,770762985527848,126.3781
267,770762985527848,126.8486
268,770762985527848,127.3212
269,770762985527848,127.7969
270,770762985527848,128.2746
271,773940132210148,128.726
272,770762985527848,129.1808
273,773940132210148,129.6355
274,1.050903620780032e+16,130.087
275,779038319572353,130.5616
276,773940132210148,131.035
277,770762985527848,131.5066
278,770762985527848,131.9815
279,770762985527848,132.4569
280,770762985527848,132.9292
281,770762985527848,133.3999
282,770762985527848,133.8768
283,770762985527848,134.3509
284,5428623462605628,134.795
285,770762985527848,135.2403
286,5428623462605628,135.6832
287,1.588288708614749e+16,136.1312
288,5859942458296841,136.6025
289,1202081981219061,137.0739
290,770762985527848,137.5452
291,770762985527848,138.0185
292,770762985527848,138.4893
293,770762985527848,138.9601
294,770762985527848,139.4297
295,770762985527848,139.9
296,770762985527848,140.3712
297,773940132210148,140.8162
298,770762985527848,141.2607
299,773940132210148,141.7033
300,1.050903620780032e+16,142.1495
301,779038319572353,142.6245
302,773940132210148,143.0985
303,770762985527848,143.5704
304,770762985527848,144.0435
305,770762985527848,144.5147
306,770762985527848,144.9935
307,770762985527848,145.4649
308,770762985527848,145.9359
309,770762985527848,146.4069
310,5428623462605628,146.8514
311,770762985527848,147.2954
312,5428623462605628,147.7396
313,1.588288708614749e+16,148.1905
314,5859942458296841,148.6647
315,1202081981219061,149.1366
316,770762985527848,149.6127
317,770762985527848,150.089
318,770762985527848,150.5645
319,770762985527848,151.0447
320,770762985527848,151.5211
321,770762985527848,151.9977
322,770762985527848,152.4788
323,773940132210148,152.928
324,770762985527848,153.3773
325,773940132210148,153.8246
326,1.050903620780032e+16,154.2811
327,779038319572353,154.7691
328,773940132210148,155.2504
329,770762985527848,155.7328
330,770762985527848,156.2203
331,770762985527848,156.6937
332,770762985527848,157.1678
333,770762985527848,157.6393
334,770762985527848,158.1114
335,770762985527848,158.5832
336,5428623462605628,159.0331
337,770762985527848,159.481
338,5428623462605628,159.9278
339,1.588288708614749e+16,160.3736
340,5859942458296841,160.8456
341,1202081981219061,161.3256
342,770762985527848,161.8061
343,770762985527848,162.2852
344,770762985527848,162.7581
345,770762985527848,163.2302
346,770762985527848,163.7062
347,770762985527848,164.1878
348,770762985527848,164.6648
349,773940132210148,165.1146
350,770762985527848,165.5605
351,773940132210148,166.0111
352,1.050903620780032e+16,166.465
353,779038319572353,166.9505
354,773940132210148,167.4346
355,770762985527848,167.9112
356,770762985527848,168.3883
357,770762985527848,168.8655
358,770762985527848,169.3469
359,770762985527848,169.8261
360,770762985527848,170.3033
361,770762985527848,170.7809
362,5428623462605628,171.2303
363,770762985527848,171.6903
364,5428623462605628,172.1534
365,1.588288708614749e+16,172.6037
366,5859942458296841,173.0763
367,1202081981219061,173.5473
368,770762985527848,174.021
369,770762985527848,174.492
370,770762985527848,174.9644
371,770762985527848,175.4366
372,770762985527848,175.9098
373,770762985527848,176.3862
374,770762985527848,176.8596
375,773940132210148,177.3061
376,770762985527848,177.7599
377,773940132210148,178.2102
378,1.050903620780032e+16,178.7022
379,779038319572353,179.1963
380,773940132210148,179.6773
381,770762985527848,180.1674
382,770762985527848,180.6491
383,770762985527848,181.1334
384,770762985527848,181.6142
385,770762985527848,182.0925
386,770762985527848,182.5689
387,770762985527848,183.0423
388,5428623462605628,183.4881
389,770762985527848,183.9419
390,5428623462605628,184.392
391,1.588288708614749e+16,184.8445
392,5859942458296841,185.3253
393,1202081981219061,185.8057
394,770762985527848,186.2876
395,770762985527848,186.7645
396,770762985527848,187.2463
397,770762985527848,187.7237
398,770762985527848,188.2025
399,770762985527848,188.6856
400,770762985527848,189.1624
401,773940132210148,189.6247
402,770762985527848,190.0782
403,773940132210148,190.5263
404,1.050903620780032e+16,190.9716
405,779038319572353,191.4458
406,773940132210148,191.9216
407,770762985527848,192.3942
408,770762985527848,192.8644
409,770762985527848,193.3364
410,770762985527848,193.8096
411,770762985527848,194.2823
412,770762985527848,194.7549
413,770762985527848,195.2337
414,5428623462605628,195.6783
415,770762985527848,196.1231
416,5428623462605628,196.5663
417,1.588288708614749e+16,197.0117
418,5859942458296841,197.4838
419,1202081981219061,197.9566
420,770762985527848,198.4271
421,770762985527848,198.9006
422,770762985527848,199.3778
423,770762985527848,199.8517
424,770762985527848,200.324
425,770762985527848,200.7963
426,770762985527848,201.2823
427,773940132210148,201.7577
428,770762985527848,202.2893
429,773940132210148,202.7333
430,1.050903620780032e+16,203.1776
431,779038319572353,203.6497
432,773940132210148,204.1343
433,770762985527848,204.5409
434,770762985527848,205.1308
435,770762985527848,205.6829
