1,1.063113450696695e+17,0.048181
2,7.871146142772826e+16,0.058036
3,5.97929957847064e+16,0.067748
4,4.103813370040177e+16,0.077477
5,2.061423674656516e+16,0.087175
6,9359197794796376,0.096849
7,4239242472945590,0.1066
8,4320626777644007,0.11631
9,3905128973906066,0.12597
10,4320626777644007,0.13605
11,4239242472945590,0.14727
12,3140325787909133,0.16334
13,2268123028083647,0.17808
14,1283199684030070,0.19235
15,831649864117614.4,0.20668
16,656766228735801.9,0.22106
17,497233340904463.9,0.23541
18,339386676020331.5,0.24973
19,82053978420331.5,0.26404
20,29181816682225.9,0.27841
21,7801496481244.4,0.29268
22,1725764141534.4,0.307
23,0,0.32134
