1,2.924054398508603e+17,0.046247
2,8.464852250115603e+16,0.0595
3,2.772284051495173e+16,0.072607
4,1.851010681426538e+16,0.085756
5,1.002222791029408e+16,0.098868
6,6972025720364711,0.11199
7,4182037694378844,0.12509
8,3100253235194584,0.13815
9,2190044657404738,0.15117
10,2208613745909038,0.16425
11,3118822323698884,0.17734
12,1849407231698884,0.19792
13,1154206124771375,0.21761
14,569330083500269.8,0.23698
15,178461109160855.8,0.25628
16,75924846760855.81,0.27549
17,39106022278778.2,0.29467
18,20536933774478.2,0.31393
19,4876233703211.2,0.33309
20,1208835404057.6,0.35232
21,0,0.37157
