1,7304367262,0.029595,5418992170,0,1885375092
2,5717577832,0.042929,4476720940,0,1240856892
3,4530232572,0.058812,3446356230,0,1083876342
4,3885006103,0.073851,2773200970,27928791,1083876342
5,3276564463,0.087274,2159044620,33643501,1083876342
6,2772386444,0.10073,1824349130,33643501,914393813
7,2259059128,0.11394,1671624390,33643501,553791237
8,1866606513,0.12716,1279171775,33643501,553791237
9,1506925099,0.14032,1279171775,33643501,194109823
10,1357488265,0.15344,1122147845,41230597,194109823
11,1211231720,0.16666,975891300,41230597,194109823
12,1043172216,0.17989,832398065,47201604,163572547
13,937466827,0.19301,796196620,47201604,94068603
14,842945100,0.20617,609770275,47201604,185973221
15,763249885,0.21947,530075060,47201604,185973221
16,712928780,0.23269,479753955,47201604,185973221
17,712928780,0.24585,479753955,47201604,185973221
18,571089210,0.25903,479753955,47201604,44133651
19,571089210,0.27223,479753955,47201604,44133651
20,571089210,0.28535,479753955,47201604,44133651
21,578498765,0.2987,487163510,47201604,44133651
22,492634495,0.31201,401299240,47201604,44133651
23,456433050,0.32522,365097795,47201604,44133651
24,470410748,0.33846,315903725,110373372,44133651
25,64251784.5571,0.35498,49036189.7215,11075002.4727,4140592.3629
26,71487425.6172,0.36863,56271830.7816,11075002.4727,4140592.3629
27,71487425.6172,0.38196,56271830.7816,11075002.4727,4140592.3629
28,69707250.796,0.39529,56271830.7816,9294827.6515,4140592.3629
29,77214688.2258,0.40882,56271830.7816,16802265.0814,4140592.3629
30,77214688.2258,0.42213,56271830.7816,16802265.0814,4140592.3629
31,88874530.911,0.43572,56271830.7816,28462107.7666,4140592.3629
32,89869706.3125,0.44929,57267006.1831,28462107.7666,4140592.3629
33,428587687,0.48133,234976910,149477126,44133651
34,367286642,0.51313,173675865,149477126,44133651
35,313413847,0.5449,119803070,149477126,44133651
36,259757499,0.5769,116251380,143506119,0
37,210063309,0.60839,116251380,93811929,0
38,173861864,0.6399,80049935,93811929,0
39,141865204,0.67162,80049935,61815269,0
40,118434879,0.70341,56619610,61815269,0
41,98945089,0.73511,45129820,53815269,0
42,87910639,0.76687,34095370,53815269,0
43,82195929,0.79864,34095370,48100559,0
44,66986764,0.83031,26886205,40100559,0
45,58799514,0.86198,18698955,40100559,0
46,39309724,0.89367,7209165,32100559,0
47,24100559,0.9251,0,24100559,0
48,16100559,0.95643,0,16100559,0
49,15327028,0.98793,3155260,12171768,0
50,4735816.9916,1.0198,1422859.4994,3312957.4922,0
51,3069759.3419,1.0516,3069759.3419,0,0
52,1292949.5694,1.0835,1292949.5694,0,0
53,0,1.1155,0,0,0
