1,14406942326,0.036391,12901868450,0,1505073876
2,11488375270,0.057085,10164249400,0,1324125870
3,10173085620,0.077692,8664249400,0,1508836220
4,9012483185,0.097946,7503646965,0,1508836220
5,7973867406,0.11813,6486683545,0,1487183861
6,6947994061,0.1384,5460810200,0,1487183861
7,6030188485,0.15849,4952359570,0,1077828915
8,5309033754,0.17869,4602216825,0,706816929
9,4627715789,0.20091,3920898860,0,706816929
10,4161889198,0.22108,3451416765,0,710472433
11,3700037023,0.24132,2989564590,0,710472433
12,3309927738,0.26134,2599455305,0,710472433
13,2950616548,0.28147,2674857315,0,275759233
14,2820696268,0.30178,2544937035,0,275759233
15,2704519958,0.32183,2428760725,0,275759233
16,2627038843,0.34211,2351279610,0,275759233
17,2574154196,0.36214,2033412920,18058625,522682651
18,2565258006,0.38442,2024516730,18058625,522682651
19,2565258006,0.40478,2024516730,18058625,522682651
20,2364128966,0.42484,1823387690,18058625,522682651
21,2244562464,0.44506,1681343550,40536263,522682651
22,2199219142,0.46512,1568071725,108464766,522682651
23,2199219142,0.48523,1568071725,108464766,522682651
24,2199219142,0.50549,1568071725,108464766,522682651
25,338937477.5646,0.52572,268939702.022,4458801.1905,65538974.3521
26,331955073.8342,0.5461,259195747.6372,7220351.8449,65538974.3521
27,331955073.8342,0.56648,259195747.6372,7220351.8449,65538974.3521
28,331955073.8342,0.58905,259195747.6372,7220351.8449,65538974.3521
29,331955073.8342,0.60977,259195747.6372,7220351.8449,65538974.3521
30,331955073.8342,0.63006,259195747.6372,7220351.8449,65538974.3521
31,2000851078,0.68187,1618692820,106399025,275759233
32,1826959848,0.73137,1444801590,106399025,275759233
33,1709388768,0.78282,1327230510,106399025,275759233
34,1628939094,0.83314,1327230510,114556395,187152189
35,1445090885,0.88144,1228103855,114556395,102430635
36,1286102214,0.92967,984393630,114556395,187152189
37,1185228869,0.98456,883520285,114556395,187152189
38,1105191194,1.0345,763520285,114556395,227114514
39,1025651314,1.0834,683980405,114556395,227114514
40,985651314,1.1346,683980405,74556395,227114514
41,945688989,1.1842,683980405,74556395,187152189
42,894538136,1.2337,643980405,74606746,175950985
43,866662891,1.2823,616105160,74606746,175950985
44,844185253,1.3358,616105160,52129108,175950985
45,825654323,1.385,597574230,52129108,175950985
46,613003018,1.4344,498447575,52129108,62426335
47,517030798,1.4841,458447575,52129108,6454115
48,416157453,1.5334,357574230,52129108,6454115
49,317030798,1.5823,258447575,52129108,6454115
50,39244449.3244,1.6318,26911811.751,8571545.4714,3761092.1021
51,33575628.0325,1.683,21242990.459,8571545.4714,3761092.1021
52,29945928.8446,1.7331,21242990.459,8571545.4714,131392.9142
53,22413420.1473,1.7824,13710481.7618,8571545.4714,131392.9142
54,17836565.0323,1.8327,9133626.6468,8571545.4714,131392.9142
55,14273034.9577,1.8814,5570096.5722,8571545.4714,131392.9142
56,12837936.7321,1.9311,4134998.3466,8571545.4714,131392.9142
57,11496627.2303,1.9811,4134998.3466,7230235.9695,131392.9142
58,10181193.9455,2.033,4134998.3466,5914802.6847,131392.9142
59,9687618.4444,2.0877,3641422.8455,5914802.6847,131392.9142
60,9361533.3112,2.1386,3315337.7123,5914802.6847,131392.9142
61,9035448.178,2.1876,2989252.5791,5914802.6847,131392.9142
62,8709363.0448,2.2374,2663167.4459,5914802.6847,131392.9142
63,8383277.9115,2.2864,2337082.3126,5914802.6847,131392.9142
64,8057192.7783,2.3349,2010997.1794,5914802.6847,131392.9142
65,7731107.6451,2.3834,1684912.0462,5914802.6847,131392.9142
66,7416685.7619,2.4318,1370490.163,5914802.6847,131392.9142
67,7215974.6559,2.4809,1169779.057,5914802.6847,131392.9142
68,7084581.7417,2.5296,1169779.057,5914802.6847,0
69,6959207.7145,2.58,1044405.0298,5914802.6847,0
70,6758496.6085,2.6288,843693.9238,5914802.6847,0
71,6633122.5813,2.6779,718319.8966,5914802.6847,0
72,6432411.4753,2.7266,517608.7906,5914802.6847,0
73,6307037.4481,2.7774,392234.7633,5914802.6847,0
74,6106326.3421,2.8261,191523.6574,5914802.6847,0
75,20472647.8343,2.8754,1120426.4401,19352221.3942,0
76,8030047.6473,2.9243,2238718.1925,5791329.4548,0
77,2036571.6055,2.9728,1987799.8542,48771.7513,0
78,923513.9156,3.0219,874742.1643,48771.7513,0
79,56140.5015,3.071,7368.7502,48771.7513,0
80,7368.7502,3.1195,7368.7502,0,0
81,2545.0647,3.1677,2545.0647,0,0
82,2096.3286,3.2182,2096.3286,0,0
83,0,3.2684,0,0,0
