1,23303193713,0.041169,20282105865,0,3021087848
2,18910636975,0.067967,17801310740,0,1109326235
3,15167183107,0.09443,14051310740,0,1115872367
4,12498674077,0.12067,11382801710,0,1115872367
5,9933553620,0.14701,9673759205,0,259794415
6,8359223865,0.17326,8117613150,0,241610715
7,7123065160,0.19953,6982380100,0,140685060
8,6107024995,0.22587,5966339935,0,140685060
9,4887148225,0.25207,4887148225,0,0
10,4014435679,0.27833,3967867380,46568299,0
11,3211894237,0.30463,3120175410,91718827,0
12,2492489107,0.33117,2400770280,91718827,0
13,2304933862,0.35761,2213215035,91718827,0
14,2123898332,0.38391,2032179505,91718827,0
15,1958602302,0.41092,1713411485,91718827,153471990
16,1698735122,0.43757,1607016295,91718827,0
17,1561897917,0.4654,1470179090,91718827,0
18,1447687992,0.49215,1355969165,91718827,0
19,1335064432,0.51888,1243345605,91718827,0
20,1280841846,0.54549,847335255,91718827,341787764
21,1088629484,0.57185,727790740,94868294,265970450
22,956917054,0.59851,628785635,94868294,233263125
23,956917054,0.62513,628785635,94868294,233263125
24,989557059,0.65157,628785635,127508299,233263125
25,147118808.273,0.67852,79908757.3953,12224150.8834,54985899.9942
26,153303992.3598,0.70551,92094449.0211,6223643.3444,54985899.9942
27,139864278.9336,0.73213,84472557.7932,405821.1462,54985899.9942
28,144126350.1615,0.75887,88734629.0211,405821.1462,54985899.9942
29,130266563.5938,0.78557,74874842.4534,405821.1462,54985899.9942
30,136281734.7783,0.81224,67728642.8623,5857264.7675,62695827.1485
31,139663580.9753,0.8356,133300236.2803,6363344.695,0
32,153976262.8053,0.85123,147612918.1103,6363344.695,0
33,168490546.6581,0.86686,162127201.9631,6363344.695,0
34,921202356,0.90403,875745725,45456631,0
35,764719601,0.94077,719262970,45456631,0
36,648280076,0.97737,602823445,45456631,0
37,539849196,1.0145,494392565,45456631,0
38,465639271,1.0514,420182640,45456631,0
39,394742246,1.0883,349285615,45456631,0
40,330447216,1.1251,284990585,45456631,0
41,267299620,1.1618,188093975,79205645,0
42,227299620,1.1986,188093975,39205645,0
43,193944108,1.2353,153351325,39205645,1387138
44,124802093,1.272,84209310,39205645,1387138
45,84802093,1.3087,44209310,39205645,1387138
46,44802093,1.3455,4209310,39205645,1387138
47,36802093,1.3821,4209310,31205645,1387138
48,33652626,1.4187,4209310,28056178,1387138
49,31062936,1.4554,1619620,28056178,1387138
50,5681283.1519,1.495,1955782.9048,3663556.5908,61943.6563
51,3597442.6592,1.5321,1955782.9048,1579716.0981,61943.6563
52,1600606.9431,1.5683,1538663.2868,0,61943.6563
53,1389622.3282,1.605,1389622.3282,0,0
54,1121543.6687,1.6419,1121543.6687,0,0
55,972502.7101,1.679,972502.7101,0,0
56,704424.0507,1.7157,704424.0507,0,0
57,555383.0921,1.7525,555383.0921,0,0
58,287304.4326,1.7893,287304.4326,0,0
59,266448.4517,1.8261,266448.4517,0,0
60,245592.4708,1.8628,245592.4708,0,0
61,224736.4899,1.8995,224736.4899,0,0
62,203880.509,1.9363,203880.509,0,0
63,183024.5281,1.973,183024.5281,0,0
64,162168.5472,2.0097,162168.5472,0,0
65,141312.5663,2.0465,141312.5663,0,0
66,120456.5854,2.0833,120456.5854,0,0
67,99600.6045,2.12,99600.6045,0,0
68,78744.6236,2.1569,78744.6236,0,0
69,57888.6427,2.1936,57888.6427,0,0
70,37032.6618,2.2302,37032.6618,0,0
71,16889.3819,2.2671,16889.3819,0,0
72,0,2.3039,0,0,0
