1,13742270341,0.027021,10583403015,0,3158867326
2,11232678346,0.042509,8210434970,0,3022243376
3,8513139823,0.056017,5691959255,0,2821180568
4,6169070275,0.069872,4191959255,0,1977111020
5,4962609145,0.083662,3660498125,0,1302111020
6,4078614580,0.097484,2386350790,0,1692263790
7,3535417385,0.11131,2229717815,0,1305699570
8,2921712673,0.12509,1962803080,24954305,933955288
9,2456134863,0.13851,1497225270,24954305,933955288
10,1995908498,0.15232,1036998905,24954305,933955288
11,1690766558,0.16612,731856965,24954305,933955288
12,1399769548,0.17991,719911900,24954305,654903343
13,978942750,0.19373,680335550,60688299,237918901
14,726024305,0.20734,427417105,60688299,237918901
15,723941450,0.22104,528770980,70151994,125018476
16,423926860,0.23484,389508860,34418000,0
17,423926860,0.2487,389508860,34418000,0
18,211227435,0.26285,176809435,34418000,0
19,211227435,0.27675,176809435,34418000,0
20,211227435,0.29019,176809435,34418000,0
21,211227435,0.304,176809435,34418000,0
22,225760029,0.31794,179705440,46054589,0
23,177760029,0.35156,139705440,38054589,0
24,136296334,0.38469,99705440,36590894,0
25,18558716.0168,0.41784,8735315.1635,9823400.8533,0
26,15010985.3407,0.45096,8311609.7794,6699375.5613,0
27,11747270.3171,0.48409,3943170.919,7804099.3981,0
28,8623052.02,0.51738,818952.6219,7804099.3981,0
29,6627527.7272,0.5506,818952.6219,5656373.6053,152201.5
30,6194436.8053,0.58586,0,5656373.6053,538063.2
31,5006711.0125,0.61904,0,3508647.8125,1498063.2
32,3818985.2196,0.65226,0,1360922.0196,2458063.2
33,2858985.2196,0.68545,0,1360922.0196,1498063.2
34,1898985.2196,0.71871,0,1360922.0196,538063.2
35,1513123.5196,0.75212,0,1360922.0196,152201.5
36,1405737.23,0.78532,0,1253535.73,152201.5
37,1298350.9404,0.81851,0,1146149.4404,152201.5
38,1190964.6507,0.85171,0,1038763.1507,152201.5
39,1083578.3611,0.88515,0,931376.8611,152201.5
40,976192.0714,0.91836,0,823990.5714,152201.5
41,888192.0714,0.95148,0,823990.5714,64201.5
42,823990.5714,0.98459,0,823990.5714,0
43,780805.7818,1.0192,0,716604.2818,64201.5
44,716604.2818,1.0532,0,716604.2818,0
45,673419.4921,1.0864,0,609217.9921,64201.5
46,609217.9921,1.1196,0,609217.9921,0
47,609217.9921,1.1527,0,609217.9921,0
48,609217.9921,1.1898,0,609217.9921,0
49,609217.9921,1.2232,0,609217.9921,0
50,234021.12,1.2569,79716.12,154305,0
51,143917.62,1.2899,79716.12,0,64201.5
52,75396.5,1.323,11195,0,64201.5
53,11195,1.3622,11195,0,0
54,7195,1.3953,7195,0,0
55,3195,1.4282,3195,0,0
56,0,1.4611,0,0,0
