1,8770223640,0.032093,6522196410,0,2248027230
2,7148770050,0.04412,4900742820,0,2248027230
3,5649267430,0.055996,3552297500,0,2096969930
4,3999267430,0.067951,3552297500,0,446969930
5,2717425047,0.079842,2406538675,0,310886372
6,1935831082,0.093045,1624944710,0,310886372
7,1325253232,0.10503,1014366860,0,310886372
8,1045392412,0.11685,734506040,0,310886372
9,782680355,0.12866,580788645,0,201891710
10,669931360,0.1405,468039650,0,201891710
11,633152886,0.15236,561359710,0,71793176
12,496710500,0.16422,407668060,39243921,49798519
13,496489350,0.17605,403225565,43465266,49798519
14,451038550,0.18797,357774765,43465266,49798519
15,451038550,0.19987,357774765,43465266,49798519
16,448674765,0.21173,355410980,43465266,49798519
17,448674765,0.22362,355410980,43465266,49798519
18,481034250,0.23559,355410980,75824751,49798519
19,519276907,0.24762,355410980,114067408,49798519
20,592235117,0.25981,428369190,114067408,49798519
21,392235117,0.28952,228369190,114067408,49798519
22,284692452,0.31772,120826525,114067408,49798519
23,193376697,0.3459,29510770,114067408,49798519
24,143578178,0.3741,29510770,114067408,0
25,60657534.8018,0.4024,1213116.8651,59444417.9366,0
26,30275196.6235,0.4307,1213116.8651,29062079.7583,0
27,4566815.1021,0.45897,1213116.8651,3353698.237,0
28,1873620.9951,0.4872,1213116.8651,0,660504.13
29,1033285.298,0.51765,372781.168,0,660504.13
30,372781.168,0.5461,372781.168,0,0
31,0,0.57436,0,0,0
