1,20662397184,0.064284,14477228430,0,6185168754
2,16599085118,0.10264,10481288900,0,6117796218
3,14500319677,0.14068,10167258565,0,4333061112
4,12783262754,0.17865,8571513090,0,4211749664
5,11374011019,0.21652,7162261355,0,4211749664
6,10280718451,0.25439,6063632495,0,4217085956
7,9308267326,0.29229,5322915245,0,3985352081
8,8440625066,0.33073,4455272985,0,3985352081
9,7783362926,0.36874,3281766095,0,4501596831
10,6868138537,0.40716,3083819860,0,3784318677
11,6259431471,0.44502,3083819860,0,3175611611
12,5734358022,0.48284,2954937700,0,2779420322
13,5281678025,0.52062,2954937700,0,2326740325
14,4899704649,0.55866,2590082765,2775716,2306846168
15,4609266008,0.59653,2169422225,2775716,2437068067
16,4219146075,0.63433,2038467605,45347835,2135330635
17,3953073840,0.67218,1772395370,45347835,2135330635
18,3022201322,0.70999,1379951540,45347835,1596901947
19,2669327281,0.74783,1279674810,87234064,1302418407
20,2544301485,0.78598,1279674810,173120132,1091506543
21,2434656193,0.82386,1287535235,197609707,949511251
22,2423996958,0.86166,1276876000,197609707,949511251
23,2419152573,0.89951,1272031615,197609707,949511251
24,2147622878,0.93734,1000501920,197609707,949511251
25,497146987.9283,0.97534,128159587.6093,18182706.4242,350804693.8948
26,456444814.2655,1.0133,102200387.8541,18182706.4242,336061719.9872
27,455861401.4246,1.0514,102200387.8541,20845785.0176,332815228.553
28,428343031.0062,1.0895,102200387.8541,24059458.4193,302083184.7329
29,428343031.0062,1.1275,102200387.8541,24059458.4193,302083184.7329
30,429383663.6832,1.1656,102200387.8541,25100091.0963,302083184.7329
31,429383663.6832,1.2037,102200387.8541,25100091.0963,302083184.7329
32,430507769.0096,1.2421,102200387.8541,26224196.4227,302083184.7329
33,1766412143,1.3346,1046149920,285004644,435257579
34,1593099003,1.4258,1046149920,285004644,261944439
35,1440968588,1.5172,894019505,285004644,261944439
36,1323203094,1.609,772519155,288739500,261944439
37,1214100679,1.7001,703416740,248739500,261944439
38,1149117077,1.791,691540290,248739500,208837287
39,912174375,1.882,585563015,248739500,77871860
40,826288307,1.9729,585563015,162853432,77871860
41,775511087,2.0641,585563015,162853432,27094640
42,728051517,2.1555,538103445,162853432,27094640
43,655511087,2.2468,465563015,162853432,27094640
44,612735371,2.3385,425563015,160077716,27094640
45,572735371,2.4304,385563015,160077716,27094640
46,532735371,2.5215,345563015,160077716,27094640
47,492735371,2.6124,305563015,160077716,27094640
48,457689566,2.7033,270517210,160077716,27094640
49,419339546,2.7947,232167190,160077716,27094640
50,77517828.1317,2.8862,25707856.3788,50059315.2176,1750656.5353
51,72854222.5692,2.9771,25707856.3788,45395709.6552,1750656.5353
52,68463338.237,3.068,24837472.0795,36047115.4927,7578750.6647
53,64395023.7704,3.1592,20769157.613,36047115.4927,7578750.6647
54,60441510.6933,3.2502,18069246.9264,36047115.4927,6325148.2742
55,56740588.1132,3.3415,15794059.7051,34621380.1339,6325148.2742
56,53686686.4714,3.4325,15794059.7051,31567478.4921,6325148.2742
57,43407936.0922,3.5235,15794059.7051,21288728.1129,6325148.2742
58,40354034.4504,3.6145,15794059.7051,18234826.4711,6325148.2742
59,37300132.8086,3.7056,15794059.7051,15180924.8293,6325148.2742
60,34759770.6615,3.7967,13253697.558,15180924.8293,6325148.2742
61,32395064.5608,3.8879,13253697.558,15180924.8293,3960442.1735
62,30546911.7385,3.979,11405544.7357,15180924.8293,3960442.1735
63,28240353.0674,4.0701,9098986.0647,15180924.8293,3960442.1735
64,26510655.1399,4.1614,10423189.779,12127023.1875,3960442.1735
65,24871861.0546,4.2525,8784395.6936,12127023.1875,3960442.1735
66,23578008.4138,4.3439,7490543.0528,12127023.1875,3960442.1735
67,22448433.5618,4.4351,7490543.0528,12127023.1875,2830867.3215
68,21387600.9827,4.5263,6429710.4737,12127023.1875,2830867.3215
69,20667556.2527,4.6174,6429710.4737,11406978.4575,2830867.3215
70,19966857.2644,4.7082,5729011.4854,11406978.4575,2830867.3215
71,19270291.8242,4.7993,5032446.0452,11406978.4575,2830867.3215
72,19011841.2177,4.8901,5032446.0452,11406978.4575,2572416.715
73,18753390.6112,4.981,5032446.0452,11406978.4575,2313966.1085
74,18494940.0047,5.0719,5032446.0452,11406978.4575,2055515.5019
75,21198788.7299,5.163,15621889.1398,2041235.3047,3535664.2854
76,16845212.2001,5.254,11268312.6101,2041235.3047,3535664.2854
77,16120704.9078,5.3452,11612680.5136,2041235.3047,2466789.0895
78,15364957.3676,5.4361,11612680.5136,2041235.3047,1711041.5493
79,14609209.8275,5.527,11612680.5136,2041235.3047,955294.0092
80,13853462.2874,5.618,11612680.5136,2041235.3047,199546.4691
81,13175163.0636,5.709,9347995.7153,3627620.8791,199546.4691
82,12679131.7926,5.8003,10893199.7491,1586385.5744,199546.4691
83,11133927.7589,5.8913,9347995.7153,1586385.5744,199546.4691
84,10996062.323,5.9823,9456835.1286,1339680.7253,199546.4691
85,10858196.8871,6.0733,9565674.5418,1092975.8762,199546.4691
86,10720331.4513,6.1642,9674513.9551,846271.0271,199546.4691
87,10582466.0154,6.2551,9783353.3683,599566.178,199546.4691
88,10444600.5796,6.346,9892192.7816,352861.3289,199546.4691
89,10306735.1437,6.4368,10001032.1948,106156.4798,199546.4691
90,10195375.5214,6.5277,10001032.1948,106156.4798,88186.8468
91,8651307.2594,6.6186,8345604.3105,106156.4798,199546.4691
92,8129946.8788,6.7098,7824243.9299,106156.4798,199546.4691
93,8018587.2565,6.8007,7824243.9299,106156.4798,88186.8468
94,6474518.9945,6.8918,6168816.0456,106156.4798,199546.4691
95,5953158.6139,6.9829,5647455.665,106156.4798,199546.4691
96,5841798.9916,7.0738,5647455.665,106156.4798,88186.8468
97,4297730.7296,7.1649,3992027.7807,106156.4798,199546.4691
98,3776370.3491,7.2559,3470667.4002,106156.4798,199546.4691
99,3665010.7267,7.347,3470667.4002,106156.4798,88186.8468
100,7796937.4114,7.4382,7541140.6472,236704.1873,19092.5769
101,7217779.855,7.5293,6342651.2049,236704.1873,638424.4627
102,6838990.5243,7.6203,5963861.8743,236704.1873,638424.4627
103,6460201.1936,7.7112,5585072.5436,236704.1873,638424.4627
104,6280533.8383,7.8022,5405405.1883,236704.1873,638424.4627
105,6270987.5499,7.8933,5405405.1883,236704.1873,628878.1743
106,6184286.5383,7.9845,5405405.1883,236704.1873,542177.1627
107,6184286.5383,8.0757,5405405.1883,236704.1873,542177.1627
108,6051470.6781,8.1667,5405405.1883,236704.1873,409361.3025
109,6051470.6781,8.258,5405405.1883,236704.1873,409361.3025
110,6051470.6781,8.3493,5405405.1883,236704.1873,409361.3025
111,6039884.7388,8.4406,5405405.1883,225118.248,409361.3025
112,5972511.6287,8.532,5405405.1883,225118.248,341988.1924
113,5593722.2981,8.6235,5026615.8576,225118.248,341988.1924
114,5214932.9674,8.7144,4647826.527,225118.248,341988.1924
115,5214932.9674,8.8059,4647826.527,225118.248,341988.1924
116,5205386.6789,8.8972,4647826.527,225118.248,332441.904
117,5147559.8574,8.9882,4647826.527,225118.248,274615.0824
118,5147559.8574,9.0806,4647826.527,225118.248,274615.0824
119,5147559.8574,9.1721,4647826.527,225118.248,274615.0824
120,5147559.8574,9.2638,4647826.527,225118.248,274615.0824
121,5147559.8574,9.356,4647826.527,225118.248,274615.0824
122,8047533.8622,9.3951,2286504.5427,715137.734,5045891.5855
123,8047533.8622,9.4333,2286504.5427,715137.734,5045891.5855
124,8047533.8622,9.4714,2286504.5427,715137.734,5045891.5855
125,9241182.2833,9.5097,1394509.3152,690663.21,7156009.7582
126,9296273.3833,9.548,1394509.3152,745754.31,7156009.7582
127,5147559.8574,9.6404,4647826.527,225118.248,274615.0824
128,5080186.7473,9.7314,4647826.527,225118.248,207241.9724
129,4701397.4166,9.8222,4269037.1963,225118.248,207241.9724
130,4322608.086,9.9132,3890247.8656,225118.248,207241.9724
131,4311022.1467,10.0043,3890247.8656,213532.3087,207241.9724
132,4301475.8582,10.0958,3890247.8656,213532.3087,197695.6839
133,4243649.0366,10.1875,3890247.8656,213532.3087,139868.8623
134,4243649.0366,10.2787,3890247.8656,213532.3087,139868.8623
135,4243649.0366,10.3699,3890247.8656,213532.3087,139868.8623
136,4243649.0366,10.4612,3890247.8656,213532.3087,139868.8623
137,4243649.0366,10.5524,3890247.8656,213532.3087,139868.8623
138,5467075.5661,10.5914,1167209.4162,655117.5262,3644748.6237
139,5467075.5661,10.6294,1167209.4162,655117.5262,3644748.6237
140,5467075.5661,10.6674,1167209.4162,655117.5262,3644748.6237
141,5467075.5661,10.7054,1167209.4162,655117.5262,3644748.6237
142,5467075.5661,10.7434,1167209.4162,655117.5262,3644748.6237
143,4243649.0366,10.8348,3890247.8656,213532.3087,139868.8623
144,4176275.9266,10.9258,3890247.8656,213532.3087,72495.7523
145,3797486.5959,11.0166,3511458.535,213532.3087,72495.7523
146,3587343.745,11.1077,3301315.684,213532.3087,72495.7523
147,3418697.2652,11.1985,3132669.2043,213532.3087,72495.7523
148,3208554.4143,11.2896,2922526.3534,213532.3087,72495.7523
149,3039907.9346,11.3807,2753879.8736,213532.3087,72495.7523
150,3023122.3776,11.4719,2433430.9402,517839.8898,71851.5476
151,2861789.0487,11.5629,2272097.6113,517839.8898,71851.5476
152,2660758.7886,11.654,2071067.3512,517839.8898,71851.5476
153,2499425.4596,11.745,1909734.0223,517839.8898,71851.5476
154,2298395.1995,11.8359,1708703.7622,517839.8898,71851.5476
155,2137061.8706,11.9268,1547370.4333,517839.8898,71851.5476
156,1936031.6105,12.0179,1346340.1732,517839.8898,71851.5476
157,1774698.2816,12.1089,1185006.8443,517839.8898,71851.5476
158,1573668.0215,12.2002,983976.5842,517839.8898,71851.5476
159,1412334.6926,12.2911,822643.2552,517839.8898,71851.5476
160,1211304.4325,12.3821,621612.9951,517839.8898,71851.5476
161,1049971.1036,12.4729,460279.6662,517839.8898,71851.5476
162,848940.8435,12.5637,259249.4061,517839.8898,71851.5476
163,687607.5146,12.6548,97916.0772,517839.8898,71851.5476
164,658574.1612,12.7455,97916.0772,517839.8898,42818.1942
165,630476.9539,12.8365,97916.0772,489742.6825,42818.1942
166,602379.7466,12.9274,97916.0772,461645.4752,42818.1942
167,574282.5393,13.0183,97916.0772,433548.2678,42818.1942
168,546185.3319,13.1094,97916.0772,405451.0605,42818.1942
169,518088.1246,13.2003,97916.0772,377353.8532,42818.1942
170,489990.9173,13.2916,97916.0772,349256.6459,42818.1942
171,461893.71,13.3825,97916.0772,321159.4386,42818.1942
172,437998.4341,13.4736,97916.0772,321159.4386,18922.9183
173,419075.5158,13.5648,97916.0772,321159.4386,0
174,419075.5158,13.6557,97916.0772,321159.4386,0
175,3529107.4581,13.7472,25254.0574,3503853.4007,0
176,3529107.4581,13.8385,25254.0574,3503853.4007,0
177,3529107.4581,13.93,25254.0574,3503853.4007,0
178,437007.6611,13.9692,30709.9211,406297.74,0
179,437007.6611,14.0073,30709.9211,406297.74,0
180,437007.6611,14.0455,30709.9211,406297.74,0
181,437007.6611,14.0838,30709.9211,406297.74,0
182,437007.6611,14.122,30709.9211,406297.74,0
183,3529107.4581,14.2137,25254.0574,3503853.4007,0
184,3529107.4581,14.3056,25254.0574,3503853.4007,0
185,3529107.4581,14.3977,25254.0574,3503853.4007,0
186,3529107.4581,14.4895,25254.0574,3503853.4007,0
187,1892514.097,14.5806,1892514.097,0,0
188,805609.252,14.6715,566399.212,0,239210.04
189,264464.0974,14.7629,25254.0574,0,239210.04
190,252464.0974,14.8543,25254.0574,0,227210.04
191,240464.0974,14.9452,25254.0574,0,215210.04
192,228464.0974,15.0365,25254.0574,0,203210.04
193,216464.0974,15.1282,25254.0574,0,191210.04
194,204464.0974,15.2193,25254.0574,0,179210.04
195,192464.0974,15.3101,25254.0574,0,167210.04
196,180464.0974,15.4009,25254.0574,0,155210.04
197,168464.0974,15.4916,25254.0574,0,143210.04
198,156464.0974,15.5834,25254.0574,0,131210.04
199,144464.0974,15.6746,25254.0574,0,119210.04
200,1415952.3535,15.7664,1415952.3535,0,0
201,64615.9195,15.8571,18894.7295,45721.19,0
202,64615.9195,15.948,18894.7295,45721.19,0
203,64615.9195,16.0389,18894.7295,45721.19,0
204,64615.9195,16.13,18894.7295,45721.19,0
205,64615.9195,16.2211,18894.7295,45721.19,0
206,437007.6611,16.2599,30709.9211,406297.74,0
207,437007.6611,16.2979,30709.9211,406297.74,0
208,437007.6611,16.3357,30709.9211,406297.74,0
209,437007.6611,16.3737,30709.9211,406297.74,0
210,437007.6611,16.4117,30709.9211,406297.74,0
211,64615.9195,16.5028,18894.7295,45721.19,0
212,64615.9195,16.5942,18894.7295,45721.19,0
213,64615.9195,16.6855,18894.7295,45721.19,0
214,64615.9195,16.7771,18894.7295,45721.19,0
215,64615.9195,16.8686,18894.7295,45721.19,0
216,437007.6611,16.9079,30709.9211,406297.74,0
217,437007.6611,16.9459,30709.9211,406297.74,0
218,437007.6611,16.9846,30709.9211,406297.74,0
219,437007.6611,17.0226,30709.9211,406297.74,0
220,1547257.1432,17.0606,1140959.4032,406297.74,0
221,64615.9195,17.1521,18894.7295,45721.19,0
222,64615.9195,17.2445,18894.7295,45721.19,0
223,64615.9195,17.3356,18894.7295,45721.19,0
224,64615.9195,17.4266,18894.7295,45721.19,0
225,2368528.1772,17.5182,2368528.1772,0,0
226,2301371.1317,17.5579,2301371.1317,0,0
227,2301371.1317,17.596,2301371.1317,0,0
228,2301371.1317,17.6342,2301371.1317,0,0
229,2301371.1317,17.6724,2301371.1317,0,0
230,2301371.1317,17.7105,2301371.1317,0,0
231,150816.1171,17.8016,31606.0771,0,119210.04
232,138816.1171,17.8928,31606.0771,0,107210.04
233,138816.1171,17.985,31606.0771,0,107210.04
234,138816.1171,18.0762,31606.0771,0,107210.04
235,138816.1171,18.1675,31606.0771,0,107210.04
236,138816.1171,18.2588,31606.0771,0,107210.04
237,6752896.469,18.2977,30709.9211,0,6722186.5479
238,6752896.469,18.3357,30709.9211,0,6722186.5479
239,6752896.469,18.3736,30709.9211,0,6722186.5479
240,6752896.469,18.4117,30709.9211,0,6722186.5479
241,7863145.9511,18.4497,1140959.4032,0,6722186.5479
242,138816.1171,18.5405,31606.0771,0,107210.04
243,138816.1171,18.6318,31606.0771,0,107210.04
244,138816.1171,18.7225,31606.0771,0,107210.04
245,138816.1171,18.8138,31606.0771,0,107210.04
246,138816.1171,18.9055,31606.0771,0,107210.04
247,6752896.469,18.9444,30709.9211,0,6722186.5479
248,6752896.469,18.9824,30709.9211,0,6722186.5479
249,6752896.469,19.0203,30709.9211,0,6722186.5479
250,694241.58,19.0583,694241.58,0,0
251,694241.58,19.0961,694241.58,0,0
252,694241.58,19.134,694241.58,0,0
253,694241.58,19.1722,694241.58,0,0
254,733317.69,19.2103,733317.69,0,0
255,1281464.1437,19.3023,1174254.1037,0,107210.04
256,138816.1171,19.3933,31606.0771,0,107210.04
257,138816.1171,19.4842,31606.0771,0,107210.04
258,138816.1171,19.5755,31606.0771,0,107210.04
259,138816.1171,19.6671,31606.0771,0,107210.04
260,138816.1171,19.7585,31606.0771,0,107210.04
261,5208533.03,19.7974,4670950.84,537582.19,0
262,5208533.03,19.8354,4670950.84,537582.19,0
263,5208533.03,19.8735,4670950.84,537582.19,0
264,5208533.03,19.9114,4670950.84,537582.19,0
265,5208533.03,19.9495,4670950.84,537582.19,0
266,138816.1171,20.0406,31606.0771,0,107210.04
267,138816.1171,20.132,31606.0771,0,107210.04
268,138816.1171,20.2228,31606.0771,0,107210.04
269,138816.1171,20.3144,31606.0771,0,107210.04
270,138816.1171,20.4059,31606.0771,0,107210.04
271,694241.58,20.4447,694241.58,0,0
272,694241.58,20.4826,694241.58,0,0
273,694241.58,20.5213,694241.58,0,0
274,694241.58,20.5594,694241.58,0,0
275,1828013.54,20.5977,108086,0,1719927.54
276,884124.8671,20.6884,31606.0771,0,852518.79
277,298219.3671,20.7794,31606.0771,0,266613.29
278,298219.3671,20.8706,31606.0771,0,266613.29
279,298219.3671,20.9619,31606.0771,0,266613.29
280,298219.3671,21.0533,31606.0771,0,266613.29
281,298219.3671,21.1448,31606.0771,0,266613.29
282,374699.29,21.1839,108086,0,266613.29
283,374699.29,21.2218,108086,0,266613.29
284,374699.29,21.2598,108086,0,266613.29
285,374699.29,21.2979,108086,0,266613.29
286,374699.29,21.336,108086,0,266613.29
287,298219.3671,21.4287,31606.0771,0,266613.29
288,298219.3671,21.5202,31606.0771,0,266613.29
289,298219.3671,21.6113,31606.0771,0,266613.29
290,298219.3671,21.7027,31606.0771,0,266613.29
291,298219.3671,21.7946,31606.0771,0,266613.29
292,374699.29,21.834,108086,0,266613.29
293,374699.29,21.872,108086,0,266613.29
294,374699.29,21.9103,108086,0,266613.29
295,374699.29,21.9483,108086,0,266613.29
296,374699.29,21.9861,108086,0,266613.29
297,298219.3671,22.0779,31606.0771,0,266613.29
298,294219.3671,22.1688,31606.0771,0,262613.29
299,294219.3671,22.2598,31606.0771,0,262613.29
300,23451855.8401,22.3511,11610.9775,0,23440244.8626
301,23451855.8401,22.4423,11610.9775,0,23440244.8626
302,23109410.6881,22.5334,22473174.8881,636235.8,0
303,22691472.5401,22.6243,22055236.7401,636235.8,0
304,22250022.6084,22.7153,21613786.8084,636235.8,0
305,22246837.0717,22.8065,21610601.2717,636235.8,0
306,22207053.2045,22.8975,21570817.4045,636235.8,0
307,22207053.2045,22.9888,21570817.4045,636235.8,0
308,22207053.2045,23.0809,21570817.4045,636235.8,0
309,22207053.2045,23.1728,21570817.4045,636235.8,0
310,22207053.2045,23.2644,21570817.4045,636235.8,0
311,201437879.8,23.3034,200801644,636235.8,0
312,201437879.8,23.3414,200801644,636235.8,0
313,1647268.29,23.3794,1384655,0,262613.29
314,1647268.29,23.4171,1384655,0,262613.29
315,1647268.29,23.4551,1384655,0,262613.29
316,1647268.29,23.493,1384655,0,262613.29
317,1647268.29,23.5313,1384655,0,262613.29
318,7486743.1688,23.6225,6778501.5754,0,708241.5933
319,6627355.0891,23.7133,5919113.4958,0,708241.5933
320,5876144.0918,23.8043,5876144.0918,0,0
321,5781979.9731,23.8954,5781979.9731,0,0
322,5781979.9731,23.9864,5781979.9731,0,0
323,5781979.9731,24.0776,5781979.9731,0,0
324,5781979.9731,24.169,5781979.9731,0,0
325,53824158,24.2602,53824158,0,0
326,53824158,24.299,53824158,0,0
327,53824158,24.3369,53824158,0,0
328,53824158,24.3748,53824158,0,0
329,5372334.29,24.4125,108086,0,5264248.29
330,5372334.29,24.4505,108086,0,5264248.29
331,5372334.29,24.4886,108086,0,5264248.29
332,5372334.29,24.5267,108086,0,5264248.29
333,5555192.97,24.5647,108086,182858.68,5264248.29
334,549557.97,24.6557,108086,182858.68,258613.29
335,366699.29,24.7467,108086,0,258613.29
336,357144.69,24.8375,0,0,357144.69
337,258613.29,24.9284,0,0,258613.29
338,254613.29,25.0199,0,0,254613.29
339,254613.29,25.1113,0,0,254613.29
340,254613.29,25.2023,0,0,254613.29
341,254613.29,25.2936,0,0,254613.29
342,254613.29,25.3852,0,0,254613.29
343,254613.29,25.4242,0,0,254613.29
344,254613.29,25.4623,0,0,254613.29
345,254613.29,25.5003,0,0,254613.29
346,254613.29,25.5383,0,0,254613.29
347,254613.29,25.5763,0,0,254613.29
348,254613.29,25.6675,0,0,254613.29
349,254613.29,25.7587,0,0,254613.29
350,2659171.38,25.8501,2018935.58,640235.8,0
351,2579171.38,25.941,1938935.58,640235.8,0
352,2575171.38,26.0322,1934935.58,640235.8,0
353,2575171.38,26.1237,1934935.58,640235.8,0
354,2575171.38,26.2152,1934935.58,640235.8,0
355,2575171.38,26.3063,1934935.58,640235.8,0
356,2575171.38,26.3973,1934935.58,640235.8,0
357,194133793.8,26.4363,193493558,640235.8,0
358,194133793.8,26.4744,193493558,640235.8,0
359,194133793.8,26.5124,193493558,640235.8,0
360,194133793.8,26.5504,193493558,640235.8,0
361,1131182.29,26.5881,876569,0,254613.29
362,1131182.29,26.6259,876569,0,254613.29
363,1131182.29,26.664,876569,0,254613.29
364,1314040.97,26.702,876569,182858.68,254613.29
365,1583303.09,26.7401,876569,452120.8,254613.29
366,1795527.21,26.8314,549926.41,452120.8,793480
367,1002047.21,26.9226,549926.41,452120.8,0
368,660899.26,27.0135,208778.46,452120.8,0
369,391637.14,27.1045,208778.46,182858.68,0
370,208778.46,27.1955,208778.46,0,0
371,128778.46,27.287,128778.46,0,0
372,94581.93,27.3795,48860.74,45721.19,0
373,54486.88,27.4707,8765.69,45721.19,0
374,45721.19,27.5615,0,45721.19,0
375,4572119,27.6527,0,4572119,0
376,4572119,27.7435,0,4572119,0
377,4572119,27.8345,0,4572119,0
378,4572119,27.9255,0,4572119,0
379,45721.19,27.9641,0,45721.19,0
380,45721.19,28.0019,0,45721.19,0
381,45721.19,28.0397,0,45721.19,0
382,45721.19,28.0777,0,45721.19,0
383,45721.19,28.1155,0,45721.19,0
384,4572119,28.2072,0,4572119,0
385,4572119,28.2982,0,4572119,0
386,4572119,28.3894,0,4572119,0
387,4572119,28.4807,0,4572119,0
388,79917.72,28.5713,79917.72,0,0
389,75917.72,28.662,75917.72,0,0
390,75917.72,28.7536,75917.72,0,0
391,75917.72,28.8446,75917.72,0,0
392,75917.72,28.9355,75917.72,0,0
393,75917.72,29.0295,75917.72,0,0
394,7591772,29.0684,7591772,0,0
395,7591772,29.1062,7591772,0,0
396,7591772,29.144,7591772,0,0
397,7591772,29.183,7591772,0,0
398,7591772,29.2209,7591772,0,0
399,75917.72,29.3121,75917.72,0,0
400,7591772,29.4035,7591772,0,0
401,7591772,29.4946,7591772,0,0
402,7591772,29.5857,7591772,0,0
403,7591772,29.677,7591772,0,0
404,7591772,29.7157,7591772,0,0
405,7591772,29.7536,7591772,0,0
406,7591772,29.7916,7591772,0,0
407,7591772,29.8295,7591772,0,0
408,715721.19,29.8672,0,715721.19,0
409,715721.19,29.9051,0,715721.19,0
410,715721.19,29.9438,0,715721.19,0
411,715721.19,29.9818,0,715721.19,0
412,898579.87,30.0199,0,898579.87,0
413,498579.87,30.1109,0,498579.87,0
414,315721.19,30.2022,0,315721.19,0
415,315721.19,30.2936,0,315721.19,0
416,315721.19,30.3844,0,315721.19,0
417,315721.19,30.4754,0,315721.19,0
418,315721.19,30.5666,0,315721.19,0
419,315721.19,30.6056,0,315721.19,0
420,315721.19,30.6435,0,315721.19,0
421,315721.19,30.6814,0,315721.19,0
422,315721.19,30.7192,0,315721.19,0
423,315721.19,30.7571,0,315721.19,0
424,315721.19,30.8481,0,315721.19,0
425,31572119,30.9394,0,31572119,0
426,31572119,31.0306,0,31572119,0
427,31572119,31.1219,0,31572119,0
428,31572119,31.2139,0,31572119,0
429,315721.19,31.2528,0,315721.19,0
430,315721.19,31.2908,0,315721.19,0
431,315721.19,31.3288,0,315721.19,0
432,315721.19,31.367,0,315721.19,0
433,315721.19,31.4057,0,315721.19,0
434,125917.72,31.5275,125917.72,0,0
435,121917.72,31.6435,121917.72,0,0
436,41917.72,31.7342,41917.72,0,0
437,37917.72,31.8251,37917.72,0,0
438,33917.72,31.916,33917.72,0,0
439,29917.72,32.0068,29917.72,0,0
440,25917.72,32.0976,25917.72,0,0
441,21917.72,32.1885,21917.72,0,0
442,17917.72,32.2792,17917.72,0,0
443,13917.72,32.37,13917.72,0,0
444,9917.72,32.461,9917.72,0,0
445,5917.72,32.5517,5917.72,0,0
446,1917.72,32.6429,1917.72,0,0
447,1917.72,32.7336,1917.72,0,0
448,1917.72,32.8247,1917.72,0,0
449,1917.72,32.9157,1917.72,0,0
450,3721.19,33.0074,0,3721.19,0
451,3721.19,33.0469,0,3721.19,0
452,3721.19,33.0851,0,3721.19,0
453,3721.19,33.123,0,3721.19,0
454,3721.19,33.1608,0,3721.19,0
455,3721.19,33.1989,0,3721.19,0
456,3721.19,33.2905,0,3721.19,0
457,3721.19,33.3819,0,3721.19,0
458,3721.19,33.4733,0,3721.19,0
459,3721.19,33.5649,0,3721.19,0
460,3721.19,33.6564,0,3721.19,0
461,3721.19,33.6954,0,3721.19,0
462,3721.19,33.7334,0,3721.19,0
463,3721.19,33.7714,0,3721.19,0
464,3721.19,33.8103,0,3721.19,0
465,3721.19,33.8486,0,3721.19,0
466,3721.19,33.9405,0,3721.19,0
467,3721.19,34.032,0,3721.19,0
468,3721.19,34.1228,0,3721.19,0
469,3721.19,34.2135,0,3721.19,0
470,3721.19,34.3044,0,3721.19,0
471,3721.19,34.3434,0,3721.19,0
472,3721.19,34.3813,0,3721.19,0
473,3721.19,34.419,0,3721.19,0
474,3721.19,34.4569,0,3721.19,0
475,372119,34.495,0,372119,0
476,3721.19,34.5866,0,3721.19,0
477,3721.19,34.6776,0,3721.19,0
478,3721.19,34.7685,0,3721.19,0
479,3721.19,34.8598,0,3721.19,0
480,3721.19,34.951,0,3721.19,0
481,372119,34.9899,0,372119,0
482,372119,35.0279,0,372119,0
483,372119,35.066,0,372119,0
484,372119,35.1047,0,372119,0
485,372119,35.1431,0,372119,0
486,3721.19,35.2373,0,3721.19,0
487,3721.19,35.3288,0,3721.19,0
488,3721.19,35.4203,0,3721.19,0
489,3721.19,35.511,0,3721.19,0
490,3721.19,35.6018,0,3721.19,0
491,372119,35.6444,0,372119,0
492,372119,35.6901,0,372119,0
493,372119,35.7279,0,372119,0
494,372119,35.7659,0,372119,0
495,372119,35.8038,0,372119,0
496,3721.19,35.8946,0,3721.19,0
497,3721.19,35.9863,0,3721.19,0
498,3721.19,36.0773,0,3721.19,0
499,3721.19,36.1684,0,3721.19,0
500,1917.72,36.2594,1917.72,0,0
501,1917.72,36.3507,1917.72,0,0
502,1917.72,36.4421,1917.72,0,0
503,1917.72,36.5333,1917.72,0,0
504,1917.72,36.6247,1917.72,0,0
505,1917.72,36.6635,1917.72,0,0
506,1917.72,36.7018,1917.72,0,0
507,1917.72,36.7398,1917.72,0,0
508,1917.72,36.778,1917.72,0,0
509,1917.72,36.8161,1917.72,0,0
510,1917.72,36.9072,1917.72,0,0
511,1917.72,36.998,1917.72,0,0
512,1917.72,37.0889,1917.72,0,0
513,1917.72,37.1803,1917.72,0,0
514,1917.72,37.2714,1917.72,0,0
515,1917.72,37.3103,1917.72,0,0
516,1917.72,37.3482,1917.72,0,0
517,1917.72,37.3861,1917.72,0,0
518,1917.72,37.424,1917.72,0,0
519,1917.72,37.4619,1917.72,0,0
520,1917.72,37.5531,1917.72,0,0
521,1917.72,37.645,1917.72,0,0
522,1917.72,37.7368,1917.72,0,0
523,1917.72,37.8284,1917.72,0,0
524,1917.72,37.9195,1917.72,0,0
525,191772,37.9586,191772,0,0
526,191772,37.9966,191772,0,0
527,191772,38.0347,191772,0,0
528,191772,38.0726,191772,0,0
529,191772,38.1108,191772,0,0
530,1917.72,38.2038,1917.72,0,0
531,1917.72,38.2945,1917.72,0,0
532,1917.72,38.3854,1917.72,0,0
533,1917.72,38.4761,1917.72,0,0
534,1917.72,38.5682,1917.72,0,0
535,191772,38.6072,191772,0,0
536,191772,38.6451,191772,0,0
537,191772,38.683,191772,0,0
538,191772,38.7208,191772,0,0
539,191772,38.7591,191772,0,0
540,1917.72,38.8485,1917.72,0,0
541,1917.72,38.9377,1917.72,0,0
542,1917.72,39.0276,1917.72,0,0
543,1917.72,39.1172,1917.72,0,0
544,1917.72,39.2062,1917.72,0,0
545,191772,39.2459,191772,0,0
546,191772,39.2835,191772,0,0
547,191772,39.3213,191772,0,0
548,191772,39.3593,191772,0,0
549,191772,39.3972,191772,0,0
550,3721.19,39.4879,0,3721.19,0
551,3721.19,39.579,0,3721.19,0
552,3721.19,39.6698,0,3721.19,0
553,3721.19,39.7608,0,3721.19,0
554,3721.19,39.8521,0,3721.19,0
555,3721.19,39.8928,0,3721.19,0
556,3721.19,39.9307,0,3721.19,0
557,3721.19,39.9684,0,3721.19,0
558,3721.19,40.0063,0,3721.19,0
559,3721.19,40.0445,0,3721.19,0
560,3721.19,40.1363,0,3721.19,0
561,3721.19,40.2272,0,3721.19,0
562,3721.19,40.3182,0,3721.19,0
563,3721.19,40.4095,0,3721.19,0
564,3721.19,40.501,0,3721.19,0
565,3721.19,40.5399,0,3721.19,0
566,3721.19,40.5779,0,3721.19,0
567,3721.19,40.6161,0,3721.19,0
568,3721.19,40.6541,0,3721.19,0
569,3721.19,40.6924,0,3721.19,0
570,3721.19,40.7838,0,3721.19,0
571,3721.19,40.8757,0,3721.19,0
572,3721.19,40.9668,0,3721.19,0
573,3721.19,41.0578,0,3721.19,0
574,3721.19,41.149,0,3721.19,0
575,372119,41.188,0,372119,0
576,372119,41.2258,0,372119,0
577,372119,41.2633,0,372119,0
578,372119,41.3009,0,372119,0
579,372119,41.3392,0,372119,0
580,3721.19,41.4301,0,3721.19,0
581,3721.19,41.5219,0,3721.19,0
582,3721.19,41.6129,0,3721.19,0
583,3721.19,41.7039,0,3721.19,0
584,3721.19,41.7954,0,3721.19,0
585,372119,41.8343,0,372119,0
586,372119,41.8721,0,372119,0
587,372119,41.9099,0,372119,0
588,372119,41.9477,0,372119,0
589,372119,41.9856,0,372119,0
590,3721.19,42.077,0,3721.19,0
591,3721.19,42.1683,0,3721.19,0
592,3721.19,42.2611,0,3721.19,0
593,3721.19,42.3528,0,3721.19,0
594,3721.19,42.4435,0,3721.19,0
595,372119,42.4823,0,372119,0
596,372119,42.5202,0,372119,0
597,372119,42.5584,0,372119,0
598,372119,42.5964,0,372119,0
599,372119,42.6343,0,372119,0
600,1917.72,42.7252,1917.72,0,0
601,1917.72,42.816,1917.72,0,0
602,1917.72,42.9068,1917.72,0,0
603,1917.72,42.9978,1917.72,0,0
604,1917.72,43.0888,1917.72,0,0
605,1917.72,43.1277,1917.72,0,0
606,1917.72,43.1656,1917.72,0,0
607,1917.72,43.2036,1917.72,0,0
608,1917.72,43.2416,1917.72,0,0
609,1917.72,43.2796,1917.72,0,0
610,1917.72,43.3709,1917.72,0,0
611,1917.72,43.4624,1917.72,0,0
612,1917.72,43.5536,1917.72,0,0
613,1917.72,43.6449,1917.72,0,0
614,1917.72,43.7361,1917.72,0,0
615,1917.72,43.775,1917.72,0,0
616,1917.72,43.813,1917.72,0,0
617,1917.72,43.851,1917.72,0,0
618,1917.72,43.8889,1917.72,0,0
619,1917.72,43.9268,1917.72,0,0
620,1917.72,44.0175,1917.72,0,0
621,1917.72,44.1091,1917.72,0,0
622,1917.72,44.2,1917.72,0,0
623,1917.72,44.2908,1917.72,0,0
624,1917.72,44.3819,1917.72,0,0
625,191772,44.4209,191772,0,0
626,191772,44.4587,191772,0,0
627,191772,44.4966,191772,0,0
628,191772,44.5344,191772,0,0
629,191772,44.5724,191772,0,0
630,1917.72,44.6633,1917.72,0,0
631,1917.72,44.755,1917.72,0,0
632,1917.72,44.848,1917.72,0,0
633,1917.72,44.94,1917.72,0,0
634,1917.72,45.0319,1917.72,0,0
635,191772,45.071,191772,0,0
636,191772,45.1091,191772,0,0
637,191772,45.147,191772,0,0
638,191772,45.1851,191772,0,0
639,191772,45.223,191772,0,0
640,1917.72,45.3142,1917.72,0,0
641,1917.72,45.4053,1917.72,0,0
642,1917.72,45.4972,1917.72,0,0
643,1917.72,45.588,1917.72,0,0
644,1917.72,45.6787,1917.72,0,0
645,191772,45.7177,191772,0,0
646,191772,45.7564,191772,0,0
647,191772,45.7945,191772,0,0
648,191772,45.8329,191772,0,0
649,191772,45.8708,191772,0,0
650,3721.19,45.962,0,3721.19,0
651,3721.19,46.0531,0,3721.19,0
652,3721.19,46.1434,0,3721.19,0
653,3721.19,46.2352,0,3721.19,0
654,3721.19,46.3246,0,3721.19,0
655,3721.19,46.3626,0,3721.19,0
656,3721.19,46.3996,0,3721.19,0
657,3721.19,46.4366,0,3721.19,0
658,3721.19,46.4736,0,3721.19,0
659,3721.19,46.5111,0,3721.19,0
660,3721.19,46.6027,0,3721.19,0
661,3721.19,46.6939,0,3721.19,0
662,3721.19,46.7847,0,3721.19,0
663,3721.19,46.8761,0,3721.19,0
664,3721.19,46.9668,0,3721.19,0
665,3721.19,47.0057,0,3721.19,0
666,3721.19,47.0436,0,3721.19,0
667,3721.19,47.0816,0,3721.19,0
668,3721.19,47.1194,0,3721.19,0
669,3721.19,47.1573,0,3721.19,0
670,3721.19,47.2482,0,3721.19,0
671,3721.19,47.3402,0,3721.19,0
672,3721.19,47.4313,0,3721.19,0
673,3721.19,47.5225,0,3721.19,0
674,3721.19,47.6142,0,3721.19,0
675,372119,47.6533,0,372119,0
676,372119,47.6912,0,372119,0
677,372119,47.729,0,372119,0
678,372119,47.767,0,372119,0
679,372119,47.8049,0,372119,0
680,3721.19,47.8962,0,3721.19,0
681,3721.19,47.9884,0,3721.19,0
682,3721.19,48.0796,0,3721.19,0
683,3721.19,48.1704,0,3721.19,0
684,3721.19,48.2618,0,3721.19,0
685,372119,48.3008,0,372119,0
686,372119,48.3386,0,372119,0
687,372119,48.3763,0,372119,0
688,372119,48.4142,0,372119,0
689,372119,48.4518,0,372119,0
690,3721.19,48.5426,0,3721.19,0
691,3721.19,48.6335,0,3721.19,0
692,3721.19,48.7252,0,3721.19,0
693,3721.19,48.8162,0,3721.19,0
694,3721.19,48.9072,0,3721.19,0
695,372119,48.9462,0,372119,0
696,372119,48.9846,0,372119,0
697,372119,49.0225,0,372119,0
698,372119,49.0604,0,372119,0
699,372119,49.0982,0,372119,0
700,1917.72,49.1894,1917.72,0,0
701,1917.72,49.2806,1917.72,0,0
702,1917.72,49.3719,1917.72,0,0
703,1917.72,49.4631,1917.72,0,0
704,1917.72,49.5538,1917.72,0,0
705,1917.72,49.5928,1917.72,0,0
706,1917.72,49.6307,1917.72,0,0
707,1917.72,49.6688,1917.72,0,0
708,1917.72,49.7068,1917.72,0,0
709,1917.72,49.7448,1917.72,0,0
710,1917.72,49.8363,1917.72,0,0
711,1917.72,49.927,1917.72,0,0
712,1917.72,50.0178,1917.72,0,0
713,1917.72,50.1094,1917.72,0,0
714,1917.72,50.2002,1917.72,0,0
715,1917.72,50.239,1917.72,0,0
716,1917.72,50.277,1917.72,0,0
717,1917.72,50.315,1917.72,0,0
718,1917.72,50.3529,1917.72,0,0
719,1917.72,50.3908,1917.72,0,0
720,1917.72,50.4821,1917.72,0,0
721,1917.72,50.5737,1917.72,0,0
722,1917.72,50.665,1917.72,0,0
723,1917.72,50.7564,1917.72,0,0
724,1917.72,50.8477,1917.72,0,0
725,191772,50.8871,191772,0,0
726,191772,50.927,191772,0,0
727,191772,50.965,191772,0,0
728,191772,51.0035,191772,0,0
729,191772,51.0415,191772,0,0
730,1917.72,51.1322,1917.72,0,0
731,1917.72,51.2236,1917.72,0,0
732,1917.72,51.3144,1917.72,0,0
733,1917.72,51.4052,1917.72,0,0
734,1917.72,51.4972,1917.72,0,0
735,191772,51.5366,191772,0,0
736,191772,51.5743,191772,0,0
737,191772,51.6121,191772,0,0
738,191772,51.6498,191772,0,0
739,191772,51.6876,191772,0,0
740,1917.72,51.7789,1917.72,0,0
741,1917.72,51.87,1917.72,0,0
742,1917.72,51.9616,1917.72,0,0
743,1917.72,52.0527,1917.72,0,0
744,1917.72,52.1451,1917.72,0,0
745,191772,52.184,191772,0,0
746,191772,52.2219,191772,0,0
747,191772,52.2598,191772,0,0
748,191772,52.2976,191772,0,0
749,191772,52.3355,191772,0,0
750,3721.19,52.4263,0,3721.19,0
751,3721.19,52.5171,0,3721.19,0
752,3721.19,52.611,0,3721.19,0
753,3721.19,52.7022,0,3721.19,0
754,3721.19,52.7931,0,3721.19,0
755,3721.19,52.8321,0,3721.19,0
756,3721.19,52.8701,0,3721.19,0
757,3721.19,52.9079,0,3721.19,0
758,3721.19,52.9457,0,3721.19,0
759,3721.19,52.9837,0,3721.19,0
760,3721.19,53.0759,0,3721.19,0
761,3721.19,53.167,0,3721.19,0
762,3721.19,53.2581,0,3721.19,0
763,3721.19,53.3497,0,3721.19,0
764,3721.19,53.441,0,3721.19,0
765,3721.19,53.4799,0,3721.19,0
766,3721.19,53.518,0,3721.19,0
767,3721.19,53.5559,0,3721.19,0
768,3721.19,53.5939,0,3721.19,0
769,3721.19,53.633,0,3721.19,0
770,3721.19,53.7265,0,3721.19,0
771,3721.19,53.8186,0,3721.19,0
772,3721.19,53.9104,0,3721.19,0
773,3721.19,54.0055,0,3721.19,0
774,3721.19,54.0974,0,3721.19,0
775,372119,54.1376,0,372119,0
776,372119,54.1756,0,372119,0
777,372119,54.2136,0,372119,0
778,372119,54.2512,0,372119,0
779,372119,54.289,0,372119,0
780,3721.19,54.3796,0,3721.19,0
781,3721.19,54.4712,0,3721.19,0
782,3721.19,54.5623,0,3721.19,0
783,3721.19,54.6537,0,3721.19,0
784,3721.19,54.7451,0,3721.19,0
785,372119,54.7839,0,372119,0
786,372119,54.8218,0,372119,0
787,372119,54.8597,0,372119,0
788,372119,54.8974,0,372119,0
789,372119,54.9352,0,372119,0
790,3721.19,55.0263,0,3721.19,0
791,3721.19,55.1176,0,3721.19,0
792,3721.19,55.2106,0,3721.19,0
793,3721.19,55.3015,0,3721.19,0
794,3721.19,55.3927,0,3721.19,0
795,372119,55.4316,0,372119,0
796,372119,55.4694,0,372119,0
797,372119,55.5072,0,372119,0
798,372119,55.545,0,372119,0
799,372119,55.5826,0,372119,0
800,1917.72,55.675,1917.72,0,0
801,1917.72,55.7658,1917.72,0,0
802,1917.72,55.8567,1917.72,0,0
803,1917.72,55.9476,1917.72,0,0
804,1917.72,56.0386,1917.72,0,0
805,1917.72,56.0775,1917.72,0,0
806,1917.72,56.1155,1917.72,0,0
807,1917.72,56.1537,1917.72,0,0
808,1917.72,56.1918,1917.72,0,0
809,1917.72,56.2299,1917.72,0,0
810,1917.72,56.3215,1917.72,0,0
811,1917.72,56.4132,1917.72,0,0
812,1917.72,56.5044,1917.72,0,0
813,1917.72,56.5961,1917.72,0,0
814,1917.72,56.6869,1917.72,0,0
815,1917.72,56.7268,1917.72,0,0
816,1917.72,56.7656,1917.72,0,0
817,1917.72,56.8036,1917.72,0,0
818,1917.72,56.8416,1917.72,0,0
819,1917.72,56.8796,1917.72,0,0
820,1917.72,56.9759,1917.72,0,0
821,1917.72,57.0677,1917.72,0,0
822,1917.72,57.1597,1917.72,0,0
823,1917.72,57.2507,1917.72,0,0
824,1917.72,57.3417,1917.72,0,0
825,191772,57.3811,191772,0,0
826,191772,57.4189,191772,0,0
827,191772,57.4566,191772,0,0
828,191772,57.4945,191772,0,0
829,191772,57.5323,191772,0,0
830,1917.72,57.6237,1917.72,0,0
831,1917.72,57.715,1917.72,0,0
832,1917.72,57.8063,1917.72,0,0
833,1917.72,57.8976,1917.72,0,0
834,1917.72,57.9889,1917.72,0,0
835,191772,58.0295,191772,0,0
836,191772,58.0674,191772,0,0
837,191772,58.1056,191772,0,0
838,191772,58.1435,191772,0,0
839,191772,58.1813,191772,0,0
840,1917.72,58.2735,1917.72,0,0
841,1917.72,58.3649,1917.72,0,0
842,1917.72,58.4565,1917.72,0,0
843,1917.72,58.5472,1917.72,0,0
844,1917.72,58.6381,1917.72,0,0
845,191772,58.6773,191772,0,0
846,191772,58.7154,191772,0,0
847,191772,58.7532,191772,0,0
848,191772,58.791,191772,0,0
849,191772,58.8289,191772,0,0
850,3721.19,58.92,0,3721.19,0
851,3721.19,59.0111,0,3721.19,0
852,3721.19,59.1023,0,3721.19,0
853,3721.19,59.1937,0,3721.19,0
854,3721.19,59.2852,0,3721.19,0
855,3721.19,59.3246,0,3721.19,0
856,3721.19,59.3627,0,3721.19,0
857,3721.19,59.4007,0,3721.19,0
858,3721.19,59.4386,0,3721.19,0
859,3721.19,59.4766,0,3721.19,0
860,3721.19,59.5683,0,3721.19,0
861,3721.19,59.6591,0,3721.19,0
862,3721.19,59.7511,0,3721.19,0
863,3721.19,59.8428,0,3721.19,0
864,3721.19,59.9399,0,3721.19,0
865,3721.19,59.9792,0,3721.19,0
866,3721.19,60.0174,0,3721.19,0
867,3721.19,60.0557,0,3721.19,0
868,3721.19,60.0938,0,3721.19,0
869,3721.19,60.1319,0,3721.19,0
870,3721.19,60.2238,0,3721.19,0
871,3721.19,60.3159,0,3721.19,0
872,3721.19,60.4099,0,3721.19,0
873,3721.19,60.501,0,3721.19,0
874,3721.19,60.5922,0,3721.19,0
875,372119,60.6314,0,372119,0
876,372119,60.6692,0,372119,0
877,372119,60.7071,0,372119,0
878,372119,60.7449,0,372119,0
879,372119,60.7827,0,372119,0
880,3721.19,60.8744,0,3721.19,0
881,3721.19,60.9658,0,3721.19,0
882,3721.19,61.0568,0,3721.19,0
883,3721.19,61.1482,0,3721.19,0
884,3721.19,61.2396,0,3721.19,0
885,372119,61.2788,0,372119,0
886,372119,61.3174,0,372119,0
887,372119,61.3554,0,372119,0
888,372119,61.3933,0,372119,0
889,372119,61.431,0,372119,0
890,3721.19,61.5224,0,3721.19,0
891,3721.19,61.6132,0,3721.19,0
892,3721.19,61.7047,0,3721.19,0
893,3721.19,61.796,0,3721.19,0
894,3721.19,61.8872,0,3721.19,0
895,372119,61.9264,0,372119,0
896,372119,61.9642,0,372119,0
897,372119,62.002,0,372119,0
898,372119,62.0404,0,372119,0
899,372119,62.0784,0,372119,0
900,1917.72,62.1692,1917.72,0,0
901,1917.72,62.2607,1917.72,0,0
902,1917.72,62.3529,1917.72,0,0
903,1917.72,62.4441,1917.72,0,0
904,1917.72,62.5359,1917.72,0,0
905,1917.72,62.5752,1917.72,0,0
906,1917.72,62.6136,1917.72,0,0
907,1917.72,62.6516,1917.72,0,0
908,1917.72,62.6896,1917.72,0,0
909,1917.72,62.7276,1917.72,0,0
910,1917.72,62.8204,1917.72,0,0
911,1917.72,62.914,1917.72,0,0
912,1917.72,63.0084,1917.72,0,0
913,1917.72,63.1004,1917.72,0,0
914,1917.72,63.1912,1917.72,0,0
915,1917.72,63.2303,1917.72,0,0
916,1917.72,63.2689,1917.72,0,0
917,1917.72,63.3072,1917.72,0,0
918,1917.72,63.3453,1917.72,0,0
919,1917.72,63.3831,1917.72,0,0
920,1917.72,63.4748,1917.72,0,0
921,1917.72,63.5664,1917.72,0,0
922,1917.72,63.6577,1917.72,0,0
923,1917.72,63.7489,1917.72,0,0
924,1917.72,63.8397,1917.72,0,0
925,191772,63.8789,191772,0,0
926,191772,63.9167,191772,0,0
927,191772,63.9545,191772,0,0
928,191772,63.9927,191772,0,0
929,191772,64.0308,191772,0,0
930,1917.72,64.1221,1917.72,0,0
931,1917.72,64.2135,1917.72,0,0
932,1917.72,64.3046,1917.72,0,0
933,1917.72,64.3956,1917.72,0,0
934,1917.72,64.4872,1917.72,0,0
935,191772,64.5263,191772,0,0
936,191772,64.5641,191772,0,0
937,191772,64.6019,191772,0,0
938,191772,64.6397,191772,0,0
939,191772,64.6775,191772,0,0
940,1917.72,64.7686,1917.72,0,0
941,1917.72,64.8602,1917.72,0,0
942,1917.72,64.9518,1917.72,0,0
943,1917.72,65.0433,1917.72,0,0
944,1917.72,65.1348,1917.72,0,0
945,191772,65.1738,191772,0,0
946,191772,65.2116,191772,0,0
947,191772,65.2498,191772,0,0
948,191772,65.2879,191772,0,0
949,191772,65.3259,191772,0,0
950,3721.19,65.4171,0,3721.19,0
951,3721.19,65.5079,0,3721.19,0
952,3721.19,65.599,0,3721.19,0
953,3721.19,65.6904,0,3721.19,0
954,3721.19,65.7821,0,3721.19,0
955,3721.19,65.8216,0,3721.19,0
956,3721.19,65.8595,0,3721.19,0
957,3721.19,65.8972,0,3721.19,0
958,3721.19,65.9405,0,3721.19,0
959,3721.19,65.9788,0,3721.19,0
960,3721.19,66.0703,0,3721.19,0
961,3721.19,66.1614,0,3721.19,0
962,3721.19,66.2523,0,3721.19,0
963,3721.19,66.3439,0,3721.19,0
964,3721.19,66.4352,0,3721.19,0
965,3721.19,66.4741,0,3721.19,0
966,3721.19,66.512,0,3721.19,0
967,3721.19,66.5499,0,3721.19,0
968,3721.19,66.5879,0,3721.19,0
969,3721.19,66.6261,0,3721.19,0
970,3721.19,66.7173,0,3721.19,0
971,3721.19,66.8088,0,3721.19,0
972,3721.19,66.8995,0,3721.19,0
973,3721.19,66.9906,0,3721.19,0
974,3721.19,67.0815,0,3721.19,0
975,372119,67.1206,0,372119,0
976,372119,67.1589,0,372119,0
977,372119,67.1969,0,372119,0
978,372119,67.2352,0,372119,0
979,372119,67.2731,0,372119,0
980,3721.19,67.3638,0,3721.19,0
981,3721.19,67.4552,0,3721.19,0
982,3721.19,67.5462,0,3721.19,0
983,3721.19,67.638,0,3721.19,0
984,3721.19,67.7304,0,3721.19,0
985,372119,67.7694,0,372119,0
986,372119,67.8074,0,372119,0
987,372119,67.8454,0,372119,0
988,372119,67.8834,0,372119,0
989,372119,67.9213,0,372119,0
990,3721.19,68.0128,0,3721.19,0
991,3721.19,68.1045,0,3721.19,0
992,3721.19,68.196,0,3721.19,0
993,3721.19,68.2867,0,3721.19,0
994,3721.19,68.3785,0,3721.19,0
995,372119,68.418,0,372119,0
996,372119,68.4557,0,372119,0
997,372119,68.4935,0,372119,0
998,372119,68.5313,0,372119,0
999,372119,68.569,0,372119,0
1000,1917.72,68.6599,1917.72,0,0
1001,1917.72,68.7507,1917.72,0,0
1002,1917.72,68.8416,1917.72,0,0
1003,1917.72,68.9325,1917.72,0,0
1004,1917.72,69.0236,1917.72,0,0
1005,1917.72,69.0625,1917.72,0,0
1006,1917.72,69.1006,1917.72,0,0
1007,1917.72,69.1385,1917.72,0,0
1008,1917.72,69.1765,1917.72,0,0
1009,1917.72,69.2145,1917.72,0,0
1010,1917.72,69.3061,1917.72,0,0
1011,1917.72,69.3976,1917.72,0,0
1012,1917.72,69.4896,1917.72,0,0
1013,1917.72,69.582,1917.72,0,0
1014,1917.72,69.6729,1917.72,0,0
1015,1917.72,69.7118,1917.72,0,0
1016,1917.72,69.7499,1917.72,0,0
1017,1917.72,69.7879,1917.72,0,0
1018,1917.72,69.8259,1917.72,0,0
1019,1917.72,69.864,1917.72,0,0
1020,1917.72,69.9557,1917.72,0,0
1021,1917.72,70.0474,1917.72,0,0
1022,1917.72,70.139,1917.72,0,0
1023,1917.72,70.2308,1917.72,0,0
1024,1917.72,70.322,1917.72,0,0
1025,191772,70.3611,191772,0,0
1026,191772,70.399,191772,0,0
1027,191772,70.4369,191772,0,0
1028,191772,70.4748,191772,0,0
1029,191772,70.5126,191772,0,0
1030,1917.72,70.6037,1917.72,0,0
1031,1917.72,70.6953,1917.72,0,0
1032,1917.72,70.7867,1917.72,0,0
1033,1917.72,70.8785,1917.72,0,0
1034,1917.72,70.9709,1917.72,0,0
1035,191772,71.01,191772,0,0
1036,191772,71.0486,191772,0,0
1037,191772,71.0866,191772,0,0
1038,191772,71.1247,191772,0,0
1039,191772,71.1628,191772,0,0
1040,1917.72,71.2537,1917.72,0,0
1041,1917.72,71.3453,1917.72,0,0
1042,1917.72,71.4374,1917.72,0,0
1043,1917.72,71.5287,1917.72,0,0
1044,1917.72,71.62,1917.72,0,0
1045,191772,71.659,191772,0,0
1046,191772,71.6968,191772,0,0
1047,191772,71.7349,191772,0,0
1048,191772,71.773,191772,0,0
1049,191772,71.8111,191772,0,0
1050,3721.19,71.9024,0,3721.19,0
1051,3721.19,71.9935,0,3721.19,0
1052,3721.19,72.0848,0,3721.19,0
1053,3721.19,72.1767,0,3721.19,0
1054,3721.19,72.2689,0,3721.19,0
1055,3721.19,72.3078,0,3721.19,0
1056,3721.19,72.3458,0,3721.19,0
1057,3721.19,72.3837,0,3721.19,0
1058,3721.19,72.4216,0,3721.19,0
1059,3721.19,72.4596,0,3721.19,0
1060,3721.19,72.5511,0,3721.19,0
1061,3721.19,72.6426,0,3721.19,0
1062,3721.19,72.7346,0,3721.19,0
1063,3721.19,72.8262,0,3721.19,0
1064,3721.19,72.9172,0,3721.19,0
1065,3721.19,72.9561,0,3721.19,0
1066,3721.19,72.9941,0,3721.19,0
1067,3721.19,73.0321,0,3721.19,0
1068,3721.19,73.07,0,3721.19,0
1069,3721.19,73.1082,0,3721.19,0
1070,3721.19,73.1993,0,3721.19,0
1071,3721.19,73.2916,0,3721.19,0
1072,3721.19,73.3836,0,3721.19,0
1073,3721.19,73.475,0,3721.19,0
1074,3721.19,73.5666,0,3721.19,0
1075,372119,73.6057,0,372119,0
1076,372119,73.6436,0,372119,0
1077,372119,73.6815,0,372119,0
1078,372119,73.7193,0,372119,0
1079,372119,73.7574,0,372119,0
1080,3721.19,73.8488,0,3721.19,0
1081,3721.19,73.9403,0,3721.19,0
1082,3721.19,74.0314,0,3721.19,0
1083,3721.19,74.1229,0,3721.19,0
1084,3721.19,74.2148,0,3721.19,0
1085,372119,74.2539,0,372119,0
1086,372119,74.2918,0,372119,0
1087,372119,74.3298,0,372119,0
1088,372119,74.3679,0,372119,0
1089,372119,74.4057,0,372119,0
1090,3721.19,74.4964,0,3721.19,0
1091,3721.19,74.5873,0,3721.19,0
1092,3721.19,74.6794,0,3721.19,0
1093,3721.19,74.7706,0,3721.19,0
1094,3721.19,74.8618,0,3721.19,0
1095,372119,74.9012,0,372119,0
1096,372119,74.9392,0,372119,0
1097,372119,74.9777,0,372119,0
1098,372119,75.0156,0,372119,0
1099,372119,75.0535,0,372119,0
1100,1917.72,75.1447,1917.72,0,0
1101,1917.72,75.236,1917.72,0,0
1102,1917.72,75.3279,1917.72,0,0
1103,1917.72,75.42,1917.72,0,0
1104,1917.72,75.5113,1917.72,0,0
1105,1917.72,75.5502,1917.72,0,0
1106,1917.72,75.5883,1917.72,0,0
1107,1917.72,75.6262,1917.72,0,0
1108,1917.72,75.6643,1917.72,0,0
1109,1917.72,75.7023,1917.72,0,0
1110,1917.72,75.794,1917.72,0,0
1111,1917.72,75.8851,1917.72,0,0
1112,1917.72,75.9759,1917.72,0,0
1113,1917.72,76.068,1917.72,0,0
1114,1917.72,76.1598,1917.72,0,0
1115,1917.72,76.1987,1917.72,0,0
1116,1917.72,76.2366,1917.72,0,0
1117,1917.72,76.2746,1917.72,0,0
1118,1917.72,76.3126,1917.72,0,0
1119,1917.72,76.3505,1917.72,0,0
1120,1917.72,76.4417,1917.72,0,0
1121,1917.72,76.5333,1917.72,0,0
1122,1917.72,76.6248,1917.72,0,0
1123,1917.72,76.7162,1917.72,0,0
1124,1917.72,76.8072,1917.72,0,0
1125,191772,76.8465,191772,0,0
1126,191772,76.8844,191772,0,0
1127,191772,76.9227,191772,0,0
1128,191772,76.9607,191772,0,0
1129,191772,76.9987,191772,0,0
1130,1917.72,77.0902,1917.72,0,0
1131,1917.72,77.1817,1917.72,0,0
1132,1917.72,77.2728,1917.72,0,0
1133,1917.72,77.3639,1917.72,0,0
1134,1917.72,77.4556,1917.72,0,0
1135,191772,77.4946,191772,0,0
1136,191772,77.5329,191772,0,0
1137,191772,77.5708,191772,0,0
1138,191772,77.6094,191772,0,0
1139,191772,77.6474,191772,0,0
1140,1917.72,77.7386,1917.72,0,0
1141,1917.72,77.8301,1917.72,0,0
1142,1917.72,77.9222,1917.72,0,0
1143,1917.72,78.0136,1917.72,0,0
1144,1917.72,78.1056,1917.72,0,0
1145,191772,78.1446,191772,0,0
1146,191772,78.1831,191772,0,0
1147,191772,78.221,191772,0,0
1148,191772,78.2589,191772,0,0
1149,191772,78.2969,191772,0,0
1150,3721.19,78.3879,0,3721.19,0
1151,3721.19,78.4787,0,3721.19,0
1152,3721.19,78.5704,0,3721.19,0
1153,3721.19,78.662,0,3721.19,0
1154,3721.19,78.7528,0,3721.19,0
1155,3721.19,78.7917,0,3721.19,0
1156,3721.19,78.8297,0,3721.19,0
1157,3721.19,78.8677,0,3721.19,0
1158,3721.19,78.9056,0,3721.19,0
1159,3721.19,78.9436,0,3721.19,0
1160,3721.19,79.0355,0,3721.19,0
1161,3721.19,79.1267,0,3721.19,0
1162,3721.19,79.2178,0,3721.19,0
1163,3721.19,79.3099,0,3721.19,0
1164,3721.19,79.402,0,3721.19,0
1165,3721.19,79.441,0,3721.19,0
1166,3721.19,79.479,0,3721.19,0
1167,3721.19,79.5169,0,3721.19,0
1168,3721.19,79.555,0,3721.19,0
1169,3721.19,79.593,0,3721.19,0
1170,3721.19,79.6846,0,3721.19,0
1171,3721.19,79.7766,0,3721.19,0
1172,3721.19,79.8678,0,3721.19,0
1173,3721.19,79.9594,0,3721.19,0
1174,3721.19,80.0505,0,3721.19,0
1175,372119,80.0899,0,372119,0
1176,372119,80.1279,0,372119,0
1177,372119,80.1658,0,372119,0
1178,372119,80.2037,0,372119,0
1179,372119,80.2417,0,372119,0
1180,3721.19,80.3327,0,3721.19,0
1181,3721.19,80.4249,0,3721.19,0
1182,3721.19,80.5169,0,3721.19,0
1183,3721.19,80.6085,0,3721.19,0
1184,3721.19,80.7005,0,3721.19,0
1185,372119,80.7396,0,372119,0
1186,372119,80.7777,0,372119,0
1187,372119,80.8157,0,372119,0
1188,372119,80.8538,0,372119,0
1189,372119,80.8922,0,372119,0
1190,3721.19,80.9844,0,3721.19,0
1191,3721.19,81.076,0,3721.19,0
1192,3721.19,81.1677,0,3721.19,0
1193,3721.19,81.2588,0,3721.19,0
1194,3721.19,81.3503,0,3721.19,0
1195,372119,81.3892,0,372119,0
1196,372119,81.4271,0,372119,0
1197,372119,81.465,0,372119,0
1198,372119,81.5028,0,372119,0
1199,372119,81.5405,0,372119,0
1200,1917.72,81.632,1917.72,0,0
1201,1917.72,81.7236,1917.72,0,0
1202,1917.72,81.8146,1917.72,0,0
1203,1917.72,81.906,1917.72,0,0
1204,1917.72,81.9971,1917.72,0,0
1205,1917.72,82.036,1917.72,0,0
1206,1917.72,82.0741,1917.72,0,0
1207,1917.72,82.1125,1917.72,0,0
1208,1917.72,82.1505,1917.72,0,0
1209,1917.72,82.1885,1917.72,0,0
1210,1917.72,82.28,1917.72,0,0
1211,1917.72,82.3713,1917.72,0,0
1212,1917.72,82.4629,1917.72,0,0
1213,1917.72,82.5544,1917.72,0,0
1214,1917.72,82.6453,1917.72,0,0
1215,1917.72,82.6843,1917.72,0,0
1216,1917.72,82.7228,1917.72,0,0
1217,1917.72,82.7608,1917.72,0,0
1218,1917.72,82.7995,1917.72,0,0
1219,1917.72,82.8376,1917.72,0,0
1220,1917.72,82.9289,1917.72,0,0
1221,1917.72,83.0207,1917.72,0,0
1222,1917.72,83.1117,1917.72,0,0
1223,1917.72,83.203,1917.72,0,0
1224,1917.72,83.2952,1917.72,0,0
1225,191772,83.3344,191772,0,0
1226,191772,83.3724,191772,0,0
1227,191772,83.4104,191772,0,0
1228,191772,83.4482,191772,0,0
1229,191772,83.4861,191772,0,0
1230,1917.72,83.5772,1917.72,0,0
1231,1917.72,83.6689,1917.72,0,0
1232,1917.72,83.7607,1917.72,0,0
1233,1917.72,83.8524,1917.72,0,0
1234,1917.72,83.9447,1917.72,0,0
1235,191772,83.9843,191772,0,0
1236,191772,84.0221,191772,0,0
1237,191772,84.0599,191772,0,0
1238,191772,84.0979,191772,0,0
1239,191772,84.136,191772,0,0
1240,1917.72,84.2269,1917.72,0,0
1241,1917.72,84.3182,1917.72,0,0
1242,1917.72,84.41,1917.72,0,0
1243,1917.72,84.5008,1917.72,0,0
1244,1917.72,84.5918,1917.72,0,0
1245,191772,84.6309,191772,0,0
1246,191772,84.6687,191772,0,0
1247,191772,84.7065,191772,0,0
1248,191772,84.7443,191772,0,0
1249,191772,84.7821,191772,0,0
1250,3721.19,84.8734,0,3721.19,0
1251,3721.19,84.9642,0,3721.19,0
1252,3721.19,85.0558,0,3721.19,0
1253,3721.19,85.148,0,3721.19,0
1254,3721.19,85.2395,0,3721.19,0
1255,3721.19,85.2787,0,3721.19,0
1256,3721.19,85.3169,0,3721.19,0
1257,3721.19,85.355,0,3721.19,0
1258,3721.19,85.3929,0,3721.19,0
1259,3721.19,85.4309,0,3721.19,0
1260,3721.19,85.5229,0,3721.19,0
1261,3721.19,85.6145,0,3721.19,0
1262,3721.19,85.7059,0,3721.19,0
1263,3721.19,85.7976,0,3721.19,0
1264,3721.19,85.8886,0,3721.19,0
1265,3721.19,85.9275,0,3721.19,0
1266,3721.19,85.9655,0,3721.19,0
1267,3721.19,86.0034,0,3721.19,0
1268,3721.19,86.0413,0,3721.19,0
1269,3721.19,86.0794,0,3721.19,0
1270,3721.19,86.1704,0,3721.19,0
1271,3721.19,86.2632,0,3721.19,0
1272,3721.19,86.3543,0,3721.19,0
1273,3721.19,86.4457,0,3721.19,0
1274,3721.19,86.5371,0,3721.19,0
1275,372119,86.5762,0,372119,0
1276,372119,86.6142,0,372119,0
1277,372119,86.6523,0,372119,0
1278,372119,86.6902,0,372119,0
1279,372119,86.728,0,372119,0
1280,3721.19,86.8196,0,3721.19,0
1281,3721.19,86.9114,0,3721.19,0
1282,3721.19,87.0024,0,3721.19,0
1283,3721.19,87.0938,0,3721.19,0
1284,3721.19,87.1856,0,3721.19,0
1285,372119,87.2245,0,372119,0
1286,372119,87.2625,0,372119,0
1287,372119,87.3005,0,372119,0
1288,372119,87.3391,0,372119,0
1289,372119,87.377,0,372119,0
1290,3721.19,87.4687,0,3721.19,0
1291,3721.19,87.5598,0,3721.19,0
1292,3721.19,87.6518,0,3721.19,0
1293,3721.19,87.743,0,3721.19,0
1294,3721.19,87.8348,0,3721.19,0
1295,372119,87.8741,0,372119,0
1296,372119,87.9126,0,372119,0
1297,372119,87.9505,0,372119,0
1298,372119,87.9886,0,372119,0
1299,372119,88.0264,0,372119,0
1300,1917.72,88.1175,1917.72,0,0
1301,1917.72,88.2088,1917.72,0,0
1302,1917.72,88.3005,1917.72,0,0
1303,1917.72,88.3914,1917.72,0,0
1304,1917.72,88.4828,1917.72,0,0
1305,1917.72,88.5222,1917.72,0,0
1306,1917.72,88.5603,1917.72,0,0
1307,1917.72,88.5989,1917.72,0,0
1308,1917.72,88.6371,1917.72,0,0
1309,1917.72,88.6752,1917.72,0,0
1310,1917.72,88.7669,1917.72,0,0
1311,1917.72,88.8579,1917.72,0,0
1312,1917.72,88.9489,1917.72,0,0
1313,1917.72,89.0407,1917.72,0,0
1314,1917.72,89.1319,1917.72,0,0
1315,1917.72,89.1709,1917.72,0,0
1316,1917.72,89.2089,1917.72,0,0
1317,1917.72,89.2469,1917.72,0,0
1318,1917.72,89.2848,1917.72,0,0
1319,1917.72,89.3228,1917.72,0,0
1320,1917.72,89.4141,1917.72,0,0
1321,1917.72,89.506,1917.72,0,0
1322,1917.72,89.5976,1917.72,0,0
1323,1917.72,89.6895,1917.72,0,0
1324,1917.72,89.7807,1917.72,0,0
1325,191772,89.8198,191772,0,0
1326,191772,89.8579,191772,0,0
1327,191772,89.8958,191772,0,0
1328,191772,89.9338,191772,0,0
1329,191772,89.9717,191772,0,0
1330,1917.72,90.0631,1917.72,0,0
1331,1917.72,90.155,1917.72,0,0
1332,1917.72,90.2458,1917.72,0,0
1333,1917.72,90.3372,1917.72,0,0
1334,1917.72,90.4296,1917.72,0,0
1335,191772,90.4685,191772,0,0
1336,191772,90.5063,191772,0,0
1337,191772,90.5441,191772,0,0
1338,191772,90.5819,191772,0,0
1339,191772,90.6198,191772,0,0
1340,1917.72,90.7108,1917.72,0,0
1341,1917.72,90.8023,1917.72,0,0
1342,1917.72,90.8948,1917.72,0,0
1343,1917.72,90.9862,1917.72,0,0
1344,1917.72,91.0779,1917.72,0,0
1345,191772,91.1169,191772,0,0
1346,191772,91.1549,191772,0,0
1347,191772,91.1929,191772,0,0
1348,191772,91.2309,191772,0,0
1349,191772,91.269,191772,0,0
1350,3721.19,91.3602,0,3721.19,0
1351,3721.19,91.4513,0,3721.19,0
1352,3721.19,91.5433,0,3721.19,0
1353,3721.19,91.635,0,3721.19,0
1354,3721.19,91.7263,0,3721.19,0
1355,3721.19,91.7652,0,3721.19,0
1356,3721.19,91.8032,0,3721.19,0
1357,3721.19,91.8412,0,3721.19,0
1358,3721.19,91.8793,0,3721.19,0
1359,3721.19,91.9172,0,3721.19,0
1360,3721.19,92.0089,0,3721.19,0
1361,3721.19,92.1001,0,3721.19,0
1362,3721.19,92.1911,0,3721.19,0
1363,3721.19,92.2829,0,3721.19,0
1364,3721.19,92.3742,0,3721.19,0
1365,3721.19,92.4131,0,3721.19,0
1366,3721.19,92.4512,0,3721.19,0
1367,3721.19,92.4892,0,3721.19,0
1368,3721.19,92.5277,0,3721.19,0
1369,3721.19,92.5658,0,3721.19,0
1370,3721.19,92.658,0,3721.19,0
1371,3721.19,92.75,0,3721.19,0
1372,3721.19,92.841,0,3721.19,0
1373,3721.19,92.9328,0,3721.19,0
1374,3721.19,93.0245,0,3721.19,0
1375,372119,93.0637,0,372119,0
1376,372119,93.1018,0,372119,0
1377,372119,93.1396,0,372119,0
1378,372119,93.1775,0,372119,0
1379,372119,93.2157,0,372119,0
1380,3721.19,93.3077,0,3721.19,0
1381,3721.19,93.4,0,3721.19,0
1382,3721.19,93.492,0,3721.19,0
1383,3721.19,93.5834,0,3721.19,0
1384,3721.19,93.6754,0,3721.19,0
1385,372119,93.7144,0,372119,0
1386,372119,93.7524,0,372119,0
1387,372119,93.7905,0,372119,0
1388,372119,93.8285,0,372119,0
1389,372119,93.8666,0,372119,0
1390,3721.19,93.9579,0,3721.19,0
1391,3721.19,94.0494,0,3721.19,0
1392,3721.19,94.1417,0,3721.19,0
1393,3721.19,94.2333,0,3721.19,0
1394,3721.19,94.3248,0,3721.19,0
1395,372119,94.3637,0,372119,0
1396,372119,94.4015,0,372119,0
1397,372119,94.4395,0,372119,0
1398,372119,94.4775,0,372119,0
1399,372119,94.5153,0,372119,0
1400,1917.72,94.6062,1917.72,0,0
1401,1917.72,94.6973,1917.72,0,0
1402,1917.72,94.7884,1917.72,0,0
1403,1917.72,94.8797,1917.72,0,0
1404,1917.72,94.9709,1917.72,0,0
1405,1917.72,95.0098,1917.72,0,0
1406,1917.72,95.0479,1917.72,0,0
1407,1917.72,95.0861,1917.72,0,0
1408,1917.72,95.1241,1917.72,0,0
1409,1917.72,95.1621,1917.72,0,0
1410,1917.72,95.2537,1917.72,0,0
1411,1917.72,95.3452,1917.72,0,0
1412,1917.72,95.4369,1917.72,0,0
1413,1917.72,95.5293,1917.72,0,0
1414,1917.72,95.6209,1917.72,0,0
1415,1917.72,95.6598,1917.72,0,0
1416,1917.72,95.6977,1917.72,0,0
1417,1917.72,95.7357,1917.72,0,0
1418,1917.72,95.7739,1917.72,0,0
1419,1917.72,95.812,1917.72,0,0
1420,1917.72,95.9033,1917.72,0,0
1421,1917.72,95.9955,1917.72,0,0
1422,1917.72,96.087,1917.72,0,0
1423,1917.72,96.1781,1917.72,0,0
1424,1917.72,96.2693,1917.72,0,0
1425,191772,96.3084,191772,0,0
1426,191772,96.3463,191772,0,0
1427,191772,96.3842,191772,0,0
1428,191772,96.422,191772,0,0
1429,191772,96.4598,191772,0,0
1430,1917.72,96.5509,1917.72,0,0
1431,1917.72,96.6429,1917.72,0,0
1432,1917.72,96.7349,1917.72,0,0
1433,1917.72,96.8266,1917.72,0,0
1434,1917.72,96.9185,1917.72,0,0
1435,191772,96.9574,191772,0,0
1436,191772,96.9952,191772,0,0
1437,191772,97.0332,191772,0,0
1438,191772,97.0712,191772,0,0
1439,191772,97.1095,191772,0,0
1440,1917.72,97.2004,1917.72,0,0
1441,1917.72,97.292,1917.72,0,0
1442,1917.72,97.384,1917.72,0,0
1443,1917.72,97.4751,1917.72,0,0
1444,1917.72,97.5664,1917.72,0,0
1445,191772,97.6054,191772,0,0
1446,191772,97.6433,191772,0,0
1447,191772,97.6812,191772,0,0
1448,191772,97.7192,191772,0,0
1449,191772,97.7571,191772,0,0
1450,3721.19,97.8493,0,3721.19,0
1451,3721.19,97.9404,0,3721.19,0
1452,3721.19,98.0315,0,3721.19,0
1453,3721.19,98.123,0,3721.19,0
1454,3721.19,98.2145,0,3721.19,0
1455,3721.19,98.2538,0,3721.19,0
1456,3721.19,98.292,0,3721.19,0
1457,3721.19,98.3305,0,3721.19,0
1458,3721.19,98.3685,0,3721.19,0
1459,3721.19,98.4066,0,3721.19,0
1460,3721.19,98.4982,0,3721.19,0
1461,3721.19,98.5891,0,3721.19,0
1462,3721.19,98.6804,0,3721.19,0
1463,3721.19,98.772,0,3721.19,0
1464,3721.19,98.8632,0,3721.19,0
1465,3721.19,98.9023,0,3721.19,0
1466,3721.19,98.9407,0,3721.19,0
1467,3721.19,98.9789,0,3721.19,0
1468,3721.19,99.0174,0,3721.19,0
1469,3721.19,99.0555,0,3721.19,0
1470,3721.19,99.1467,0,3721.19,0
1471,3721.19,99.2386,0,3721.19,0
1472,3721.19,99.3299,0,3721.19,0
1473,3721.19,99.4211,0,3721.19,0
1474,3721.19,99.5129,0,3721.19,0
1475,372119,99.5519,0,372119,0
1476,372119,99.5903,0,372119,0
1477,372119,99.6281,0,372119,0
1478,372119,99.6661,0,372119,0
1479,372119,99.704,0,372119,0
1480,3721.19,99.7952,0,3721.19,0
1481,3721.19,99.8867,0,3721.19,0
1482,3721.19,99.9774,0,3721.19,0
1483,3721.19,100.0685,0,3721.19,0
1484,3721.19,100.1607,0,3721.19,0
1485,372119,100.2002,0,372119,0
1486,372119,100.238,0,372119,0
1487,372119,100.2758,0,372119,0
1488,372119,100.3137,0,372119,0
1489,372119,100.3515,0,372119,0
1490,3721.19,100.4421,0,3721.19,0
1491,3721.19,100.533,0,3721.19,0
1492,3721.19,100.6254,0,3721.19,0
1493,3721.19,100.7172,0,3721.19,0
1494,3721.19,100.8081,0,3721.19,0
1495,372119,100.8469,0,372119,0
1496,372119,100.8848,0,372119,0
1497,372119,100.9227,0,372119,0
1498,372119,100.9605,0,372119,0
1499,372119,100.9983,0,372119,0
1500,1917.72,101.0893,1917.72,0,0
1501,1917.72,101.1806,1917.72,0,0
1502,1917.72,101.2725,1917.72,0,0
1503,1917.72,101.364,1917.72,0,0
1504,1917.72,101.4553,1917.72,0,0
1505,1917.72,101.4943,1917.72,0,0
1506,1917.72,101.5324,1917.72,0,0
1507,1917.72,101.5704,1917.72,0,0
1508,1917.72,101.6085,1917.72,0,0
1509,1917.72,101.6466,1917.72,0,0
1510,1917.72,101.7382,1917.72,0,0
1511,1917.72,101.8292,1917.72,0,0
1512,1917.72,101.9205,1917.72,0,0
1513,1917.72,102.0121,1917.72,0,0
1514,1917.72,102.1031,1917.72,0,0
1515,1917.72,102.142,1917.72,0,0
1516,1917.72,102.18,1917.72,0,0
1517,1917.72,102.2181,1917.72,0,0
1518,1917.72,102.2562,1917.72,0,0
1519,1917.72,102.2941,1917.72,0,0
1520,1917.72,102.3854,1917.72,0,0
1521,1917.72,102.4776,1917.72,0,0
1522,1917.72,102.5695,1917.72,0,0
1523,1917.72,102.6609,1917.72,0,0
1524,1917.72,102.7519,1917.72,0,0
1525,191772,102.7909,191772,0,0
1526,191772,102.8289,191772,0,0
1527,191772,102.8668,191772,0,0
1528,191772,102.9052,191772,0,0
1529,191772,102.9433,191772,0,0
1530,1917.72,103.035,1917.72,0,0
1531,1917.72,103.1268,1917.72,0,0
1532,1917.72,103.2175,1917.72,0,0
1533,1917.72,103.3085,1917.72,0,0
1534,1917.72,103.4002,1917.72,0,0
1535,191772,103.4391,191772,0,0
1536,191772,103.4769,191772,0,0
1537,191772,103.5147,191772,0,0
1538,191772,103.5525,191772,0,0
1539,191772,103.5903,191772,0,0
1540,1917.72,103.6822,1917.72,0,0
1541,1917.72,103.786,1917.72,0,0
1542,1917.72,103.8792,1917.72,0,0
1543,1917.72,103.9703,1917.72,0,0
1544,1917.72,104.0617,1917.72,0,0
1545,191772,104.1007,191772,0,0
1546,191772,104.1385,191772,0,0
1547,191772,104.1764,191772,0,0
1548,191772,104.2143,191772,0,0
1549,191772,104.2524,191772,0,0
1550,3721.19,104.3433,0,3721.19,0
1551,3721.19,104.4339,0,3721.19,0
1552,3721.19,104.525,0,3721.19,0
1553,3721.19,104.6156,0,3721.19,0
1554,3721.19,104.7064,0,3721.19,0
1555,3721.19,104.7453,0,3721.19,0
1556,3721.19,104.7839,0,3721.19,0
1557,3721.19,104.8217,0,3721.19,0
1558,3721.19,104.8603,0,3721.19,0
1559,3721.19,104.8983,0,3721.19,0
1560,3721.19,104.9899,0,3721.19,0
1561,3721.19,105.081,0,3721.19,0
1562,3721.19,105.172,0,3721.19,0
1563,3721.19,105.2646,0,3721.19,0
1564,3721.19,105.3566,0,3721.19,0
1565,3721.19,105.3954,0,3721.19,0
1566,3721.19,105.4334,0,3721.19,0
1567,3721.19,105.4714,0,3721.19,0
1568,3721.19,105.5095,0,3721.19,0
1569,3721.19,105.5475,0,3721.19,0
1570,3721.19,105.6388,0,3721.19,0
1571,3721.19,105.7304,0,3721.19,0
1572,3721.19,105.8212,0,3721.19,0
1573,3721.19,105.9126,0,3721.19,0
1574,3721.19,106.0047,0,3721.19,0
1575,372119,106.0438,0,372119,0
1576,372119,106.0818,0,372119,0
1577,372119,106.1196,0,372119,0
1578,372119,106.1572,0,372119,0
1579,372119,106.195,0,372119,0
1580,3721.19,106.2858,0,3721.19,0
1581,3721.19,106.3774,0,3721.19,0
1582,3721.19,106.4683,0,3721.19,0
1583,3721.19,106.5592,0,3721.19,0
1584,3721.19,106.6507,0,3721.19,0
1585,372119,106.6896,0,372119,0
1586,372119,106.7274,0,372119,0
1587,372119,106.7652,0,372119,0
1588,372119,106.803,0,372119,0
1589,372119,106.8409,0,372119,0
1590,3721.19,106.9321,0,3721.19,0
1591,3721.19,107.0235,0,3721.19,0
1592,3721.19,107.1157,0,3721.19,0
1593,3721.19,107.2071,0,3721.19,0
1594,3721.19,107.2983,0,3721.19,0
1595,372119,107.3372,0,372119,0
1596,372119,107.3753,0,372119,0
1597,372119,107.4131,0,372119,0
1598,372119,107.4509,0,372119,0
1599,372119,107.4886,0,372119,0
1600,1917.72,107.5797,1917.72,0,0
1601,1917.72,107.6713,1917.72,0,0
1602,1917.72,107.7621,1917.72,0,0
1603,1917.72,107.8532,1917.72,0,0
1604,1917.72,107.9443,1917.72,0,0
1605,1917.72,107.9832,1917.72,0,0
1606,1917.72,108.0211,1917.72,0,0
1607,1917.72,108.0591,1917.72,0,0
1608,1917.72,108.0971,1917.72,0,0
1609,1917.72,108.1351,1917.72,0,0
1610,1917.72,108.2264,1917.72,0,0
1611,1917.72,108.319,1917.72,0,0
1612,1917.72,108.4103,1917.72,0,0
1613,1917.72,108.5019,1917.72,0,0
1614,1917.72,108.5927,1917.72,0,0
1615,1917.72,108.6315,1917.72,0,0
1616,1917.72,108.6696,1917.72,0,0
1617,1917.72,108.7075,1917.72,0,0
1618,1917.72,108.7455,1917.72,0,0
1619,1917.72,108.7834,1917.72,0,0
1620,1917.72,108.8746,1917.72,0,0
1621,1917.72,108.9661,1917.72,0,0
1622,1917.72,109.0568,1917.72,0,0
1623,1917.72,109.148,1917.72,0,0
1624,1917.72,109.2392,1917.72,0,0
1625,191772,109.2784,191772,0,0
1626,191772,109.3162,191772,0,0
1627,191772,109.354,191772,0,0
1628,191772,109.3924,191772,0,0
1629,191772,109.4305,191772,0,0
1630,1917.72,109.5224,1917.72,0,0
1631,1917.72,109.614,1917.72,0,0
1632,1917.72,109.7053,1917.72,0,0
1633,1917.72,109.7968,1917.72,0,0
1634,1917.72,109.8888,1917.72,0,0
1635,191772,109.9283,191772,0,0
1636,191772,109.966,191772,0,0
1637,191772,110.0038,191772,0,0
1638,191772,110.042,191772,0,0
1639,191772,110.0802,191772,0,0
1640,1917.72,110.171,1917.72,0,0
1641,1917.72,110.2622,1917.72,0,0
1642,1917.72,110.3542,1917.72,0,0
1643,1917.72,110.4451,1917.72,0,0
1644,1917.72,110.5362,1917.72,0,0
1645,191772,110.5756,191772,0,0
1646,191772,110.6135,191772,0,0
1647,191772,110.6519,191772,0,0
1648,191772,110.6897,191772,0,0
1649,191772,110.7275,191772,0,0
1650,3721.19,110.8184,0,3721.19,0
1651,3721.19,110.9094,0,3721.19,0
1652,3721.19,111.0005,0,3721.19,0
1653,3721.19,111.0919,0,3721.19,0
1654,3721.19,111.1833,0,3721.19,0
1655,3721.19,111.222,0,3721.19,0
1656,3721.19,111.2601,0,3721.19,0
1657,3721.19,111.2984,0,3721.19,0
1658,3721.19,111.3365,0,3721.19,0
1659,3721.19,111.3745,0,3721.19,0
1660,3721.19,111.466,0,3721.19,0
1661,3721.19,111.5569,0,3721.19,0
1662,3721.19,111.6482,0,3721.19,0
1663,3721.19,111.7403,0,3721.19,0
1664,3721.19,111.8318,0,3721.19,0
1665,3721.19,111.8706,0,3721.19,0
1666,3721.19,111.9086,0,3721.19,0
1667,3721.19,111.9466,0,3721.19,0
1668,3721.19,111.9843,0,3721.19,0
1669,3721.19,112.0222,0,3721.19,0
1670,3721.19,112.1131,0,3721.19,0
1671,3721.19,112.2053,0,3721.19,0
1672,3721.19,112.297,0,3721.19,0
1673,3721.19,112.388,0,3721.19,0
1674,3721.19,112.4797,0,3721.19,0
1675,372119,112.5188,0,372119,0
1676,372119,112.5567,0,372119,0
1677,372119,112.5946,0,372119,0
1678,372119,112.6323,0,372119,0
1679,372119,112.6701,0,372119,0
1680,3721.19,112.7613,0,3721.19,0
1681,3721.19,112.8529,0,3721.19,0
1682,3721.19,112.9445,0,3721.19,0
1683,3721.19,113.0356,0,3721.19,0
1684,3721.19,113.1273,0,3721.19,0
1685,372119,113.1661,0,372119,0
1686,372119,113.204,0,372119,0
1687,372119,113.242,0,372119,0
1688,372119,113.28,0,372119,0
1689,372119,113.3178,0,372119,0
1690,3721.19,113.4084,0,3721.19,0
1691,3721.19,113.4993,0,3721.19,0
1692,3721.19,113.5908,0,3721.19,0
1693,3721.19,113.6818,0,3721.19,0
1694,3721.19,113.7731,0,3721.19,0
1695,372119,113.8121,0,372119,0
1696,372119,113.8501,0,372119,0
1697,372119,113.888,0,372119,0
1698,372119,113.9259,0,372119,0
1699,372119,113.964,0,372119,0
1700,1917.72,114.0555,1917.72,0,0
1701,1917.72,114.1477,1917.72,0,0
1702,1917.72,114.2396,1917.72,0,0
1703,1917.72,114.3304,1917.72,0,0
1704,1917.72,114.4216,1917.72,0,0
1705,1917.72,114.4604,1917.72,0,0
1706,1917.72,114.4989,1917.72,0,0
1707,1917.72,114.5371,1917.72,0,0
1708,1917.72,114.5758,1917.72,0,0
1709,1917.72,114.6139,1917.72,0,0
1710,1917.72,114.7054,1917.72,0,0
1711,1917.72,114.7964,1917.72,0,0
1712,1917.72,114.8873,1917.72,0,0
1713,1917.72,114.9789,1917.72,0,0
1714,1917.72,115.0699,1917.72,0,0
1715,1917.72,115.1088,1917.72,0,0
1716,1917.72,115.1467,1917.72,0,0
1717,1917.72,115.1852,1917.72,0,0
1718,1917.72,115.2232,1917.72,0,0
1719,1917.72,115.2619,1917.72,0,0
1720,1917.72,115.353,1917.72,0,0
1721,1917.72,115.4445,1917.72,0,0
1722,1917.72,115.5361,1917.72,0,0
1723,1917.72,115.6282,1917.72,0,0
1724,1917.72,115.7191,1917.72,0,0
1725,191772,115.7581,191772,0,0
1726,191772,115.7959,191772,0,0
1727,191772,115.8337,191772,0,0
1728,191772,115.8717,191772,0,0
1729,191772,115.9097,191772,0,0
1730,1917.72,116.0008,1917.72,0,0
1731,1917.72,116.0925,1917.72,0,0
1732,1917.72,116.1832,1917.72,0,0
1733,1917.72,116.2742,1917.72,0,0
1734,1917.72,116.366,1917.72,0,0
1735,191772,116.4052,191772,0,0
1736,191772,116.443,191772,0,0
1737,191772,116.4808,191772,0,0
1738,191772,116.5186,191772,0,0
1739,191772,116.5563,191772,0,0
1740,1917.72,116.6472,1917.72,0,0
1741,1917.72,116.7385,1917.72,0,0
1742,1917.72,116.8304,1917.72,0,0
1743,1917.72,116.9219,1917.72,0,0
1744,1917.72,117.0133,1917.72,0,0
1745,191772,117.0521,191772,0,0
1746,191772,117.0901,191772,0,0
1747,191772,117.128,191772,0,0
1748,191772,117.1657,191772,0,0
1749,191772,117.2035,191772,0,0
1750,3721.19,117.2945,0,3721.19,0
1751,3721.19,117.3854,0,3721.19,0
1752,3721.19,117.4766,0,3721.19,0
1753,3721.19,117.5678,0,3721.19,0
1754,3721.19,117.659,0,3721.19,0
1755,3721.19,117.6978,0,3721.19,0
1756,3721.19,117.7357,0,3721.19,0
1757,3721.19,117.7737,0,3721.19,0
1758,3721.19,117.8116,0,3721.19,0
1759,3721.19,117.8495,0,3721.19,0
1760,3721.19,117.941,0,3721.19,0
1761,3721.19,118.0318,0,3721.19,0
1762,3721.19,118.1229,0,3721.19,0
1763,3721.19,118.2143,0,3721.19,0
1764,3721.19,118.3055,0,3721.19,0
1765,3721.19,118.3444,0,3721.19,0
1766,3721.19,118.3823,0,3721.19,0
1767,3721.19,118.4203,0,3721.19,0
1768,3721.19,118.4584,0,3721.19,0
1769,3721.19,118.4965,0,3721.19,0
1770,3721.19,118.5877,0,3721.19,0
1771,3721.19,118.6795,0,3721.19,0
1772,3721.19,118.7707,0,3721.19,0
1773,3721.19,118.8618,0,3721.19,0
1774,3721.19,118.9526,0,3721.19,0
1775,372119,118.9915,0,372119,0
1776,372119,119.0293,0,372119,0
1777,372119,119.0671,0,372119,0
1778,372119,119.1051,0,372119,0
1779,372119,119.1431,0,372119,0
1780,3721.19,119.2343,0,3721.19,0
1781,3721.19,119.326,0,3721.19,0
1782,3721.19,119.4172,0,3721.19,0
1783,3721.19,119.5084,0,3721.19,0
1784,3721.19,119.6003,0,3721.19,0
1785,372119,119.6392,0,372119,0
1786,372119,119.6772,0,372119,0
1787,372119,119.7151,0,372119,0
1788,372119,119.7532,0,372119,0
1789,372119,119.7912,0,372119,0
1790,3721.19,119.8826,0,3721.19,0
1791,3721.19,119.9744,0,3721.19,0
1792,3721.19,120.0664,0,3721.19,0
1793,3721.19,120.1574,0,3721.19,0
1794,3721.19,120.2488,0,3721.19,0
1795,372119,120.2878,0,372119,0
1796,372119,120.3256,0,372119,0
1797,372119,120.3633,0,372119,0
1798,372119,120.4011,0,372119,0
1799,372119,120.4387,0,372119,0
1800,1917.72,120.5296,1917.72,0,0
1801,1917.72,120.6203,1917.72,0,0
1802,1917.72,120.7112,1917.72,0,0
1803,1917.72,120.8021,1917.72,0,0
1804,1917.72,120.8931,1917.72,0,0
1805,1917.72,120.9319,1917.72,0,0
1806,1917.72,120.9698,1917.72,0,0
1807,1917.72,121.0078,1917.72,0,0
1808,1917.72,121.0457,1917.72,0,0
1809,1917.72,121.0839,1917.72,0,0
1810,1917.72,121.1757,1917.72,0,0
1811,1917.72,121.2673,1917.72,0,0
1812,1917.72,121.3591,1917.72,0,0
1813,1917.72,121.4504,1917.72,0,0
1814,1917.72,121.5412,1917.72,0,0
1815,1917.72,121.5801,1917.72,0,0
1816,1917.72,121.618,1917.72,0,0
1817,1917.72,121.6559,1917.72,0,0
1818,1917.72,121.6946,1917.72,0,0
1819,1917.72,121.7326,1917.72,0,0
1820,1917.72,121.8242,1917.72,0,0
1821,1917.72,121.9159,1917.72,0,0
1822,1917.72,122.0066,1917.72,0,0
1823,1917.72,122.0975,1917.72,0,0
1824,1917.72,122.1884,1917.72,0,0
1825,191772,122.2276,191772,0,0
1826,191772,122.2655,191772,0,0
1827,191772,122.3033,191772,0,0
1828,191772,122.3411,191772,0,0
1829,191772,122.3792,191772,0,0
1830,1917.72,122.4706,1917.72,0,0
1831,1917.72,122.5622,1917.72,0,0
1832,1917.72,122.6528,1917.72,0,0
1833,1917.72,122.7437,1917.72,0,0
1834,1917.72,122.8354,1917.72,0,0
1835,191772,122.874,191772,0,0
1836,191772,122.9111,191772,0,0
1837,191772,122.9483,191772,0,0
1838,191772,122.9861,191772,0,0
1839,191772,123.0239,191772,0,0
1840,1917.72,123.1147,1917.72,0,0
1841,1917.72,123.2059,1917.72,0,0
1842,1917.72,123.2977,1917.72,0,0
1843,1917.72,123.3887,1917.72,0,0
1844,1917.72,123.4798,1917.72,0,0
1845,191772,123.5185,191772,0,0
1846,191772,123.5562,191772,0,0
1847,191772,123.5939,191772,0,0
1848,191772,123.6317,191772,0,0
1849,191772,123.6698,191772,0,0
1850,3721.19,123.7608,0,3721.19,0
1851,3721.19,123.8517,0,3721.19,0
1852,3721.19,123.9434,0,3721.19,0
1853,3721.19,124.0346,0,3721.19,0
1854,3721.19,124.1261,0,3721.19,0
1855,3721.19,124.165,0,3721.19,0
1856,3721.19,124.203,0,3721.19,0
1857,3721.19,124.2409,0,3721.19,0
1858,3721.19,124.2788,0,3721.19,0
1859,3721.19,124.3171,0,3721.19,0
1860,3721.19,124.4087,0,3721.19,0
1861,3721.19,124.4994,0,3721.19,0
1862,3721.19,124.5905,0,3721.19,0
1863,3721.19,124.6819,0,3721.19,0
1864,3721.19,124.7728,0,3721.19,0
1865,3721.19,124.8118,0,3721.19,0
1866,3721.19,124.8498,0,3721.19,0
1867,3721.19,124.888,0,3721.19,0
1868,3721.19,124.9259,0,3721.19,0
1869,3721.19,124.9639,0,3721.19,0
1870,3721.19,125.0548,0,3721.19,0
1871,3721.19,125.1476,0,3721.19,0
1872,3721.19,125.2391,0,3721.19,0
1873,3721.19,125.3302,0,3721.19,0
1874,3721.19,125.4213,0,3721.19,0
1875,372119,125.4608,0,372119,0
1876,372119,125.4986,0,372119,0
1877,372119,125.5363,0,372119,0
1878,372119,125.5741,0,372119,0
1879,372119,125.6121,0,372119,0
1880,3721.19,125.7034,0,3721.19,0
1881,3721.19,125.795,0,3721.19,0
1882,3721.19,125.8858,0,3721.19,0
1883,3721.19,125.977,0,3721.19,0
1884,3721.19,126.0686,0,3721.19,0
1885,372119,126.1076,0,372119,0
1886,372119,126.1455,0,372119,0
1887,372119,126.1833,0,372119,0
1888,372119,126.2212,0,372119,0
1889,372119,126.2588,0,372119,0
1890,3721.19,126.3497,0,3721.19,0
1891,3721.19,126.4407,0,3721.19,0
1892,3721.19,126.5324,0,3721.19,0
1893,3721.19,126.6232,0,3721.19,0
1894,3721.19,126.7143,0,3721.19,0
1895,372119,126.7533,0,372119,0
1896,372119,126.7911,0,372119,0
1897,372119,126.8289,0,372119,0
1898,372119,126.8667,0,372119,0
1899,372119,126.9047,0,372119,0
1900,1917.72,126.9956,1917.72,0,0
1901,1917.72,127.0869,1917.72,0,0
1902,1917.72,127.1783,1917.72,0,0
1903,1917.72,127.2692,1917.72,0,0
1904,1917.72,127.3606,1917.72,0,0
1905,1917.72,127.3996,1917.72,0,0
1906,1917.72,127.4375,1917.72,0,0
1907,1917.72,127.4756,1917.72,0,0
1908,1917.72,127.5138,1917.72,0,0
1909,1917.72,127.5519,1917.72,0,0
1910,1917.72,127.6433,1917.72,0,0
1911,1917.72,127.7341,1917.72,0,0
1912,1917.72,127.8269,1917.72,0,0
1913,1917.72,127.9192,1917.72,0,0
1914,1917.72,128.0103,1917.72,0,0
1915,1917.72,128.0494,1917.72,0,0
1916,1917.72,128.0875,1917.72,0,0
1917,1917.72,128.1255,1917.72,0,0
1918,1917.72,128.1634,1917.72,0,0
1919,1917.72,128.2015,1917.72,0,0
1920,1917.72,128.2929,1917.72,0,0
1921,1917.72,128.3844,1917.72,0,0
1922,1917.72,128.4761,1917.72,0,0
1923,1917.72,128.5678,1917.72,0,0
1924,1917.72,128.6585,1917.72,0,0
1925,191772,128.698,191772,0,0
1926,191772,128.736,191772,0,0
1927,191772,128.7739,191772,0,0
1928,191772,128.8118,191772,0,0
1929,191772,128.8497,191772,0,0
1930,1917.72,128.9457,1917.72,0,0
1931,1917.72,129.0375,1917.72,0,0
1932,1917.72,129.1285,1917.72,0,0
1933,1917.72,129.2194,1917.72,0,0
1934,1917.72,129.3111,1917.72,0,0
1935,191772,129.3502,191772,0,0
1936,191772,129.3881,191772,0,0
1937,191772,129.4258,191772,0,0
1938,191772,129.464,191772,0,0
1939,191772,129.502,191772,0,0
1940,1917.72,129.5935,1917.72,0,0
1941,1917.72,129.6849,1917.72,0,0
1942,1917.72,129.7766,1917.72,0,0
1943,1917.72,129.8678,1917.72,0,0
1944,1917.72,129.9595,1917.72,0,0
1945,191772,129.9986,191772,0,0
1946,191772,130.0367,191772,0,0
1947,191772,130.0746,191772,0,0
1948,191772,130.1128,191772,0,0
1949,191772,130.151,191772,0,0
1950,3721.19,130.2431,0,3721.19,0
1951,3721.19,130.334,0,3721.19,0
1952,3721.19,130.4254,0,3721.19,0
1953,3721.19,130.5164,0,3721.19,0
1954,3721.19,130.6075,0,3721.19,0
1955,3721.19,130.647,0,3721.19,0
1956,3721.19,130.685,0,3721.19,0
1957,3721.19,130.7228,0,3721.19,0
1958,3721.19,130.7608,0,3721.19,0
1959,3721.19,130.7992,0,3721.19,0
1960,3721.19,130.8917,0,3721.19,0
1961,3721.19,130.983,0,3721.19,0
1962,3721.19,131.0743,0,3721.19,0
1963,3721.19,131.1659,0,3721.19,0
1964,3721.19,131.2574,0,3721.19,0
1965,3721.19,131.2964,0,3721.19,0
1966,3721.19,131.3346,0,3721.19,0
1967,3721.19,131.3725,0,3721.19,0
1968,3721.19,131.4107,0,3721.19,0
1969,3721.19,131.4489,0,3721.19,0
1970,3721.19,131.5407,0,3721.19,0
1971,3721.19,131.6328,0,3721.19,0
1972,3721.19,131.7239,0,3721.19,0
1973,3721.19,131.8156,0,3721.19,0
1974,3721.19,131.9067,0,3721.19,0
1975,372119,131.9489,0,372119,0
1976,372119,131.9868,0,372119,0
1977,372119,132.0247,0,372119,0
1978,372119,132.0624,0,372119,0
1979,372119,132.1004,0,372119,0
1980,3721.19,132.1915,0,3721.19,0
1981,3721.19,132.2832,0,3721.19,0
1982,3721.19,132.3741,0,3721.19,0
1983,3721.19,132.4653,0,3721.19,0
1984,3721.19,132.5571,0,3721.19,0
1985,372119,132.596,0,372119,0
1986,372119,132.6339,0,372119,0
1987,372119,132.6718,0,372119,0
1988,372119,132.7097,0,372119,0
1989,372119,132.7476,0,372119,0
1990,3721.19,132.8387,0,3721.19,0
1991,3721.19,132.93,0,3721.19,0
1992,3721.19,133.0216,0,3721.19,0
1993,3721.19,133.1124,0,3721.19,0
1994,3721.19,133.2036,0,3721.19,0
1995,372119,133.2424,0,372119,0
1996,372119,133.2804,0,372119,0
1997,372119,133.3183,0,372119,0
1998,372119,133.3562,0,372119,0
1999,372119,133.3941,0,372119,0
2000,1917.72,133.4851,1917.72,0,0
2001,1917.72,133.576,1917.72,0,0
