1,12188636979,0.046092,10204054210,0,1984582769
2,10222411626,0.063323,8178528070,0,2043883556
3,8360860947,0.078955,6468542530,0,1892318417
4,7324195120,0.094483,5940241190,0,1383953930
5,6421146830,0.11012,5037192900,0,1383953930
6,5535207290,0.12565,4287192900,0,1248014390
7,4759031739,0.14125,3591701055,0,1167330684
8,3441016616,0.15853,2880455690,0,560560926
9,2843713586,0.17429,2283152660,0,560560926
10,2253807118,0.18982,1706776740,0,547030378
11,1902723522,0.20536,1415378810,0,487344712
12,1510950612,0.22334,1023605900,0,487344712
13,1304194691,0.24244,1020702405,0,283492286
14,1183666103,0.25828,954749835,0,228916268
15,1010933496,0.2738,928491705,50672603,31769188
16,986603637,0.28939,645506850,50672603,290424184
17,942669333,0.30495,506442780,96377779,339848774
18,942669333,0.32014,506442780,96377779,339848774
19,959282090,0.33573,506442780,112990536,339848774
20,959282090,0.35135,506442780,112990536,339848774
21,990386608,0.36703,506442780,112990536,370953292
22,835824988,0.40575,351881160,112990536,370953292
23,732914058,0.44361,268394820,72990536,391528702
24,672227573,0.48216,247708335,32990536,391528702
25,150889899.955,0.51973,47937614.3758,3331630.4278,99620655.1514
26,124101484.7745,0.55788,68023969.3473,3051640.7015,53025874.7257
27,112528104.8325,0.59568,56450589.4053,3051640.7015,53025874.7257
28,101269377.7516,0.63329,56450589.4053,3051640.7015,41767147.6449
29,81417704.629,0.67241,65294320.723,3444252.2197,12679131.6863
30,75521883.7505,0.71014,59398499.8445,3444252.2197,12679131.6863
31,70611701.993,0.74776,63087319.6691,7524382.3238,0
32,52133594.8589,0.78751,46572270.1259,5561324.7329,0
33,43900609.5557,0.8263,38059295.0964,5841314.4593,0
34,40952699.1165,0.86391,35111384.6572,5841314.4593,0
35,38004788.6772,0.90236,32163474.2179,5841314.4593,0
36,35439703.8368,0.94126,29598389.3775,5841314.4593,0
37,32758391.8781,0.97895,27732372.3872,5026019.4909,0
38,29810481.4388,1.0184,24784461.9479,5026019.4909,0
39,29417869.9206,1.0564,24784461.9479,4633407.9727,0
40,29025258.4024,1.0937,24784461.9479,4240796.4545,0
41,28710836.7826,1.1313,24489670.904,4221165.8786,0
42,28396415.1628,1.169,24194879.8601,4201535.3027,0
43,28116425.4364,1.2069,24194879.8601,3921545.5764,0
44,27985263.5963,1.2443,24194879.8601,3790383.7362,0
45,27863151.1967,1.2818,24072767.4605,3790383.7362,0
46,27837868.0743,1.3217,24047484.3381,3790383.7362,0
47,27715755.6747,1.3593,23925371.9385,3790383.7362,0
48,27690472.5523,1.3967,23900088.8161,3790383.7362,0
49,27568360.1527,1.4344,23777976.4165,3790383.7362,0
50,22714366.6889,1.4725,11205477.7148,5119355.2141,6389533.76
51,12052127.151,1.512,6760831.846,288182.4049,5003112.9
52,5622292.274,1.5498,59179.374,0,5563112.9
53,2266871.254,1.5889,59179.374,0,2207691.88
54,1706871.254,1.6267,59179.374,0,1647691.88
55,1146871.254,1.6644,59179.374,0,1087691.88
56,651760.7914,1.7022,59179.374,64889.5374,527691.88
57,512468.9514,1.7422,59179.374,64889.5374,388400.04
58,453289.5774,1.7798,0,64889.5374,388400.04
59,425289.5774,1.8173,0,64889.5374,360400.04
60,397289.5774,1.8552,0,64889.5374,332400.04
61,370293.4338,1.8927,0,9893.3938,360400.04
62,345585.2738,1.9335,0,9893.3938,335691.88
63,325585.2738,1.9724,0,9893.3938,315691.88
64,305585.2738,2.0099,0,9893.3938,295691.88
65,285585.2738,2.0473,0,9893.3938,275691.88
66,265585.2738,2.0849,0,9893.3938,255691.88
67,245585.2738,2.1227,0,9893.3938,235691.88
68,225585.2738,2.1601,0,9893.3938,215691.88
69,205585.2738,2.1978,0,9893.3938,195691.88
70,185585.2738,2.2353,0,9893.3938,175691.88
71,165585.2738,2.2736,0,9893.3938,155691.88
72,145585.2738,2.3112,0,9893.3938,135691.88
73,125585.2738,2.3486,0,9893.3938,115691.88
74,117585.2738,2.3861,0,9893.3938,107691.88
75,9869144.014,2.4262,0,6054.3205,9863089.6934
76,9869144.014,2.4656,0,6054.3205,9863089.6934
77,9869144.014,2.5034,0,6054.3205,9863089.6934
78,9869144.014,2.5415,0,6054.3205,9863089.6934
79,10841145,2.5606,0,71957,10769188
80,10841145,2.5765,0,71957,10769188
81,89879007,2.5923,0,16213704,73665303
82,177154817,2.6081,87275810,16213704,73665303
83,275050937,2.624,87275810,91213704,96561423
84,40818681.2425,2.6624,174551.62,6316406.8737,34327722.7488
85,10043695.634,2.7003,174551.62,6054.3205,9863089.6934
86,9869144.014,2.7385,0,6054.3205,9863089.6934
87,9869144.014,2.779,0,6054.3205,9863089.6934
88,9869144.014,2.8176,0,6054.3205,9863089.6934
89,9869144.014,2.8564,0,6054.3205,9863089.6934
90,2315785.1609,2.8939,75023.98,6054.3205,2234706.8604
91,81078.3005,2.933,75023.98,6054.3205,0
92,6054.3205,2.9715,0,6054.3205,0
93,6054.3205,3.0109,0,6054.3205,0
94,6054.3205,3.0512,0,6054.3205,0
95,6054.3205,3.0906,0,6054.3205,0
96,6054.3205,3.1298,0,6054.3205,0
97,71957,3.1477,0,71957,0
98,71957,3.1635,0,71957,0
99,71957,3.1794,0,71957,0
100,326508.62,3.1953,254551.62,71957,0
101,648605.2,3.2112,576648.2,71957,0
102,260605.9405,3.2567,254551.62,6054.3205,0
103,6054.3205,3.2997,0,6054.3205,0
104,6054.3205,3.3378,0,6054.3205,0
105,6054.3205,3.377,0,6054.3205,0
106,6054.3205,3.4161,0,6054.3205,0
107,6054.3205,3.4548,0,6054.3205,0
108,71957,3.4744,0,71957,0
109,71957,3.4911,0,71957,0
110,71957,3.5078,0,71957,0
111,71957,3.5235,0,71957,0
112,71957,3.5392,0,71957,0
113,6054.3205,3.5784,0,6054.3205,0
114,6054.3205,3.6159,0,6054.3205,0
115,6054.3205,3.6533,0,6054.3205,0
116,6054.3205,3.6919,0,6054.3205,0
117,6054.3205,3.7296,0,6054.3205,0
118,71957,3.7473,0,71957,0
119,71957,3.7631,0,71957,0
120,71957,3.7787,0,71957,0
121,158458.84,3.7944,86501.84,71957,0
122,260459.58,3.8118,188502.58,71957,0
123,6054.3205,3.851,0,6054.3205,0
124,6054.3205,3.8898,0,6054.3205,0
125,24400.04,3.9287,0,0,24400.04
126,0,3.9679,0,0,0
