1,26047374574,0.078927,20579905550,0,5467469024
2,22846252891,0.13335,16829905550,0,6016347341
3,19898178915,0.18773,14209794930,0,5688383985
4,17069222153,0.24216,11961163965,0,5108058188
5,15036969239,0.29639,9909535090,0,5127434149
6,13586128013,0.35094,8409535090,0,5176592923
7,12706861387,0.40549,7465412090,0,5241449297
8,11987665962,0.45984,6902461355,0,5085204607
9,11378328934,0.51403,6457070165,0,4921258769
10,10860206187,0.56826,5986029520,0,4874176667
11,10207258149,0.62267,5312472180,0,4894785969
12,9747836931,0.65781,5523434805,0,4224402126
13,9145287505,0.69225,4900386850,0,4244900655
14,8692955970,0.72674,4773928165,24478898,3894548907
15,8104347342,0.76109,4628495875,24478898,3451372569
16,7564039312,0.79555,4233526745,24478898,3306033669
17,7216748437,0.82994,4050979670,24478898,3141289869
18,6804728737,0.86463,4050979670,24478898,2729270169
19,6464826477,0.89897,3711077410,24478898,2729270169
20,5869782764,0.93346,3277127435,53543476,2539111853
21,5374096222,0.96788,3006839000,77559056,2289698166
22,5079252137,1.0022,2711994915,77559056,2289698166
23,4804085567,1.0367,2508691325,77559056,2217835186
24,4562948117,1.0713,2173242825,125698523,2264006769
25,1308541101.0313,1.1069,280013250.154,3462699.6142,1025065151.2632
26,1298653512.4834,1.1416,268208900.5816,5379460.6387,1025065151.2632
27,1290457059.5707,1.1762,346047559.8651,7980347.0279,936429152.6777
28,1188362210.0615,1.2122,332045218.0879,7980347.0279,848336644.9457
29,1090100122.4782,1.2486,360042268.7724,10046421.1938,720011432.512
30,1075164178.7574,1.2832,341685041.2989,13467704.9465,720011432.512
31,1076962903.5266,1.3177,341685041.2989,13627256.2843,721650605.9434
32,1078841936.4525,1.3541,343564074.2248,13627256.2843,721650605.9434
33,1080961253.9096,1.3926,343564074.2248,14646142.3019,722751037.3828
34,1086658219.7066,1.4307,349261040.0219,14646142.3019,722751037.3828
35,5086586676,1.5156,2900207315,531665654,1654713707
36,4579908161,1.5987,2393528800,531665654,1654713707
37,4216718511,1.6824,2454159650,531665654,1230893207
38,3968570249,1.7652,2435619600,502601076,1030349573
39,3812496245,1.8483,2240778235,541368437,1030349573
40,3684496245,1.933,2120778235,533368437,1030349573
41,3570469911,2.0159,1983413260,556707078,1030349573
42,3474469911,2.0987,1903413260,556707078,1014349573
43,3394469911,2.1815,1823413260,556707078,1014349573
44,3330504111,2.2641,1759447460,556707078,1014349573
45,3268483503,2.3482,1759447460,556707078,952328965
46,3081598277,2.4317,1684453480,556707078,840437719
47,3013254347,2.5145,1616109550,556707078,840437719
48,2895553360,2.5988,1594787315,556707078,744058967
49,2835746515,2.6815,1534980470,556707078,744058967
50,451938201.6727,2.7648,170506372.7871,109291422.5781,172140406.3075
51,436983073.8407,2.848,174836747.0625,109291422.5781,152854904.2001
52,429130368.0356,2.931,174836747.0625,101438716.7731,152854904.2001
53,421281451.5306,3.0148,191369519.5367,77057027.7938,152854904.2001
54,413438457.034,3.0982,191369519.5367,69795963.2979,152272974.1994
55,401833773.0555,3.1815,190166267.6669,69795963.2979,141871542.0907
56,395932857.6191,3.2644,185835893.3915,68225422.1369,141871542.0907
57,390031942.1828,3.3486,181505519.1161,66654880.9759,141871542.0907
58,361475316.8219,3.4348,167672717.1398,51931057.5915,141871542.0907
59,292985083.1835,3.5179,107035189.3064,44078351.7864,141871542.0907
60,287308558.2049,3.6011,98294604.3516,44078351.7864,144935602.0668
61,259237341.5922,3.6857,98294604.3516,44078351.7864,116864385.4541
62,253069471.2756,3.7689,98294604.3516,44078351.7864,110696515.1376
63,248028100.1602,3.8521,91730747.5233,44078351.7864,112219000.8505
64,238897472.7382,3.9351,91730747.5233,44078351.7864,103088373.4284
65,233963408.627,4.0181,88367224.5732,42507810.6254,103088373.4284
66,229253686.5282,4.1017,83657502.4744,42507810.6254,103088373.4284
67,224923312.2529,4.1845,79327128.1991,42507810.6254,103088373.4284
68,220592937.9775,4.2705,74996753.9237,42507810.6254,103088373.4284
69,216262563.7022,4.3549,70666379.6483,42507810.6254,103088373.4284
70,211932189.4268,4.4444,66336005.373,42507810.6254,103088373.4284
71,207601815.1514,4.5281,62005631.0976,42507810.6254,103088373.4284
72,203375331.9679,4.6114,57779147.9141,42507810.6254,103088373.4284
73,199236458.6851,4.6952,57733489.5303,42507810.6254,98995158.5294
74,195143243.786,4.7789,57733489.5303,42507810.6254,94901943.6303
75,244261107.449,4.8626,36862468.2332,47165519.0816,160233120.1342
76,231257884.2228,4.9467,35185347.4125,47165519.0816,148907017.7287
77,170315285.7274,5.0298,83631847.7602,47165519.0816,39517918.8857
78,157264171.4515,5.113,81262008.4732,47165519.0816,28836643.8967
79,132390327.8664,5.1959,81262008.4732,47165519.0816,3962800.3116
80,125289883.4859,5.2786,74161564.0927,47165519.0816,3962800.3116
81,118189439.1055,5.3633,67061119.7123,47165519.0816,3962800.3116
82,111088994.725,5.4461,59960675.3318,47165519.0816,3962800.3116
83,106624489.37,5.5289,59386725.1112,47165519.0816,72245.1772
84,102499150.7112,5.6119,55261386.4524,47165519.0816,72245.1772
85,98714270.6683,5.6949,51476506.4094,47165519.0816,72245.1772
86,96347455.8748,5.7777,49109691.6159,47165519.0816,72245.1772
87,93710592.1435,5.8609,53174843.9497,40463503.0166,72245.1772
88,91343777.35,5.9437,50808029.1562,40463503.0166,72245.1772
89,88976962.5565,6.0273,48441214.3627,40463503.0166,72245.1772
90,86610147.763,6.1108,46074399.5692,40463503.0166,72245.1772
91,84727560.4957,6.1918,44191812.3019,40463503.0166,72245.1772
92,82967616.5415,6.2744,42431868.3476,40463503.0166,72245.1772
93,81224986.4693,6.356,42431868.3476,38720872.9444,72245.1772
94,79482356.3971,6.4377,42431868.3476,36978242.8722,72245.1772
95,77739726.325,6.5218,42431868.3476,35235612.8001,72245.1772
96,75997096.2528,6.6046,42431868.3476,33492982.7279,72245.1772
97,74282383.0168,6.6893,40717155.1117,33492982.7279,72245.1772
98,72660608.9766,6.7733,39095381.0715,33492982.7279,72245.1772
99,71055459.232,6.856,36728566.278,34254647.7768,72245.1772
100,128740172.7977,6.9404,51406143.0097,64232464.238,13101565.55
101,108240557.3915,7.0237,33942068.9201,44949133.6413,29349354.83
102,96526644.4515,7.1051,33942068.9201,44949133.6413,17635441.89
103,90618581.61,7.1865,38821320.0286,44949133.6413,6848127.94
104,85532582.2523,7.2711,26415720.231,44949133.6413,14167728.38
105,70038683.0683,7.352,26415720.231,29455234.4573,14167728.38
106,62407261.2841,7.4392,19313255.8968,29455234.4573,13638770.93
107,57859375.3015,7.5214,15178055.9643,29455234.4573,13226084.88
108,53901788.5377,7.6037,10020469.2004,29455234.4573,14426084.88
109,50045122.4183,7.6854,10020469.2004,25598568.3379,14426084.88
110,46188456.299,7.7664,10020469.2004,21741902.2186,14426084.88
111,43331114.6948,7.8474,9198971.4156,17885236.0993,16246907.18
112,40618970.3786,7.9284,9198971.4156,15093091.783,16326907.18
113,37926852.6433,8.0104,9198971.4156,12000974.0477,16726907.18
114,35236912.8717,8.0914,9198971.4156,9311034.2761,16726907.18
115,32910624.824,8.1723,7878308.4779,9311034.2761,15721282.07
116,31295771.024,8.2543,7878308.4779,9311034.2761,14106428.27
117,27919104.9047,8.3354,7878308.4779,5454368.1568,14586428.27
118,25950069.4445,8.4165,5429273.0178,5454368.1568,15066428.27
119,24640765.6445,8.4977,5429273.0178,5454368.1568,13757124.47
120,23350838.0973,8.5787,4139345.4705,5454368.1568,13757124.47
121,22182902.5663,8.6597,2971409.9395,5454368.1568,13757124.47
122,21383182.7601,8.7408,1691690.1333,5454368.1568,14237124.47
123,20787853.4559,8.8217,1661367.2291,5454368.1568,13672118.07
124,20301093.4592,8.903,1454607.2325,5454368.1568,13392118.07
125,760298935.1161,8.9856,2791541.4361,5998167.9965,751509225.6835
126,680339305.0155,9.0665,14848183.4488,5998167.9965,659492953.5703
127,620842920.7034,9.1488,16372137.2117,5998167.9965,598472615.4952
128,544869405.1853,9.2298,21737486.9261,5869500.7398,517262417.5194
129,503462982.5459,9.3106,22076967.4474,4930050.4001,476455964.6984
130,463959165.639,9.3916,22076967.4474,4930050.4001,436952147.7915
131,345435191.6537,9.474,22076967.4474,4930050.4001,318428173.8063
132,327832300.714,9.5571,16711617.733,4930050.4001,306190632.581
133,311691087.6124,9.64,16839600.2248,6653342.845,288198144.5427
134,283982266.5087,9.7209,16839600.2248,6653342.845,260489323.4389
135,248297538.7405,9.8032,16839600.2248,6653342.845,224804595.6707
136,233756034.3124,9.8845,16810939.5571,6653342.845,210291751.9103
137,219282877.6233,9.9658,16850626.6285,6653342.845,195778908.1499
138,166660444.0203,10.0478,26336608.5222,24978748.2133,115345087.2848
139,158654239.9126,10.1288,18330404.4146,24978748.2133,115345087.2848
140,153376842.1816,10.2111,18330404.4146,24978748.2133,110067689.5537
141,152187515.1498,10.2944,19112776.5854,23007049.0107,110067689.5537
142,151614301.7964,10.3757,18539563.232,23007049.0107,110067689.5537
143,151041088.443,10.4625,17966349.8786,23007049.0107,110067689.5537
144,150467875.0896,10.5453,17393136.5252,23007049.0107,110067689.5537
145,149894661.7362,10.6277,16819923.1718,23007049.0107,110067689.5537
146,149321448.3828,10.7098,16246709.8183,23007049.0107,110067689.5537
147,73001915.7367,10.7907,16156396.9735,23007049.0107,33838469.7524
148,39261443.9617,10.8716,16156396.9735,23007049.0107,97997.9775
149,38921963.4404,10.9528,15816916.4522,23007049.0107,97997.9775
150,81428996.5371,11.0354,42408130.9316,10300054.2555,28720811.35
151,54612724.994,11.1174,35906129.4685,10300054.2555,8406541.27
152,37221286.2414,11.1983,15599965.6159,10300054.2555,11321266.37
153,26029424.9617,11.2796,9257658.5916,5571197.4401,11200568.93
154,19882772.8202,11.3608,6006657.8601,5571197.4401,8304917.52
155,17741614.1606,11.4418,3865499.2006,5571197.4401,8304917.52
156,16504910.8606,11.5228,3865499.2006,5571197.4401,7068214.22
157,15326749.1206,11.6037,3865499.2006,5571197.4401,5890052.48
158,14649486.9916,11.6846,3139641.7652,1779792.7463,9730052.48
159,12367685.7916,11.7657,3139641.7652,1779792.7463,7448251.28
160,10020900.3412,11.8465,1132649.0612,0,8888251.28
161,9858350.3047,11.9274,970099.0247,0,8888251.28
162,9695800.2681,12.0085,807548.9881,0,8888251.28
163,9533250.2315,12.0893,644998.9515,0,8888251.28
164,9370700.1949,12.1735,482448.9149,0,8888251.28
165,9208150.1584,12.2554,319898.8784,0,8888251.28
166,9045600.1218,12.3373,157348.8418,0,8888251.28
167,8913600.1218,12.4182,157348.8418,0,8756251.28
168,8781600.1218,12.4991,157348.8418,0,8624251.28
169,8649600.1218,12.5799,157348.8418,0,8492251.28
170,8517600.1218,12.6648,157348.8418,0,8360251.28
171,8385600.1218,12.7458,157348.8418,0,8228251.28
172,8253600.1218,12.8268,157348.8418,0,8096251.28
173,8121600.1218,12.9077,157348.8418,0,7964251.28
174,7989600.1218,12.9885,157348.8418,0,7832251.28
175,459791587.2686,13.07,673017.5739,384140.74,458734428.9547
176,292207802.3261,13.1509,1594096.2943,384140.74,290229565.2919
177,186375620.0775,13.2349,1751649.9534,384140.74,184239829.3841
178,90920929.569,13.3159,1751649.9534,384140.74,88785138.8756
179,63793517.5143,13.4044,1751649.9534,384140.74,61657726.8209
180,38017313.87,13.4853,1751649.9534,384140.74,35881523.1766
181,34225991.0202,13.5661,1751649.9534,384140.74,32090200.3268
182,2123866.3613,13.6483,1594096.2943,384140.74,145629.327
183,1886312.7022,13.7311,1436542.6351,304140.74,145629.327
184,1648759.043,13.8123,1278988.976,224140.74,145629.327
185,1445326.3886,13.8935,1075556.3215,224140.74,145629.327
186,1287772.7294,13.9747,918002.6624,224140.74,145629.327
187,1130219.0703,14.0558,760449.0033,224140.74,145629.327
188,984589.7433,14.1379,760449.0033,224140.74,0
189,918801.2435,14.2187,694660.5035,224140.74,0
190,906923.5605,14.2996,686782.8205,220140.74,0
191,895045.8775,14.3805,678905.1375,216140.74,0
192,883168.1946,14.4613,671027.4546,212140.74,0
193,871290.5116,14.5419,663149.7716,208140.74,0
194,859412.8287,14.6257,655272.0887,204140.74,0
195,847535.1457,14.7066,647394.4057,200140.74,0
196,835657.4628,14.7875,639516.7228,196140.74,0
197,823779.7798,14.8698,631639.0398,192140.74,0
198,811902.0968,14.9507,623761.3568,188140.74,0
199,800024.4139,15.0315,615883.6739,184140.74,0
200,23028475.4771,15.1144,17915760.3043,4238347.1728,874368
201,20504580.9039,15.1954,11757111.5111,4238347.1728,4509122.22
202,18419852.4839,15.2775,11757111.5111,4238347.1728,2424393.8
203,18111920.0443,15.3585,11449179.0715,4238347.1728,2424393.8
204,17967920.0443,15.4399,11449179.0715,4238347.1728,2280393.8
205,17849451.5062,15.521,11330710.5334,4238347.1728,2280393.8
206,17747920.0443,15.6043,11449179.0715,4238347.1728,2060393.8
207,17729117.5943,15.6898,11449179.0715,4238347.1728,2041591.35
208,17726955.8543,15.7758,11449179.0715,4238347.1728,2039429.61
209,17670955.8543,15.8598,11449179.0715,4238347.1728,1983429.61
210,14022554.0975,15.9426,6994800.8415,2396995.966,4630757.29
211,12592860.6339,16.0268,3885107.3779,2396995.966,6310757.29
212,11511059.4339,16.1109,3885107.3779,2396995.966,5228956.09
213,11203126.9942,16.1936,3577174.9382,2396995.966,5228956.09
214,11083126.9942,16.2797,3577174.9382,2396995.966,5108956.09
215,11009437.3421,16.3646,3587485.2862,2396995.966,5024956.09
216,10922879.6507,16.4542,3469016.7481,2428906.8126,5024956.09
217,10821348.1887,16.5363,3587485.2862,2428906.8126,4804956.09
218,10749348.1887,16.6175,3587485.2862,2428906.8126,4732956.09
219,10693348.1887,16.6994,3587485.2862,2428906.8126,4676956.09
220,10637348.1887,16.7813,3587485.2862,2428906.8126,4620956.09
221,10235996.9819,16.8628,3587485.2862,587555.6057,6060956.09
222,10151996.9819,16.9441,3587485.2862,587555.6057,5976956.09
223,10031996.9819,17.0271,3587485.2862,587555.6057,5856956.09
224,6752901.4151,17.1092,308389.7193,587555.6057,5856956.09
225,361440514.9837,17.1907,2130578.9495,222106.309,359087829.7253
226,279184601.7044,17.2722,5583431.0272,222106.309,273379064.3682
227,217487879.1383,17.358,5948772.9155,222106.309,211316999.9139
228,197191924.6881,17.4421,5948772.9155,222106.309,191021045.4636
229,151267233.157,17.527,9943829.392,8628019.6467,132695384.1183
230,85268170.8665,17.61,9578487.5037,8932253.3854,66757429.9774
231,47707205.1006,17.6932,9578487.5037,8932253.3854,29196464.2115
232,41114928.1205,17.7765,9577875.8757,8932253.3854,22604798.8593
233,32691258.4006,17.8599,9505499.2272,8932253.3854,14253505.788
234,25788903.5754,17.9428,9505499.2272,8932253.3854,7351150.9627
235,25423561.687,18.0259,9140157.3389,8932253.3854,7351150.9627
236,16088971.3704,18.1092,7027872.6105,8932253.3854,128845.3745
237,15755647.5885,18.1951,6694548.8286,8932253.3854,128845.3745
238,15545604.1384,18.279,6694548.8286,8722209.9353,128845.3745
239,15374783.9717,18.3658,6523728.6619,8722209.9353,128845.3745
240,8630096.251,18.449,3259355.962,5241894.9144,128845.3745
241,8435574.5293,18.533,3064834.2404,5241894.9144,128845.3745
242,8306729.1548,18.6165,3064834.2404,5241894.9144,0
243,8271926.0046,18.7012,3064834.2404,5207091.7642,0
244,8147272.8137,18.7852,2940181.0495,5207091.7642,0
245,8129005.7192,18.8684,2921913.955,5207091.7642,0
246,7763663.8309,18.9512,2556572.0667,5207091.7642,0
247,7745396.7365,19.0342,2538304.9723,5207091.7642,0
248,7731645.7245,19.1175,2524553.9603,5207091.7642,0
249,7720990.8937,19.2005,2513899.1295,5207091.7642,0
250,58233712.3007,19.2865,17872996.6989,40360715.6019,0
251,47307298.0243,19.3721,17872996.6989,13384428.0454,16049873.28
252,34513500.6743,19.4613,21129072.6289,13384428.0454,0
253,31908758.1856,19.544,18524330.1402,13384428.0454,0
254,31638995.31,19.6271,18524330.1402,13114665.1699,0
255,31595599.9751,19.7126,18574435.2923,13021164.6828,0
256,31595599.9751,19.7959,18574435.2923,13021164.6828,0
257,28990857.4864,19.8814,15969692.8036,13021164.6828,0
258,27700763.9164,19.9642,10091355.8636,13021164.6828,4588243.37
259,22566369.5662,20.0472,701438.5934,13021164.6828,8843766.29
260,20044053.4162,20.1309,701438.5934,13021164.6828,6321450.14
261,18734749.6162,20.2138,701438.5934,13021164.6828,5012146.34
262,8487556.4704,20.2978,701438.5934,1818621.937,5967495.94
263,8236223.0291,20.3844,50105.1521,1818621.937,6367495.94
264,8116223.0291,20.4692,50105.1521,1818621.937,6247495.94
265,7794460.1535,20.552,50105.1521,1548859.0614,6195495.94
266,7714820.818,20.6367,54465.8166,1548859.0614,6111495.94
267,7654820.818,20.7208,54465.8166,1548859.0614,6051495.94
268,7604715.6659,20.8041,4360.6645,1548859.0614,6051495.94
269,7552715.6659,20.8885,4360.6645,1548859.0614,5999495.94
270,5872715.6659,20.9715,4360.6645,1548859.0614,4319495.94
271,5812715.6659,21.0549,4360.6645,1548859.0614,4259495.94
272,5692715.6659,21.1384,4360.6645,1548859.0614,4139495.94
273,5292715.6659,21.2213,4360.6645,1548859.0614,3739495.94
274,5272715.6659,21.3045,4360.6645,1548859.0614,3719495.94
275,142405739.3598,21.3899,454667.2,674632.4986,141276439.6612
276,133940661.0002,21.473,454667.2,674632.4986,132811361.3016
277,128579310.7758,21.5562,454533.27,674632.4986,127450145.0072
278,124793610.2417,21.6409,454533.27,557132.587,123781944.3847
279,124774551.8817,21.7242,435474.91,557132.587,123781944.3847
280,85292530.2568,21.8098,935556.2,557132.587,83799841.4698
281,78664113.6086,21.8929,927707.67,557132.587,77179273.3515
282,78610134.7786,21.9768,873728.84,557132.587,77179273.3515
283,78606134.7786,22.0608,869728.84,557132.587,77179273.3515
284,19853864.8336,22.1435,869728.84,7786593.1222,11197542.8714
285,19849864.8336,22.2309,865728.84,7786593.1222,11197542.8714
286,19399230.6295,22.3156,434253.93,7786593.1222,11178383.5774
287,19399230.6295,22.4066,434253.93,7786593.1222,11178383.5774
288,19399230.6295,22.4899,434253.93,7786593.1222,11178383.5774
289,17242051.8236,22.5727,434253.93,7904093.0337,8903704.8599
290,8479703.191,22.6553,434253.93,7904093.0337,141356.2273
291,8312325.7937,22.7392,408232.76,7904093.0337,0
292,8289030.1137,22.8222,384937.08,7904093.0337,0
293,8235051.2837,22.9061,330958.25,7904093.0337,0
294,8235051.2837,22.9908,330958.25,7904093.0337,0
295,5885053.052,23.074,330958.25,5554094.802,0
296,5885053.052,23.1571,330958.25,5554094.802,0
297,5885053.052,23.2416,330958.25,5554094.802,0
298,5885053.052,23.3257,330958.25,5554094.802,0
299,5885053.052,23.4116,330958.25,5554094.802,0
300,32641993.2824,23.4484,32037207.4207,604785.8617,0
301,32641993.2824,23.483,32037207.4207,604785.8617,0
302,32641993.2824,23.5178,32037207.4207,604785.8617,0
303,33607545.7105,23.5524,32037207.4207,1570338.2898,0
304,35095005.666,23.587,32037207.4207,3057798.2454,0
305,14752273.7673,23.6704,330958.25,14421315.5173,0
306,5885053.052,23.7533,330958.25,5554094.802,0
307,5859031.882,23.8362,304937.08,5554094.802,0
308,5859031.882,23.9195,304937.08,5554094.802,0
309,5855031.882,24.0025,300937.08,5554094.802,0
310,5855031.882,24.0856,300937.08,5554094.802,0
311,3505033.6503,24.1686,300937.08,3204096.5703,0
312,3505033.6503,24.2527,300937.08,3204096.5703,0
313,3505033.6503,24.3358,300937.08,3204096.5703,0
314,3505033.6503,24.4226,300937.08,3204096.5703,0
315,3505033.6503,24.5056,300937.08,3204096.5703,0
316,29480011.804,24.5425,29131117.4522,348894.3517,0
317,29480011.804,24.5783,29131117.4522,348894.3517,0
318,29480011.804,24.613,29131117.4522,348894.3517,0
319,30187679.1352,24.6493,29131117.4522,1056561.683,0
320,31153231.5632,24.6843,29131117.4522,2022114.111,0
321,12372254.3656,24.7685,300937.08,12071317.2856,0
322,3505033.6503,24.8519,300937.08,3204096.5703,0
323,3505033.6503,24.9353,300937.08,3204096.5703,0
324,3505033.6503,25.0184,300937.08,3204096.5703,0
325,12385162.1425,25.1017,2583801.9019,9605406.2706,195953.97
326,12223551.5894,25.1866,2618145.3188,9605406.2706,0
327,7184293.208,25.2724,2618145.3188,2292274.6092,2273873.28
328,4910419.928,25.3552,2618145.3188,2292274.6092,0
329,4876076.5111,25.4458,2583801.9019,2292274.6092,0
330,4876076.5111,25.5302,2583801.9019,2292274.6092,0
331,4876076.5111,25.6154,2583801.9019,2292274.6092,0
332,4876076.5111,25.7005,2583801.9019,2292274.6092,0
333,4876076.5111,25.7842,2583801.9019,2292274.6092,0
334,29211325.7184,25.8209,29131117.4522,80208.2662,0
335,29211325.7184,25.8556,29131117.4522,80208.2662,0
336,29211325.7184,25.8905,29131117.4522,80208.2662,0
337,30176878.1465,25.9251,29131117.4522,1045760.6942,0
338,31664338.102,25.9603,29131117.4522,2533220.6498,0
339,32470630.2799,26.0446,2583801.9019,29886828.378,0
340,4876076.5111,26.1276,2583801.9019,2292274.6092,0
341,4706373.898,26.2102,2583801.9019,1926618.0261,195953.97
342,4544763.3449,26.2933,2618145.3188,1926618.0261,0
343,4179106.7619,26.3799,2618145.3188,1560961.443,0
344,4179106.7619,26.4633,2618145.3188,1560961.443,0
345,4144763.3449,26.5461,2583801.9019,1560961.443,0
346,4144763.3449,26.6288,2583801.9019,1560961.443,0
347,4144763.3449,26.7114,2583801.9019,1560961.443,0
348,4144763.3449,26.7946,2583801.9019,1560961.443,0
349,4144763.3449,26.879,2583801.9019,1560961.443,0
350,30054465.3882,26.9168,30037389.6782,17075.71,0
351,30054465.3882,26.9514,30037389.6782,17075.71,0
352,30054465.3882,26.9858,30037389.6782,17075.71,0
353,30275705.1882,27.0218,30037389.6782,238315.51,0
354,30577568.2482,27.0572,30037389.6782,540178.57,0
355,31739317.1137,27.1413,2583801.9019,29155515.2118,0
356,4144763.3449,27.2243,2583801.9019,1560961.443,0
357,3975060.7319,27.3071,2583801.9019,1195304.86,195953.97
358,3813450.1788,27.3913,2618145.3188,1195304.86,0
359,3620613.8666,27.4742,2618145.3188,1002468.5477,0
360,3620613.8666,27.5577,2618145.3188,1002468.5477,0
361,3586270.4497,27.642,2583801.9019,1002468.5477,0
362,3586270.4497,27.7246,2583801.9019,1002468.5477,0
363,3586270.4497,27.8081,2583801.9019,1002468.5477,0
364,3586270.4497,27.891,2583801.9019,1002468.5477,0
365,3586270.4497,27.9791,2583801.9019,1002468.5477,0
366,30048355.9082,28.0169,30037389.6782,10966.23,0
367,30048355.9082,28.0555,30037389.6782,10966.23,0
368,30048355.9082,28.0907,30037389.6782,10966.23,0
369,30350218.9682,28.1253,30037389.6782,312829.29,0
370,30815247.2782,28.1599,30037389.6782,777857.6,0
371,31180824.2184,28.2474,2583801.9019,28597022.3165,0
372,3586270.4497,28.3304,2583801.9019,1002468.5477,0
373,3416567.8366,28.4209,2583801.9019,636811.9647,195953.97
374,3254957.2835,28.5054,2618145.3188,636811.9647,0
375,24664095.3238,28.589,24527805.4058,136289.918,0
376,24664095.3238,28.6725,24527805.4058,136289.918,0
377,22390747.2833,28.7561,21472954.3796,378826.7037,538966.2
378,19010748.1022,28.8394,18092955.1985,378826.7037,538966.2
379,18958337.0322,28.9219,18092955.1985,378826.7037,486555.13
380,18958337.0322,29.0074,18092955.1985,378826.7037,486555.13
381,18958337.0322,29.0907,18092955.1985,378826.7037,486555.13
382,18958337.0322,29.1738,18092955.1985,378826.7037,486555.13
383,18473267.4522,29.2577,18092955.1985,378826.7037,1485.55
384,18471781.9022,29.3411,18092955.1985,378826.7037,0
385,18236885.6649,29.4264,11658104.9911,378826.7037,6199953.97
386,13602081.4875,29.5091,11658104.9911,1943976.4964,0
387,13602081.4875,29.5925,11658104.9911,1943976.4964,0
388,12651346.4539,29.676,8603253.9649,3509126.289,538966.2
389,9271347.2728,29.7595,5223254.7838,3509126.289,538966.2
390,9218936.2028,29.8428,5223254.7838,3509126.289,486555.13
391,9218936.2028,29.9256,5223254.7838,3509126.289,486555.13
392,9218936.2028,30.0084,5223254.7838,3509126.289,486555.13
393,9218936.2028,30.0918,5223254.7838,3509126.289,486555.13
394,8733866.6228,30.1802,5223254.7838,3509126.289,1485.55
395,8732381.0728,30.2613,5223254.7838,3509126.289,0
396,8606592.5325,30.3417,4901512.2734,3509126.289,195953.97
397,8488896.0521,30.4224,4901512.2734,3587383.7787,0
398,8488896.0521,30.5031,4901512.2734,3587383.7787,0
399,8245411.0314,30.5833,4579769.763,3665641.2683,0
400,11492023.7286,30.6643,3162470.8142,8329552.9143,0
401,11492023.7286,30.7452,3162470.8142,8329552.9143,0
402,11492023.7286,30.8257,3162470.8142,8329552.9143,0
403,11492023.7286,30.9068,3162470.8142,8329552.9143,0
404,5870415.7038,30.9413,5683052.6138,187363.09,0
405,5870415.7038,30.975,5683052.6138,187363.09,0
406,5870415.7038,31.0086,5683052.6138,187363.09,0
407,6012278.7638,31.0422,5683052.6138,329226.15,0
408,6233518.5638,31.0758,5683052.6138,550465.95,0
409,17798793.4603,31.1564,3162470.8142,14636322.6461,0
410,11492023.7286,31.237,3162470.8142,8329552.9143,0
411,11492023.7286,31.3176,3162470.8142,8329552.9143,0
412,11465804.6743,31.3985,2940297.79,8329552.9143,195953.97
413,11447677.68,31.4792,2940297.79,8507379.8901,0
414,11447677.68,31.5597,2940297.79,8507379.8901,0
415,11403331.6315,31.6401,2718124.7657,8685206.8658,0
416,11403331.6315,31.7208,2718124.7657,8685206.8658,0
417,11403331.6315,31.8015,2718124.7657,8685206.8658,0
418,11403331.6315,31.882,2718124.7657,8685206.8658,0
419,11403331.6315,31.9624,2718124.7657,8685206.8658,0
420,5079912.8493,31.9969,4884549.7593,195363.09,0
421,5079912.8493,32.0306,4884549.7593,195363.09,0
422,5079912.8493,32.0642,4884549.7593,195363.09,0
423,5221775.9093,32.0984,4884549.7593,337226.15,0
424,5686804.2193,32.1323,4884549.7593,802254.46,0
425,31681111.1206,32.2131,346545.357,31334565.7636,0
426,18499400.9151,32.2934,346545.357,18152855.5582,0
427,18499400.9151,32.3744,346545.357,18152855.5582,0
428,18499400.9151,32.4557,346545.357,18152855.5582,0
429,17265870.6755,32.5361,346545.357,10719371.3486,6199953.97
430,11632432.4959,32.6165,913061.1474,10719371.3486,0
431,4765464.0767,32.6967,1479576.9378,3285887.139,0
432,4765464.0767,32.7775,1479576.9378,3285887.139,0
433,4765464.0767,32.8586,1479576.9378,3285887.139,0
434,4765464.0767,32.9393,1479576.9378,3285887.139,0
435,4765464.0767,33.0202,1479576.9378,3285887.139,0
436,20889969.9407,33.0553,20854606.8507,35363.09,0
437,20889969.9407,33.0888,20854606.8507,35363.09,0
438,20889969.9407,33.1224,20854606.8507,35363.09,0
439,21031833.0007,33.1561,20854606.8507,177226.15,0
440,21253072.8007,33.1897,20854606.8507,398465.95,0
441,17947174.2822,33.2702,1479576.9378,16467597.3444,0
442,4765464.0767,33.3507,1479576.9378,3285887.139,0
443,4765464.0767,33.4314,1479576.9378,3285887.139,0
444,4765464.0767,33.5123,1479576.9378,3285887.139,0
445,4589743.8362,33.5938,1479576.9378,2914212.9285,195953.97
446,4422115.6558,33.6745,1507902.7273,2914212.9285,0
447,3093384.737,33.7548,2074418.5177,1018966.2193,0
448,3093384.737,33.8355,2074418.5177,1018966.2193,0
449,3093384.737,33.9163,2074418.5177,1018966.2193,0
450,20005540.009,33.9969,19644310.5186,361229.4905,0
451,20005540.009,34.0776,19644310.5186,361229.4905,0
452,29249853.0536,34.1123,29238886.8236,10966.23,0
453,29249853.0536,34.1459,29238886.8236,10966.23,0
454,29249853.0536,34.1795,29238886.8236,10966.23,0
455,29391716.1136,34.2132,29238886.8236,152829.29,0
456,29856744.4236,34.2472,29238886.8236,617857.6,0
457,24678533.4514,34.3277,19644310.5186,5034222.9328,0
458,20005540.009,34.4082,19644310.5186,361229.4905,0
459,20005540.009,34.4891,19644310.5186,361229.4905,0
460,20005540.009,34.5701,19644310.5186,361229.4905,0
461,20005540.009,34.6512,19644310.5186,361229.4905,0
462,19933254.6627,34.7317,19376071.2022,361229.4905,195953.97
463,15240344.39,34.8126,14011284.8751,1033105.5449,195953.97
464,15176151.1037,34.8932,14011284.8751,1164866.2285,0
465,15176151.1037,34.9741,14011284.8751,1164866.2285,0
466,15176151.1037,35.0546,14011284.8751,1164866.2285,0
467,15176151.1037,35.1353,14011284.8751,1164866.2285,0
468,15176151.1037,35.2162,14011284.8751,1164866.2285,0
469,20889969.9407,35.2507,20854606.8507,35363.09,0
470,20889969.9407,35.2843,20854606.8507,35363.09,0
471,20889969.9407,35.318,20854606.8507,35363.09,0
472,21031833.0007,35.3517,20854606.8507,177226.15,0
473,21253072.8007,35.3855,20854606.8507,398465.95,0
474,19849144.546,35.4662,14011284.8751,5837859.6709,0
475,15788699.0975,35.5469,14748630.3103,1040068.7872,0
476,15788699.0975,35.6277,14748630.3103,1040068.7872,0
477,15788699.0975,35.7087,14748630.3103,1040068.7872,0
478,15702297.6271,35.7895,14466274.8699,1040068.7872,195953.97
479,12408080.0107,35.8703,8819166.0617,3392959.979,195953.97
480,12329770.6003,35.9511,8819166.0617,3510604.5386,0
481,12329770.6003,36.0323,8819166.0617,3510604.5386,0
482,12329770.6003,36.1132,8819166.0617,3510604.5386,0
483,12329770.6003,36.1945,8819166.0617,3510604.5386,0
484,12329770.6003,36.2757,8819166.0617,3510604.5386,0
485,12589689.9677,36.3105,12470326.8777,119363.09,0
486,12589689.9677,36.3448,12470326.8777,119363.09,0
487,12589689.9677,36.3787,12470326.8777,119363.09,0
488,12731553.0277,36.4125,12470326.8777,261226.15,0
489,13196581.3377,36.4464,12470326.8777,726254.46,0
490,16502124.9043,36.5274,8819166.0617,7682958.8426,0
491,12329770.6003,36.608,8819166.0617,3510604.5386,0
492,12329770.6003,36.6889,8819166.0617,3510604.5386,0
493,12329770.6003,36.7707,8819166.0617,3510604.5386,0
494,12243369.1299,36.8516,8536810.6213,3510604.5386,195953.97
495,12078658.2491,36.9324,8254455.1809,3628249.0982,195953.97
496,12000348.8387,37.0132,8254455.1809,3745893.6578,0
497,12000348.8387,37.0942,8254455.1809,3745893.6578,0
498,12000348.8387,37.1749,8254455.1809,3745893.6578,0
499,12000348.8387,37.2559,8254455.1809,3745893.6578,0
500,12019154.5788,37.3372,8043531.8908,3975622.688,0
501,11799187.1131,37.3719,11671824.0231,127363.09,0
502,11799187.1131,37.4057,11671824.0231,127363.09,0
503,11799187.1131,37.4398,11671824.0231,127363.09,0
504,11941050.1731,37.4738,11671824.0231,269226.15,0
505,12162289.9731,37.5076,11671824.0231,490465.95,0
506,16447391.9898,37.5888,8043531.8908,8403860.099,0
507,12019154.5788,37.6696,8043531.8908,3975622.688,0
508,12019154.5788,37.7505,8043531.8908,3975622.688,0
509,12019154.5788,37.8317,8043531.8908,3975622.688,0
510,11939968.041,37.9132,7768391.3831,3975622.688,195953.97
511,11789687.0256,37.9939,7493250.8753,4100482.1802,195953.97
512,11718592.5479,38.0749,7493250.8753,4225341.6725,0
513,11718592.5479,38.1559,7493250.8753,4225341.6725,0
514,11718592.5479,38.2373,7493250.8753,4225341.6725,0
515,11718592.5479,38.3179,7493250.8753,4225341.6725,0
516,11718592.5479,38.399,7493250.8753,4225341.6725,0
517,11008684.2585,38.4338,10873321.1685,135363.09,0
518,11008684.2585,38.4677,10873321.1685,135363.09,0
519,11008684.2585,38.5014,10873321.1685,135363.09,0
520,11150547.3185,38.5352,10873321.1685,277226.15,0
521,11615575.6285,38.5693,10873321.1685,742254.46,0
522,16146829.9589,38.6502,7493250.8753,8653579.0835,0
523,11718592.5479,38.7308,7493250.8753,4225341.6725,0
524,11718592.5479,38.8116,7493250.8753,4225341.6725,0
525,11846543.5972,38.8927,6965792.7497,4880750.8475,0
526,11786724.5008,38.9732,6710019.6833,4880750.8475,195953.97
527,11675178.368,39.0536,6454246.6169,5024977.7811,195953.97
528,11623451.3315,39.1343,6454246.6169,5169204.7147,0
529,11623451.3315,39.2151,6454246.6169,5169204.7147,0
530,11623451.3315,39.296,6454246.6169,5169204.7147,0
531,11623451.3315,39.3769,6454246.6169,5169204.7147,0
532,11623451.3315,39.4577,6454246.6169,5169204.7147,0
533,10218181.404,39.4923,10074818.314,143363.09,0
534,10218181.404,39.5259,10074818.314,143363.09,0
535,10218181.404,39.5596,10074818.314,143363.09,0
536,10360044.464,39.5934,10074818.314,285226.15,0
537,10581284.264,39.6277,10074818.314,506465.95,0
538,16738569.8644,39.7104,6454246.6169,10284323.2476,0
539,11623451.3315,39.7912,6454246.6169,5169204.7147,0
540,11623451.3315,39.8723,6454246.6169,5169204.7147,0
541,11623451.3315,39.953,6454246.6169,5169204.7147,0
542,11563632.2351,40.0339,6198473.5504,5169204.7147,195953.97
543,11452086.1023,40.1145,5942700.484,5313431.6483,195953.97
544,11400359.0659,40.1953,5942700.484,5457658.5818,0
545,11400359.0659,40.2762,5942700.484,5457658.5818,0
546,11400359.0659,40.3573,5942700.484,5457658.5818,0
547,11400359.0659,40.4381,5942700.484,5457658.5818,0
548,11400359.0659,40.5186,5942700.484,5457658.5818,0
549,9427678.5494,40.5533,9276315.4594,151363.09,0
550,9387512.0193,40.5873,9144495.8315,243016.1879,0
551,9387512.0193,40.6209,9144495.8315,243016.1879,0
552,9615275.7366,40.6548,9144495.8315,470779.9052,0
553,10361887.1274,40.6886,9144495.8315,1217391.296,0
554,11527169.3732,40.7224,9144495.8315,2382673.5417,0
555,33282879.3931,40.803,5942700.484,27340178.9091,0
556,16515477.5987,40.8835,5942700.484,10572777.1147,0
557,11400359.0659,40.9639,5942700.484,5457658.5818,0
558,11400359.0659,41.0446,5942700.484,5457658.5818,0
559,11340539.9694,41.1253,5686927.4176,5457658.5818,195953.97
560,11223155.7366,41.2059,5431154.3512,5601885.5154,190115.87
561,11196233.0002,41.2866,5431154.3512,5746112.449,18966.2
562,11195821.9302,41.3673,5431154.3512,5746112.449,18555.13
563,11195821.9302,41.4483,5431154.3512,5746112.449,18555.13
564,11195821.9302,41.5291,5431154.3512,5746112.449,18555.13
565,11195821.9302,41.6099,5431154.3512,5746112.449,18555.13
566,11195821.9302,41.6908,5431154.3512,5746112.449,18555.13
567,8631755.4397,41.7254,8357339.9767,255860.333,18555.13
568,8631755.4397,41.7592,8357339.9767,255860.333,18555.13
569,8631755.4397,41.793,8357339.9767,255860.333,18555.13
570,8842449.577,41.8268,8357339.9767,483624.0503,1485.55
571,9197654.0908,41.8606,8357339.9767,838828.5642,1485.55
572,16293870.883,41.9411,5431154.3512,10861230.9819,1485.55
573,11195821.9302,42.0217,5431154.3512,5746112.449,18555.13
574,11195821.9302,42.1025,5431154.3512,5746112.449,18555.13
575,12295113.5679,42.1835,3926301.9451,8179106.8228,189704.8
576,12075313.8334,42.2643,7807145.6277,4073209.1157,194959.09
577,12072397.9334,42.3449,7807145.6277,4073209.1157,192043.19
578,11112506.0033,42.4258,7807145.6277,2073317.1856,1232043.19
579,11112506.0033,42.5068,7807145.6277,2073317.1856,1232043.19
580,11112506.0033,42.5876,7807145.6277,2073317.1856,1232043.19
581,11112506.0033,42.6684,7807145.6277,2073317.1856,1232043.19
582,11112506.0033,42.7495,7807145.6277,2073317.1856,1232043.19
583,17132221.6793,42.7842,15835320.5975,64857.8918,1232043.19
584,17132221.6793,42.818,15835320.5975,64857.8918,1232043.19
585,17359985.3966,42.8518,15835320.5975,292621.6091,1232043.19
586,18106596.7874,42.8855,15835320.5975,1039232.9999,1232043.19
587,18312781.8912,42.9193,15835320.5975,1245418.1038,1232043.19
588,34868567.2788,43.0001,7807145.6277,19282887.1811,7778534.47
589,21730941.0245,43.081,7807145.6277,12691752.2068,1232043.19
590,14450000.8649,43.1619,7807145.6277,5410812.0471,1232043.19
591,9679637.0371,43.2428,0,5410812.0471,4268824.99
592,7606319.8516,43.3238,0,3337494.8616,4268824.99
593,7606319.8516,43.4051,0,3337494.8616,4268824.99
594,5601645.506,43.4862,2104353.0444,3337494.8616,159797.6
595,3497292.4616,43.5669,0,3337494.8616,159797.6
596,159797.6,43.6478,0,0,159797.6
597,1485.55,43.7286,0,0,1485.55
598,0,43.8094,0,0,0
