1,31195163088,0.049631,27164405845,20803540,4009953703
2,26628194085,0.06669,23572185080,20803540,3035205465
3,22071163065,0.083528,19072185080,20803540,2978174445
4,18288651059,0.1002,15642650590,20803540,2625196929
5,14982592266,0.11703,11757564915,20803540,3204223811
6,11355701551,0.13377,9347618460,20803540,1987279551
7,8466054961,0.15055,7018926510,20803540,1426324911
8,7165718960,0.16698,5630523250,20803540,1514392170
9,5965741645,0.18332,4430545935,20803540,1514392170
10,4976013950,0.1997,3420495020,30220563,1525298367
11,4197235503,0.21607,3336725450,59597941,800912112
12,3634511733,0.23242,2774001680,59597941,800912112
13,3259152153,0.24879,2398642100,59597941,800912112
14,2933587234,0.26518,2125813870,94928511,712844853
15,2705811139,0.28153,1926201310,104941436,674668393
16,2530138174,0.29784,1949680045,104941436,475516693
17,2191782924,0.31415,1611324795,104941436,475516693
18,2023523591,0.33051,1332051540,125411860,566060191
19,1875484041,0.34694,1184011990,125411860,566060191
20,1783002375,0.36346,1281974110,125411860,375616405
21,1711579910,0.37977,1210551645,125411860,375616405
22,1646745155,0.39615,1145716890,125411860,375616405
23,1646745155,0.41255,1145716890,125411860,375616405
24,1670368848,0.42888,1097350995,197401448,375616405
25,249821996.3879,0.44545,150536041.2744,14820967.7102,84464987.4033
26,247702838.9163,0.46213,176240787.1915,14820967.7102,56641084.0145
27,249129376.862,0.47884,180125853.3386,12362439.5088,56641084.0145
28,252440903.5713,0.49561,180125853.3386,15673966.2181,56641084.0145
29,258702483.7368,0.5124,189859203.8037,12202195.9186,56641084.0145
30,220326779.6648,0.52903,151483499.7316,12202195.9186,56641084.0145
31,171055431.7684,0.54564,102212151.8353,12202195.9186,56641084.0145
32,167743905.0592,0.56232,102212151.8353,8890669.2094,56641084.0145
33,174836639.2445,0.57909,115187554.3641,7777780.8924,51871303.988
34,183355294.6295,0.59588,123706209.7491,7777780.8924,51871303.988
35,182599800.2922,0.61269,115187554.3641,15540941.94,51871303.988
36,191843048.825,0.62954,125614113.934,14357630.903,51871303.988
37,201227265.1467,0.64645,134998330.2556,14357630.903,51871303.988
38,200321500.761,0.66326,134092565.8699,14357630.903,51871303.988
39,219772455.8822,0.68022,153543520.9912,14357630.903,51871303.988
40,232526552.2607,0.69723,180561672.8637,15227823.5347,36737055.8623
41,243829870.023,0.71424,180514427.5536,19791808.6201,43523633.8492
42,239593552.9078,0.73106,131243079.6573,19791808.6201,88558664.6303
43,220443889.7358,0.74781,146512068.6863,26602215.1533,47329605.8962
44,218396226.7902,0.76464,133536666.1575,27715103.4703,57144457.1624
45,217681961.7391,0.78136,132822401.1064,27715103.4703,57144457.1624
46,217681961.7391,0.79803,132822401.1064,27715103.4703,57144457.1624
47,208438713.2063,0.81468,122395841.5366,28898414.5073,57144457.1624
48,209194207.5436,0.83136,130914496.9216,21135253.4597,57144457.1624
49,200675552.1586,0.84799,122395841.5366,21135253.4597,57144457.1624
50,207784116.2734,0.86479,113633315.637,21786963.6543,72363836.9822
51,214588392.2495,0.88152,119533171.7545,29368944.4809,65686276.0141
52,235081792.1547,0.8984,133909262.5535,35486253.5871,65686276.0141
53,236310406.9839,0.91515,135137877.3827,35486253.5871,65686276.0141
54,1327573311,0.95491,854268635,296935800,176368876
55,1169720861,0.9943,736416185,256935800,176368876
56,1034717826,1.0336,601413150,256935800,176368876
57,906638916,1.073,473334240,256935800,176368876
58,797941530,1.1123,414806570,218316334,164818626
59,679160317,1.1517,366440675,146326746,166392896
60,592576261,1.191,366440675,146326746,79808840
61,537778427,1.2305,247006225,138963362,151808840
62,497778427,1.2701,207006225,138963362,151808840
63,457778427,1.3096,167006225,138963362,151808840
64,422584362,1.349,139812160,130963362,151808840
65,385276930,1.3885,139812160,122963362,122501408
66,357255499,1.428,139812160,94941931,122501408
67,331168309,1.4675,113724970,94941931,122501408
68,274956234,1.5071,57512895,94941931,122501408
69,251850954,1.5465,34407615,94941931,122501408
70,231766079,1.5859,24335665,84929006,122501408
71,191766079,1.6264,24335665,84929006,82501408
72,181073511,1.6672,24335665,76929006,79808840
73,164283886,1.7083,7546040,76929006,79808840
74,156283886,1.7484,7546040,68929006,79808840
75,53102581.8669,1.7881,440501.203,26872737.3476,25789343.3162
76,29725907.4817,1.8276,1292854.1881,26872737.3476,1560315.9459
77,26197507.5799,1.8672,1292854.1881,23344337.4459,1560315.9459
78,25018003.6866,1.9067,1673666.2407,23344337.4459,0
79,24099391.388,1.9462,1673666.2407,22425725.1473,0
80,23415219.8815,1.9856,1673666.2407,18897325.2456,2844228.3952
81,20570991.4863,2.0257,1673666.2407,18897325.2456,0
82,19886819.9798,2.0655,1673666.2407,15368925.3439,2844228.3952
83,17042591.5846,2.1049,1673666.2407,15368925.3439,0
84,16656318.1079,2.1445,1287392.764,15368925.3439,0
85,13127918.2062,2.184,1287392.764,11840525.4422,0
86,12741644.7294,2.2236,901119.2873,11840525.4422,0
87,9213244.8277,2.2631,901119.2873,8312125.5405,0
88,8832432.7751,2.303,520307.2347,8312125.5405,0
89,8487543.7213,2.3425,175418.1808,8312125.5405,0
90,8311123.7262,2.3821,175418.1808,8135705.5454,0
91,8134703.7312,2.4215,175418.1808,7959285.5503,0
92,7958283.7361,2.461,175418.1808,7782865.5552,0
93,7781863.741,2.5006,175418.1808,7606445.5601,0
94,7605443.7459,2.5402,175418.1808,7430025.5651,0
95,7429023.7508,2.5798,175418.1808,7253605.57,0
96,7252603.7557,2.6196,175418.1808,7077185.5749,0
97,7076183.7606,2.6593,175418.1808,6900765.5798,0
98,6899763.7656,2.6989,175418.1808,6724345.5847,0
99,6723343.7705,2.7384,175418.1808,6547925.5896,0
100,9718049.1749,2.7797,182755.8649,6667596.84,2867696.47
101,6925878.6984,2.822,258281.8584,6667596.84,0
102,5630941.0265,2.8617,258281.8584,5040755.7281,331903.44
103,4440310.4244,2.9013,653373.9266,3455033.0579,331903.44
104,3808029.9564,2.9413,862101.2347,211360.6717,2734568.05
105,1614092.6545,2.9817,1070828.5428,211360.6717,331903.44
106,1239065.109,3.0213,1027704.4373,211360.6717,0
107,1027704.4373,3.0608,1027704.4373,0,0
108,818977.1292,3.1004,818977.1292,0,0
109,610249.8211,3.1399,610249.8211,0,0
110,401522.513,3.1796,401522.513,0,0
111,215157.7529,3.2192,215157.7529,0,0
112,127191.1161,3.2587,127191.1161,0,0
113,51665.1226,3.2982,51665.1226,0,0
114,12288.5072,3.3377,12288.5072,0,0
115,0,3.3771,0,0,0
