1,24013121995,0.05779,21009408625,0,3003713370
2,19279896097,0.081957,15966485190,0,3313410907
3,15302167871,0.10613,12278783980,0,3023383891
4,13137706511,0.13038,10190960905,0,2946745606
5,11340742569,0.15462,8197019870,0,3143722699
6,9977312270,0.1789,7083958130,0,2893354140
7,8401657772,0.20297,5391654110,0,3010003662
8,7280576357,0.22705,4929463225,0,2351113132
9,6332844555,0.25117,4402930495,0,1929914060
10,5611129396,0.27518,3700107435,0,1911021961
11,5168349156,0.29922,3237762000,19565195,1911021961
12,4835558708,0.3233,3246980540,40686118,1547892050
13,4543160695,0.34738,2953597790,41670855,1547892050
14,4260862904,0.3714,2821007500,54633179,1385222225
15,3972616129,0.39535,2454249735,54633179,1463733215
16,3923212928,0.41939,2420635010,117355693,1385222225
17,3899460964,0.44341,2370867505,117355693,1411237766
18,3899460964,0.46738,2370867505,117355693,1411237766
19,3908588149,0.49141,2349629315,147721068,1411237766
20,3908588149,0.51559,2349629315,147721068,1411237766
21,3936818930,0.5399,2402288990,147721068,1386808872
22,3668109285,0.59807,2293579345,147721068,1226808872
23,3443535620,0.6559,2188864380,147721068,1106950172
24,3235535620,0.71369,2228864380,147721068,858950172
25,482188290.6728,0.77141,313252654.2127,6744328.1403,162191308.3197
26,440190937.4328,0.82925,298634051.5543,6744328.1403,134812557.7382
27,401597453.0835,0.8871,298634051.5543,6379081.491,96584320.0382
28,334235207.094,0.94494,271550209.317,6379081.491,56305916.286
29,306680395.2573,1.0031,243995397.4803,6379081.491,56305916.286
30,287881520.791,1.0613,243995397.4803,6379081.491,37507041.8197
31,271468514.0547,1.1192,251502051.5384,6379081.491,13587381.0252
32,255915123.2183,1.1772,237335017.1364,4992725.0567,13587381.0252
33,246205022.0379,1.2351,229748706.9393,4992725.0567,11463590.0419
34,240328813.0212,1.293,224237744.572,4627478.4074,11463590.0419
35,234817850.6539,1.3508,218726782.2046,4627478.4074,11463590.0419
36,229306888.2866,1.4085,213215819.8373,4627478.4074,11463590.0419
37,218375009.2326,1.4665,202283940.7833,4627478.4074,11463590.0419
38,210348520.5606,1.5244,194257452.1114,4627478.4074,11463590.0419
39,202729623.8259,1.5824,193016065.8171,4627478.4074,5086079.6014
40,180549682.5186,1.6403,170836124.5098,4627478.4074,5086079.6014
41,175038720.1512,1.6984,165325162.1425,4627478.4074,5086079.6014
42,169726081.5231,1.7563,165325162.1425,4400919.3806,0
43,163790236.3898,1.814,154303237.4078,4400919.3806,5086079.6014
44,158279274.0225,1.8718,148792275.0404,4400919.3806,5086079.6014
45,152768311.6552,1.9299,143281312.6731,4400919.3806,5086079.6014
46,147682232.0537,1.9877,143281312.6731,4400919.3806,0
47,141746386.9205,2.0456,132259387.9384,4400919.3806,5086079.6014
48,136235424.5531,2.1035,126748425.5711,4400919.3806,5086079.6014
49,130724462.1858,2.1615,121237463.2038,4400919.3806,5086079.6014
50,161448252.4539,2.2195,157457713.4026,3245142.0239,745397.0274
51,156643158.9806,2.2774,149147042.854,3245142.0239,4250974.1027
52,151873742.4156,2.3353,144377626.289,3245142.0239,4250974.1027
53,145983137.3961,2.3931,138487021.2695,3245142.0239,4250974.1027
54,141320841.8061,2.4509,135348358.0058,1898517.4345,4073966.3658
55,117522144.7296,2.5088,111549660.9294,1898517.4345,4073966.3658
56,113466764.8433,2.5666,107763605.961,1629192.5166,4073966.3658
57,109833399.6863,2.6245,104130240.8039,1629192.5166,4073966.3658
58,102742488.7037,2.6825,97159354.3027,1509168.0352,4073966.3658
59,99373657.4067,2.7403,93790523.0057,1509168.0352,4073966.3658
60,96024373.4994,2.7982,90441239.0984,1509168.0352,4073966.3658
61,92885710.2357,2.8618,87302575.8347,1509168.0352,4073966.3658
62,90581329.6247,2.9199,87302575.8347,1517612.0447,1761141.7453
63,64378152.4804,2.9778,50205475.2075,1517612.0447,12655065.2282
64,62106178.577,3.0358,47933501.3041,1517612.0447,12655065.2282
65,60355165.7497,3.0939,46182488.4768,1517612.0447,12655065.2282
66,58768237.1082,3.1518,44595559.8353,1517612.0447,12655065.2282
67,58026295.0957,3.2098,43853617.8228,1517612.0447,12655065.2282
68,57296205.6068,3.2678,43123528.3339,1517612.0447,12655065.2282
69,56580319.2065,3.3258,43123528.3339,1517612.0447,11939178.8279
70,55946251.8528,3.3837,42489460.9802,1517612.0447,11939178.8279
71,55464128.6588,3.4416,42007337.7862,1517612.0447,11939178.8279
72,53609626.9773,3.4995,40152836.1047,1517612.0447,11939178.8279
73,48368991.5485,3.5574,32733415.9793,1517612.0447,14117963.5245
74,47998020.5422,3.6154,32362444.973,1517612.0447,14117963.5245
75,89202331.324,3.6736,83512428.7214,1425317.617,4264584.9856
76,86932642.1667,3.7314,83512428.7214,1417387.1347,2002826.3106
77,86226714.8789,3.7895,83512428.7214,1417387.1347,1296899.0229
78,85533434.8798,3.8476,83512428.7214,1430034.4233,590971.7351
79,85263736.7163,3.9056,83242730.558,1430034.4233,590971.7351
80,85010790.9444,3.9638,83242730.558,1177088.6513,590971.7351
81,84979655.3118,4.022,83242730.558,1145953.0187,590971.7351
82,72983847.1171,4.0799,71246922.3632,1145953.0187,590971.7351
83,72714148.9536,4.1379,70977224.1998,1145953.0187,590971.7351
84,71875568.3631,4.1957,70138643.6092,1145953.0187,590971.7351
85,67320185.6847,4.2537,65583260.9309,1145953.0187,590971.7351
86,59062368.414,4.3117,57325443.6601,1145953.0187,590971.7351
87,58792670.2506,4.3696,57055745.4967,1145953.0187,590971.7351
88,58424799.1872,4.4274,57055745.4967,1145953.0187,223100.6717
89,58201698.5154,4.4854,57055745.4967,1145953.0187,0
90,57615704.6968,4.5434,56246651.0064,1145953.0187,223100.6717
91,57346006.5334,4.6013,55976952.8429,1145953.0187,223100.6717
92,57093060.7615,4.6594,55976952.8429,893007.2468,223100.6717
93,51699097.4926,4.7172,50582989.574,893007.2468,223100.6717
94,51429399.3291,4.7752,50313291.4106,893007.2468,223100.6717
95,50590818.7386,4.833,49474710.82,893007.2468,223100.6717
96,45196855.4697,4.8909,44080747.5512,893007.2468,223100.6717
97,40641472.7913,4.9487,39525364.8728,893007.2468,223100.6717
98,39920769.1771,5.0065,38804661.2586,893007.2468,223100.6717
99,39651071.0137,5.0647,38534963.0951,893007.2468,223100.6717
100,22412429.5224,5.1229,3368755.9908,636088.5916,18407584.94
101,4012429.5224,5.1809,3368755.9908,636088.5916,7584.94
102,1489726.8548,5.2388,846053.3233,636088.5916,7584.94
103,1100986.1514,5.2966,457312.6198,636088.5916,7584.94
104,850369.8791,5.3544,206696.3476,636088.5916,7584.94
105,643673.5316,5.4123,0,636088.5916,7584.94
106,528341.9344,5.4701,0,520756.9944,7584.94
107,520756.9944,5.5277,0,520756.9944,0
108,520756.9944,5.5854,0,520756.9944,0
109,520756.9944,5.6432,0,520756.9944,0
110,520756.9944,5.701,0,520756.9944,0
111,520756.9944,5.7589,0,520756.9944,0
112,23122514,5.784,0,23122514,0
113,27322513,5.8094,0,27322513,0
114,47127473,5.8374,19804960,27322513,0
115,100919048,5.8615,62825175,38093873,0
116,161746035,5.8857,62825175,98920860,0
117,1985271.5271,5.9442,0,1985271.5271,0
118,615347.8705,6.0025,0,615347.8705,0
119,435174.7303,6.0605,0,435174.7303,0
120,426166.0733,6.1184,0,426166.0733,0
121,417157.4163,6.1761,0,417157.4163,0
122,408148.7593,6.234,0,408148.7593,0
123,399140.1023,6.2922,0,399140.1023,0
124,390131.4453,6.3503,0,390131.4453,0
125,17322513,6.4098,0,17322513,0
126,17322513,6.4676,0,17322513,0
127,17322513,6.5254,0,17322513,0
128,17322513,6.5835,0,17322513,0
129,17322513,6.6085,0,17322513,0
130,78149500,6.6327,0,78149500,0
131,152404576,6.6568,0,152404576,0
132,259571860,6.681,58719545,200852315,0
133,386757923,6.7051,152595560,234162363,0
134,160212478.12,6.7628,305191.12,159907287,0
135,99385491.12,6.8204,305191.12,99080300,0
136,50820313.03,6.878,187752.03,50632561,0
137,17322513,6.9357,0,17322513,0
138,17322513,6.9938,0,17322513,0
139,17322513,7.0522,0,17322513,0
140,11894790.76,7.1098,0,9322513,2572277.76
141,9322513,7.1677,0,9322513,0
142,9322513,7.2253,0,9322513,0
143,9322513,7.283,0,9322513,0
144,9322513,7.3407,0,9322513,0
145,9322513,7.3985,0,9322513,0
146,9322513,7.4233,0,9322513,0
147,70149500,7.4477,0,70149500,0
148,118347740,7.4717,48198240,70149500,0
149,192602816,7.4957,48198240,144404576,0
150,112169081.2787,7.52,2412291.1465,108267791.7323,1488998.4
151,123161659.8201,7.5445,13404869.6878,108267791.7323,1488998.4
152,134224684.8378,7.5691,19133234.5955,108267791.7323,6823658.51
153,145965684.7673,7.5937,30874234.525,108267791.7323,6823658.51
154,157778048.8304,7.6183,42686598.5881,108267791.7323,6823658.51
155,78678938.45,7.6765,1705779.94,70149500,6823658.51
156,17602377.03,7.7342,1456205.52,9322513,6823658.51
157,12038808.31,7.7921,1227296.91,9322513,1488998.4
158,10549809.91,7.85,1227296.91,9322513,0
159,10080633.1,7.9078,758120.1,9322513,0
160,2080633.1,7.9655,758120.1,1322513,0
161,1680633.1,8.0233,358120.1,1322513,0
162,358120.1,8.081,358120.1,0,0
163,168425.04,8.1387,168425.04,0,0
164,72028.56,8.1966,72028.56,0,0
165,0,8.2547,0,0,0
