1,13682620799,0.042458,10437842695,0,3244778104
2,10410549434,0.057808,7165771330,0,3244778104
3,7630337619,0.07492,5299612890,0,2330724729
4,6513412960,0.090787,4638208610,88980140,1786224210
5,5552680775,0.10621,3677476425,88980140,1786224210
6,4642203905,0.12154,3302476425,88980140,1250747340
7,3487412795,0.13682,2881555565,88980140,516877090
8,2737412795,0.15201,2131555565,88980140,516877090
9,2209508769,0.16716,1824351025,88980140,296177604
10,1797689775,0.18232,1619526595,88980140,89183040
11,1584152190,0.19748,1405989010,88980140,89183040
12,1087597175,0.21307,909433995,88980140,89183040
13,911075830,0.22836,822095690,88980140,0
14,895025675,0.24353,806045535,88980140,0
15,929933593,0.25872,806045535,123888058,0
16,1004271826,0.27398,806045535,198226291,0
17,1108473416,0.28932,910247125,198226291,0
18,1138635728,0.30467,910946890,227688838,0
19,914897258,0.34295,687208420,227688838,0
20,814527158,0.37959,586838320,227688838,0
21,731321318,0.41706,503632480,227688838,0
22,662801538,0.45519,443112700,219688838,0
23,575139843,0.49197,355451005,219688838,0
24,502567268,0.52863,282878430,219688838,0
25,98039085.1674,0.5652,12108506.5554,78547956.732,7382621.88
26,68504014.7251,0.60377,12108506.5554,46052247.0696,10343261.1
27,53244604.8297,0.6406,12108506.5554,30792837.1742,10343261.1
28,38483418.9282,0.67741,13187017.3198,17913779.7284,7382621.88
29,33865605.1017,0.71622,8569203.4933,17913779.7284,7382621.88
30,29362670.7005,0.75312,4066269.0921,17913779.7284,7382621.88
31,25682670.7005,0.7899,4066269.0921,17913779.7284,3702621.88
32,22002670.7005,0.82689,4066269.0921,17913779.7284,22621.88
33,20061196.1985,0.86366,2124794.5901,17913779.7284,22621.88
34,19836049.4785,0.90041,1899647.87,17913779.7284,22621.88
35,19610902.7584,0.93754,1674501.15,17913779.7284,22621.88
36,19385756.0384,0.97619,1449354.4299,17913779.7284,22621.88
37,19160609.3183,1.0133,1224207.7099,17913779.7284,22621.88
38,18935462.5982,1.0501,999060.9898,17913779.7284,22621.88
39,18710315.8782,1.0868,773914.2697,17913779.7284,22621.88
40,18485169.1581,1.1235,548767.5497,17913779.7284,22621.88
41,18260022.4381,1.1602,323620.8296,17913779.7284,22621.88
42,18034875.718,1.1978,98474.1096,17913779.7284,22621.88
43,17936401.6084,1.2345,0,17913779.7284,22621.88
44,17913779.7284,1.2733,0,17913779.7284,0
45,17761548.3285,1.31,0,17738926.4485,22621.88
46,17738926.4485,1.3466,0,17738926.4485,0
47,17586695.0486,1.3855,0,17564073.1686,22621.88
48,17564073.1686,1.4241,0,17564073.1686,0
49,17411841.7686,1.4608,0,17389219.8886,22621.88
50,7284498.55,1.4976,3354021.59,0,3930476.96
51,6814641.92,1.5343,2884164.96,0,3930476.96
52,6414641.92,1.571,2484164.96,0,3930476.96
53,6174641.92,1.6077,2404164.96,0,3770476.96
54,5934641.92,1.6444,2324164.96,0,3610476.96
55,5694641.92,1.6834,2244164.96,0,3450476.96
56,5454641.92,1.7209,2164164.96,0,3290476.96
57,5270641.92,1.7578,2164164.96,0,3106476.96
58,5086641.92,1.7944,2164164.96,0,2922476.96
59,4902641.92,1.831,2164164.96,0,2738476.96
60,4718641.92,1.8677,2164164.96,0,2554476.96
61,4534641.92,1.9045,2164164.96,0,2370476.96
62,4350641.92,1.9412,2164164.96,0,2186476.96
63,4166641.92,1.978,2164164.96,0,2002476.96
64,3982641.92,2.0153,2164164.96,0,1818476.96
65,3798641.92,2.0521,2164164.96,0,1634476.96
66,3614641.92,2.0888,2164164.96,0,1450476.96
67,3430641.92,2.1255,2164164.96,0,1266476.96
68,3246641.92,2.1638,2164164.96,0,1082476.96
69,3166641.92,2.2006,2084164.96,0,1082476.96
70,3086641.92,2.2373,2004164.96,0,1082476.96
71,3006641.92,2.274,1924164.96,0,1082476.96
72,2926641.92,2.3109,1844164.96,0,1082476.96
73,2816182.32,2.3491,1733705.36,0,1082476.96
74,2736182.32,2.386,1653705.36,0,1082476.96
75,122677366.9304,2.4229,75771970.9881,363581.34,46541814.6022
76,115175987.0139,2.4595,77765370.2938,363581.34,37047035.3801
77,110452245.2214,2.4965,73041628.5014,363581.34,37047035.3801
78,108322829.8561,2.5416,70912213.1361,363581.34,37047035.3801
79,106223538.2081,2.5803,68812921.488,363581.34,37047035.3801
80,103623772.3231,2.6193,66213155.6031,363581.34,37047035.3801
81,103174226.5208,2.6572,65763609.8007,363581.34,37047035.3801
82,98788698.7305,2.6946,61378082.0105,363581.34,37047035.3801
83,98305191.3713,2.7322,60894574.6512,363581.34,37047035.3801
84,96787916.2675,2.7698,59377299.5474,363581.34,37047035.3801
85,93985857.5516,2.8066,56575240.8316,363581.34,37047035.3801
86,91952842.6749,2.8433,54542225.9548,363581.34,37047035.3801
87,86624033.573,2.8801,58708196.0751,363581.34,27552256.1579
88,85033886.3878,2.9169,53873122.4825,443581.34,30717182.5653
89,84922554.5876,2.9537,53761790.6824,443581.34,30717182.5653
90,80223497.0547,2.9903,49062733.1494,443581.34,30717182.5653
91,79189419.261,3.027,48028655.3557,443581.34,30717182.5653
92,74354345.6684,3.0636,43193581.7631,443581.34,30717182.5653
93,70553349.8694,3.1002,39392585.9641,443581.34,30717182.5653
94,65718276.2768,3.1367,34557512.3715,443581.34,30717182.5653
95,65718276.2768,3.1736,34557512.3715,443581.34,30717182.5653
96,62059956.8513,3.2102,30899192.946,443581.34,30717182.5653
97,62059956.8513,3.2471,30899192.946,443581.34,30717182.5653
98,57264235.1622,3.2837,35598250.479,443581.34,21222403.3431
99,57184727.8029,3.3206,35356496.7994,447581.34,21380649.6635
100,56823674.6999,3.3579,36169732.3693,447581.34,20206360.9906
101,52148120.6842,3.3944,31494178.3536,447581.34,20206360.9906
102,51900806.4228,3.4312,31246864.0922,447581.34,20206360.9906
103,49588998.0307,3.4688,28935055.7001,447581.34,20206360.9906
104,49457411.3865,3.5056,28803469.0559,447581.34,20206360.9906
105,47762980.3863,3.5421,27109038.0556,447581.34,20206360.9906
106,46129292.86,3.5787,25475350.5294,447581.34,20206360.9906
107,46129292.86,3.6154,25475350.5294,447581.34,20206360.9906
108,46129292.86,3.6523,25475350.5294,447581.34,20206360.9906
109,41963135.7246,3.6888,30282491.1893,447581.34,11233063.1952
110,41869376.4264,3.7256,30035176.9279,451581.34,11382618.1585
111,41869376.4264,3.7627,30035176.9279,451581.34,11382618.1585
112,37193822.4107,3.7994,25359622.9122,451581.34,11382618.1585
113,36383274.0321,3.8361,24549074.5336,451581.34,11382618.1585
114,34696980.9076,3.8729,22862781.4092,451581.34,11382618.1585
115,32247537.1828,3.9097,20413337.6843,451581.34,11382618.1585
116,32115950.5386,3.9464,20281751.0401,451581.34,11382618.1585
117,32115950.5386,3.9834,20281751.0401,451581.34,11382618.1585
118,32115950.5386,4.0201,20281751.0401,451581.34,11382618.1585
119,32115950.5386,4.0569,20281751.0401,451581.34,11382618.1585
120,29521512.5001,4.0935,25088891.7,451581.34,3981039.4601
121,28979088.3122,4.1302,24841577.4386,455581.34,3681929.5336
122,28979088.3122,4.1673,24841577.4386,455581.34,3681929.5336
123,24303534.2965,4.2038,20166023.4229,455581.34,3681929.5336
124,24056220.0351,4.2404,19918709.1615,455581.34,3681929.5336
125,29045115.5404,4.2778,26675085.7355,862788.7384,1507241.0664
126,29045115.5404,4.3151,26675085.7355,862788.7384,1507241.0664
127,28868895.0339,4.3517,26498865.2291,862788.7384,1507241.0664
128,28868895.0339,4.3887,26498865.2291,862788.7384,1507241.0664
129,28868895.0339,4.4255,26498865.2291,862788.7384,1507241.0664
130,28868895.0339,4.4623,26498865.2291,862788.7384,1507241.0664
131,28868895.0339,4.4995,26498865.2291,862788.7384,1507241.0664
132,215421855,4.5157,160016025,45558134,9847696
133,233472010,4.5311,178066180,45558134,9847696
134,281885855,4.5464,226480025,45558134,9847696
135,352993773,4.5617,226480025,116666052,9847696
136,449014258,4.5771,322500510,116666052,9847696
137,41222076.7589,4.6139,37505391.4728,2209444.2196,1507241.0664
138,33204680.0396,4.6507,29487994.7535,2209444.2196,1507241.0664
139,30215550.5151,4.6876,26498865.2291,2209444.2196,1507241.0664
140,27910865.6812,4.7242,19874812.3621,2360949.7643,5675103.5548
141,26564210.2,4.761,19874812.3621,1014294.2831,5675103.5548
142,26233007.5567,4.7978,19543609.7187,1014294.2831,5675103.5548
143,26233007.5567,4.8355,19543609.7187,1014294.2831,5675103.5548
144,26233007.5567,4.8763,19543609.7187,1014294.2831,5675103.5548
145,26233007.5567,4.914,19543609.7187,1014294.2831,5675103.5548
146,26233007.5567,4.9509,19543609.7187,1014294.2831,5675103.5548
147,208652962,4.9669,118016025,53558134,37078803
148,208652962,4.9825,118016025,53558134,37078803
149,235933242,4.9978,145296305,53558134,37078803
150,43030855.33,5.0132,25045634.9621,12157988.816,5827231.5519
151,63386081.1115,5.0287,45400860.7437,12157988.816,5827231.5519
152,79527966.7077,5.0443,45400860.7437,28299874.4122,5827231.5519
153,110414525.8612,5.06,76287419.8971,28299874.4122,5827231.5519
154,120926245.456,5.0756,86799139.492,28299874.4122,5827231.5519
155,83211826.5176,5.1124,75175773.1984,2360949.7643,5675103.5548
156,55843748.9313,5.1491,47807695.6121,2360949.7643,5675103.5548
157,41710495.8529,5.1858,33674442.5338,2360949.7643,5675103.5548
158,32097313.4615,5.2223,24061260.1424,2360949.7643,5675103.5548
159,27579663.0379,5.2589,19543609.7187,2360949.7643,5675103.5548
160,26233007.5567,5.2955,19543609.7187,1014294.2831,5675103.5548
161,25901804.9133,5.332,19212407.0754,1014294.2831,5675103.5548
162,25595694.5163,5.3686,19212407.0754,1014294.2831,5368993.1577
163,25578177.5472,5.4052,18881204.432,1021869.5604,5675103.5548
164,25578177.5472,5.4417,18881204.432,1021869.5604,5675103.5548
165,25578177.5472,5.4784,18881204.432,1021869.5604,5675103.5548
166,25578177.5472,5.5154,18881204.432,1021869.5604,5675103.5548
167,25578177.5472,5.5524,18881204.432,1021869.5604,5675103.5548
168,32119068.7988,5.5687,14043046.2472,12248790.9998,5827231.5519
169,32119068.7988,5.5841,14043046.2472,12248790.9998,5827231.5519
170,40405799.4015,5.5995,22329776.8499,12248790.9998,5827231.5519
171,50917518.9964,5.615,32841496.4447,12248790.9998,5827231.5519
172,62994092.1028,5.6306,44918069.5511,12248790.9998,5827231.5519
173,52957116.0962,5.6677,46260142.981,1021869.5604,5675103.5548
174,36719880.8378,5.7044,30022907.7227,1021869.5604,5675103.5548
175,25876520.2718,5.7412,18644355.6971,1501589.1504,5730575.4243
176,25876520.2718,5.7784,18644355.6971,1501589.1504,5730575.4243
177,25785796.3428,5.815,18553631.7681,1501589.1504,5730575.4243
178,25549472.2854,5.8516,18317307.7107,1501589.1504,5730575.4243
179,25383413.2122,5.8884,18460351.1414,1501589.1504,5421472.9204
180,25240369.7815,5.925,18317307.7107,1501589.1504,5421472.9204
181,25233555.8118,5.9615,17990259.7243,1512720.6632,5730575.4243
182,25233555.8118,5.9981,17990259.7243,1512720.6632,5730575.4243
183,25233555.8118,6.0348,17990259.7243,1512720.6632,5730575.4243
184,25233555.8118,6.0717,17990259.7243,1512720.6632,5730575.4243
185,25233555.8118,6.109,17990259.7243,1512720.6632,5730575.4243
186,31717201.7724,6.1251,13550377.037,12339593.1836,5827231.5519
187,31717201.7724,6.1406,13550377.037,12339593.1836,5827231.5519
188,41135872.8052,6.1561,13550377.037,21758264.2164,5827231.5519
189,51647592.4,6.1717,24062096.6318,21758264.2164,5827231.5519
190,62415039.9787,6.1873,24062096.6318,32525711.795,5827231.5519
191,27708188.3446,6.2244,17990259.7243,3987353.196,5730575.4243
192,26388198.2769,6.2611,17990259.7243,2667363.1282,5730575.4243
193,25233555.8118,6.2977,17990259.7243,1512720.6632,5730575.4243
194,25142831.8828,6.3344,17899535.7952,1512720.6632,5730575.4243
195,24906507.8254,6.371,17663211.7379,1512720.6632,5730575.4243
196,24740448.7522,6.4075,17806255.1686,1512720.6632,5421472.9204
197,24597405.3215,6.4441,17663211.7379,1512720.6632,5421472.9204
198,24590591.3518,6.4807,17336163.7515,1523852.176,5730575.4243
199,24590591.3518,6.5175,17336163.7515,1523852.176,5730575.4243
200,26982206.4597,6.5547,14948084.3578,3393301.9526,8640820.1493
201,26982206.4597,6.5916,14948084.3578,3393301.9526,8640820.1493
202,26982206.4597,6.6288,14948084.3578,3393301.9526,8640820.1493
203,31315334.746,6.6454,13057707.8268,12430395.3674,5827231.5519
204,31315334.746,6.6611,13057707.8268,12430395.3674,5827231.5519
205,41661517.8839,6.6769,13057707.8268,21849066.4001,6754743.657
206,52173237.4788,6.6927,23569427.4216,21849066.4001,6754743.657
207,62940685.0575,6.7086,23569427.4216,32616513.9788,6754743.657
208,33868045.5531,6.7458,14948084.3578,8903794.071,10016167.1242
209,29921549.8848,6.7825,14948084.3578,6332645.3777,8640820.1493
210,26982206.4597,6.819,14948084.3578,3393301.9526,8640820.1493
211,26903979.8714,6.8558,14869857.7695,3393301.9526,8640820.1493
212,26561240.1811,6.8926,14993196.7792,3393301.9526,8174741.4493
213,26437901.1715,6.9293,14869857.7695,3393301.9526,8174741.4493
214,25142948.5751,6.9661,20509791.6787,2897550.6617,1735606.2347
215,25053154.4823,7.0028,20419997.586,2897550.6617,1735606.2347
216,24939178.4679,7.0394,20306021.5716,2897550.6617,1735606.2347
217,24939178.4679,7.0759,20306021.5716,2897550.6617,1735606.2347
218,24939178.4679,7.1127,20306021.5716,2897550.6617,1735606.2347
219,24939178.4679,7.1497,20306021.5716,2897550.6617,1735606.2347
220,24939178.4679,7.1867,20306021.5716,2897550.6617,1735606.2347
221,29522882.2304,7.2028,17738065.3238,10614351.6917,1170465.2149
222,29522882.2304,7.2183,17738065.3238,10614351.6917,1170465.2149
223,38941553.2632,7.2337,17738065.3238,20033022.7245,1170465.2149
224,49709000.8419,7.2492,17738065.3238,30800470.3032,1170465.2149
225,95846636.1816,7.2648,37040938.2592,55098380.3701,3707317.5523
226,112443059.3956,7.3019,73180401.9701,2571148.6934,36691508.7321
227,109871910.7022,7.3388,73180401.9701,0,36691508.7321
228,109793684.1139,7.3756,73102175.3818,0,36691508.7321
229,109793684.1139,7.4128,73102175.3818,0,36691508.7321
230,24860951.8796,7.4493,20227794.9833,2897550.6617,1735606.2347
231,24657181.7725,7.486,20024024.8761,2897550.6617,1735606.2347
232,24657181.7725,7.523,20024024.8761,2897550.6617,1735606.2347
233,24657181.7725,7.5597,20024024.8761,2897550.6617,1735606.2347
234,24657181.7725,7.5964,20024024.8761,2897550.6617,1735606.2347
235,24657181.7725,7.6333,20024024.8761,2897550.6617,1735606.2347
236,39282778.962,7.6495,10135345.655,28972067.2979,175366.0092
237,39282778.962,7.6651,10135345.655,28972067.2979,175366.0092
238,43268158.1117,7.6805,10135345.655,28972067.2979,4160745.1588
239,28974068.9254,7.6959,0,28972067.2979,2001.6276
240,36773142.3826,7.7113,7799073.4572,28972067.2979,2001.6276
241,14730645.3743,7.7268,14555279.3651,0,175366.0092
242,14730645.3743,7.7423,14555279.3651,0,175366.0092
243,24725691.5669,7.7579,24550325.5577,0,175366.0092
244,26577817.2518,7.7734,26402451.2426,0,175366.0092
245,26577817.2518,7.7887,26402451.2426,0,175366.0092
246,53457291.301,7.8258,51721685.0663,0,1735606.2347
247,53457291.301,7.8632,51721685.0663,0,1735606.2347
248,53457291.301,7.9009,51721685.0663,0,1735606.2347
249,53457291.301,7.9384,51721685.0663,0,1735606.2347
250,64089298.8305,7.9756,63847493.32,0,241805.5105
251,23862077.8061,7.9918,23547746.457,0,314331.349
252,26355196.0489,8.0074,26040864.6999,0,314331.349
253,14869610.7142,8.0228,14555279.3651,0,314331.349
254,23634902.8971,8.0382,23320571.5481,0,314331.349
255,14869610.7142,8.0535,14555279.3651,0,314331.349
256,7070537.257,8.0688,6756205.9079,0,314331.349
257,26106408.1067,8.0844,24367532.3872,0,1738875.7195
258,32197281.1732,8.0999,30458405.4537,0,1738875.7195
259,32197281.1732,8.1153,30458405.4537,0,1738875.7195
260,32197281.1732,8.1307,30458405.4537,0,1738875.7195
261,38802882.8677,8.1678,37892662.3732,0,910220.4945
262,20362603.6414,8.2045,19573847.3494,117581.34,671174.952
263,3370974.8878,8.241,3059019.5658,117581.34,194373.982
264,311955.322,8.2776,0,117581.34,194373.982
265,120341.308,8.3142,0,117581.34,2759.968
266,40341.308,8.3508,0,37581.34,2759.968
267,2759.968,8.3873,0,0,2759.968
268,0,8.4237,0,0,0
