1,35546283812,0.077001,30678481920,0,4867801892
2,31029059178,0.11888,25965305310,0,5063753868
3,26953138823,0.16069,21889384955,0,5063753868
4,23228781997,0.20271,17508876465,0,5719905532
5,20758913862,0.24335,15039008330,0,5719905532
6,18442146722,0.269,12722241190,0,5719905532
7,16180822058,0.29457,10726600755,10238915,5443982388
8,14494424717,0.31966,9380932730,10238915,5103253072
9,12952021157,0.34517,9298908930,10238915,3642873312
10,11776009404,0.37341,8231314790,10238915,3534455699
11,10621992277,0.39902,7705052895,10238915,2906700467
12,8823450062,0.42453,6032454520,10238915,2780756627
13,7446481975,0.45025,4752068600,10238915,2684174460
14,6455398667,0.47541,4946639820,10238915,1498519932
15,5539212070,0.50082,4023923560,16768578,1498519932
16,4817656978,0.52599,3346532560,16768578,1454355840
17,4185188423,0.55151,2933588385,16768578,1234831460
18,3755171613,0.57674,2518793275,16768578,1219609760
19,3334162988,0.60211,2097784650,16768578,1219609760
20,2969485690,0.62752,2304355480,16768578,648361632
21,2627772760,0.65543,1972881465,6529663,648361632
22,2326094723,0.6814,1928118735,6529663,391446325
23,2103849868,0.70659,1705873880,6529663,391446325
24,2014707273,0.73202,1616731285,6529663,391446325
25,316116253.3026,0.75729,239571445.3511,488982.17,76055825.7815
26,315404196.5545,0.78341,238784652.073,563718.7,76055825.7815
27,322666543.4727,0.80895,281507622.3264,570600.35,40588320.7963
28,332719614.0173,0.83487,291442088.451,689204.77,40588320.7963
29,333306422.9273,0.86032,291442088.451,1276013.68,40588320.7963
30,333317842.7873,0.88599,291442088.451,1287433.54,40588320.7963
31,1827734868,0.95184,1490090370,128743354,208901144
32,1510865468,1.0148,1173220970,128743354,208901144
33,1243526288,1.0761,871902165,128743354,242880769
34,950625581,1.1369,804665930,145959651,0
35,820904886,1.1995,674945235,145959651,0
36,762223995,1.2603,674945235,87278760,0
37,721535830,1.3206,634945235,86590595,0
38,681535830,1.3817,594945235,86590595,0
39,641535830,1.4428,554945235,86590595,0
40,601535830,1.5036,554945235,46590595,0
41,561535830,1.5648,514945235,46590595,0
42,481535830,1.6252,434945235,46590595,0
43,447532550,1.6862,400941955,46590595,0
44,435672108,1.7471,400941955,34730153,0
45,410813698,1.8078,384083545,26730153,0
46,400423108,1.8718,373692955,26730153,0
47,378813698,1.933,344083545,34730153,0
48,338813698,1.9936,304083545,34730153,0
49,298813698,2.053,264083545,34730153,0
50,24873308.2816,2.114,20836734.5386,4036573.743,0
51,18081177.8793,2.1767,14044604.1362,4036573.743,0
52,11503474.7227,2.2384,7466900.9797,4036573.743,0
53,9633723.8917,2.298,4019393.5487,4036573.743,1577756.6
54,7563484.6631,2.3573,3526910.9201,4036573.743,0
55,5726899.6202,2.419,1690325.8771,4036573.743,0
56,4344294.7416,2.4802,307720.9986,4036573.743,0
57,3414480.5267,2.5407,307720.9986,3106759.5282,0
58,2545841.9272,2.6015,307720.9986,2238120.9286,0
59,2238120.9286,2.6637,0,2238120.9286,0
60,1962831.5314,2.7272,0,1962831.5314,0
61,1830102.1794,2.7867,0,1830102.1794,0
62,1783611.4686,2.846,0,1783611.4686,0
63,1737120.7579,2.9053,0,1737120.7579,0
64,1690630.0471,2.9646,0,1690630.0471,0
65,1644139.3364,3.024,0,1644139.3364,0
66,1597648.6256,3.0834,0,1597648.6256,0
67,1551157.9149,3.1428,0,1551157.9149,0
68,1504667.2042,3.2021,0,1504667.2042,0
69,1458176.4934,3.2615,0,1458176.4934,0
70,1411685.7827,3.3215,0,1411685.7827,0
71,1365195.0719,3.3809,0,1365195.0719,0
72,1318704.3612,3.4401,0,1318704.3612,0
73,1272213.6504,3.4995,0,1272213.6504,0
74,1225722.9397,3.5589,0,1225722.9397,0
75,1022366.29,3.6184,1006069.29,16297,0
76,702366.29,3.6778,686069.29,16297,0
77,434868.9,3.7371,418571.9,16297,0
78,213152.08,3.7965,196855.08,16297,0
79,175305.96,3.856,159008.96,16297,0
80,159008.96,3.9174,159008.96,0,0
81,155008.96,3.9771,155008.96,0,0
82,151008.96,4.0366,151008.96,0,0
83,147008.96,4.096,147008.96,0,0
84,143008.96,4.1554,143008.96,0,0
85,139008.96,4.2153,139008.96,0,0
86,135008.96,4.2747,135008.96,0,0
87,131008.96,4.3342,131008.96,0,0
88,127008.96,4.3937,127008.96,0,0
89,123008.96,4.4534,123008.96,0,0
90,119008.96,4.5129,119008.96,0,0
91,115008.96,4.5724,115008.96,0,0
92,111008.96,4.6318,111008.96,0,0
93,107008.96,4.6915,107008.96,0,0
94,103008.96,4.751,103008.96,0,0
95,99008.96,4.8106,99008.96,0,0
96,95008.96,4.8701,95008.96,0,0
97,91008.96,4.9297,91008.96,0,0
98,87008.96,4.9893,87008.96,0,0
99,83008.96,5.0488,83008.96,0,0
100,8300896,5.1084,8300896,0,0
101,8300896,5.1681,8300896,0,0
102,8300896,5.2279,8300896,0,0
103,8300896,5.2876,8300896,0,0
104,6661175.2668,5.3134,6661175.2668,0,0
105,6672595.1268,5.3383,6661175.2668,11419.86,0
106,6791199.5468,5.3632,6661175.2668,130024.28,0
107,22060138.0595,5.3883,21236428.2395,823709.82,0
108,38317612.8398,5.4135,37493903.0198,823709.82,0
109,9124605.82,5.4734,8300896,823709.82,0
110,4480020.45,5.5329,3579014,901006.45,0
111,3786334.91,5.5922,3579014,207320.91,0
112,3667730.49,5.652,3579014,88716.49,0
113,3656310.63,5.7116,3579014,77296.63,0
114,3656310.63,5.7716,3579014,77296.63,0
115,3355414.63,5.831,3278118,77296.63,0
116,77296.63,5.8904,0,77296.63,0
117,77296.63,5.9498,0,77296.63,0
118,77296.63,6.0093,0,77296.63,0
119,77296.63,6.069,0,77296.63,0
120,77296.63,6.1292,0,77296.63,0
121,77296.63,6.1547,0,77296.63,0
122,5620141.7934,6.1797,4849159.6234,770982.17,0
123,27144144.497,6.2047,25948425.797,1195718.7,0
124,27505564.357,6.2297,25948425.797,1557138.56,0
125,41023973.432,6.2549,30505319.8752,9040068.0068,1478585.55
126,8693535.24,6.315,6042833,1172116.69,1478585.55
127,1957016.7,6.3746,0,478431.15,1478585.55
128,438716.49,6.4342,0,438716.49,0
129,77296.63,6.4937,0,77296.63,0
130,77296.63,6.5537,0,77296.63,0
131,77296.63,6.6139,0,77296.63,0
132,77296.63,6.6739,0,77296.63,0
133,77296.63,6.7337,0,77296.63,0
134,437589.8693,6.7594,0,437589.8693,0
135,15743042.3215,6.7846,6962151.3973,3090442.2242,5690448.7
136,33286673.3889,6.8097,6962151.3973,5149640.4516,21174881.54
137,48851535.3889,6.8348,6962151.3973,5149640.4516,36739743.54
138,58856704.5516,6.8599,13040244.2462,9076716.7654,36739743.54
139,36600984.46,6.9198,13822776,1603326.92,21174881.54
140,20752811.29,6.9795,13822776,1239586.59,5690448.7
141,7213815.17,7.0391,6442833,770982.17,0
142,7213815.17,7.0988,6442833,770982.17,0
143,77296.63,7.1582,0,77296.63,0
144,77296.63,7.2182,0,77296.63,0
145,77296.63,7.2781,0,77296.63,0
146,77296.63,7.338,0,77296.63,0
147,77296.63,7.3979,0,77296.63,0
148,437589.8693,7.4236,0,437589.8693,0
149,2141007.1213,7.4486,0,662421.5713,1478585.55
150,4554498.7262,7.4736,934202.38,3620296.3462,0
151,4782505.2862,7.5014,1162208.94,3620296.3462,0
152,4920375.3162,7.5265,1300078.97,3620296.3462,0
153,38183255.84,7.5862,36587659,117011.29,1478585.55
154,29960570.64,7.6458,13787003,117011.29,16056556.35
155,20171752.53,7.7055,13787003,140895.05,6243854.48
156,18797183.82,7.7649,13787003,101180.39,4909000.43
157,1730137.39,7.8244,0,101180.39,1628957
158,101180.39,7.8846,0,101180.39,0
159,101180.39,7.9441,0,101180.39,0
160,101180.39,8.0035,0,101180.39,0
161,101180.39,8.0629,0,101180.39,0
162,101180.39,8.1227,0,101180.39,0
163,3130492.7603,8.1483,0,3130492.7603,0
164,3432748.0703,8.1734,302255.31,3130492.7603,0
165,3877237.7803,8.1983,746745.02,3130492.7603,0
166,3433900.6349,8.2232,1042364.68,2391535.9549,0
167,3692185.8249,8.2481,1300649.87,2391535.9549,0
168,3886297.5749,8.2733,1494761.62,2391535.9549,0
169,4646400.2356,8.2984,2110912.91,2535487.3256,0
170,5580602.6156,8.3235,3045115.29,2535487.3256,0
171,260144507.27,8.3833,260062558,81949.27,0
172,166724269.27,8.4426,166642320,81949.27,0
173,134145844.94,8.502,130516199,127814.34,3501831.6
174,103920313.94,8.5614,100290668,127814.34,3501831.6
175,100995246.3362,8.6212,89067213.069,127814.34,11800218.9272
176,93274663.9632,8.6809,81346630.696,127814.34,11800218.9272
177,41527508.8378,8.7405,29604128.2106,123161.7,11800218.9272
178,20718642.0095,8.8,8795261.3823,123161.7,11800218.9272
179,15661955.8675,8.8596,3738575.2403,123161.7,11800218.9272
180,11923380.6272,8.9193,0,123161.7,11800218.9272
181,9227598.4709,8.9787,0,123161.7,9104436.7709
182,9227598.4709,9.0383,0,123161.7,9104436.7709
183,9227598.4709,9.0981,0,123161.7,9104436.7709
184,9088809.3631,9.1577,0,119161.7,8969647.6631
185,9088809.3631,9.2176,0,119161.7,8969647.6631
186,9088809.3631,9.2774,0,119161.7,8969647.6631
187,9088809.3631,9.3372,0,119161.7,8969647.6631
188,9088809.3631,9.3971,0,119161.7,8969647.6631
189,179302678.3733,9.4236,579294.88,3686829.4257,175036554.0676
190,179302678.3733,9.4488,579294.88,3686829.4257,175036554.0676
191,179302678.3733,9.4739,579294.88,3686829.4257,175036554.0676
192,44830177.5104,9.4989,4107367.84,31130411.8128,9592397.8576
193,37460403.8428,9.5237,6329992.03,31130411.8128,0
194,37460403.8428,9.5485,6329992.03,31130411.8128,0
195,37679488.1228,9.5734,6549076.31,31130411.8128,0
196,38032815.3738,9.5984,6549076.31,31483739.0638,0
197,38680507.5238,9.6234,7196768.46,31483739.0638,0
198,481526766.8993,9.6836,480041132.1454,1017583.25,468051.5039
199,338019651.0703,9.7433,336577331.2903,1442319.78,0
200,284219821.0049,9.803,282777501.2249,1442319.78,0
201,51569006.6406,9.8624,48351856.9506,555318.09,2661831.6
202,29754061.2501,9.9221,26536911.5601,555318.09,2661831.6
203,24923274.4048,9.9817,21706124.7148,555318.09,2661831.6
204,22219577.7348,10.0415,21706124.7148,513453.02,0
205,22208157.8748,10.1011,21706124.7148,502033.16,0
206,22208157.8748,10.1606,21706124.7148,502033.16,0
207,22208157.8748,10.2208,21706124.7148,502033.16,0
208,22208157.8748,10.2809,21706124.7148,502033.16,0
209,22208157.8748,10.3408,21706124.7148,502033.16,0
210,2423021.0749,10.3664,31485.12,2391535.9549,0
211,2423021.0749,10.3913,31485.12,2391535.9549,0
212,2726919.7949,10.4162,335383.84,2391535.9549,0
213,3065204.9849,10.441,673669.03,2391535.9549,0
214,3103316.7349,10.4659,711780.78,2391535.9549,0
215,40691460.5703,10.5256,40614163.9403,77296.63,0
216,36896547.7404,10.5851,36819251.1104,77296.63,0
217,3212374.0231,10.6446,3135077.3931,77296.63,0
218,77296.63,10.704,0,77296.63,0
219,77296.63,10.7636,0,77296.63,0
220,77296.63,10.8235,0,77296.63,0
221,77296.63,10.8834,0,77296.63,0
222,77296.63,10.9426,0,77296.63,0
223,2391535.9549,10.9683,0,2391535.9549,0
224,2744863.2059,10.9932,0,2744863.2059,0
225,9589842.79,11.0183,579294.88,8871649,138898.91
226,10334332.5,11.0432,1323784.59,8871649,138898.91
227,11137500.52,11.0684,2126952.61,8871649,138898.91
228,132041219.4596,11.1286,131813604.0596,88716.49,138898.91
229,74220015.9489,11.1883,74131299.4589,88716.49,0
230,34390694.7571,11.2477,34301978.2671,88716.49,0
231,88716.49,11.3071,0,88716.49,0
232,77296.63,11.3665,0,77296.63,0
233,77296.63,11.4259,0,77296.63,0
234,77296.63,11.4855,0,77296.63,0
235,77296.63,11.545,0,77296.63,0
236,77296.63,11.6046,0,77296.63,0
237,7729663,11.6302,0,7729663,0
238,8158248.55,11.6551,0,7729663,428585.55
239,8885940.7,11.6801,727692.15,7729663,428585.55
240,9685108.72,11.7051,1526860.17,7729663,428585.55
241,10702404.02,11.7301,2544155.47,7729663,428585.55
242,152540392.4947,11.7898,152034510.3147,77296.63,428585.55
243,80081681.5669,11.8494,79575799.3869,77296.63,428585.55
244,505882.18,11.9087,0,77296.63,428585.55
245,77296.63,11.9681,0,77296.63,0
246,77296.63,12.0273,0,77296.63,0
247,77296.63,12.087,0,77296.63,0
248,77296.63,12.1468,0,77296.63,0
249,77296.63,12.2061,0,77296.63,0
250,7729663,12.2325,0,7729663,0
251,7998747.28,12.2573,269084.28,7729663,0
252,8900764.53,12.2823,1171101.53,7729663,0
253,9918059.83,12.3073,2188396.83,7729663,0
254,10645751.98,12.3323,2916088.98,7729663,0
255,200625071.2236,12.392,200547774.5936,77296.63,0
256,160795750.0319,12.4519,160718453.4019,77296.63,0
257,134002139.4924,12.5116,133924842.8624,77296.63,0
258,72536007.5577,12.571,72458710.9277,77296.63,0
259,77296.63,12.6304,0,77296.63,0
260,77296.63,12.6901,0,77296.63,0
261,77296.63,12.7497,0,77296.63,0
262,77296.63,12.8091,0,77296.63,0
263,77296.63,12.8689,0,77296.63,0
264,7729663,12.8945,0,7729663,0
265,7983561.72,12.9193,253898.72,7729663,0
266,8412147.27,12.9441,253898.72,7729663,428585.55
267,8694629.92,12.969,536381.37,7729663,428585.55
268,9367307.66,12.994,1209059.11,7729663,428585.55
269,53915146.8475,13.0537,53409264.6675,77296.63,428585.55
270,28633612.6749,13.1134,28127730.4949,77296.63,428585.55
271,20667748.4365,13.1729,20161866.2565,77296.63,428585.55
272,505882.18,13.2324,0,77296.63,428585.55
273,77296.63,13.2919,0,77296.63,0
274,77296.63,13.3514,0,77296.63,0
275,79008.96,13.4108,79008.96,0,0
276,75008.96,13.4706,75008.96,0,0
277,71008.96,13.53,71008.96,0,0
278,67008.96,13.5894,67008.96,0,0
279,63008.96,13.6486,63008.96,0,0
280,59008.96,13.7079,59008.96,0,0
281,55008.96,13.7672,55008.96,0,0
282,51008.96,13.8267,51008.96,0,0
283,51008.96,13.886,51008.96,0,0
284,51008.96,13.9455,51008.96,0,0
285,51008.96,14.0049,51008.96,0,0
286,51008.96,14.0644,51008.96,0,0
287,51008.96,14.0901,51008.96,0,0
288,253491.61,14.115,253491.61,0,0
289,682077.16,14.1399,253491.61,0,428585.55
290,1326566.87,14.1649,897981.32,0,428585.55
291,1999244.61,14.1899,1570659.06,0,428585.55
292,1326566.87,14.2499,897981.32,0,428585.55
293,682077.16,14.3095,253491.61,0,428585.55
294,253491.61,14.3691,253491.61,0,0
295,51008.96,14.4285,51008.96,0,0
296,51008.96,14.4883,51008.96,0,0
297,51008.96,14.5482,51008.96,0,0
298,51008.96,14.6083,51008.96,0,0
299,51008.96,14.6677,51008.96,0,0
300,5100896,14.6936,5100896,0,0
301,5112315.86,14.7183,5100896,11419.86,0
302,5187052.39,14.7432,5100896,86156.39,0
303,5305656.81,14.7681,5100896,204760.81,0
304,33005285.35,14.7931,32106839,898446.35,0
305,20527089.96,14.8528,51008.96,20476081,0
306,8666647.96,14.9123,51008.96,8615639,0
307,1192994.96,14.9718,51008.96,1141986,0
308,51008.96,15.0311,51008.96,0,0
309,51008.96,15.0905,51008.96,0,0
310,51008.96,15.1501,51008.96,0,0
311,51008.96,15.2096,51008.96,0,0
312,51008.96,15.2693,51008.96,0,0
313,5100896,15.2949,5100896,0,0
314,5529481.55,15.3198,5100896,0,428585.55
315,25777746.55,15.3448,25349161,0,428585.55
316,53877375.09,15.3697,52755104,693685.54,428585.55
317,53995979.51,15.3947,52755104,812289.96,428585.55
318,81756547.04,15.4549,527551.04,81228996,0
319,81554064.39,15.5148,325068.39,81228996,0
320,81474064.39,15.5745,245068.39,81228996,0
321,11911450.96,15.6338,51008.96,11860442,0
322,51008.96,15.6932,51008.96,0,0
323,51008.96,15.7526,51008.96,0,0
324,51008.96,15.8124,51008.96,0,0
325,4702192.63,15.8718,4700896,1296.63,0
326,4479949.23,15.9311,4300896,1296.63,177756.6
327,4302192.63,15.9906,4300896,1296.63,0
328,4302192.63,16.0501,4300896,1296.63,0
329,4302192.63,16.1095,4300896,1296.63,0
330,4302192.63,16.169,4300896,1296.63,0
331,4302192.63,16.2289,4300896,1296.63,0
332,4302192.63,16.2545,4300896,1296.63,0
333,4313612.49,16.2794,4300896,12716.49,0
334,4388349.02,16.3042,4300896,87453.02,0
335,4816934.57,16.3291,4300896,87453.02,428585.55
336,20706684.74,16.3541,11680839,556057.44,8469788.3
337,13326741.74,16.4141,4300896,556057.44,8469788.3
338,4816934.57,16.4738,4300896,87453.02,428585.55
339,4388349.02,16.5333,4300896,87453.02,0
340,4313612.49,16.593,4300896,12716.49,0
341,3917612.49,16.6525,3900896,16716.49,0
342,3695369.09,16.7119,3500896,16716.49,177756.6
343,3517612.49,16.7715,3500896,16716.49,0
344,3506192.63,16.8313,3500896,5296.63,0
345,3506192.63,16.8911,3500896,5296.63,0
346,3506192.63,16.9507,3500896,5296.63,0
347,3506192.63,17.0101,3500896,5296.63,0
348,3506192.63,17.0697,3500896,5296.63,0
349,3506192.63,17.0955,3500896,5296.63,0
350,3929489.5514,17.1207,3495607.3714,5296.63,428585.55
351,4004226.0814,17.1456,3495607.3714,80033.16,428585.55
352,12514033.2514,17.1707,3495607.3714,548637.58,8469788.3
353,27318206.4214,17.1958,3495607.3714,912377.91,22910221.14
354,12519321.88,17.256,3500896,548637.58,8469788.3
355,4009514.71,17.3158,3500896,80033.16,428585.55
356,3580929.16,17.3754,3500896,80033.16,0
357,3263047.16,17.4349,3179014,84033.16,0
358,3040803.76,17.4943,2779014,84033.16,177756.6
359,2863047.16,17.5537,2779014,84033.16,0
360,2788310.63,17.6132,2779014,9296.63,0
361,2788310.63,17.6728,2779014,9296.63,0
362,2788310.63,17.7331,2779014,9296.63,0
363,2788310.63,17.793,2779014,9296.63,0
364,2710192.63,17.8525,2700896,9296.63,0
365,2710192.63,17.9132,2700896,9296.63,0
366,2710192.63,17.9736,2700896,9296.63,0
367,2710192.63,18.0337,2700896,9296.63,0
368,2392310.63,18.0932,2379014,13296.63,0
369,2170067.23,18.1527,1979014,13296.63,177756.6
370,1992310.63,18.2122,1979014,13296.63,0
371,1992310.63,18.2723,1979014,13296.63,0
372,1992310.63,18.3317,1979014,13296.63,0
373,1992310.63,18.3913,1979014,13296.63,0
374,1992310.63,18.451,1979014,13296.63,0
375,1979082.8922,18.4767,1965786.2622,13296.63,0
376,1990502.7522,18.5017,1965786.2622,24716.49,0
377,2065239.2822,18.5265,1965786.2622,99453.02,0
378,2493824.8322,18.5514,1965786.2622,99453.02,428585.55
379,11003632.0022,18.5765,1965786.2622,568057.44,8469788.3
380,2507052.57,18.6366,1979014,99453.02,428585.55
381,2078467.02,18.6962,1979014,99453.02,0
382,2000349.02,18.7557,1900896,99453.02,0
383,1925612.49,18.8152,1900896,24716.49,0
384,1607730.49,18.8746,1579014,28716.49,0
385,1385487.09,18.9339,1179014,28716.49,177756.6
386,1207730.49,18.9933,1179014,28716.49,0
387,1196310.63,19.0527,1179014,17296.63,0
388,1196310.63,19.1123,1179014,17296.63,0
389,1196310.63,19.1719,1179014,17296.63,0
390,1196310.63,19.2316,1179014,17296.63,0
391,1196310.63,19.2913,1179014,17296.63,0
392,1188430.0956,19.317,1171133.4656,17296.63,0
393,1617015.6456,19.3421,1171133.4656,17296.63,428585.55
394,1691752.1756,19.367,1171133.4656,92033.16,428585.55
395,10201559.3456,19.392,1171133.4656,560637.58,8469788.3
396,24657732.5156,19.4171,1171133.4656,924377.91,22562221.14
397,10209439.88,19.477,1179014,560637.58,8469788.3
398,1699632.71,19.5366,1179014,92033.16,428585.55
399,1271047.16,19.5959,1179014,92033.16,0
400,1218885.0364,19.6554,1093644.7175,125240.3189,0
401,1025604.5774,19.715,722607.6586,125240.3189,177756.6
402,847847.9774,19.7744,722607.6586,125240.3189,0
403,775386.295,19.8339,650145.9761,125240.3189,0
404,505773.8596,19.8934,351570.5996,154203.26,0
405,505773.8596,19.9532,351570.5996,154203.26,0
406,505773.8596,20.0134,351570.5996,154203.26,0
407,505773.8596,20.073,351570.5996,154203.26,0
408,505773.8596,20.1329,351570.5996,154203.26,0
409,397777.2989,20.1587,376480.6689,21296.63,0
410,409197.1589,20.1837,376480.6689,32716.49,0
411,483933.6889,20.2086,376480.6689,107453.02,0
412,912519.2389,20.2336,376480.6689,107453.02,428585.55
413,9422326.4089,20.259,376480.6689,576057.44,8469788.3
414,1558195.0213,20.3193,351570.5996,778038.8717,428585.55
415,1129609.4713,20.3792,351570.5996,778038.8717,0
416,588462.0426,20.4389,351570.5996,236891.443,0
417,487109.7254,20.4982,72461.6824,236891.443,177756.6
418,309353.1254,20.5579,72461.6824,236891.443,0
419,226664.9424,20.6175,72461.6824,154203.26,0
420,154203.26,20.6771,0,154203.26,0
421,154203.26,20.7368,0,154203.26,0
422,154203.26,20.7964,0,154203.26,0
423,154203.26,20.8564,0,154203.26,0
424,154203.26,20.9161,0,154203.26,0
425,2129663,20.9419,0,2129663,0
426,2332145.65,20.967,202482.65,2129663,0
427,2760731.2,20.9921,202482.65,2129663,428585.55
428,3405220.91,21.0171,846972.36,2129663,428585.55
429,4085898.65,21.0421,1527650.1,2129663,428585.55
430,79147322.171,21.102,78564533.3611,154203.26,428585.55
431,19364930.5447,21.1618,18782141.7348,154203.26,428585.55
432,582788.81,21.2215,0,154203.26,428585.55
433,154203.26,21.2812,0,154203.26,0
434,154203.26,21.3411,0,154203.26,0
435,154203.26,21.4011,0,154203.26,0
436,154203.26,21.4659,0,154203.26,0
437,154203.26,21.5266,0,154203.26,0
438,2129663,21.5526,0,2129663,0
439,2746958.3,21.5775,617295.3,2129663,0
440,3420946.28,21.6024,1291283.28,2129663,0
441,3881343.22,21.6273,1751680.22,2129663,0
442,4787360.47,21.6525,2657697.47,2129663,0
443,162638772.511,21.7135,162484569.251,154203.26,0
444,100120143.0486,21.7733,99965939.7887,154203.26,0
445,42860284.8987,21.8334,42706081.6388,154203.26,0
446,154203.26,21.8929,0,154203.26,0
447,154203.26,21.9525,0,154203.26,0
448,154203.26,22.0121,0,154203.26,0
449,154203.26,22.0719,0,154203.26,0
450,79008.96,22.1315,79008.96,0,0
451,79008.96,22.1924,79008.96,0,0
452,79008.96,22.2551,79008.96,0,0
453,79008.96,22.3184,79008.96,0,0
454,79008.96,22.3792,79008.96,0,0
455,79008.96,22.4049,79008.96,0,0
456,281491.61,22.4301,281491.61,0,0
457,710077.16,22.4552,281491.61,0,428585.55
458,1354566.87,22.4803,925981.32,0,428585.55
459,2035244.61,22.5055,1606659.06,0,428585.55
460,1386378.26,22.5652,1386378.26,0,0
461,741888.55,22.6248,741888.55,0,0
462,281491.61,22.6849,281491.61,0,0
463,79008.96,22.7444,79008.96,0,0
464,79008.96,22.8039,79008.96,0,0
465,79008.96,22.8636,79008.96,0,0
466,75008.96,22.923,75008.96,0,0
467,75008.96,22.9826,75008.96,0,0
468,75008.96,23.0422,75008.96,0,0
469,75008.96,23.1016,75008.96,0,0
470,75008.96,23.1614,75008.96,0,0
471,75008.96,23.1872,75008.96,0,0
472,503594.51,23.2122,75008.96,0,428585.55
473,1120889.81,23.2372,692304.26,0,428585.55
474,1765379.52,23.2621,1336793.97,0,428585.55
475,111642016.5431,23.2872,101225719.3415,11419.86,10404877.3415
476,1765379.52,23.347,1336793.97,0,428585.55
477,1120889.81,23.4065,692304.26,0,428585.55
478,503594.51,23.466,75008.96,0,428585.55
479,75008.96,23.5256,75008.96,0,0
480,75008.96,23.5852,75008.96,0,0
481,75008.96,23.645,75008.96,0,0
482,71008.96,23.7045,71008.96,0,0
483,71008.96,23.7644,71008.96,0,0
484,71008.96,23.8244,71008.96,0,0
485,71008.96,23.8839,71008.96,0,0
486,71008.96,23.9435,71008.96,0,0
487,5376993.925,23.9691,5376993.925,0,0
488,5388413.785,23.994,5376993.925,11419.86,0
489,5463150.315,24.019,5376993.925,86156.39,0
490,15868027.6566,24.0439,5376993.925,86156.39,10404877.3415
491,31200571.3098,24.0689,20709537.5783,86156.39,10404877.3415
492,1844063.16,24.1287,273491.61,1141986,428585.55
493,702077.16,24.1883,273491.61,0,428585.55
494,499594.51,24.2479,71008.96,0,428585.55
495,71008.96,24.3074,71008.96,0,0
496,71008.96,24.3668,71008.96,0,0
497,71008.96,24.4316,71008.96,0,0
498,67008.96,24.4912,67008.96,0,0
499,67008.96,24.551,67008.96,0,0
500,5497756.6,24.6105,0,0,5497756.6
501,3461737.79,24.67,0,13740.33,3447997.46
502,2514415.91,24.7294,0,87624.09,2426791.82
503,2378415.91,24.7892,0,87624.09,2290791.82
504,2366415.91,24.8489,0,87624.09,2278791.82
505,2366415.91,24.9087,0,87624.09,2278791.82
506,2366415.91,24.9687,0,87624.09,2278791.82
507,2366415.91,25.0286,0,87624.09,2278791.82
508,2366415.91,25.0886,0,87624.09,2278791.82
509,55410416.41,25.1143,0,87624.09,55322792.32
510,55421836.27,25.1392,0,99043.95,55322792.32
511,55496572.8,25.1641,0,173780.48,55322792.32
512,64888324.2003,25.1891,0,173780.48,64714543.7203
513,80220867.8535,25.2141,15332543.6533,173780.48,64714543.7203
514,2839426.35,25.274,0,173780.48,2665645.87
515,2452572.3,25.3336,0,173780.48,2278791.82
516,2332572.3,25.3932,0,173780.48,2158791.82
517,2196572.3,25.4526,0,169780.48,2026791.82
518,2056572.3,25.512,0,165780.48,1890791.82
519,1920572.3,25.5715,0,165780.48,1754791.82
520,1845835.77,25.6324,0,91043.95,1754791.82
521,1834415.91,25.6919,0,79624.09,1754791.82
522,1829192.31,25.7515,0,79624.09,1749568.22
523,1822415.91,25.8111,0,79624.09,1742791.82
524,1822415.91,25.8707,0,79624.09,1742791.82
525,167012552.2317,25.9306,0,347889.6158,166664662.6158
526,167012552.2317,25.9905,0,347889.6158,166664662.6158
527,155536850.2664,26.0501,0,347889.6158,155188960.6505
528,142896101.5034,26.1097,0,330413.0147,142565688.4887
529,129872829.3415,26.1692,0,312936.4135,129559892.928
530,129872829.3415,26.2293,0,312936.4135,129559892.928
531,129872829.3415,26.2893,0,312936.4135,129559892.928
532,129872829.3415,26.3495,0,312936.4135,129559892.928
533,107372074.106,26.409,31607.7,312936.4135,107027529.9925
534,107340466.406,26.4685,0,312936.4135,107027529.9925
535,107340466.406,26.5282,0,312936.4135,107027529.9925
536,107340466.406,26.588,0,312936.4135,107027529.9925
537,107340466.406,26.6478,0,312936.4135,107027529.9925
538,95445723.4456,26.7075,0,312936.4135,95132787.0321
539,15242099.5707,26.7671,0,287856.049,14954243.5217
540,15242099.5707,26.8275,0,287856.049,14954243.5217
541,15242099.5707,26.8878,0,287856.049,14954243.5217
542,15242099.5707,26.948,0,287856.049,14954243.5217
543,15242099.5707,27.0082,0,287856.049,14954243.5217
544,3862230.5214,27.0339,0,65883.76,3796346.7614
545,3873650.3814,27.0589,0,77303.62,3796346.7614
546,3948386.9114,27.0839,0,152040.15,3796346.7614
547,14214119.2106,27.109,0,152040.15,14062079.0606
548,29546662.8639,27.134,15332543.6533,152040.15,14062079.0606
549,15821012.437,27.1939,202482.65,664286.2653,14954243.5217
550,7037351.1673,27.2541,259144.1206,638380.0267,6139827.02
551,620894.083,27.3138,259144.1206,361749.9624,0
552,307093.3665,27.3733,259144.1206,47949.2459,0
553,47949.2459,27.4382,0,47949.2459,0
554,0,27.4977,0,0,0
