1,23497886429,0.11541,18080017375,0,5417869054
2,20814150084,0.17498,15172355500,0,5641794584
3,18578287969,0.23387,12531807105,0,6046480864
4,16600145459,0.29407,10470413675,12449175,6117282609
5,15100100074,0.35301,8970368290,12449175,6117282609
6,13708594891,0.41188,7544524005,54409101,6109661785
7,12418900281,0.47128,6423915630,109248396,5885736255
8,11175898484,0.53011,6428240850,128622064,4619035570
9,10573687569,0.58892,5826029935,128622064,4619035570
10,10037050404,0.64732,5289392770,128622064,4619035570
11,9532801379,0.70601,4785143745,128622064,4619035570
12,9182155159,0.76479,4434497525,128622064,4619035570
13,8865805074,0.82322,4118147440,128622064,4619035570
14,8627697227,0.88387,4265433125,261922136,4100341966
15,8400436187,0.94251,4038172085,261922136,4100341966
16,8175681439,1.0012,3658846865,261922136,4254912438
17,7939965140,1.0605,3658846865,261922136,4019196139
18,7752340838,1.1195,3259350210,261922136,4231068492
19,7625756546,1.1814,3079275185,315412869,4231068492
20,7567304082,1.2392,3405991115,431288586,3730024381
21,7513239925,1.2967,3446485555,461945119,3604809251
22,7461752185,1.3541,3394997815,461945119,3604809251
23,7436386145,1.4114,3431156225,461945119,3543284801
24,7403160782,1.469,3431156225,461945119,3510059438
25,1834692436.3669,1.5265,335628046.4436,36758535.9218,1462305854.0015
26,1735509556.089,1.5843,382325484.2111,36758535.9218,1316425535.956
27,1599751314.9501,1.6419,513183216.5232,41849471.5927,1044718626.8342
28,1433104718.5873,1.6993,589880919.0147,50280919.8254,792942879.7473
29,1366168789.8874,1.7585,586529238.3688,50280919.8254,729358631.6932
30,1302744871.484,1.8162,623560324.8205,50280919.8254,628903626.8381
31,1253438511.138,1.8737,691096878.3294,51516221.1675,510825411.6411
32,1225626434.8258,1.9369,707105731.7965,56154555.736,462366147.2934
33,1222626409.8481,1.9949,707105731.7965,60142271.9883,455378406.0633
34,1100617447.2202,2.0526,707052520.1361,60142271.9883,333422655.0958
35,1100617447.2202,2.1108,707052520.1361,60142271.9883,333422655.0958
36,1102024690.8726,2.1684,707052520.1361,61549515.6407,333422655.0958
37,1103837909.5734,2.2261,707052520.1361,63362734.3414,333422655.0958
38,1107395188.4972,2.2849,707052520.1361,66920013.2653,333422655.0958
39,8685652773,2.4284,6216071750,990876586,1478704437
40,8021938148,2.5718,6160357125,990876586,870704437
41,7388007068,2.714,5332931345,855753680,1199322043
42,6808324588,2.859,4753248865,855753680,1199322043
43,6366118557,3.0014,4442162030,855753680,1068202847
44,6029649513,3.1438,4269456230,781419446,978773837
45,5730300443,3.2893,3740862235,761622431,1227815777
46,5441258503,3.4314,3700862235,761622431,978773837
47,5152640897,3.5751,3740862235,761622431,650156231
48,4939669129,3.7174,3547264135,742248763,650156231
49,4669855584,3.8612,3277450590,742248763,650156231
50,635777114.3848,4.0046,427283225.5761,117976501.8993,90517386.9094
51,607113573.4989,4.1485,404578891.2385,111307194.3353,91227487.9252
52,574083831.4877,4.2927,348503043.7489,111307194.3353,114273593.4035
53,547154689.8805,4.4353,321573902.1417,111307194.3353,114273593.4035
54,522151783.6161,4.578,302928783.6045,104949406.608,114273593.4035
55,472164540.5857,4.7205,248235477.7088,84739679.4685,139189383.4084
56,432659748.3278,4.866,242620827.6948,84739679.4685,105299241.1645
57,407930494.8154,5.0093,242395007.8749,84739679.4685,80795807.472
58,384437100.4459,5.1531,242291254.7573,84739679.4685,57406166.2201
59,366960136.5138,5.2973,224814290.8252,84739679.4685,57406166.2201
60,350116186.4718,5.44,207970340.7832,84739679.4685,57406166.2201
61,306210873.6261,5.586,162110450.7597,66321849.1828,77778573.6837
62,285838466.1625,5.7284,162110450.7597,66321849.1828,57406166.2201
63,273205993.5093,5.8734,149477978.1064,66321849.1828,57406166.2201
64,261028445.0661,6.0158,137300429.6632,66321849.1828,57406166.2201
65,248933706.6,6.1585,130258040.8247,66321849.1828,52353816.5926
66,236526962.6546,6.3041,130258040.8247,66321849.1828,39947072.6472
67,202282095.4322,6.4467,120813401.519,45134510.1377,36334183.7755
68,191768096.2013,6.5896,110299402.2882,45134510.1377,36334183.7755
69,182706791.1672,6.7327,110299402.2882,36073205.1035,36334183.7755
70,174858383.3536,6.8752,109449517.6284,36073205.1035,29335660.6217
71,155793699.9649,7.0181,104367885.2897,31454470.3647,19971344.3105
72,148219830.4615,7.161,96794015.7863,31454470.3647,19971344.3105
73,141333622.9021,7.3096,91179365.7723,30182912.8193,19971344.3105
74,135688197.4045,7.4521,91891728.002,23825125.092,19971344.3105
75,130653593.0177,7.5946,88603306.4897,20936883.097,21113403.431
76,125235776.0072,7.7397,83185489.4792,20936883.097,21113403.431
77,119817958.9968,7.884,77767672.4688,20936883.097,21113403.431
78,114400141.9863,8.0276,72349855.4583,20936883.097,21113403.431
79,109143325.325,8.1719,72078964.6078,20936883.097,16127477.6203
80,100811673.6051,8.3165,72078964.6078,20936883.097,7795825.9003
81,95921310.2013,8.4584,67188601.2041,20936883.097,7795825.9003
82,91353693.6064,8.6016,62620984.6092,20936883.097,7795825.9003
83,87093949.881,8.7443,58361240.8837,20936883.097,7795825.9003
84,83134004.3356,8.8882,58361240.8837,16976937.5516,7795825.9003
85,79721182.5691,9.0318,54948419.1172,16976937.5516,7795825.9003
86,73086784.5906,9.1744,48314021.1387,16976937.5516,7795825.9003
87,69807604.7936,9.3189,45034841.3417,16976937.5516,7795825.9003
88,66692968.8397,9.4611,41920205.3878,16976937.5516,7795825.9003
89,63619460.2121,9.606,38846696.7602,16976937.5516,7795825.9003
90,60650510.7121,9.7494,35877747.2602,16976937.5516,7795825.9003
91,58147978.3697,9.8918,33375214.9178,16976937.5516,7795825.9003
92,55839759.4204,10.0349,31066995.9685,16976937.5516,7795825.9003
93,53602715.0105,10.1796,28829951.5586,16976937.5516,7795825.9003
94,51437030.7001,10.3239,26664267.2482,16976937.5516,7795825.9003
95,49481427.6621,10.4673,24708664.2102,16976937.5516,7795825.9003
96,46019213.6897,10.6143,21246450.2378,16976937.5516,7795825.9003
97,34797888.0987,10.7609,21246450.2378,5755611.9606,7795825.9003
98,32842285.0607,10.9041,19290847.1997,5755611.9606,7795825.9003
99,29380071.0882,11.0473,15828633.2273,5755611.9606,7795825.9003
100,30838963.7334,11.1907,12592142.9192,6421508.385,11825312.4292
101,28610074.0427,11.3363,12592142.9192,6421508.385,9596422.7385
102,26930152.1171,11.4786,12504285.0585,6421508.385,8004358.6736
103,25362936.8593,11.6214,12504285.0585,4854293.1272,8004358.6736
104,24348049.6986,11.765,11489397.8978,4854293.1272,8004358.6736
105,23476447.8305,11.9116,11489397.8978,3982691.2591,8004358.6736
106,22929609.7436,12.0541,10942559.8108,3982691.2591,8004358.6736
107,21909232.5727,12.1972,11489397.8978,2415476.0013,8004358.6736
108,21362394.4858,12.3425,10942559.8108,2415476.0013,8004358.6736
109,20833587.506,12.4852,11489397.8978,1339830.9346,8004358.6736
110,20286749.419,12.6288,10942559.8108,1339830.9346,8004358.6736
111,19867144.5735,12.7724,10522954.9653,1339830.9346,8004358.6736
112,15976716.7633,12.9147,6632527.1551,1339830.9346,8004358.6736
113,15682854.3676,13.0582,6417025.5223,1261470.1717,8004358.6736
114,15388991.9719,13.2011,6201523.8895,1183109.4088,8004358.6736
115,9685486.3723,13.3464,1681127.6986,0,8004358.6736
116,8243701.2521,13.489,239342.5784,0,8004358.6736
117,8028199.6193,13.6316,23840.9456,0,8004358.6736
118,7996824.3801,13.7773,98603.3108,0,7898221.0693
119,7972983.4345,13.9212,74762.3652,0,7898221.0693
120,7972983.4345,14.0653,74762.3652,0,7898221.0693
121,7972983.4345,14.2078,74762.3652,0,7898221.0693
122,7972983.4345,14.3534,74762.3652,0,7898221.0693
123,7972983.4345,14.497,74762.3652,0,7898221.0693
124,14177248.6926,14.558,64315.5177,0,14112933.1749
125,29894389.14,14.6172,37930.62,225525.73,29630932.79
126,30464480.84,14.6759,37930.62,795617.43,29630932.79
127,31042038.11,14.7349,615487.89,795617.43,29630932.79
128,31625038.83,14.7951,615487.89,1378618.15,29630932.79
129,36949141.197,14.9399,2043527.6357,27007392.492,7898221.0693
130,25528045.9008,15.0831,2043527.6357,15586297.1959,7898221.0693
131,14359840.7685,15.2251,2043527.6357,4418092.0635,7898221.0693
132,7972983.4345,15.3695,74762.3652,0,7898221.0693
133,7972983.4345,15.5119,74762.3652,0,7898221.0693
134,7972983.4345,15.6553,74762.3652,0,7898221.0693
135,7972983.4345,15.7996,74762.3652,0,7898221.0693
136,7972983.4345,15.9429,74762.3652,0,7898221.0693
137,11437340.2227,16.0033,1864721.6,0,9572618.6227
138,2598075.93,16.0625,2194484.97,403590.96,0
139,2598075.93,16.1213,2194484.97,403590.96,0
140,3175633.2,16.1801,2772042.24,403590.96,0
141,3758633.92,16.2389,2772042.24,986591.68,0
142,4328725.62,16.3008,2772042.24,1556683.38,0
143,156719683.9668,16.4443,131578771.0518,22589300.4285,2551612.4865
144,61678417.5413,16.5881,31190896.0435,22589300.4285,7898221.0693
145,59634913.6108,16.7325,29147392.113,22589300.4285,7898221.0693
146,30562283.863,16.8763,74762.3652,22589300.4285,7898221.0693
147,19141188.5668,17.0202,74762.3652,11168205.1323,7898221.0693
148,7972983.4345,17.1625,74762.3652,0,7898221.0693
149,7972983.4345,17.307,74762.3652,0,7898221.0693
150,29488240.3392,17.4507,1387.69,0,29486852.6492
151,29488240.3392,17.5974,1387.69,0,29486852.6492
152,29488240.3392,17.74,1387.69,0,29486852.6492
153,29632320.48,17.8015,1387.69,0,29630932.79
154,29894389.14,17.8616,37930.62,225525.73,29630932.79
155,11699408.8827,17.9206,1901264.53,225525.73,9572618.6227
156,2860144.59,17.9789,2231027.9,629116.69,0
157,3399771.68,18.0379,2770654.99,629116.69,0
158,3982772.4,18.0966,2770654.99,1212117.41,0
159,4552864.1,18.156,2770654.99,1782209.11,0
160,5238598.14,18.2151,2821416.15,2417181.99,0
161,4527555.25,18.3597,2510373.26,2017181.99,0
162,4265486.59,18.5022,2473830.33,1791656.26,0
163,4024098.9,18.6448,2232442.64,1791656.26,0
164,3785486.59,18.7881,2073830.33,1711656.26,0
165,3245859.5,18.9316,1534203.24,1711656.26,0
166,2662858.78,19.0743,1534203.24,1128655.54,0
167,2019159.04,19.2181,890503.5,1128655.54,0
168,1449067.34,19.3617,890503.5,558563.84,0
169,1209067.34,19.5048,730503.5,478563.84,0
170,969845.84,19.6468,571282,398563.84,0
171,805154.69,19.7923,641563.73,163590.96,0
172,574872.96,19.9364,491282,83590.96,0
173,540863.97,20.0788,457273.01,83590.96,0
174,532863.97,20.2209,453273.01,79590.96,0
175,39405563.5753,20.3653,38216757.1875,1188806.3878,0
176,39324896.1095,20.5077,38136089.7217,1188806.3878,0
177,39065309.375,20.6503,37876502.9871,1188806.3878,0
178,28870297.8967,20.7923,18565217.6289,1188806.3878,9116273.88
179,25096103.1367,20.9366,18565217.6289,1188806.3878,5342079.12
180,25036103.1367,21.079,18565217.6289,1188806.3878,5282079.12
181,25036103.1367,21.2218,18565217.6289,1188806.3878,5282079.12
182,25036103.1367,21.3665,18565217.6289,1188806.3878,5282079.12
183,25036103.1367,21.509,18565217.6289,1188806.3878,5282079.12
184,25036103.1367,21.6523,18565217.6289,1188806.3878,5282079.12
185,526109522.9342,21.7132,218251.15,79590.96,525811680.8242
186,526371591.5942,21.7725,254794.08,305116.69,525811680.8242
187,526911218.6842,21.832,794421.17,305116.69,525811680.8242
188,381957455.2903,21.8907,4329567.5,305116.69,377322771.1003
189,306885054.9475,21.9497,6655706.31,1055116.69,299174231.9475
190,286712279.8092,22.0084,7964573.94,1055116.69,277692589.1792
191,112442250.4361,22.0681,10137269.05,1055116.69,101249864.6961
192,112473952.8961,22.1268,8709159.52,2514928.68,101249864.6961
193,112579703.3161,22.1862,8229937.06,3099901.56,101249864.6961
194,113078316.1061,22.2448,8203320.78,3625130.63,101249864.6961
195,113648407.8061,22.3059,8203320.78,4195222.33,101249864.6961
196,639852685.0943,22.4492,584727453.1824,51459390.7819,3665841.13
197,587086140.3723,22.5933,540698326.5848,42721972.6575,3665841.13
198,541183544.3755,22.7391,494795730.588,42721972.6575,3665841.13
199,478159275.7064,22.8825,430684938.0389,42721972.6575,4752365.01
200,351406484.1916,23.0261,334141666.9686,12512452.213,4752365.01
201,232507654.967,23.1691,216250076.7041,12512452.213,3745126.05
202,146708068.0847,23.3141,132651984.2018,12512452.213,1543631.67
203,90859830.4087,23.4562,80377616.1402,8938582.5985,1543631.67
204,83654115.3273,23.6049,73171901.0587,8938582.5985,1543631.67
205,78347642.1702,23.747,69880426.7859,6923583.7143,1543631.67
206,73254058.66,23.8909,69880426.7859,1830000.2041,1543631.67
207,66711489.7429,24.0335,54004422.4226,1118880.9203,11588186.4
208,62929299.0674,24.1796,50222231.7471,1118880.9203,11588186.4
209,59639593.3713,24.3258,45096606.651,1118880.9203,13424105.8
210,57398920.4224,24.4684,42855933.7021,1118880.9203,13424105.8
211,55318830.437,24.611,40775843.7167,1118880.9203,13424105.8
212,45582751.817,24.7535,40775843.7167,1118880.9203,3688027.18
213,39328424.0536,24.896,32259461.3033,1118880.9203,5950081.83
214,38932399.6034,25.039,31899175.5493,1083142.2241,5950081.83
215,33346501.3501,25.1818,26313277.2959,1083142.2241,5950081.83
216,33026074.009,25.326,25992849.9548,1083142.2241,5950081.83
217,32834470.609,25.469,25992849.9548,1083142.2241,5758478.43
218,32742470.609,25.6118,25992849.9548,1083142.2241,5666478.43
219,32662470.609,25.7573,25992849.9548,1083142.2241,5586478.43
220,30300356.0785,25.9007,21790735.4244,1083142.2241,7426478.43
221,27006267.0318,26.0453,18496646.3777,1083142.2241,7426478.43
222,24926177.0464,26.188,16416556.3923,1083142.2241,7426478.43
223,24002666.4809,26.3367,15493045.8267,1083142.2241,7426478.43
224,21602113.349,26.4788,14182378.4948,1083142.2241,6336592.63
225,187021812.5934,26.6216,27161662.2619,1006923.0285,158853227.3031
226,155221354.3279,26.7653,27161662.2619,1006923.0285,127052769.0375
227,152725960.1334,26.9085,24666268.0674,1006923.0285,127052769.0375
228,146272654.5884,27.051,24666268.0674,1006923.0285,120599463.4924
229,92365850.4914,27.1934,50067297.2672,1778844.6375,40519708.5867
230,51846141.9047,27.3383,50067297.2672,1778844.6375,0
231,26445112.705,27.4801,24666268.0674,1778844.6375,0
232,23688288.0018,27.6225,21909443.3643,1778844.6375,0
233,23405620.8299,27.7656,21646832.4195,1758788.4105,0
234,23143009.8851,27.9082,21384221.4746,1758788.4105,0
235,23113957.2362,28.0514,21355168.8257,1758788.4105,0
236,22831290.0643,28.1938,21092557.8809,1738732.1835,0
237,22831290.0643,28.3381,21092557.8809,1738732.1835,0
238,22568679.1194,28.4801,20829946.936,1738732.1835,0
239,22568679.1194,28.6239,20829946.936,1738732.1835,0
240,22548622.8924,28.769,20829946.936,1718675.9564,0
241,22548622.8924,28.9128,20829946.936,1718675.9564,0
242,22548622.8924,29.0596,20829946.936,1718675.9564,0
243,22548622.8924,29.2029,20829946.936,1718675.9564,0
244,22265955.7205,29.3468,20567335.9911,1698619.7294,0
245,22014987.6319,29.49,20316367.9025,1698619.7294,0
246,22003344.7756,29.6326,20304725.0462,1698619.7294,0
247,22003344.7756,29.7749,20304725.0462,1698619.7294,0
248,22003344.7756,29.9178,20304725.0462,1698619.7294,0
249,21740733.8307,30.0599,20042114.1014,1698619.7294,0
250,18022103.2697,30.2026,12999691.3633,2056249.4765,2966162.43
251,17732535.7313,30.3499,13770893.9948,2056249.4765,1905392.26
252,17648535.7313,30.4921,13770893.9948,2056249.4765,1821392.26
253,17617283.4333,30.6343,13770893.9948,2024997.1785,1821392.26
254,17613283.4333,30.7764,13770893.9948,2024997.1785,1817392.26
255,16844535.7313,30.9191,13033398.5907,1993744.8806,1817392.26
256,16492136.4586,31.0616,12680999.318,1993744.8806,1817392.26
257,16492136.4586,31.2049,12680999.318,1993744.8806,1817392.26
258,16492136.4586,31.3491,12680999.318,1993744.8806,1817392.26
259,16492136.4586,31.4916,12680999.318,1993744.8806,1817392.26
260,16492136.4586,31.6344,12680999.318,1993744.8806,1817392.26
261,181307498.542,31.6954,137557.46,255180.58,180914760.502
262,45493812.784,31.7671,2345318.79,255180.58,42893313.414
263,3540730.59,31.8407,3285550.01,255180.58,0
264,3684357.68,31.8997,3429177.1,255180.58,0
265,3946426.34,31.9593,3465720.03,480706.31,0
266,4332320.02,32.0168,3851613.71,480706.31,0
267,4832035.18,32.0748,4087270.76,744764.42,0
268,339430273.1574,32.2149,333411329.7246,5818899.8928,200043.54
269,139191869.0802,32.3545,129884600.4574,5818899.8928,3488368.73
270,89389613.8452,32.494,80082345.2224,5818899.8928,3488368.73
271,53285460.3184,32.6336,43207575.0194,3755794.209,6322091.09
272,40044920.4717,32.773,29967035.1727,3755794.209,6322091.09
273,32669966.4311,32.9134,22592081.1321,3755794.209,6322091.09
274,27539136.7369,33.0528,19223300.7663,1993744.8806,6322091.09
275,96484844.4645,33.1926,14555806.321,1847425.2837,80081612.8598
276,34042481.332,33.3325,14555806.321,1847425.2837,17639249.7273
277,32205941.2399,33.4722,14555806.321,1847425.2837,15802709.6352
278,32114114.2353,33.6118,14555806.321,1847425.2837,15710882.6306
279,30277574.1431,33.7512,14555806.321,1847425.2837,13874342.5384
280,27526497.2737,33.8905,14835020.6035,1847425.2837,10844051.3864
281,27497538.5609,34.03,14835020.6035,1818466.5709,10844051.3864
282,25706584.8587,34.1695,13044066.9014,1818466.5709,10844051.3864
283,22543734.1163,34.3087,9881216.159,1818466.5709,10844051.3864
284,22543734.1163,34.4481,9881216.159,1818466.5709,10844051.3864
285,22543734.1163,34.5878,9881216.159,1818466.5709,10844051.3864
286,22543734.1163,34.7288,9881216.159,1818466.5709,10844051.3864
287,19421615.9597,34.8699,9881216.159,1818466.5709,7721933.2298
288,18665133.6174,35.012,9881216.159,1818466.5709,6965450.8875
289,18573306.6128,35.1516,9881216.159,1818466.5709,6873623.8829
290,18573306.6128,35.2914,9881216.159,1818466.5709,6873623.8829
291,15730402.7387,35.4309,10160430.4416,1818466.5709,3751505.7263
292,15701444.0259,35.5702,10160430.4416,1789507.8581,3751505.7263
293,15701444.0259,35.7098,10160430.4416,1789507.8581,3751505.7263
294,15701444.0259,35.8494,10160430.4416,1789507.8581,3751505.7263
295,15701444.0259,35.9895,10160430.4416,1789507.8581,3751505.7263
296,15701444.0259,36.1294,10160430.4416,1789507.8581,3751505.7263
297,16660226.7728,36.1891,145557.46,247180.58,16267488.7328
298,16811853.8628,36.2468,297184.55,247180.58,16267488.7328
299,17068419.1928,36.3045,297184.55,503745.91,16267488.7328
300,18308186.024,36.3623,581065.2401,2152323.5502,15574797.2337
301,19080404.3528,36.42,6617102.2453,2152323.5502,10310978.5573
302,262464103.8004,36.5605,254700803.539,5279691.9986,2483608.2628
303,254396209.8863,36.6997,249116517.8877,5279691.9986,0
304,248811924.2349,36.8394,243532232.2363,5279691.9986,0
305,63635258.1204,36.9787,12711257.4373,5279691.9986,45644308.6845
306,59451697.4122,37.1206,10160430.4416,3646958.2862,45644308.6845
307,15427831.1653,37.26,9297264.6163,3646958.2862,2483608.2628
308,13570380.7372,37.3995,9297264.6163,1789507.8581,2483608.2628
309,13541422.0243,37.539,9297264.6163,1760549.1452,2483608.2628
310,13541422.0243,37.6787,9297264.6163,1760549.1452,2483608.2628
311,13541422.0243,37.8209,9297264.6163,1760549.1452,2483608.2628
312,13541422.0243,37.9659,9297264.6163,1760549.1452,2483608.2628
313,13541422.0243,38.1064,9297264.6163,1760549.1452,2483608.2628
314,5196516.6049,38.1659,2738730.3712,2457786.2338,0
315,5196516.6049,38.2234,2738730.3712,2457786.2338,0
316,5467484.6787,38.281,3009698.4449,2457786.2338,0
317,6196712.4817,38.3387,3073324.6899,3123387.7918,0
318,7041201.9542,38.3961,3917814.1624,3123387.7918,0
319,147398000.4265,38.5362,140315443.0015,7082557.425,0
320,136534673.8559,38.6754,129452116.4309,7082557.425,0
321,102678416.1885,38.8144,95595858.7635,7082557.425,0
322,92329489.3862,38.9544,82387455.4098,9942033.9764,0
323,86745203.7349,39.0933,76803169.7585,9942033.9764,0
324,82486356.6593,39.2339,72544322.6829,9942033.9764,0
325,102020045.8977,39.3734,88186347.2328,13833698.6648,0
326,101488195.7478,39.5125,87654497.0829,13833698.6648,0
327,101136407.5218,39.6518,87302708.857,13833698.6648,0
328,101088195.7478,39.7927,87302708.857,13785486.8908,0
329,101088195.7478,39.9325,87302708.857,13785486.8908,0
330,43523312.2226,40.0716,32364114.8681,8964309.4845,2194887.87
331,42517324.392,40.2113,33038127.0375,8964309.4845,514887.87
332,41843312.2226,40.3505,32364114.8681,8964309.4845,514887.87
333,33517047.5635,40.4903,28798436.022,4203723.6715,514887.87
334,33517047.5635,40.6301,28798436.022,4203723.6715,514887.87
335,33517047.5635,40.7732,28798436.022,4203723.6715,514887.87
336,33517047.5635,40.9173,28798436.022,4203723.6715,514887.87
337,33517047.5635,41.0589,28798436.022,4203723.6715,514887.87
338,50672170.7872,41.1187,570138.7005,1029341,49072691.0868
339,50950103.4087,41.1765,848071.322,1029341,49072691.0868
340,51679331.2118,41.2342,911697.5669,1694942.5581,49072691.0868
341,52436540.9696,41.2918,911697.5669,2452152.3159,49072691.0868
342,9909608.6767,41.3492,7457456.3609,2452152.3159,0
343,9868499.0757,41.4073,7416346.7598,2452152.3159,0
344,11194405.3163,41.4649,7416346.7598,3778058.5564,0
345,12876935.8658,41.5226,7416346.7598,5460589.106,0
346,14597565.2042,41.5801,7416346.7598,7181218.4443,0
347,16385524.2666,41.6379,9204305.8222,7181218.4443,0
348,403936537.8296,41.7781,374609174.0449,29327363.7848,0
349,370824726.4676,41.9182,339430351.4512,31394375.0165,0
350,360714137.3953,42.0575,338662447.4677,22051689.9275,0
351,350374229.2646,42.1969,324592160.4567,21123882.408,4658186.4
352,100967981.4535,42.3367,75185912.6455,21123882.408,4658186.4
353,45029655.3422,42.4759,19247586.5342,21123882.408,4658186.4
354,39775415.9332,42.6151,15902669.4649,19214560.0683,4658186.4
355,34839676.234,42.7544,15902669.4649,14278820.3691,4658186.4
356,30013225.4447,42.8949,15902669.4649,9452369.5798,4658186.4
357,26209075.8285,43.0355,12191567.3487,9452369.5798,4565138.9
358,24036969.2749,43.1753,12191567.3487,7280263.0262,4565138.9
359,22504074.4173,43.3156,13323442.6611,7280263.0262,1900368.73
360,21052187.2326,43.4546,13323442.6611,5828375.8414,1900368.73
361,17248736.9932,43.5937,13323442.6611,2024925.6021,1900368.73
362,17112736.9932,43.7347,13323442.6611,2024925.6021,1764368.73
363,17078872.6117,43.8757,13323442.6611,1991061.2206,1764368.73
364,17074872.6117,44.0205,13323442.6611,1991061.2206,1760368.73
365,17070872.6117,44.1606,13323442.6611,1991061.2206,1756368.73
366,17070872.6117,44.3002,13323442.6611,1991061.2206,1756368.73
367,17070872.6117,44.4394,13323442.6611,1991061.2206,1756368.73
368,17066872.6117,44.5788,13323442.6611,1991061.2206,1752368.73
369,17066872.6117,44.7181,13323442.6611,1991061.2206,1752368.73
370,16832736.9932,44.8575,12957307.0426,1991061.2206,1884368.73
371,16832736.9932,44.9991,12957307.0426,1991061.2206,1884368.73
372,16832736.9932,45.1388,12957307.0426,1991061.2206,1884368.73
373,16633455.8532,45.2779,12957307.0426,1991061.2206,1685087.59
374,16599591.4717,45.4175,12957307.0426,1957196.8391,1685087.59
375,29460226.8106,45.5569,11049690.4488,2725765.2769,15684771.0849
376,29419621.2911,45.6966,11049690.4488,2725765.2769,15644165.5654
377,29419621.2911,45.8357,11049690.4488,2725765.2769,15644165.5654
378,29419621.2911,45.9751,11049690.4488,2725765.2769,15644165.5654
379,29379015.7715,46.1145,11049690.4488,2725765.2769,15603560.0458
380,29379015.7715,46.2545,11049690.4488,2725765.2769,15603560.0458
381,27645590.6372,46.394,10737458.4987,2725765.2769,14182366.8616
382,27645590.6372,46.5337,10737458.4987,2725765.2769,14182366.8616
383,27645590.6372,46.6732,10737458.4987,2725765.2769,14182366.8616
384,27645590.6372,46.8159,10737458.4987,2725765.2769,14182366.8616
385,27598428.1069,46.9609,10737458.4987,2678602.7466,14182366.8616
386,26177234.9227,47.1008,10737458.4987,2678602.7466,12761173.6774
387,26136629.4031,47.2401,10737458.4987,2678602.7466,12720568.1579
388,26136629.4031,47.3791,10737458.4987,2678602.7466,12720568.1579
389,26136629.4031,47.5188,10737458.4987,2678602.7466,12720568.1579
390,26096023.8836,47.6581,10737458.4987,2678602.7466,12679962.6383
391,26096023.8836,47.7974,10737458.4987,2678602.7466,12679962.6383
392,24362598.7492,47.9375,10425226.5485,2678602.7466,11258769.4542
393,24362598.7492,48.0769,10425226.5485,2678602.7466,11258769.4542
394,24362598.7492,48.2165,10425226.5485,2678602.7466,11258769.4542
395,24362598.7492,48.3563,10425226.5485,2678602.7466,11258769.4542
396,24315436.2189,48.4955,10425226.5485,2631440.2163,11258769.4542
397,22894243.0347,48.6352,10425226.5485,2631440.2163,9837576.27
398,22894243.0347,48.7752,10425226.5485,2631440.2163,9837576.27
399,22894243.0347,48.9145,10425226.5485,2631440.2163,9837576.27
400,50142260.449,49.054,6107569.6657,2565214.1144,41469476.6689
401,49970381.8461,49.1935,6107569.6657,2565214.1144,41297598.066
402,49944545.3725,49.334,6081733.1922,2565214.1144,41297598.066
403,43912144.3207,49.4733,6065083.243,2565214.1144,35281846.9634
404,43912144.3207,49.6128,6065083.243,2565214.1144,35281846.9634
405,43912144.3207,49.755,6065083.243,2565214.1144,35281846.9634
406,43912144.3207,49.8947,6065083.243,2565214.1144,35281846.9634
407,43866168.7414,50.04,6065083.243,2519238.5351,35281846.9634
408,37850417.6388,50.18,6065083.243,2519238.5351,29266095.8608
409,37850417.6388,50.3196,6065083.243,2519238.5351,29266095.8608
410,37850417.6388,50.4591,6065083.243,2519238.5351,29266095.8608
411,37678539.0359,50.5985,6065083.243,2519238.5351,29094217.2579
412,37506660.433,50.7379,6065083.243,2519238.5351,28922338.6549
413,37506660.433,50.8781,6065083.243,2519238.5351,28922338.6549
414,31490909.3304,51.0173,6065083.243,2519238.5351,22906587.5523
415,31490909.3304,51.1565,6065083.243,2519238.5351,22906587.5523
416,31490909.3304,51.2959,6065083.243,2519238.5351,22906587.5523
417,31490909.3304,51.4355,6065083.243,2519238.5351,22906587.5523
418,31444933.751,51.5755,6065083.243,2473262.9557,22906587.5523
419,25429182.6484,51.7156,6065083.243,2473262.9557,16890836.4497
420,25429182.6484,51.8553,6065083.243,2473262.9557,16890836.4497
421,25429182.6484,51.9957,6065083.243,2473262.9557,16890836.4497
422,25429182.6484,52.1358,6065083.243,2473262.9557,16890836.4497
423,25429182.6484,52.2767,6065083.243,2473262.9557,16890836.4497
424,38331182.0245,52.3364,231905.1966,635069.5742,37464207.2537
425,39093002.6719,52.3946,316818.91,356510.3712,38419673.3907
426,39503195.7785,52.4521,353361.84,730160.5477,38419673.3907
427,39928272.2469,52.5096,353361.84,1155237.0162,38419673.3907
428,40672599.0816,52.5686,353361.84,1899563.8509,38419673.3907
429,37798031.5479,52.7088,7729118.71,13178076.3882,16890836.4497
430,31782280.4453,52.851,7729118.71,13178076.3882,10875085.3471
431,26618570.9544,52.9956,7729118.71,8014366.8973,10875085.3471
432,22362366.4656,53.1352,6065083.243,5422197.8755,10875085.3471
433,19413431.5458,53.2747,6065083.243,2473262.9557,10875085.3471
434,19367455.9665,53.4143,6065083.243,2427287.3764,10875085.3471
435,14058222.174,53.5537,6065083.243,2427287.3764,5565851.5546
436,13351704.8639,53.6928,6065083.243,2427287.3764,4859334.2445
437,13351704.8639,53.8333,6065083.243,2427287.3764,4859334.2445
438,13351704.8639,53.9735,6065083.243,2427287.3764,4859334.2445
439,13351704.8639,54.1135,6065083.243,2427287.3764,4859334.2445
440,13351704.8639,54.2529,6065083.243,2427287.3764,4859334.2445
441,11536052.467,54.3125,133191.82,349883.1863,11052977.4607
442,11723679.557,54.37,320818.91,349883.1863,11052977.4607
443,12133872.6636,54.4275,357361.84,723533.3629,11052977.4607
444,12558949.132,54.4851,357361.84,1148609.8313,11052977.4607
445,13303275.9667,54.5427,357361.84,1892936.666,11052977.4607
446,25720553.7634,54.6826,7729118.71,13132100.8089,4859334.2445
447,20556844.2725,54.824,7729118.71,7968391.318,4859334.2445
448,15699380.9266,54.9636,7729118.71,7968391.318,1870.8986
449,11443176.4378,55.1039,6065083.243,5376222.2962,1870.8986
450,16981108.4469,55.2434,7059398.9351,9921665.9718,43.54
451,15062087.2848,55.3826,10272167.5756,4789876.1692,43.54
452,14963945.6812,55.5216,10361953.5924,4601948.5487,43.54
453,14874159.6644,55.6609,10272167.5756,4601948.5487,43.54
454,14864760.3349,55.803,10262768.2461,4601948.5487,43.54
455,14864716.7949,55.9479,10262768.2461,4601948.5487,0
456,14864716.7949,56.0875,10262768.2461,4601948.5487,0
457,14864716.7949,56.2269,10262768.2461,4601948.5487,0
458,14864716.7949,56.3661,10262768.2461,4601948.5487,0
459,13476851.0416,56.5053,6022628.6129,4601948.5487,2852273.88
460,13349293.2816,56.6444,6022628.6129,4601948.5487,2724716.12
461,13274106.9916,56.7836,6022628.6129,4601948.5487,2649529.83
462,9033967.3584,56.9252,1782488.9796,4601948.5487,2649529.83
463,8935825.7547,57.0645,1872274.9964,4414020.9283,2649529.83
464,8846039.7379,57.2038,1782488.9796,4414020.9283,2649529.83
465,8829597.4979,57.3432,1782488.9796,4414020.9283,2633087.59
466,8829597.4979,57.4835,1782488.9796,4414020.9283,2633087.59
467,8829597.4979,57.6234,1782488.9796,4414020.9283,2633087.59
468,8829597.4979,57.7632,1782488.9796,4414020.9283,2633087.59
469,8829597.4979,57.9025,1782488.9796,4414020.9283,2633087.59
470,246771407.8265,57.9621,1614229.13,1314383.0456,243842795.6509
471,22066456.7235,58.02,4846950.73,1314383.0456,15905122.9479
472,15594653.1004,58.0775,12189489.04,3405164.0604,0
473,15671700.9151,58.135,11522210.02,4149490.8951,0
474,15867328.0051,58.1927,11717837.11,4149490.8951,0
475,867143444.1857,58.2504,762594508.7638,104548935.4219,0
476,867486026.7506,58.3081,760298289.2287,104548935.4219,2638802.1
477,480576987.9117,58.4489,350115982.9682,128539071.6435,1921933.3
478,346183879.8386,58.5886,214143048.4651,128539071.6435,3501759.73
479,230092353.627,58.7295,130368576.0543,95681025.6427,4042751.93
480,115783329.9325,58.8707,86219620.4826,25520957.5198,4042751.93
481,40305111.31,59.0158,12151066.2002,25520957.5198,2633087.59
482,19198174.7185,59.1553,12151066.2002,4414020.9283,2633087.59
483,8829597.4979,59.2943,1782488.9796,4414020.9283,2633087.59
484,8617590.5163,59.4335,1570481.998,4414020.9283,2633087.59
485,8519448.9126,59.5727,1660268.0148,4226093.3078,2633087.59
486,8429662.8958,59.7118,1570481.998,4226093.3078,2633087.59
487,8357655.9141,59.8508,1358475.0163,4226093.3078,2773087.59
488,8357655.9141,59.9908,1358475.0163,4226093.3078,2773087.59
489,8234098.1541,60.1305,1358475.0163,4226093.3078,2649529.83
490,8217655.9141,60.2709,1358475.0163,4226093.3078,2633087.59
491,8217655.9141,60.41,1358475.0163,4226093.3078,2633087.59
492,8217655.9141,60.5494,1358475.0163,4226093.3078,2633087.59
493,8217655.9141,60.6886,1358475.0163,4226093.3078,2633087.59
494,8217655.9141,60.8284,1358475.0163,4226093.3078,2633087.59
495,6878226.0419,60.8879,1892801.8037,2352336.6482,2633087.59
496,13587707.9439,60.9465,1892801.8037,9061818.5502,2633087.59
497,22184121.0519,61.0041,4591454.6653,14959578.7966,2633087.59
498,33932707.0055,61.062,4591454.6653,26708164.7502,2633087.59
499,48674935.329,61.1201,19333682.9888,26708164.7502,2633087.59
500,58944063.462,61.2612,5632861.5831,42560727.0213,10750474.8576
501,39855262.1281,61.4001,5632861.5831,23471925.6874,10750474.8576
502,22289596.7221,61.5392,4846610.0428,6692511.8217,10750474.8576
503,13260566.1862,61.6784,6567876.5976,6692511.8217,177.7668
504,8965423.268,61.8203,2272733.6794,6692511.8217,177.7668
505,4684968.485,61.9664,3944385.1561,740405.5621,177.7668
506,3013317.0083,62.1057,2272733.6794,740405.5621,177.7668
507,2927253.6805,62.2449,2186670.3516,740405.5621,177.7668
508,2927075.9137,62.3841,2186670.3516,740405.5621,0
509,2927075.9137,62.5233,2186670.3516,740405.5621,0
510,2927075.9137,62.663,2186670.3516,740405.5621,0
511,2927075.9137,62.8025,2186670.3516,740405.5621,0
512,2927075.9137,62.9427,2186670.3516,740405.5621,0
513,7765556.9406,63.0021,7505313.3751,260243.5654,0
514,9901064.6406,63.0594,7505313.3751,260243.5654,2135507.7
515,16610546.5426,63.1168,7505313.3751,6969725.4675,2135507.7
516,24086336.3608,63.1749,13887754.4533,6969725.4675,3228856.44
517,32682749.4687,63.2326,16586407.3149,12867485.7139,3228856.44
518,35535166.8725,63.3725,4832443.8039,17519819.4277,13182903.6409
519,17969501.4665,63.5116,4046192.2635,740405.5621,13182903.6409
520,10162021.534,63.6517,4046192.2635,740405.5621,5375423.7084
521,2927075.9137,63.7908,2186670.3516,740405.5621,0
522,2665918.8503,63.9297,2223118.6013,442800.2491,0
523,2579855.5226,64.0686,2137055.2735,442800.2491,0
524,2493792.1948,64.2078,2050991.9458,442800.2491,0
525,7806234.4228,64.3486,7700558.8129,105675.6099,0
526,7806234.4228,64.4878,7700558.8129,105675.6099,0
527,7806234.4228,64.6268,7700558.8129,105675.6099,0
528,7806234.4228,64.7689,7700558.8129,105675.6099,0
529,7070161.5947,64.8285,6914522.6834,155638.9113,0
530,13779643.4967,64.8858,6914522.6834,6865120.8133,0
531,15875151.1967,64.9491,6914522.6834,6865120.8133,2095507.7
532,24471564.3047,65.0068,9613175.545,12762881.0597,2095507.7
533,36220150.2583,65.0643,9613175.545,24511467.0133,2095507.7
534,21467232.509,65.2045,10705991.8743,8665732.9347,2095507.7
535,14457341.9142,65.3437,7700558.8129,4661275.4013,2095507.7
536,9901742.1228,65.4838,7700558.8129,105675.6099,2095507.7
537,7806234.4228,65.6228,7700558.8129,105675.6099,0
538,7806234.4228,65.762,7700558.8129,105675.6099,0
539,7477258.8249,65.9017,7371583.2151,105675.6099,0
540,3750020.7471,66.0409,792071.2573,105675.6099,2852273.88
541,3622462.9871,66.1799,792071.2573,105675.6099,2724716.12
542,3547276.6971,66.3199,792071.2573,105675.6099,2649529.83
543,3547276.6971,66.4592,792071.2573,105675.6099,2649529.83
544,3547276.6971,66.5989,792071.2573,105675.6099,2649529.83
545,3547276.6971,66.7383,792071.2573,105675.6099,2649529.83
546,3547276.6971,66.8776,792071.2573,105675.6099,2649529.83
547,3516389.1616,66.9371,711220.4203,155638.9113,2649529.83
548,4256010.5416,66.995,711220.4203,155638.9113,3389151.21
549,10965492.4436,67.0525,711220.4203,6865120.8133,3389151.21
550,123087283.0118,67.1114,1902066.6185,16435283.9729,104749932.4204
551,131605129.2629,67.1694,10419912.8696,16435283.9729,104749932.4204
552,32169095.7461,67.3098,24118669.1348,4661275.4013,3389151.21
553,8842497.8686,67.4491,792071.2573,4661275.4013,3389151.21
554,4286898.0771,67.5883,792071.2573,105675.6099,3389151.21
555,3547276.6971,67.7287,792071.2573,105675.6099,2649529.83
556,3218301.0992,67.871,463095.6594,105675.6099,2649529.83
557,3029325.5014,68.0156,134120.0615,105675.6099,2789529.83
558,2921325.5014,68.1553,134120.0615,105675.6099,2681529.83
559,2921325.5014,68.2946,134120.0615,105675.6099,2681529.83
560,2921325.5014,68.4337,134120.0615,105675.6099,2681529.83
561,2921325.5014,68.5729,134120.0615,105675.6099,2681529.83
562,2921325.5014,68.712,134120.0615,105675.6099,2681529.83
563,83262359.4419,68.7712,10577.0882,372603.742,82879178.6117
564,85101961.0758,68.8299,1850178.7221,372603.742,82879178.6117
565,93645751.2751,68.8883,10393968.9214,372603.742,82879178.6117
566,104486980.8269,68.9459,21235198.4732,372603.742,82879178.6117
567,114721714.4205,69.0039,31469932.0668,372603.742,82879178.6117
568,272054706.9022,69.1437,269267501.4623,105675.6099,2681529.83
569,134585269.1723,69.2827,131798063.7325,105675.6099,2681529.83
570,26247923.3789,69.4222,23460717.9391,105675.6099,2681529.83
571,2921325.5014,69.5619,134120.0615,105675.6099,2681529.83
572,2787205.4399,69.7008,0,105675.6099,2681529.83
573,2755205.4399,69.8399,0,105675.6099,2649529.83
574,2647205.4399,69.9789,0,105675.6099,2541529.83
575,25103856.2237,70.1181,77630.76,23758.241,25002467.2227
576,25089582.3693,70.2584,79324.78,7790.3666,25002467.2227
577,25087888.3493,70.3978,77630.76,7790.3666,25002467.2227
578,25087888.3493,70.5382,77630.76,7790.3666,25002467.2227
579,25087888.3493,70.6778,77630.76,7790.3666,25002467.2227
580,25087888.3493,70.82,77630.76,7790.3666,25002467.2227
581,25087888.3493,70.9651,77630.76,7790.3666,25002467.2227
582,8674618.6948,71.0243,503512.1043,122177.385,8048929.2055
583,10540164.2768,71.0819,2369057.6864,122177.385,8048929.2055
584,19058010.5279,71.1396,10886903.9375,122177.385,8048929.2055
585,29899240.0797,71.1983,21728133.4893,122177.385,8048929.2055
586,40133973.6733,71.256,31962867.0829,122177.385,8048929.2055
587,28360269.4393,71.3955,3350011.85,7790.3666,25002467.2227
588,26688784.5193,71.5345,1678526.93,7790.3666,25002467.2227
589,10175403.118,71.6735,1678526.93,7790.3666,8489085.8213
590,1690497.4863,71.8126,1678526.93,7790.3666,4180.1897
591,377228.4063,71.9524,365257.85,7790.3666,4180.1897
592,89601.3163,72.0916,77630.76,7790.3666,4180.1897
593,83504.9697,72.2322,79324.78,0,4180.1897
594,79324.78,72.3713,79324.78,0,0
595,75324.78,72.5101,75324.78,0,0
596,71324.78,72.6492,71324.78,0,0
597,67324.78,72.7882,67324.78,0,0
598,63324.78,72.9272,63324.78,0,0
599,59324.78,73.0661,59324.78,0,0
600,2877675.88,73.2057,169402,0,2708273.88
601,2708273.88,73.3448,0,0,2708273.88
602,2580716.12,73.4837,0,0,2580716.12
603,2509529.83,73.6229,0,0,2509529.83
604,2493087.59,73.7649,0,0,2493087.59
605,2493087.59,73.9057,0,0,2493087.59
606,2493087.59,74.0487,0,0,2493087.59
607,2493087.59,74.1886,0,0,2493087.59
608,2493087.59,74.3278,0,0,2493087.59
609,77054914.4576,74.3868,0,0,77054914.4576
610,78946403.9879,74.4442,1891489.5303,0,77054914.4576
611,87490194.1872,74.502,10435279.7296,0,77054914.4576
612,98331423.739,74.5597,21276509.2814,0,77054914.4576
613,42452797.0225,74.6175,42451451.3133,0,1345.7092
614,52687530.6161,74.6752,52686184.9069,0,1345.7092
615,63684434.9482,74.7329,63683089.239,0,1345.7092
616,75838004.2469,74.7905,67933783.0739,7902875.4637,1345.7092
617,88970079.1724,74.849,81065857.9994,7902875.4637,1345.7092
618,1047519408.27,74.9891,1047393134,126230.73,43.54
619,877970745.27,75.1284,877844471,126230.73,43.54
620,720173119.27,75.2678,720046845,126230.73,43.54
621,567846115.27,75.4083,552898353,126230.73,14821531.54
622,240408652.12,75.5474,226426193,126230.73,13856228.39
623,108681744.12,75.6866,94699285,126230.73,13856228.39
624,31655796.59,75.8261,29162709,0,2493087.59
625,19634589.5569,75.9654,0,0,19634589.5569
626,5309541.4218,76.1046,5309198.5177,0,342.9041
627,5309198.5177,76.2438,5309198.5177,0,0
628,5309198.5177,76.3827,5309198.5177,0,0
629,5309198.5177,76.5219,5309198.5177,0,0
630,5309198.5177,76.661,5309198.5177,0,0
631,5309198.5177,76.8031,5309198.5177,0,0
632,373792.3633,76.8619,373792.3633,0,0
633,11215021.915,76.9259,11215021.915,0,0
634,19732868.1661,76.9847,19732868.1661,0,0
635,29967601.7597,77.0421,29967601.7597,0,0
636,31859091.29,77.0998,31859091.29,0,0
637,307143802.5819,77.2396,307143802.5819,0,0
638,153159276.6159,77.3799,153159276.6159,0,0
639,32175165.8233,77.519,32175165.8233,0,0
640,26255799.3814,77.658,26177847.8714,77951.51,0
641,6759783.1474,77.797,6681831.6374,77951.51,0
642,5387150.0277,77.9372,5309198.5177,77951.51,0
643,5018652.4741,78.0762,4940700.9641,77951.51,0
644,5018652.4741,78.2154,4940700.9641,77951.51,0
645,5018652.4741,78.3546,4940700.9641,77951.51,0
646,5018652.4741,78.4947,4940700.9641,77951.51,0
647,5018652.4741,78.6338,4940700.9641,77951.51,0
648,5228126.583,78.6923,347848.415,4880278.1679,0
649,16069356.1348,78.7499,11189077.9668,4880278.1679,0
650,124762549.0766,78.8075,120119646.8822,2367394.4943,2275507.7
651,132554461.6345,78.865,120119646.8822,10159307.0523,2275507.7
652,141948179.5699,78.9235,122664127.753,17008544.1169,2275507.7
653,162851764.5765,79.063,162291722.0065,560042.57,0
654,8867238.6105,79.2038,8307196.0405,560042.57,0
655,5275217.8041,79.3426,4940700.9641,334516.84,0
656,5018652.4741,79.4816,4940700.9641,77951.51,0
657,5018652.4741,79.6217,4940700.9641,77951.51,0
658,5018652.4741,79.7647,4940700.9641,77951.51,0
659,4650154.9206,79.9056,4572203.4106,77951.51,0
660,4281657.367,80.05,4203705.857,77951.51,0
661,4281657.367,80.1896,4203705.857,77951.51,0
662,4281657.367,80.3285,4203705.857,77951.51,0
663,4281657.367,80.4679,4203705.857,77951.51,0
664,4281657.367,80.6082,4203705.857,77951.51,0
665,5544660.1361,80.6668,3177265.6418,2367394.4943,0
666,7820167.8361,80.7242,3177265.6418,2367394.4943,2275507.7
667,15003333.6373,80.782,9195082.7029,2367394.4943,3440856.44
668,22795246.1952,80.8395,9195082.7029,10159307.0523,3440856.44
669,32188964.1306,80.8977,11739563.5737,17008544.1169,3440856.44
670,26051258.3535,81.0373,7570200.9334,560042.57,17921014.8501
671,8130243.5034,81.1762,7570200.9334,560042.57,0
672,4538222.697,81.3151,4203705.857,334516.84,0
673,4281657.367,81.4544,4203705.857,77951.51,0
674,4281657.367,81.596,4203705.857,77951.51,0
675,4621918.8978,81.7358,4480001.005,141917.8928,0
676,2994191.7728,81.8746,0,141917.8928,2852273.88
677,2866634.0128,82.0135,0,141917.8928,2724716.12
678,2791447.7228,82.1552,0,141917.8928,2649529.83
679,2791447.7228,82.2946,0,141917.8928,2649529.83
680,2791447.7228,82.4339,0,141917.8928,2649529.83
681,2791447.7228,82.5733,0,141917.8928,2649529.83
682,2775005.4828,82.7122,0,141917.8928,2633087.59
683,2775005.4828,82.8542,0,141917.8928,2633087.59
684,2775005.4828,82.9993,0,141917.8928,2633087.59
685,2775005.4828,83.1389,0,141917.8928,2633087.59
686,2775005.4828,83.2793,0,141917.8928,2633087.59
687,5000482.0843,83.3387,0,2367394.4943,2633087.59
688,12792394.6423,83.396,0,10159307.0523,2633087.59
689,22186112.5777,83.4534,2544480.8708,17008544.1169,2633087.59
690,35830080.2888,83.5109,2544480.8708,30652511.828,2633087.59
691,50565655.1933,83.5685,17280055.7752,30652511.828,2633087.59
692,8058373.0031,83.7097,3587763.2353,1837522.1778,2633087.59
693,4060019.4359,83.8488,0,1426931.8459,2633087.59
694,3242106.2611,83.9898,0,609018.6711,2633087.59
695,2775005.4828,84.1287,0,141917.8928,2633087.59
696,2635005.4828,84.2689,0,141917.8928,2493087.59
697,2511447.7228,84.4081,0,141917.8928,2369529.83
698,2495005.4828,84.5473,0,141917.8928,2353087.59
699,2495005.4828,84.6864,0,141917.8928,2353087.59
700,220729731.6479,84.8269,2893872.7,4421504.1197,213414354.8282
701,219416457.3179,84.9667,1580598.37,4421504.1197,213414354.8282
702,218284714.2706,85.1059,1580598.37,4421504.1197,212282611.7809
703,217907466.5882,85.2484,1580598.37,4421504.1197,211905364.0985
704,217541766.2303,85.3878,1658292.39,3978109.7418,211905364.0985
705,217216023.6203,85.5273,1332549.78,3978109.7418,211905364.0985
706,217138329.6003,85.6667,1254855.76,3978109.7418,211905364.0985
707,20634154.2945,85.8088,1308486.52,3978109.7418,15347558.0326
708,20559896.9045,85.9542,1234229.13,3978109.7418,15347558.0326
709,20555896.9045,86.095,1230229.13,3978109.7418,15347558.0326
710,20551896.9045,86.2345,1226229.13,3978109.7418,15347558.0326
711,383887.151,86.3749,379780.81,0,4106.341
712,53737.101,86.5139,49630.76,0,4106.341
713,49630.76,86.6543,49630.76,0,0
714,45630.76,86.7943,45630.76,0,0
715,41630.76,86.9339,41630.76,0,0
716,37630.76,87.0725,37630.76,0,0
717,37630.76,87.2115,37630.76,0,0
718,37630.76,87.3507,37630.76,0,0
719,37630.76,87.4897,37630.76,0,0
720,37630.76,87.633,37630.76,0,0
721,2620226.3741,87.6925,2620226.3741,0,0
722,3735734.0741,87.7497,2620226.3741,0,1115507.7
723,11527646.6321,87.8071,2620226.3741,7791912.558,1115507.7
724,20921364.5674,87.8658,5164707.2449,14641149.6226,1115507.7
725,48715649.8598,87.9236,9030261.5423,33737605.0133,5947783.3042
726,3107973.0051,88.0635,365800.78,2742172.2251,0
727,1648609.0379,88.2028,365800.78,1282808.2579,0
728,329257.85,88.3431,329257.85,0,0
729,37630.76,88.482,37630.76,0,0
730,37630.76,88.6214,37630.76,0,0
731,37630.76,88.7637,37630.76,0,0
732,37630.76,88.9058,37630.76,0,0
733,33630.76,89.0496,33630.76,0,0
734,33630.76,89.1888,33630.76,0,0
735,33630.76,89.3281,33630.76,0,0
736,33630.76,89.4696,33630.76,0,0
737,33630.76,89.6089,33630.76,0,0
738,830218.4557,89.6684,830218.4557,0,0
739,6778001.7599,89.7258,830218.4557,0,5947783.3042
740,13977190.6067,89.7831,8029407.3024,0,5947783.3042
741,22580183.7509,89.8406,10162937.8173,0,12417245.9337
742,39264991.6694,89.8999,11065046.9255,15782698.8102,12417245.9337
743,106850282.6742,90.04,361800.78,1282808.2579,105205673.6362
744,1644609.0379,90.1796,361800.78,1282808.2579,0
745,325257.85,90.3187,325257.85,0,0
746,33630.76,90.4576,33630.76,0,0
747,33630.76,90.5968,33630.76,0,0
748,33630.76,90.7362,33630.76,0,0
749,33630.76,90.8754,33630.76,0,0
750,2852273.88,91.0156,0,0,2852273.88
751,15208059.0412,91.0754,0,0,15208059.0412
752,33162965.2443,91.133,0,17954906.2031,15208059.0412
753,59928789.9355,91.1911,18821057.8414,17954906.2031,23152825.891
754,78026082.4134,91.2488,34859737.8202,17954906.2031,25211438.3901
755,81405007.1015,91.3063,34859737.8202,17954906.2031,28590363.0782
756,69416121.27,91.4473,64970008,256565.33,4189547.94
757,13088688.27,91.5875,8642575,256565.33,4189547.94
758,4446113.27,91.7305,0,256565.33,4189547.94
759,3604902.83,91.8714,0,256565.33,3348337.5
760,3108839.21,92.0163,0,256565.33,2852273.88
761,2852273.88,92.1556,0,0,2852273.88
762,2773087.59,92.2946,0,0,2773087.59
763,2773087.59,92.4336,0,0,2773087.59
764,2773087.59,92.5729,0,0,2773087.59
765,2773087.59,92.7131,0,0,2773087.59
766,2633087.59,92.8522,0,0,2633087.59
767,2509529.83,92.9921,0,0,2509529.83
768,2509529.83,93.1324,0,0,2509529.83
769,2509529.83,93.2716,0,0,2509529.83
770,2509529.83,93.4121,0,0,2509529.83
771,2493087.59,93.5512,0,0,2493087.59
772,2493087.59,93.6904,0,0,2493087.59
773,2493087.59,93.8297,0,0,2493087.59
774,2493087.59,93.9699,0,0,2493087.59
775,249308759,94.1093,0,0,249308759
776,17323547.4521,94.1701,4030636.3016,0,13292911.1505
777,24522736.2989,94.2277,11229825.1484,0,13292911.1505
778,38516790.6952,94.2852,25223879.5448,0,13292911.1505
779,43229703.0664,94.3427,7199188.8467,22737603.0692,13292911.1505
780,55277011.7577,94.4003,19246497.5381,22737603.0692,13292911.1505
781,249925293.42,94.5418,291627.09,324907.33,249308759
782,662519.18,94.6821,333257.85,324907.33,4354
783,370892.09,94.824,41630.76,324907.33,4354
784,351042.14,94.9695,101780.81,244907.33,4354
785,290892.09,95.1087,41630.76,244907.33,4354
786,286538.09,95.2489,41630.76,244907.33,0
787,286538.09,95.3883,41630.76,244907.33,0
788,282538.09,95.5273,37630.76,244907.33,0
789,282538.09,95.6666,37630.76,244907.33,0
790,282538.09,95.8078,37630.76,244907.33,0
791,282538.09,95.9479,37630.76,244907.33,0
792,282538.09,96.0875,37630.76,244907.33,0
793,18068021.8482,96.147,928963.5873,17139058.2609,0
794,23056061.8941,96.206,928963.5873,17139058.2609,4988040.0458
795,30255250.7408,96.2635,8128152.4341,17139058.2609,4988040.0458
796,31154467.1104,96.3221,9027368.8036,17139058.2609,4988040.0458
797,20191482.6605,96.3797,9961291.3715,5242151.2432,4988040.0458
798,36876290.5789,96.4373,10863400.4796,21024850.0534,4988040.0458
799,54831196.782,96.495,10863400.4796,38979756.2565,4988040.0458
800,76243355.0342,96.5531,28135684.0619,39597278.8148,8510392.1575
801,102341675.6899,96.6109,54234004.7176,39597278.8148,8510392.1575
802,3294369.07,96.751,2737370.67,556998.4,0
803,1977099.99,96.89,1420101.59,556998.4,0
804,997056.57,97.0288,440058.17,556998.4,0
805,705429.48,97.1688,148431.08,556998.4,0
806,443360.82,97.3084,111888.15,331472.67,0
807,186795.49,97.4474,111888.15,74907.34,0
808,37630.76,97.5869,37630.76,0,0
809,33630.76,97.7257,33630.76,0,0
810,29630.76,97.8677,29630.76,0,0
811,29630.76,98.0133,29630.76,0,0
812,29630.76,98.1524,29630.76,0,0
813,29630.76,98.2915,29630.76,0,0
814,29630.76,98.4307,29630.76,0,0
815,5406916.9735,98.4901,5406916.9735,0,0
816,7128137.3621,98.5474,7128137.3621,0,0
817,12905982.9233,98.606,12905982.9233,0,0
818,21416375.0807,98.6635,12905982.9233,0,8510392.1575
819,38173110.3109,98.7209,13629987.699,16032730.4544,8510392.1575
820,913476.56,98.8613,687950.83,225525.73,0
821,583326.51,99.0013,357800.78,225525.73,0
822,291699.42,99.1404,66173.69,225525.73,0
823,29630.76,99.2793,29630.76,0,0
824,29630.76,99.4189,29630.76,0,0
825,2963076,99.5585,2963076,0,0
826,2679349.88,99.6985,2563076,0,116273.88
827,2653508.32,99.8373,2563076,0,90432.32
828,2651496.58,99.9763,2563076,0,88420.58
829,2651496.58,100.1151,2563076,0,88420.58
830,2651496.58,100.2557,2563076,0,88420.58
831,2563119.54,100.3947,2563076,0,43.54
832,2563076,100.5348,2563076,0,0
833,2563076,100.6739,2563076,0,0
834,2563076,100.8171,2563076,0,0
835,2563076,100.9621,2563076,0,0
836,2563076,101.1018,2563076,0,0
837,507808.0123,101.1611,507808.0123,0,0
838,6285653.5734,101.2185,6285653.5734,0,0
839,23042388.8035,101.2759,7009658.3491,16032730.4544,0
840,41281739.0534,101.3346,7009658.3491,34272080.7043,0
841,60474170.1806,101.3922,10112254.8774,36360478.4677,14001436.8356
842,23927786.3,101.5328,21877206,511467.68,1539112.62
843,6699460.06,101.6721,6217369,482091.06,0
844,2819641.33,101.811,2563076,256565.33,0
845,2419641.33,101.9505,2163076,256565.33,0
846,2135915.21,102.0909,1763076,256565.33,116273.88
847,1879349.88,102.2301,1763076,0,116273.88
848,1853508.32,102.3692,1763076,0,90432.32
849,1763076,102.5094,1763076,0,0
850,1763076,102.6484,1763076,0,0
851,1763076,102.7873,1763076,0,0
852,1763076,102.9274,1763076,0,0
853,1763076,103.0686,1763076,0,0
854,349308.4556,103.1282,349308.4556,0,0
855,6127154.0167,103.1873,6127154.0167,0,0
856,22883889.2468,103.2448,6851158.7924,16032730.4544,0
857,48902960.1241,103.3025,32870229.6697,16032730.4544,0
858,67142310.374,103.3602,32870229.6697,34272080.7043,0
859,35062169.06,103.5004,34580078,482091.06,0
860,5899460.06,103.6397,5417369,482091.06,0
861,2019641.33,103.7814,1763076,256565.33,0
862,1735915.21,103.9259,1363076,256565.33,116273.88
863,1479349.88,104.0652,1363076,0,116273.88
864,1453508.32,104.2045,1363076,0,90432.32
865,1363076,104.3436,1363076,0,0
866,1363076,104.4825,1363076,0,0
867,1363076,104.6248,1363076,0,0
868,1363076,104.765,1363076,0,0
869,1363076,104.9048,1363076,0,0
870,270058.6772,104.9653,270058.6772,0,0
871,6047904.2383,105.0228,6047904.2383,0,0
872,22804639.4684,105.0801,6771909.0141,16032730.4544,0
873,41997070.5957,105.1379,9874505.5423,18121128.2178,14001436.8356
874,48804669.6677,105.1959,21904049.5149,26900620.1527,0
875,51463926.4411,105.3362,49669911.4711,254902.35,1539112.62
876,22400691.1951,105.4769,20606676.2251,254902.35,1539112.62
877,5225780.5267,105.6164,5000254.7967,225525.73,0
878,1358426.5593,105.7556,1358426.5593,0,0
879,1076064.8359,105.8945,959790.9559,0,116273.88
880,1050223.2759,106.0336,959790.9559,0,90432.32
881,959790.9559,106.1742,959790.9559,0,0
882,959790.9559,106.3132,959790.9559,0,0
883,959790.9559,106.4533,959790.9559,0,0
884,959790.9559,106.5926,959790.9559,0,0
885,959790.9559,106.7334,959790.9559,0,0
886,190808.8988,106.7932,190808.8988,0,0
887,5968654.46,106.8506,5968654.46,0,0
888,24208004.7099,106.9117,5968654.46,18239350.2499,0
889,40964739.94,106.9731,6692659.2357,34272080.7043,0
890,66983810.8173,107.0307,32711730.113,34272080.7043,0
891,34146945.4994,107.1713,33664854.4394,482091.06,0
892,5083710.2534,107.3117,4601619.1934,482091.06,0
893,4685074.65,107.4508,4202983.59,482091.06,0
894,1216356.2859,107.59,959790.9559,256565.33,0
895,933994.5625,107.7294,561155.3525,256565.33,116273.88
896,677429.2325,107.8691,561155.3525,0,116273.88
897,651587.6725,108.0091,561155.3525,0,90432.32
898,622515.0025,108.1491,561155.3525,0,61359.65
899,561155.3525,108.2886,561155.3525,0,0
900,563076,108.4279,563076,0,0
901,563076,108.5669,563076,0,0
902,563076,108.7062,563076,0,0
903,563076,108.8469,563076,0,0
904,111559.1205,108.9064,111559.1205,0,0
905,5889404.6816,108.9637,5889404.6816,0,0
906,22566890.1334,109.021,6534159.679,16032730.4544,0
907,40806240.3833,109.0785,6534159.679,34272080.7043,0
908,59998671.5105,109.1361,9636756.2073,36360478.4677,14001436.8356
909,21527786.3,109.2778,19477206,511467.68,1539112.62
910,4299460.06,109.417,3817369,482091.06,0
911,819641.33,109.5576,563076,256565.33,0
912,535915.21,109.6971,163076,256565.33,116273.88
913,279349.88,109.8379,163076,0,116273.88
914,253508.32,109.9847,163076,0,90432.32
915,163076,110.1239,163076,0,0
916,163076,110.2628,163076,0,0
917,163076,110.402,163076,0,0
918,163076,110.5408,163076,0,0
919,163076,110.68,163076,0,0
920,32309.3421,110.7393,32309.3421,0,0
921,5810154.9033,110.7967,5810154.9033,0,0
922,22487640.355,110.8545,6454909.9006,16032730.4544,0
923,48506711.2323,110.9127,32473980.7779,16032730.4544,0
924,66746061.4822,110.9704,32473980.7779,34272080.7043,0
925,32966623.9993,111.1106,32484532.9393,482091.06,0
926,3889438.2077,111.2512,3407347.1477,482091.06,0
927,419163.0897,111.391,162597.7597,256565.33,0
928,372839.21,111.5306,0,256565.33,116273.88
929,116273.88,111.6711,0,0,116273.88
930,90432.32,111.8101,0,0,90432.32
931,0,111.9545,0,0,0
