1,10412774682,0.056539,8430822405,0,1981952277
2,8700254302,0.095084,7068357625,0,1631896677
3,7760999018,0.13355,6318357625,0,1442641393
4,6981872825,0.17206,5598264325,0,1383608500
5,6228205115,0.21045,4844596615,0,1383608500
6,5508626340,0.24903,4125017840,0,1383608500
7,4885325070,0.28745,3501716570,0,1383608500
8,4458922562,0.32601,3085780830,0,1373141732
9,3409500167,0.35624,2838267045,0,571233122
10,2979310072,0.37989,2385923500,22153450,571233122
11,2656902297,0.40418,2063515725,22153450,571233122
12,2351429940,0.42801,1941146470,22153450,388130020
13,1640534240,0.45194,1618380790,22153450,0
14,1357623735,0.47565,1335470285,22153450,0
15,1089083340,0.49959,1066929890,22153450,0
16,863823650,0.52365,841670200,22153450,0
17,712073385,0.54736,689919935,22153450,0
18,619949895,0.57164,597796445,22153450,0
19,529596905,0.59538,507443455,22153450,0
20,449495180,0.6194,427341730,22153450,0
21,378094095,0.64297,355940645,22153450,0
22,362170330,0.66656,340016880,22153450,0
23,362170330,0.6905,340016880,22153450,0
24,362170330,0.7141,340016880,22153450,0
25,59302406.8619,0.7381,54035861.0655,1355095.3964,3911450.4
26,55390956.4619,0.76224,54035861.0655,1355095.3964,0
27,51610487.4517,0.7864,47543796.8315,4066690.6202,0
28,51610487.4517,0.8102,47543796.8315,4066690.6202,0
29,51610487.4517,0.83409,47543796.8315,4066690.6202,0
30,51610487.4517,0.85843,47543796.8315,4066690.6202,0
31,51610487.4517,0.88245,47543796.8315,4066690.6202,0
32,193093145,0.94096,103671965,89421180,0
33,95824965,0.99792,6403785,89421180,0
34,55824965,1.0551,6403785,49421180,0
35,33671515,1.1118,6403785,27267730,0
36,25671515,1.169,6403785,19267730,0
37,19267730,1.227,0,19267730,0
38,14937870,1.285,0,14937870,0
39,14537870,1.342,0,14537870,0
40,14137870,1.3988,0,14137870,0
41,13737870,1.4559,0,13737870,0
42,13337870,1.5129,0,13337870,0
43,12937870,1.57,0,12937870,0
44,12937870,1.6269,0,12937870,0
45,12937870,1.6838,0,12937870,0
46,12937870,1.7413,0,12937870,0
47,12937870,1.7987,0,12937870,0
48,791391.3217,1.8235,0,791391.3217,0
49,791391.3217,1.8474,0,791391.3217,0
50,12937870,1.8717,0,12937870,0
51,12937870,1.8954,0,12937870,0
52,12937870,1.9196,0,12937870,0
53,12937870,1.9772,0,12937870,0
54,12937870,2.0354,0,12937870,0
55,12937870,2.093,0,12937870,0
56,12937870,2.1511,0,12937870,0
57,12937870,2.2098,0,12937870,0
58,12937870,2.2354,0,12937870,0
59,12937870,2.2597,0,12937870,0
60,12937870,2.2842,0,12937870,0
61,12937870,2.3083,0,12937870,0
62,12937870,2.3321,0,12937870,0
63,12937870,2.3907,0,12937870,0
64,12937870,2.4488,0,12937870,0
65,12937870,2.5061,0,12937870,0
66,12937870,2.5629,0,12937870,0
67,12937870,2.6204,0,12937870,0
68,12937870,2.6449,0,12937870,0
69,12937870,2.6691,0,12937870,0
70,12937870,2.6929,0,12937870,0
71,12937870,2.7166,0,12937870,0
72,12937870,2.7405,0,12937870,0
73,12937870,2.7978,0,12937870,0
74,12937870,2.8541,0,12937870,0
75,399070.71,2.9102,399070.71,0,0
76,305027.57,2.9662,305027.57,0,0
77,0,3.0222,0,0,0
