1,41746170821,0.10507,31427136555,0,10319034266
2,37501830446,0.17938,29882796180,0,7619034266
3,34568847601,0.25382,28749813335,0,5819034266
4,32602152378,0.32821,26729705430,0,5872446948
5,30959241458,0.40271,24852562985,0,6106678473
6,28993027158,0.47753,24461348685,0,4531678473
7,27402443583,0.55197,22821322915,0,4581120668
8,26054031477,0.6264,21297190910,0,4756840567
9,24728620199,0.70078,20547190910,0,4181429289
10,23434427764,0.77528,19183638065,69360410,4181429289
11,22315522989,0.84978,18063935675,70158025,4181429289
12,21235434251,0.92418,17133649220,70158025,4031627006
13,20258270916,0.99862,16108834855,117809055,4031627006
14,19316877467,1.073,15382518340,123632315,3810726812
15,18409849922,1.1475,14475490795,123632315,3810726812
16,17518474632,1.2218,14193919910,123632315,3200922407
17,16647900369,1.2962,13443919910,123632315,3080348144
18,15831669564,1.3705,12693919910,123632315,3014117339
19,14513104316,1.4449,12318919910,123632315,2070552091
20,13472326362,1.5194,11568919910,123632315,1779774137
21,12748275302,1.5939,10818919910,149581255,1779774137
22,12050190484,1.6684,10068919910,149581255,1831689319
23,11355600059,1.7429,9374329485,149581255,1831689319
24,10673466184,1.8174,8692195610,149581255,1831689319
25,1625966380.8113,1.8923,1309257403.2892,2370064.2301,314338913.2921
26,1536932588.92,1.9671,1259846196.7385,2370064.2301,274716327.9514
27,1444595081.2815,2.0419,1176905922.8804,2777845.1006,264911313.3005
28,1349695843.2583,2.1164,1085107832.65,2777845.1006,261810165.5077
29,1287275841.1992,2.191,1022347882.8727,3117792.8188,261810165.5077
30,1226197775.3196,2.2658,961269816.9931,3117792.8188,261810165.5077
31,1166240663.3797,2.3405,961269816.9931,4051154.7365,200919691.6501
32,1108484451.8979,2.4152,903513605.5113,4051154.7365,200919691.6501
33,1056703022.234,2.4897,851732175.8474,4051154.7365,200919691.6501
34,1006010269.1901,2.5644,801039422.8035,4051154.7365,200919691.6501
35,962251678.8336,2.6391,757280832.447,4051154.7365,200919691.6501
36,907523265.9412,2.7138,725770718.5234,4051154.7365,177701392.6813
37,863909764.4943,2.7885,682157217.0765,4051154.7365,177701392.6813
38,821773532.8451,2.8631,639965832.8844,4106307.2794,177701392.6813
39,782697599.9067,2.9377,600889899.946,4106307.2794,177701392.6813
40,746040825.8438,3.0123,563789560.6653,4549872.4972,177701392.6813
41,709674785.8017,3.0868,527423520.6232,4549872.4972,177701392.6813
42,674240496.5409,3.1614,491989231.3624,4549872.4972,177701392.6813
43,640555280.8785,3.2358,491989231.3624,4549872.4972,144016177.0189
44,610351241.585,3.3103,461785192.069,4549872.4972,144016177.0189
45,580708789.8618,3.3847,432142740.3457,4549872.4972,144016177.0189
46,552907112.9599,3.4591,404341063.4438,4549872.4972,144016177.0189
47,526921330.9327,3.5336,378355281.4167,4549872.4972,144016177.0189
48,501357389.0467,3.6081,352791339.5306,4549872.4972,144016177.0189
49,477603556.721,3.6825,329037507.205,4549872.4972,144016177.0189
50,465637978.0329,3.7572,319417189.9121,3849913.63,142370874.4908
51,390700018.0829,3.8317,338521439.989,3849913.63,48328664.4639
52,375459036.4695,3.9062,338521439.989,3849913.63,33087682.8505
53,239031197.5708,3.9805,235181283.9408,3849913.63,0
54,204013981.9783,4.055,200164068.3483,3849913.63,0
55,192203557.608,4.1294,188361620.128,3841937.48,0
56,159054650.0537,4.2039,155212712.5737,3841937.48,0
57,150905096.9107,4.2783,146663047.3307,4242049.58,0
58,145306703.894,4.3528,141064654.314,4242049.58,0
59,140637276.4539,4.4272,135987852.1339,4649424.32,0
60,136236075.7004,4.5016,131586651.3804,4649424.32,0
61,132755297.3214,4.5761,127452635.9114,5302661.41,0
62,129607961.2616,4.6504,124305299.8516,5302661.41,0
63,128716134.866,4.7248,122875470.296,5840664.57,0
64,128716134.866,4.7993,122875470.296,5840664.57,0
65,128425160.216,4.8737,122875470.296,5549689.92,0
66,128425160.216,4.9481,122875470.296,5549689.92,0
67,128425160.216,5.0225,122875470.296,5549689.92,0
68,128425160.216,5.0971,122875470.296,5549689.92,0
69,128425160.216,5.1717,122875470.296,5549689.92,0
70,1252060302,5.3544,697091310,554968992,0
71,1124161897,5.5358,609192905,514968992,0
72,1001075977,5.717,486106985,514968992,0
73,928115527,5.8987,413146535,514968992,0
74,871069142,6.0805,396100150,474968992,0
75,272293026.3369,6.2624,51126312.8694,221166713.4675,0
76,247371708.3399,6.4437,26204994.8725,221166713.4675,0
77,225560856.8657,6.625,26204994.8725,199355861.9932,0
78,203750005.3914,6.8064,26204994.8725,177545010.5189,0
79,181939153.9171,6.9881,26204994.8725,155734159.0446,0
80,160128302.4428,7.1698,26204994.8725,133923307.5703,0
81,146901554.8718,7.3514,26204994.8725,120696559.9993,0
82,134443750.2592,7.5329,31005506.3276,103438243.9315,0
83,123791224.0712,7.7146,31005506.3276,92785717.7436,0
84,115791224.0712,7.8962,27367676.6225,88423547.4487,0
85,107791224.0712,8.0776,23729846.9174,84061377.1539,0
86,103429053.7764,8.2589,23729846.9174,79699206.859,0
87,99066883.4815,8.4404,23729846.9174,75337036.5642,0
88,94775588.1528,8.6219,19438551.5886,75337036.5642,0
89,86457190.3304,8.8032,11120153.7662,75337036.5642,0
90,82274427.9555,8.9844,11120153.7662,70974866.2693,179407.92
91,71822845.3174,9.1658,9482100.8931,46801736.5442,15539007.88
92,58780950.4774,9.3476,9482100.8931,46801736.5442,2497113.04
93,54861096.8927,9.5294,9734134.2824,42629849.5703,2497113.04
94,51223267.1876,9.7114,6096304.5772,42629849.5703,2497113.04
95,47585437.4824,9.894,2458474.8721,42629849.5703,2497113.04
96,44422691.7129,10.0754,2458474.8721,39467103.8008,2497113.04
97,42143303.9747,10.2571,4541257.4287,35104933.506,2497113.04
98,39997418.8152,10.4385,4541257.4287,32959048.3465,2497113.04
99,37914636.2586,10.6204,2458474.8721,32959048.3465,2497113.04
100,49617530.8205,10.804,3183688.456,29987493.0127,16446349.3518
101,45941769.1352,10.986,3183688.456,29987493.0127,12770587.6664
102,34113362.4479,11.1681,2944262.8032,29987493.0127,1181606.632
103,27455988.9192,11.35,3241258.6894,23033123.5979,1181606.632
104,21423844.9329,11.5316,3452858.9899,17970985.943,0
105,15651082.15,11.7131,3452858.9899,11016616.5282,1181606.632
106,13012975.1255,11.8945,814751.9654,11016616.5282,1181606.632
107,11857305.4416,12.076,840688.9134,11016616.5282,0
108,11216222.1129,12.2571,840688.9134,10375533.1995,0
109,10584265.8998,12.4382,1359427.8733,9224838.0265,0
110,10065526.9399,12.6194,840688.9134,9224838.0265,0
111,9768531.0537,12.8005,543693.0272,9224838.0265,0
112,9530993.8052,12.9817,306155.7787,9224838.0265,0
113,9365200.3595,13.1632,140362.333,9224838.0265,0
114,9296310.5288,13.3446,71472.5023,9224838.0265,0
115,9260371.6452,13.5259,35533.6188,9224838.0265,0
116,9229294.7074,13.7074,4456.6809,9224838.0265,0
117,9219549.8973,13.889,4456.6809,9215093.2163,0
118,9215093.2163,14.0706,0,9215093.2163,0
119,9215093.2163,14.2522,0,9215093.2163,0
120,9215093.2163,14.4337,0,9215093.2163,0
121,9215093.2163,14.6154,0,9215093.2163,0
122,9215093.2163,14.7971,0,9215093.2163,0
123,106006.37,14.8724,0,106006.37,0
124,106006.37,14.9466,0,106006.37,0
125,10600637,15.0211,0,10600637,0
126,10600637,15.0954,0,10600637,0
127,10600637,15.1696,0,10600637,0
128,9215093.2163,15.3513,0,9215093.2163,0
129,9215093.2163,15.533,0,9215093.2163,0
130,9215093.2163,15.7147,0,9215093.2163,0
131,9215093.2163,15.897,0,9215093.2163,0
132,9215093.2163,16.0792,0,9215093.2163,0
133,10600637,16.1547,0,10600637,0
134,10600637,16.2287,0,10600637,0
135,10600637,16.3031,0,10600637,0
136,10600637,16.3775,0,10600637,0
137,10600637,16.4518,0,10600637,0
138,9215093.2163,16.6338,0,9215093.2163,0
139,9215093.2163,16.8165,0,9215093.2163,0
140,9215093.2163,16.9974,0,9215093.2163,0
141,9215093.2163,17.1786,0,9215093.2163,0
142,9215093.2163,17.3599,0,9215093.2163,0
143,10600637,17.436,0,10600637,0
144,10600637,17.5104,0,10600637,0
145,10600637,17.5847,0,10600637,0
146,10600637,17.6589,0,10600637,0
147,10600637,17.7331,0,10600637,0
148,9215093.2163,17.9142,0,9215093.2163,0
149,9215093.2163,18.0961,0,9215093.2163,0
150,9392044.92,18.2772,0,2600637,6791407.92
151,2600637,18.4583,0,2600637,0
152,2600637,18.64,0,2600637,0
153,2600637,18.822,0,2600637,0
154,2600637,19.0038,0,2600637,0
155,2600637,19.1858,0,2600637,0
156,2600637,19.2612,0,2600637,0
157,2600637,19.3354,0,2600637,0
158,2600637,19.4097,0,2600637,0
159,2600637,19.484,0,2600637,0
160,2600637,19.5584,0,2600637,0
161,2600637,19.7393,0,2600637,0
162,2600637,19.9206,0,2600637,0
163,2600637,20.1022,0,2600637,0
164,2600637,20.284,0,2600637,0
165,2600637,20.4657,0,2600637,0
166,2600637,20.5413,0,2600637,0
167,2600637,20.6155,0,2600637,0
168,2600637,20.6897,0,2600637,0
169,2600637,20.7642,0,2600637,0
170,2600637,20.8383,0,2600637,0
171,2380044.92,21.0188,0,2200637,179407.92
172,2200637,21.2007,0,2200637,0
173,2200637,21.3825,0,2200637,0
174,2200637,21.5647,0,2200637,0
175,2200637,21.7469,0,2200637,0
176,2200637,21.9292,0,2200637,0
177,2200637,22.0047,0,2200637,0
178,2200637,22.079,0,2200637,0
179,2200637,22.1533,0,2200637,0
180,2200637,22.2277,0,2200637,0
181,2200637,22.3021,0,2200637,0
182,2200637,22.4831,0,2200637,0
183,2200637,22.6646,0,2200637,0
184,2200637,22.8462,0,2200637,0
185,2200637,23.028,0,2200637,0
186,2200637,23.2101,0,2200637,0
187,2200637,23.2858,0,2200637,0
188,2200637,23.3602,0,2200637,0
189,2200637,23.4346,0,2200637,0
190,2200637,23.5089,0,2200637,0
191,2200637,23.5837,0,2200637,0
192,179407.92,23.7646,0,0,179407.92
193,0,23.9462,0,0,0
