1,40761097994,0.1282,31525766705,0,9235331289
2,37977251408,0.22737,30025766705,0,7951484703
3,35823256608,0.32684,28996771905,0,6826484703
4,33768297908,0.42618,28621771905,0,5146526003
5,31723542788,0.52564,26577016785,0,5146526003
6,29729011348,0.62497,24582485345,0,5146526003
7,28065303796,0.72448,23082485345,0,4982818451
8,26481826178,0.82384,21582485345,0,4899340833
9,25132844422,0.92316,20113932865,0,5018911557
10,23804208413,1.0226,18444439955,0,5359768458
11,22674908762,1.122,17694439955,0,4980468807
12,21614894123,1.2214,17046145305,0,4568748818
13,20639689615,1.3208,16741327745,0,3898361870
14,19646683570,1.4203,16607586320,0,3039097250
15,18674429465,1.5198,15310935295,0,3363494170
16,17877256998,1.6191,14352395455,8655533,3516206010
17,17089285103,1.7182,13564423560,8655533,3516206010
18,16313559085,1.8173,12817651940,8655533,3487251612
19,15578036800,1.9165,12067651940,23133248,3487251612
20,14887376787,2.0156,12067651940,23133248,2796591599
21,14137376787,2.1146,11317651940,23133248,2796591599
22,13464762474,2.2137,10567651940,23133248,2873977286
23,12821077099,2.313,9923966565,23133248,2873977286
24,12216239999,2.4122,9348304940,23133248,2844801811
25,1971815155.7724,2.5117,1430731636.8765,535483.4,540548035.4958
26,1861847658.8903,2.6116,1396306610.1469,535483.4,465005565.3435
27,1751843919.8497,2.7111,1289237621.412,720079.9,461886218.5377
28,1662413314.6891,2.8105,1199807016.2514,720079.9,461886218.5377
29,1575456679.5722,2.91,1112850381.1345,720079.9,461886218.5377
30,1491808666.958,3.0094,1016358950.8017,720079.9,474729636.2563
31,1414706625.5145,3.1087,938518879.6582,1458109.6,474729636.2563
32,1341480514.919,3.2079,865292769.0627,1458109.6,474729636.2563
33,1273564068.0977,3.3072,851099914.2865,1797046.42,420667107.3912
34,1189060234.6027,3.4065,798578465.1706,1797046.42,388684723.0122
35,1129377538.4124,3.5059,738895768.9803,1797046.42,388684723.0122
36,1045901694.7464,3.6052,655384866.2143,1832105.52,388684723.0122
37,988509005.1335,3.7046,597992176.6013,1832105.52,388684723.0122
38,933181100.1679,3.804,597992176.6013,1832105.52,333356818.0466
39,879127854.2206,3.9033,563233474.1309,1832105.52,314062274.5697
40,683597670.762,4.0029,459071117.5001,2002803.37,222523749.8919
41,632008454.961,4.1023,459071117.5001,2002803.37,170934534.0909
42,584729196.7216,4.2018,411791859.2607,2002803.37,170934534.0909
43,546464618.3846,4.3013,373388538.8737,2141545.42,170934534.0909
44,511991371.8477,4.4009,338915292.3368,2141545.42,170934534.0909
45,478750785.6021,4.5005,305674706.0912,2141545.42,170934534.0909
46,447855265.4193,4.6001,274779185.9084,2141545.42,170934534.0909
47,418946771.3335,4.6997,245577361.4927,2434875.75,170934534.0909
48,394628027.9093,4.7992,221258618.0684,2434875.75,170934534.0909
49,370839192.467,4.8985,221258618.0684,2434875.75,147145698.6486
50,386367565.4205,4.9981,209966131.2405,2930627.25,173470806.9301
51,325102009.4884,5.0974,209966131.2405,3465355.37,111670522.8779
52,287647933.8408,5.1967,172512055.5929,3465355.37,111670522.8779
53,264901867.073,5.2961,172512055.5929,3957693.87,88432117.6101
54,243421174.5644,5.3956,138420134.3991,4206733.31,100794306.8553
55,195261841.1182,5.4951,138420134.3991,4206733.31,52634973.4091
56,175666918.9015,5.5946,125917275.7308,4206733.31,45542909.8607
57,165059070.6786,5.694,115309427.5079,4206733.31,45542909.8607
58,154792522.4266,5.7935,104985488.8859,4264123.68,45542909.8607
59,147370858.3431,5.8928,97563824.8025,4264123.68,45542909.8607
60,141021329.5593,5.9924,91214296.0186,4264123.68,45542909.8607
61,137608467.0113,6.0916,87801433.4706,4264123.68,45542909.8607
62,134797559.4025,6.1908,84990525.8619,4264123.68,45542909.8607
63,132951189.0866,6.2901,83144155.5459,4264123.68,45542909.8607
64,131894263.4111,6.3896,82087229.8704,4264123.68,45542909.8607
65,131894263.4011,6.4889,82087229.8704,4264123.67,45542909.8607
66,131894263.4011,6.5883,82087229.8704,4264123.67,45542909.8607
67,116896864.1055,6.6877,67089830.5748,4264123.67,45542909.8607
68,116896864.1055,6.787,67089830.5748,4264123.67,45542909.8607
69,116896864.1055,6.8862,67089830.5748,4264123.67,45542909.8607
70,116896864.1055,6.9856,67089830.5748,4264123.67,45542909.8607
71,116896864.1055,7.0852,67089830.5748,4264123.67,45542909.8607
72,964769669,7.3303,423579255,426412367,114778047
73,902965997,7.5743,423579255,426412367,52974375
74,800416472,7.8181,423579255,376837217,0
75,199170458.7115,8.0615,44831507.4821,152240423.2294,2098528
76,176898762.7778,8.3048,44831507.4821,129061056.4057,3006198.89
77,156292598.2397,8.5481,58971886.5172,94314512.8324,3006198.89
78,142638757.0367,8.7917,58971886.5172,78357318.9895,5309551.53
79,130501283.9174,9.0357,60644447.1847,64547285.2026,5309551.53
80,123685155.0395,9.2793,60644447.1847,57731156.3248,5309551.53
81,117573761.5424,9.5227,60644447.1847,43411688.0877,13517626.27
82,92860826.8186,9.7666,29316860.0809,43411688.0877,20132278.65
83,71707075.0834,10.0103,15176481.0458,43411688.0877,13118905.95
84,62281854.1034,10.2541,15176481.0458,43411688.0877,3693684.97
85,58206816.8179,10.4979,15176481.0458,39336650.8021,3693684.97
86,54440405.404,10.7417,15176481.0458,35570239.3883,3693684.97
87,50673993.9901,10.9851,15176481.0458,31803827.9744,3693684.97
88,46907582.5762,11.2289,15176481.0458,28037416.5605,3693684.97
89,43141171.1624,11.4724,15176481.0458,24271005.1466,3693684.97
90,39374759.7485,11.7158,15176481.0458,20504593.7327,3693684.97
91,36245312.2336,11.9598,12047033.5308,20504593.7327,3693684.97
92,33137405.2174,12.2039,8939126.5146,20504593.7327,3693684.97
93,30147792.9448,12.4477,8651461.0498,17802646.925,3693684.97
94,27382208.8499,12.6915,8651461.0498,15037062.8301,3693684.97
95,24750753.0684,12.9351,6020005.2683,15037062.8301,3693684.97
96,22125312.2049,13.1789,3954564.4048,15037062.8301,3133684.97
97,20023783.1739,13.4228,1853035.3738,15037062.8301,3133684.97
98,18351222.5063,13.6668,180474.7062,15037062.8301,3133684.97
99,16700635.0763,13.9107,180474.7062,13386475.4001,3133684.97
100,47433230.3515,14.1545,177601.3872,22790913.4464,24464715.5179
101,32248520.2412,14.3986,177601.3872,22790913.4464,9280005.4076
102,22968514.8336,14.6423,177601.3872,22790913.4464,0
103,16243668.709,14.8857,589754.95,15653913.759,0
104,9917681.3996,15.1291,676206.6115,9241474.7882,0
105,3318867.5678,15.3725,2461376.1897,857491.378,0
106,2484264.0077,15.6163,2484264.0077,0,0
107,2004412.7316,15.8594,2004412.7316,0,0
108,1673779.6815,16.1029,1673779.6815,0,0
109,1499863.6638,16.3463,1499863.6638,0,0
110,1335662.738,16.59,1335662.738,0,0
111,1249211.0766,16.8337,1249211.0766,0,0
112,1162759.4151,17.0774,1162759.4151,0,0
113,1076307.7536,17.3208,1076307.7536,0,0
114,989856.0922,17.5642,989856.0922,0,0
115,903404.4307,17.8072,903404.4307,0,0
116,837057.5137,18.0506,837057.5137,0,0
117,814169.6957,18.2942,814169.6957,0,0
118,809847.1127,18.5375,809847.1127,0,0
119,805524.5296,18.7807,805524.5296,0,0
120,801201.9465,19.024,801201.9465,0,0
121,796879.3634,19.267,796879.3634,0,0
122,792556.7804,19.51,792556.7804,0,0
123,788234.1973,19.7531,788234.1973,0,0
124,783911.6142,19.9963,783911.6142,0,0
125,72541034,20.2399,72541034,0,0
126,50954270,20.4829,36137864,0,14816406
127,42003753.18,20.7263,36137864,0,5865889.18
128,38407876.18,20.9696,32541987,0,5865889.18
129,35447876.18,21.2128,32541987,0,2905889.18
130,35419876.18,21.4562,32541987,0,2877889.18
131,35418923.18,21.6991,32541034,0,2877889.18
132,35418923.18,21.9381,32541034,0,2877889.18
133,35418923.18,22.1825,32541034,0,2877889.18
134,35418923.18,22.4266,32541034,0,2877889.18
135,15894161.68,22.6702,12883676,132596.5,2877889.18
136,15894161.68,22.9146,12883676,132596.5,2877889.18
137,13565006.18,23.1588,12883676,132596.5,548733.68
138,681330.18,23.4025,0,132596.5,548733.68
139,132596.5,23.6465,0,132596.5,0
140,52596.5,23.8899,0,52596.5,0
141,0,24.1337,0,0,0
