1,1.027757529852862e+18,0.64157
2,7.808577781032891e+17,2.3595
3,6.001915018841489e+17,2.9061
4,4.272326521950049e+17,3.278
5,3.548040634580977e+17,3.604
6,2.686620683964017e+17,3.9419
7,1.983087187139079e+17,4.2612
8,1.425601894603398e+17,4.5862
9,1.28874107828116e+17,4.9165
10,1.226276431891161e+17,5.2359
11,1.196278078937892e+17,5.556
12,1.190313829862604e+17,5.8753
13,1.176022216181224e+17,6.1947
14,1.103562601108212e+17,6.5144
15,1.076692640646842e+17,6.8347
16,1.076122152707319e+17,7.1539
17,1.077751115255545e+17,7.4787
18,1.075361982061452e+17,7.7983
19,1.086559771867612e+17,8.1177
20,1.088948905061704e+17,8.4375
21,8.072897111223723e+16,8.7769
22,5.03602959804724e+16,9.1099
23,3.748478709709931e+16,9.4398
24,2.786505654118754e+16,9.7698
25,2.330438587148298e+16,10.0996
26,1.960450731754681e+16,10.4347
27,1.69956229079343e+16,10.7629
28,1.445274988023032e+16,11.095
29,1.172135376398832e+16,11.4249
30,9924930017747942,11.7541
31,8457527091165188,12.0834
32,7337748110549221,12.4123
33,6305994685033760,12.7418
34,5329568375974155,13.0711
35,4543541586662075,13.4065
36,3828270113244830,13.7362
37,3273008495696705,14.0656
38,2630765135696705,14.3951
39,2098944412889610,14.7245
40,1654112092889610,15.054
41,1286090673227946,15.3835
42,793119258413277,15.7134
43,577025441289599,16.0427
44,429636481221997,16.3772
45,283245104108152,16.7068
46,202119492339332,17.0354
47,149669580310882,17.3684
48,131951584420757,17.6981
49,119777281204677,18.0277
50,109498398071957,18.3573
51,101387375671957,18.6946
52,95516353271957,19.0234
53,91071193271957,19.3577
54,87266033271957,19.6849
55,83635010871957,20.0146
56,75499425533922,20.3414
57,30922900257600,20.668
58,25803364257600,20.9944
59,22283828257600,21.3212
60,19118668257600,21.6479
61,16303970328355,21.9784
62,13778810328355,22.3044
63,11272786328355,22.6319
64,9353250328355,22.9583
65,7468090328355,23.2846
66,6222930328355,23.6114
67,5316906328355,23.938
68,4711746328355,24.2642
69,4320071061075,24.5903
70,4038899061075,24.9168
71,2372167061075,25.2432
72,2137409448630,25.5704
73,1064263061075,25.897
74,829505448630,26.2236
75,396359061075,26.55
76,161601448630,26.8768
77,98073147380,27.203
78,94560307200,27.5295
79,94560307200,27.8558
80,94560307200,28.1821
81,94560307200,28.5096
82,94560307200,28.8367
83,94560307200,29.1626
84,94560307200,29.4895
85,94560307200,29.816
86,94560307200,30.1425
87,94560307200,30.4688
88,94560307200,30.7952
89,94560307200,31.1216
90,94560307200,31.45
91,94560307200,31.7768
92,94560307200,32.1059
93,94560307200,32.4323
94,94560307200,32.7585
95,94560307200,33.0847
96,94560307200,33.4116
97,94560307200,33.7384
98,94560307200,34.0659
99,545952933685325,34.3854
100,94560307200,34.7022
101,4994074156595370,35.0185
102,4994074156595370,35.3355
103,94560307200,35.662
104,94560307200,35.9889
105,94560307200,36.3152
106,94560307200,36.6422
107,94560307200,36.9684
108,94560307200,37.2951
109,94560307200,37.6228
110,94560307200,37.9492
111,94560307200,38.2754
112,94560307200,38.6024
113,94560307200,38.9287
114,94560307200,39.2552
115,94560307200,39.5819
116,94560307200,39.909
117,94560307200,40.2354
118,94560307200,40.5621
119,94560307200,40.8882
120,94560307200,41.2139
121,94560307200,41.5404
122,94560307200,41.8665
123,94560307200,42.1929
124,94560307200,42.52
125,94560307200,42.8475
126,94560307200,43.1755
127,94560307200,43.5038
128,94560307200,43.8317
129,94560307200,44.159
130,94560307200,44.4869
131,94560307200,44.815
132,94560307200,45.1422
133,94560307200,45.4714
134,94560307200,45.799
135,94560307200,46.1267
136,94560307200,46.4553
137,94560307200,46.7836
138,94560307200,47.1107
139,94560307200,47.4387
140,94560307200,47.7667
141,94560307200,48.0941
142,94560307200,48.4218
143,94560307200,48.7497
144,94560307200,49.0788
145,94560307200,49.4095
146,94560307200,49.7393
147,94560307200,50.0662
148,94560307200,50.3927
149,94560307200,50.7203
150,94560307200,51.0472
151,94560307200,51.3748
152,94560307200,51.7018
153,94560307200,52.0294
154,94560307200,52.358
155,94560307200,52.6865
156,94560307200,53.0134
157,94560307200,53.3407
158,94560307200,53.669
159,94560307200,53.9964
160,94560307200,54.3302
161,94560307200,54.6612
162,94560307200,54.994
163,94560307200,55.3274
164,94560307200,55.6637
165,94560307200,55.9953
166,94560307200,56.325
167,94560307200,56.6563
168,94560307200,56.9892
169,94560307200,57.3145
170,94560307200,57.6383
171,94560307200,57.961
