1,1.967468770942659e+18,0.73133
2,1.473669267443514e+18,2.717
3,1.112316432016303e+18,3.4456
4,7.67495089371616e+17,3.8193
5,6.210571938141775e+17,4.1602
6,4.946390747795379e+17,4.5309
7,3.83435741572557e+17,4.8689
8,2.747110348811592e+17,5.2062
9,2.248462991853194e+17,5.5445
10,1.747774214139063e+17,5.881
11,1.463837286332749e+17,6.2224
12,1.247330954332749e+17,6.5621
13,1.096358086332749e+17,6.8987
14,5.838317196709034e+16,7.2513
15,4.812664761905374e+16,7.6025
16,3.840225469851162e+16,7.9397
17,3.220484237936612e+16,8.2779
18,2.872098394289462e+16,8.6149
19,2.525118058238058e+16,8.9508
20,2.220543208764559e+16,9.288
21,1.952648744576818e+16,9.6275
22,1.685952985877217e+16,9.9637
23,1.490804460872507e+16,10.3003
24,1.313920625617157e+16,10.6427
25,8755356544663184,10.9772
26,6626840230882706,11.3208
27,5283792005617706,11.6711
28,4146700779132800,12.0064
29,3067499497499840,12.3429
30,2220344502431690,12.6798
31,1720940214431690,13.0172
32,1395569304382755,13.3542
33,1073534789673486,13.6978
34,653984777947086,14.0327
35,402154806361590,14.3697
36,221252844361190,14.7062
37,93314866630256,15.0416
38,68637140507672,15.3799
39,59966470137368,15.7163
40,55101201258104,16.0529
41,51723563743010,16.4072
42,49011727743010,16.7555
43,46708284543010,17.0923
44,44316448543010,17.4303
45,42013005343010,17.7667
46,39781962943010,18.1034
47,37710126943010,18.4399
48,35406683743010,18.7768
49,33495641343010,19.1126
50,31743805343010,19.4503
51,29440362143010,19.7906
52,27849319743010,20.1282
53,26417483743010,20.4651
54,24114040543010,20.8008
55,22842998143010,21.1372
56,21731162143010,21.4733
57,19427718943010,21.8356
58,18476676543010,22.1725
59,17684840543010,22.5177
60,15381397343010,22.8534
61,14750354943010,23.1902
62,14278518943010,23.5272
63,11975075743010,23.8635
64,11503707565346,24.1999
65,11033697244610,24.5627
66,9048428365346,24.8984
67,8578418044610,25.2413
68,6913149165346,25.5863
69,6443138844610,25.9223
70,5097869965346,26.2617
71,4627859644610,26.6056
72,3602590765346,26.9436
73,3132580444610,27.2831
74,2427311565346,27.6203
75,1957301244610,27.9559
76,1572032365346,28.2912
77,1102022044610,28.6346
78,790979644610,28.975
79,725710765346,29.3125
80,255700444610,29.6488
81,255700444610,29.9847
82,255700444610,30.3205
83,255700444610,30.6546
84,255700444610,30.9898
85,255700444610,31.3269
86,255700444610,31.6724
87,255700444610,32.0132
88,255700444610,32.3515
89,255700444610,32.688
90,255700444610,33.0243
91,255700444610,33.3604
92,255700444610,33.6982
93,255700444610,34.0376
94,255700444610,34.3741
95,255700444610,34.7193
96,255700444610,35.0568
97,255700444610,35.3955
98,255700444610,35.7431
99,255700444610,36.0783
100,255700444610,36.417
101,255700444610,36.7632
102,255700444610,37.1019
103,255700444610,37.4564
104,118756298066,37.805
105,40421244610,38.1446
106,27803341305,38.4845
107,4774671801,38.8211
108,4774671801,39.1581
109,4774671801,39.4969
110,14324015403,39.8444
111,14324015403,40.184
112,14324015403,40.5288
113,14324015403,40.8653
114,14324015403,41.2092
115,14324015403,41.5464
116,14324015403,41.8823
117,14324015403,42.2201
118,14324015403,42.5581
119,14324015403,42.8937
120,14324015403,43.2328
121,14324015403,43.578
122,14324015403,43.9203
123,14324015403,44.257
124,14324015403,44.5939
125,14324015403,44.9291
126,14324015403,45.2659
127,14324015403,45.6027
128,14324015403,45.9442
129,14324015403,46.2943
130,14324015403,46.643
131,14324015403,46.9896
132,14324015403,47.3314
133,14324015403,47.6675
134,14324015403,48.0026
135,14324015403,48.3392
136,14324015403,48.69
137,14324015403,49.0313
138,14324015403,49.3677
139,14324015403,49.7125
140,14324015403,50.0483
141,14324015403,50.3853
142,14324015403,50.7258
143,14324015403,51.0613
144,14324015403,51.398
145,14324015403,51.7355
146,14324015403,52.1021
147,14324015403,52.4798
148,14324015403,52.8316
149,14324015403,53.1671
150,14324015403,53.5064
151,14324015403,53.8451
152,9549343602,54.1847
153,9549343602,54.5221
154,9549343602,54.8613
155,4774671801,55.2079
156,4774671801,55.5779
157,4774671801,55.918
158,4774671801,56.2615
159,4774671801,56.6497
160,4774671801,56.9908
161,4774671801,57.3293
162,4774671801,57.6661
163,4774671801,58.0036
164,4774671801,58.341
165,4774671801,58.687
166,4774671801,59.0226
167,4774671801,59.3945
168,4774671801,59.9313
169,4774671801,60.4333
170,4774671801,60.7731
171,4774671801,61.1205
172,4774671801,61.4714
173,4774671801,61.8176
174,4774671801,62.1554
175,4774671801,62.489
176,4774671801,62.8225
177,4774671801,63.1564
178,4774671801,63.4924
179,4774671801,63.8428
180,4774671801,64.177
181,4774671801,64.5226
182,4774671801,64.8577
183,4774671801,65.2121
184,4774671801,65.7384
185,4774671801,66.1059
186,14324015403,66.4686
187,14324015403,66.8346
188,14324015403,67.1698
189,14324015403,67.5441
190,14324015403,67.8773
191,14324015403,68.2188
192,14324015403,68.5573
193,14324015403,68.9017
194,14324015403,69.2424
195,14324015403,69.5874
196,14324015403,69.927
197,14324015403,70.2576
198,14324015403,70.6019
199,14324015403,70.9405
200,14324015403,71.2918
201,14324015403,71.627
202,14324015403,71.9598
203,14324015403,72.2952
204,14324015403,72.6303
205,14324015403,72.9643
206,14324015403,73.3038
207,14324015403,73.6469
208,14324015403,73.9853
209,14324015403,74.321
210,14324015403,74.6597
211,14324015403,74.9915
212,14324015403,75.3337
213,14324015403,75.6765
214,14324015403,76.0531
215,14324015403,76.3976
216,14324015403,76.7454
217,14324015403,77.0806
218,14324015403,77.4173
219,14324015403,77.7523
220,14324015403,78.1576
221,14324015403,78.5065
222,14324015403,78.8529
223,14324015403,79.1906
224,14324015403,79.5289
225,14324015403,79.8628
226,14324015403,80.2191
227,14324015403,80.5576
228,14324015403,80.9091
229,14324015403,81.2485
230,9549343602,81.5819
231,9549343602,81.9335
232,9549343602,82.2774
233,4774671801,82.6189
234,4774671801,82.9521
235,4774671801,83.2914
236,4774671801,83.6264
237,4774671801,83.9783
238,4774671801,84.3202
239,4774671801,84.6615
240,4774671801,85.003
241,4774671801,85.3378
242,4774671801,85.6736
243,4774671801,86.0036
244,4774671801,86.3412
245,4774671801,86.6855
246,4774671801,87.0269
247,4774671801,87.3642
248,4774671801,87.7551
249,4774671801,88.11
250,4774671801,88.4513
251,4774671801,88.789
252,4774671801,89.1348
253,4774671801,89.4676
254,4774671801,89.8015
255,4774671801,90.1353
256,4774671801,90.4661
257,4774671801,90.7994
258,4774671801,91.137
259,4774671801,91.4813
260,4774671801,91.8207
261,4774671801,92.1574
262,4774671801,92.4948
263,4774671801,92.8346
264,14324015403,93.1807
265,14324015403,93.5195
266,14324015403,93.872
267,14324015403,94.2086
268,14324015403,94.5522
269,14324015403,94.8879
270,14324015403,95.2186
271,14324015403,95.5507
272,14324015403,95.8887
273,14324015403,96.2278
274,14324015403,96.5651
275,14324015403,96.8989
276,14324015403,97.2344
277,14324015403,97.5859
278,14324015403,97.9205
279,14324015403,98.2542
280,14324015403,98.588
281,14324015403,98.9208
282,14324015403,99.2582
283,14324015403,99.5922
284,14324015403,99.9252
285,14324015403,100.2591
286,14324015403,100.5981
287,14324015403,100.9342
288,14324015403,101.2741
289,14324015403,101.6128
290,14324015403,101.9614
291,14324015403,102.3013
292,14324015403,102.6464
