1,79212597379,0.84019
2,12053369712.0593,4.1322
3,10790107635.2737,4.9559
4,9734421927.2294,5.5762
5,8832773046.8228,6.1739
6,8082848827.2435,6.8079
7,7513747658.1086,7.3975
8,7179112469.8824,8.0034
9,6939866461.9005,8.5887
10,6663795077.7661,9.1825
11,6544581125.4774,9.787
12,6257394638.3519,10.3853
13,5996796524.3754,10.9776
14,5867722697.3191,11.5804
15,5752238388.7552,12.1801
16,5564952276.1585,12.8151
17,5374515367.6034,13.4216
18,5250072123.0768,14.0373
19,4805657462.7417,14.6293
20,4557551194.0081,15.2224
21,4477456408.4537,15.8423
22,4404405386.9693,16.4899
23,4362707714.3071,17.1218
24,4289339265.7274,17.7745
25,4272965684.6482,18.403
26,4257453565.8735,19.0415
27,3970859381.3953,19.6353
28,4022204516.7465,20.2483
29,4078786917.076,20.8502
30,4148780225.9858,21.4691
31,4213528824.4817,22.0787
32,4189993068.7047,22.8082
33,3808947085.8258,23.5216
34,3520966805.3615,24.2368
35,3324136132.4591,24.9521
36,3191409788.0763,25.6615
37,3035796801.7548,26.3743
38,2896871910.2913,27.0919
39,2748090060.4035,27.8183
40,2622891702.632,28.5325
41,2507717373.6903,29.2471
42,2389927894.8822,29.9602
43,2301592030.4291,30.6764
44,2224651695.0226,31.401
45,2141306413.5512,32.1117
46,2050991226.9871,32.8292
47,1972787591.1219,33.5405
48,1660105130.5124,34.2608
49,1569713937.4489,34.9765
50,1595640672.5377,35.6878
51,1479276481.6051,36.4002
52,1292112327.4891,37.119
53,1188984045.8827,37.8356
54,1104733625.6003,38.5483
55,1053412987.7732,39.2625
56,961943396.5286,39.9766
57,899947184.262,40.6947
58,832353867.2441,41.4122
59,784093417.729,42.1245
60,741515931.9791,42.8485
61,704160453.9487,43.5688
62,690227321.9934,44.3076
63,659691514.9792,45.0322
64,629085059.6984,45.7521
65,600708229.9995,46.5253
66,571685274.9275,47.2386
