1,31823006726,0.72327
2,28820949651,3.5712
3,26231234063,4.3583
4,24290975714,4.9598
5,22375086109,5.5285
6,20885974273,6.1136
7,19557055402,6.6635
8,18127983743,7.2135
9,16856253320,7.8044
10,15786273281,8.359
11,14912283148,8.9034
12,14229778648,9.4528
13,13711480094,10.002
14,13338204632,10.55
15,12955028847,11.0997
16,12612747616,11.6512
17,12298100514,12.1966
18,12086720270,12.7457
19,12095700053,13.2948
20,11616893703,13.8442
21,11642994088,14.3937
22,11549375799,14.943
23,11639850603,15.492
24,11733468892,16.0417
25,10869030442,16.6288
26,10157030442,17.2159
27,9478252492,17.7946
28,8842085021,18.3743
29,8318026217,18.9534
30,7925193347,19.5328
31,7556172612,20.1057
32,7193801706,20.6884
33,6848038563,21.2648
34,6489672438,21.8417
35,6127148548,22.421
36,5802232176,23.0007
37,5565940956,23.5836
38,5331747786,24.1604
39,5114259471,24.7373
40,4509666294,25.3145
41,3914411012,25.8882
42,3729280580,26.4735
43,3504811866,27.054
44,3053129141,27.6342
45,2880570534,28.2145
46,2544820769,28.7947
47,2387477379,29.3808
48,2235372114,29.9603
49,2084539335,30.5405
50,1949947770,31.1205
51,1819265718,31.6947
52,1690124433,32.2796
53,1562995893,32.8597
54,1460119458,33.4403
55,1359372978,34.0202
56,1264708613,34.6002
57,1170955933,35.1846
58,1090955933,35.7651
59,1015988213,36.3451
60,944160913,36.9237
61,876001968,37.4974
62,821138923,38.0773
63,768620773,38.6626
64,716506848,39.2422
65,668506848,39.8212
66,620843123,40.4007
67,573971813,40.9802
68,533574498,41.5612
69,493574498,42.1408
70,455046343,42.7198
71,417879398,43.2937
72,382096113,43.8743
73,348512388,44.4613
74,317469263,45.0418
75,288615973,45.641
76,259926803,46.2221
77,234885458,46.802
78,210526783,47.3875
79,187475593,47.9694
80,166707678,48.5505
81,146039303,49.1258
82,126188228,49.7064
83,108821383,50.2932
84,93141558,50.8777
85,80371388,51.4583
86,69756343,52.0401
87,59304883,52.6208
88,49305583,53.206
89,42889308,53.7867
90,37843328,54.3637
91,33843328,54.9424
92,29843328,55.5229
93,25843328,56.1038
94,21843328,56.6903
95,19562878,57.271
96,17312268,57.8515
97,15312268,58.4318
98,13312268,59.0119
99,11312268,59.5977
100,9312268,60.1789
101,7388288,60.7541
102,5668738,61.3343
103,4160088,61.9146
104,2704908,62.4997
105,2304908,63.0802
106,1904908,63.6608
107,1504908,64.2408
108,1104908,64.8199
109,704908,65.4084
110,532208,65.9879
111,515523,66.5631
112,515523,67.1443
113,515523,67.7255
114,164156002,68.2848
115,515523,68.8339
116,164156002,69.3864
117,330780069,69.936
118,164156002,70.4877
119,330780069,71.0386
120,164156002,71.595
121,330780069,72.142
122,164156002,72.6937
123,330780069,73.2447
124,164156002,73.7972
125,330780069,74.3546
126,164156002,74.9045
127,330780069,75.4579
128,164156002,76.0126
129,330780069,76.5653
130,164156002,77.1179
131,330780069,77.6699
132,232974529,78.2523
133,184974529,78.8329
134,136974529,79.4144
135,88974529,79.9962
136,66350462,80.5818
137,58350462,81.1627
138,50350462,81.7432
139,42350462,82.3241
140,41950462,82.9042
141,41550462,83.4847
142,41150462,84.0653
143,40750462,84.6454
144,40350462,85.2246
145,39950462,85.808
146,39950462,86.3929
147,39950462,86.9729
148,39950462,87.5529
149,39950462,88.1339
150,515523,88.6835
151,39950462,89.2369
152,215756002,89.7874
153,39950462,90.3382
154,215756002,90.8887
155,39950462,91.4399
156,215756002,91.9907
157,39950462,92.5442
158,215756002,93.0942
159,39950462,93.6422
160,215756002,94.1965
161,39950462,94.7439
162,215756002,95.3013
163,39950462,95.8537
164,215756002,96.4056
165,39950462,96.9575
166,215756002,97.5108
167,39950462,98.0641
168,39950462,98.6534
169,39950462,99.2344
170,39950462,99.8157
171,39950462,100.3931
172,39950462,100.9748
173,39950462,101.5579
174,39950462,102.1387
175,39950462,102.7201
176,39950462,103.3022
177,39950462,103.8838
178,39950462,104.4711
179,39950462,105.054
180,39950462,105.6391
181,39950462,106.2155
182,39950462,106.7966
183,39950462,107.3853
184,39950462,107.9667
185,39950462,108.5473
186,515523,109.0972
187,39950462,109.6466
188,215756002,110.2008
189,39950462,110.7527
190,215756002,111.3069
191,39950462,111.8545
192,215756002,112.4057
193,39950462,112.9569
194,215756002,113.5145
195,39950462,114.0867
196,215756002,114.6419
197,39950462,115.1969
198,215756002,115.7509
199,39950462,116.3105
200,215756002,116.8633
201,39950462,117.4122
202,215756002,117.9692
203,39950462,118.5189
204,39950462,119.0974
205,39950462,119.677
206,39950462,120.2544
207,39950462,120.8324
208,39950462,121.4096
209,39950462,121.9873
210,39950462,122.5674
211,39950462,123.1419
212,39950462,123.7197
213,39950462,124.3006
214,39950462,124.8785
215,39950462,125.4576
216,39950462,126.036
217,39950462,126.613
218,39950462,127.192
219,39950462,127.7689
220,39950462,128.3509
221,39950462,128.9256
222,515523,129.4734
223,39950462,130.0204
224,215756002,130.5671
225,39950462,131.1167
226,215756002,131.6911
227,39950462,132.2658
228,215756002,132.8387
229,39950462,133.3877
230,215756002,133.9369
231,39950462,134.4817
232,215756002,135.034
233,39950462,135.5822
234,215756002,136.1322
235,39950462,136.6833
236,215756002,137.2352
237,39950462,137.7842
238,215756002,138.333
239,39950462,138.8834
240,39950462,139.4599
241,39950462,140.0333
242,39950462,140.6141
243,39950462,141.1907
244,39950462,141.7691
245,39950462,142.3483
246,39950462,142.9243
247,39950462,143.5015
248,39950462,144.0796
249,39950462,144.6578
250,39950462,145.2342
251,39950462,145.807
252,39950462,146.3856
253,39950462,146.9636
254,39950462,147.5406
255,39950462,148.1178
256,39950462,148.7026
257,39950462,149.2831
258,515523,149.8317
259,39950462,150.3781
260,215756002,150.9247
261,39950462,151.4668
262,215756002,152.0141
263,39950462,152.5631
264,215756002,153.1128
265,39950462,153.6591
266,215756002,154.2075
267,39950462,154.7738
268,215756002,155.325
269,39950462,155.8714
270,215756002,156.4186
271,39950462,156.9607
272,215756002,157.5076
273,39950462,158.0554
274,215756002,158.6068
275,39950462,159.1537
276,39950462,159.7658
277,39950462,160.3515
278,39950462,160.9342
279,39950462,161.5192
280,39950462,162.101
281,39950462,162.6772
282,39950462,163.2585
283,39950462,163.8392
284,39950462,164.425
285,39950462,165.0086
286,39950462,165.5888
287,39950462,166.1704
288,39950462,166.7489
289,39950462,167.3379
290,39950462,167.9181
291,39950462,168.4939
292,39950462,169.0737
293,39950462,169.6519
294,515523,170.2021
295,39950462,170.7503
296,215756002,171.2998
297,39950462,171.8493
298,215756002,172.3987
299,39950462,172.9477
300,215756002,173.5078
301,39950462,174.055
302,215756002,174.6033
303,39950462,175.1535
304,215756002,175.7025
305,39950462,176.2529
306,215756002,176.8031
307,39950462,177.3542
308,215756002,177.9047
309,39950462,178.4543
310,215756002,179.0044
311,39950462,179.5531
312,39950462,180.1344
313,39950462,180.713
314,39950462,181.2923
315,39950462,181.8731
316,39950462,182.4555
317,39950462,183.0357
318,39950462,183.6146
319,39950462,184.1937
320,39950462,184.7722
321,39950462,185.3477
322,39950462,185.9291
323,39950462,186.5098
324,39950462,187.0977
325,39950462,187.6774
326,39950462,188.2586
327,39950462,188.8426
328,39950462,189.4234
329,39950462,190.0064
330,515523,190.5565
331,39950462,191.1012
332,215756002,191.6555
333,39950462,192.2072
334,215756002,192.7555
335,39950462,193.3078
336,215756002,193.8584
337,39950462,194.411
338,215756002,194.9603
339,39950462,195.5093
340,215756002,196.0593
341,39950462,196.6049
342,215756002,197.1549
343,39950462,197.7049
344,215756002,198.2552
345,39950462,198.8092
346,215756002,199.3604
347,39950462,199.9115
348,39950462,200.4923
349,39950462,201.0719
350,39950462,201.6503
351,39950462,202.2255
352,39950462,202.8063
353,39950462,203.3875
354,39950462,203.9692
355,39950462,204.5497
356,39950462,205.1312
357,39950462,205.7115
358,39950462,206.2922
359,39950462,206.8728
360,39950462,207.4542
361,39950462,208.0296
362,39950462,208.6121
363,39950462,209.1932
364,39950462,209.775
365,39950462,210.358
366,515523,210.9123
367,39950462,211.4646
368,215756002,212.0173
369,39950462,212.5703
370,215756002,213.1223
371,39950462,213.6723
372,215756002,214.2264
373,39950462,214.7803
374,215756002,215.3361
375,39950462,215.8916
376,215756002,216.4465
377,39950462,216.998
378,215756002,217.551
379,39950462,218.1014
380,215756002,218.654
381,39950462,219.2024
382,215756002,219.755
383,39950462,220.3065
384,39950462,220.8867
385,39950462,221.4689
386,39950462,222.0509
387,39950462,222.6302
388,39950462,223.209
389,39950462,223.7884
390,39950462,224.3687
391,39950462,224.9454
392,39950462,225.5246
393,39950462,226.1056
394,39950462,226.6877
395,39950462,227.268
396,39950462,227.8499
397,39950462,228.4342
398,39950462,229.0138
399,39950462,229.5966
400,39950462,230.1779
401,39950462,230.7539
402,515523,231.3062
403,39950462,231.8563
404,215756002,232.4055
405,39950462,232.9545
406,215756002,233.5044
407,39950462,234.0607
408,215756002,234.6149
409,39950462,235.1752
410,215756002,235.7273
411,39950462,236.2741
412,215756002,236.8234
413,39950462,237.3727
414,215756002,237.9229
415,39950462,238.4751
416,215756002,239.0285
417,39950462,239.5867
418,215756002,240.1395
419,39950462,240.6924
420,39950462,241.2748
421,39950462,241.8508
422,39950462,242.4326
423,39950462,243.0123
424,39950462,243.5931
425,39950462,244.1735
426,39950462,244.7542
427,39950462,245.3393
428,39950462,245.9288
429,39950462,246.511
430,39950462,247.0905
431,39950462,247.6677
432,39950462,248.251
433,39950462,248.8326
434,39950462,249.4137
435,39950462,249.9943
436,39950462,250.5765
437,39950462,251.1572
438,515523,251.7056
439,39950462,252.2547
440,215756002,252.8024
441,39950462,253.347
442,215756002,253.8955
443,39950462,254.4475
444,215756002,254.9965
445,39950462,255.5461
446,215756002,256.0954
447,39950462,256.6437
448,215756002,257.1959
449,39950462,257.7495
450,215756002,258.3077
451,39950462,258.8531
452,215756002,259.4055
453,39950462,259.9549
454,215756002,260.5172
455,39950462,261.0696
456,39950462,261.6501
457,39950462,262.2298
458,39950462,262.8107
459,39950462,263.3902
460,39950462,263.9778
461,39950462,264.5536
462,39950462,265.1333
463,39950462,265.7108
464,39950462,266.2919
465,39950462,266.8703
466,39950462,267.4494
467,39950462,268.0283
468,39950462,268.6074
469,39950462,269.1866
470,39950462,269.7707
471,39950462,270.3467
472,39950462,270.9315
473,39950462,271.5108
474,515523,272.06
475,39950462,272.6085
476,215756002,273.1567
477,39950462,273.7052
478,215756002,274.2539
479,39950462,274.8044
480,215756002,275.355
481,39950462,275.901
482,215756002,276.4532
483,39950462,277.0011
484,215756002,277.5603
485,39950462,278.1118
486,215756002,278.6665
487,39950462,279.2188
488,215756002,279.7692
489,39950462,280.3232
490,215756002,280.8743
491,39950462,281.4234
492,39950462,282.0061
493,39950462,282.5859
494,39950462,283.1666
495,39950462,283.7466
496,39950462,284.3286
497,39950462,284.9096
498,39950462,285.4903
499,39950462,286.0725
500,39950462,286.6529
501,39950462,287.2324
502,39950462,287.812
503,39950462,288.3931
504,39950462,288.9723
505,39950462,289.5535
506,39950462,290.1335
507,39950462,290.7221
508,39950462,291.3004
509,39950462,291.8803
510,515523,292.4296
511,39950462,292.9732
512,215756002,293.5225
513,39950462,294.0713
514,215756002,294.62
515,39950462,295.1684
516,215756002,295.7185
517,39950462,296.2696
518,215756002,296.8223
519,39950462,297.372
520,215756002,297.9218
521,39950462,298.4672
522,215756002,299.0165
523,39950462,299.5725
524,215756002,300.1225
525,39950462,300.6757
526,215756002,301.2257
527,39950462,301.7796
528,39950462,302.3646
529,39950462,302.9452
530,39950462,303.5296
531,39950462,304.1065
532,39950462,304.6891
533,39950462,305.2731
534,39950462,305.8528
535,39950462,306.433
536,39950462,307.0127
537,39950462,307.5931
538,39950462,308.1771
539,39950462,308.7577
540,39950462,309.3371
541,39950462,309.9136
542,39950462,310.4972
543,39950462,311.0811
544,39950462,311.6652
545,39950462,312.2461
546,515523,312.7948
547,39950462,313.343
548,215756002,313.8914
549,39950462,314.4415
550,215756002,314.9897
551,39950462,315.5355
552,215756002,316.085
553,39950462,316.6373
554,215756002,317.1872
555,39950462,317.7371
556,215756002,318.2958
557,39950462,318.8452
558,215756002,319.3959
559,39950462,319.9483
560,215756002,320.5054
561,39950462,321.0519
562,215756002,321.6049
563,39950462,322.1569
564,39950462,322.7397
565,39950462,323.3209
566,39950462,323.9015
567,39950462,324.4818
568,39950462,325.0618
569,39950462,325.6499
570,39950462,326.231
571,39950462,326.8069
572,39950462,327.3919
573,39950462,327.9716
574,39950462,328.5679
575,39950462,329.1532
576,39950462,329.7461
577,39950462,330.342
578,39950462,330.9245
579,39950462,331.5134
580,39950462,332.1032
581,39950462,332.6962
582,515523,333.2495
583,39950462,333.8015
584,215756002,334.3544
585,39950462,334.9044
586,215756002,335.4582
587,39950462,336.0316
588,215756002,336.6984
589,39950462,337.2745
590,215756002,337.8218
591,39950462,338.3722
592,215756002,338.9261
593,39950462,339.4803
594,215756002,340.0383
595,39950462,340.595
596,215756002,341.1429
597,39950462,341.6993
598,215756002,342.2487
599,39950462,342.7954
600,39950462,343.3708
601,39950462,343.9429
602,39950462,344.5196
603,39950462,345.0954
604,39950462,345.6711
605,39950462,346.2466
606,39950462,346.8228
607,39950462,347.4008
608,39950462,347.9768
609,39950462,348.5521
610,39950462,349.128
611,39950462,349.7004
612,39950462,350.2776
613,39950462,350.854
614,39950462,351.4301
615,39950462,352.0053
616,39950462,352.5815
617,39950462,353.1569
618,515523,353.7047
619,39950462,354.25
620,215756002,354.7957
621,39950462,355.3385
622,215756002,355.8851
623,39950462,356.4357
624,215756002,356.9811
625,39950462,357.5268
626,215756002,358.0736
627,39950462,358.6228
628,215756002,359.1718
629,39950462,359.7209
630,215756002,360.2682
631,39950462,360.8149
632,215756002,361.3624
633,39950462,361.9101
634,215756002,362.4602
635,39950462,363.0115
636,39950462,363.5903
637,39950462,364.1715
638,39950462,364.7497
639,39950462,365.3357
640,39950462,365.9124
641,39950462,366.4884
642,39950462,367.0672
643,39950462,367.6461
644,39950462,368.2262
645,39950462,368.8048
646,39950462,369.3825
647,39950462,369.9621
648,39950462,370.5397
649,39950462,371.1203
650,39950462,371.697
651,39950462,372.2677
652,39950462,372.8467
653,39950462,373.4251
654,515523,373.9711
655,39950462,374.5179
656,215756002,375.0638
657,39950462,375.6121
658,215756002,376.1583
659,39950462,376.7053
660,215756002,377.2533
661,39950462,377.8002
662,215756002,378.3507
663,39950462,378.8967
664,215756002,379.4461
665,39950462,380.0111
666,215756002,380.5613
667,39950462,381.1083
668,215756002,381.6556
669,39950462,382.2022
670,215756002,382.7491
671,39950462,383.2961
672,39950462,383.8728
673,39950462,384.4514
674,39950462,385.0299
675,39950462,385.6089
676,39950462,386.1868
677,39950462,386.7631
678,39950462,387.3417
679,39950462,387.9203
680,39950462,388.499
681,39950462,389.0728
682,39950462,389.653
683,39950462,390.2305
684,39950462,390.8094
685,39950462,391.3869
686,39950462,391.9655
687,39950462,392.5446
688,39950462,393.1212
689,39950462,393.6972
690,515523,394.2433
691,39950462,394.7833
692,215756002,395.3328
693,39950462,395.8786
694,215756002,396.424
695,39950462,396.9693
696,215756002,397.5158
697,39950462,398.0631
698,215756002,398.6123
699,39950462,399.1599
700,215756002,399.7082
701,39950462,400.2553
702,215756002,400.8018
703,39950462,401.3523
704,215756002,401.9
705,39950462,402.4478
706,215756002,402.9964
707,39950462,403.545
708,39950462,404.122
709,39950462,404.7003
710,39950462,405.2771
711,39950462,405.8505
712,39950462,406.4277
713,39950462,407.0065
714,39950462,407.5837
715,39950462,408.1593
716,39950462,408.7355
717,39950462,409.3205
718,39950462,409.9011
719,39950462,410.479
720,39950462,411.0584
721,39950462,411.6303
722,39950462,412.2055
723,39950462,412.7813
724,39950462,413.3592
725,39950462,413.9354
726,515523,414.482
727,39950462,415.0274
728,215756002,415.5734
729,39950462,416.1205
730,215756002,416.6679
731,39950462,417.2153
732,215756002,417.7619
733,39950462,418.309
734,215756002,418.8549
735,39950462,419.4032
736,215756002,419.9508
737,39950462,420.4973
738,215756002,421.0439
739,39950462,421.5941
740,215756002,422.1403
741,39950462,422.6847
742,215756002,423.2377
743,39950462,423.7851
744,39950462,424.3607
745,39950462,424.9373
746,39950462,425.515
747,39950462,426.0914
748,39950462,426.6667
749,39950462,427.2429
750,39950462,427.8191
751,39950462,428.3928
752,39950462,428.9689
753,39950462,429.5494
754,39950462,430.1257
755,39950462,430.7013
756,39950462,431.2802
757,39950462,431.8564
758,39950462,432.4325
759,39950462,433.0124
760,39950462,433.5885
761,39950462,434.1616
762,515523,434.7076
763,39950462,435.2544
764,215756002,435.802
765,39950462,436.3503
766,215756002,436.897
767,39950462,437.4533
768,215756002,438.0007
769,39950462,438.5474
770,215756002,439.0942
771,39950462,439.6415
772,215756002,440.1907
773,39950462,440.7385
774,215756002,441.2862
775,39950462,441.8344
776,215756002,442.3828
777,39950462,442.9299
778,215756002,443.4807
779,39950462,444.0295
780,39950462,444.6062
781,39950462,445.18
782,39950462,445.7575
783,39950462,446.3367
784,39950462,446.9144
785,39950462,447.4909
786,39950462,448.0689
787,39950462,448.646
788,39950462,449.2245
789,39950462,449.8012
790,39950462,450.3779
791,39950462,450.9513
792,39950462,451.5278
793,39950462,452.1045
794,39950462,452.683
795,39950462,453.2628
796,39950462,453.8399
797,39950462,454.4155
798,515523,454.9601
799,39950462,455.5075
800,215756002,456.0536
801,39950462,456.5962
802,215756002,457.1422
803,39950462,457.6886
804,215756002,458.2359
805,39950462,458.782
806,215756002,459.3286
807,39950462,459.8769
808,215756002,460.424
809,39950462,460.971
810,215756002,461.5231
811,39950462,462.0684
812,215756002,462.6155
813,39950462,463.1634
814,215756002,463.7119
815,39950462,464.2613
816,39950462,464.8379
817,39950462,465.4144
818,39950462,465.9939
819,39950462,466.5721
820,39950462,467.1525
821,39950462,467.7275
822,39950462,468.3045
823,39950462,468.8806
824,39950462,469.4558
825,39950462,470.0314
826,39950462,470.6097
827,39950462,471.1871
828,39950462,471.7641
829,39950462,472.3418
830,39950462,472.9178
831,39950462,473.4979
832,39950462,474.0741
833,39950462,474.6499
834,515523,475.1952
835,39950462,475.741
836,215756002,476.2876
837,39950462,476.8345
838,215756002,477.3808
839,39950462,477.9275
840,215756002,478.4742
841,39950462,479.0199
842,215756002,479.5685
843,39950462,480.116
844,215756002,480.6626
845,39950462,481.209
846,215756002,481.7566
847,39950462,482.3051
848,215756002,482.8521
849,39950462,483.3998
850,215756002,483.9466
851,39950462,484.4917
852,39950462,485.0762
853,39950462,485.6547
854,39950462,486.232
855,39950462,486.8085
856,39950462,487.3861
857,39950462,487.9627
858,39950462,488.5399
859,39950462,489.1173
860,39950462,489.6951
861,39950462,490.2682
862,39950462,490.8444
863,39950462,491.423
864,39950462,491.9986
865,39950462,492.5743
866,39950462,493.1539
867,39950462,493.7307
868,39950462,494.3086
869,39950462,494.885
870,515523,495.4322
871,39950462,495.9724
872,215756002,496.5185
873,39950462,497.0646
874,215756002,497.6123
875,39950462,498.1582
876,215756002,498.7041
877,39950462,499.2503
878,215756002,499.7971
879,39950462,500.346
880,215756002,500.8931
881,39950462,501.4371
882,215756002,501.9838
883,39950462,502.5309
884,215756002,503.078
885,39950462,503.627
886,215756002,504.1767
887,39950462,504.7238
888,39950462,505.303
889,39950462,505.8786
890,39950462,506.4625
891,39950462,507.039
892,39950462,507.6158
893,39950462,508.1927
894,39950462,508.7693
895,39950462,509.3478
896,39950462,509.9261
897,39950462,510.5026
898,39950462,511.079
899,39950462,511.6551
900,39950462,512.2336
901,39950462,512.8071
902,39950462,513.3836
903,39950462,513.9594
904,39950462,514.5356
905,39950462,515.1138
906,515523,515.6614
907,39950462,516.2199
908,215756002,516.7648
909,39950462,517.3112
910,215756002,517.858
911,39950462,518.4065
912,215756002,518.954
913,39950462,519.5003
914,215756002,520.0474
915,39950462,520.594
916,215756002,521.1411
917,39950462,521.6902
918,215756002,522.2399
919,39950462,522.788
920,215756002,523.3389
921,39950462,523.8832
922,215756002,524.4376
923,39950462,524.9921
924,39950462,525.5717
925,39950462,526.1489
926,39950462,526.727
927,39950462,527.3061
928,39950462,527.8843
929,39950462,528.4594
930,39950462,529.0394
931,39950462,529.6128
932,39950462,530.1921
933,39950462,530.7687
934,39950462,531.3465
935,39950462,531.9265
936,39950462,532.5041
937,39950462,533.0832
938,39950462,533.6611
939,39950462,534.2389
940,39950462,534.8146
941,39950462,535.3874
942,515523,535.933
943,39950462,536.48
944,215756002,537.0266
945,39950462,537.5732
946,215756002,538.1193
947,39950462,538.6654
948,215756002,539.2134
949,39950462,539.76
950,215756002,540.3071
951,39950462,540.8509
952,215756002,541.3975
953,39950462,541.9452
954,215756002,542.4939
955,39950462,543.0431
956,215756002,543.5918
957,39950462,544.1393
958,215756002,544.6892
959,39950462,545.238
960,39950462,545.8165
961,39950462,546.3896
962,39950462,546.9659
963,39950462,547.5426
964,39950462,548.1199
965,39950462,548.6975
966,39950462,549.2737
967,39950462,549.8511
968,39950462,550.4286
969,39950462,551.0084
970,39950462,551.5884
971,39950462,552.1626
972,39950462,552.7395
973,39950462,553.3166
974,39950462,553.8935
975,39950462,554.4728
976,39950462,555.0501
977,39950462,555.6261
978,515523,556.1723
979,39950462,556.718
980,215756002,557.2647
981,39950462,557.8081
982,215756002,558.355
983,39950462,558.9007
984,215756002,559.4475
985,39950462,559.9943
986,215756002,560.5433
987,39950462,561.094
988,215756002,561.6414
989,39950462,562.1887
990,215756002,562.7362
991,39950462,563.2821
992,215756002,563.8314
993,39950462,564.3786
994,215756002,564.9272
995,39950462,565.4749
996,39950462,566.0503
997,39950462,566.6305
998,39950462,567.2094
999,39950462,567.7855
1000,39950462,568.3636
1001,39950462,568.9383
1002,39950462,569.5183
1003,39950462,570.0963
1004,39950462,570.6726
1005,39950462,571.2501
1006,39950462,571.8265
1007,39950462,572.4065
1008,39950462,572.9851
1009,39950462,573.5615
1010,39950462,574.1386
1011,39950462,574.7118
1012,39950462,575.2909
1013,39950462,575.8714
1014,515523,576.4194
1015,39950462,576.9662
1016,215756002,577.5118
1017,39950462,578.0596
1018,215756002,578.6074
1019,39950462,579.1541
1020,215756002,579.7013
1021,39950462,580.2456
1022,215756002,580.7924
1023,39950462,581.3419
1024,215756002,581.8898
1025,39950462,582.4364
1026,215756002,582.9836
1027,39950462,583.532
1028,215756002,584.0795
1029,39950462,584.6373
1030,215756002,585.1882
1031,39950462,585.7344
1032,39950462,586.3115
1033,39950462,586.8885
1034,39950462,587.4725
1035,39950462,588.0505
1036,39950462,588.6266
1037,39950462,589.2036
1038,39950462,589.7801
1039,39950462,590.3588
1040,39950462,590.9368
1041,39950462,591.514
1042,39950462,592.0919
1043,39950462,592.6715
1044,39950462,593.2527
1045,39950462,593.8287
1046,39950462,594.4059
1047,39950462,594.9822
1048,39950462,595.5597
1049,39950462,596.1367
1050,515523,596.6842
1051,39950462,597.2248
1052,215756002,597.7713
1053,39950462,598.3185
1054,215756002,598.8649
1055,39950462,599.4155
1056,215756002,599.9619
1057,39950462,600.5083
1058,215756002,601.0558
1059,39950462,601.6029
1060,215756002,602.1496
1061,39950462,602.6964
1062,215756002,603.2441
1063,39950462,603.792
1064,215756002,604.3398
1065,39950462,604.8883
1066,215756002,605.4438
1067,39950462,605.996
1068,39950462,606.5737
1069,39950462,607.1513
1070,39950462,607.7297
1071,39950462,608.3054
1072,39950462,608.8839
1073,39950462,609.4621
1074,39950462,610.0412
1075,39950462,610.6199
1076,39950462,611.1993
1077,39950462,611.7763
1078,39950462,612.3543
1079,39950462,612.9314
1080,39950462,613.5088
1081,39950462,614.0827
1082,39950462,614.6605
1083,39950462,615.2407
1084,39950462,615.8184
1085,39950462,616.3963
1086,515523,616.9422
1087,39950462,617.4887
1088,215756002,618.0355
1089,39950462,618.5825
1090,215756002,619.1291
1091,39950462,619.6736
1092,215756002,620.2219
1093,39950462,620.7688
1094,215756002,621.3163
1095,39950462,621.8642
1096,215756002,622.4115
1097,39950462,622.9586
1098,215756002,623.5082
1099,39950462,624.0568
1100,215756002,624.6043
1101,39950462,625.1488
1102,215756002,625.6989
1103,39950462,626.2486
1104,39950462,626.8256
1105,39950462,627.4028
1106,39950462,627.9824
1107,39950462,628.5607
1108,39950462,629.1388
1109,39950462,629.7176
1110,39950462,630.298
1111,39950462,630.8725
1112,39950462,631.4511
1113,39950462,632.0282
1114,39950462,632.6155
1115,39950462,633.1935
1116,39950462,633.7704
1117,39950462,634.349
1118,39950462,634.9266
1119,39950462,635.5063
1120,39950462,636.0847
1121,39950462,636.6588
1122,515523,637.2056
1123,39950462,637.7521
1124,215756002,638.3021
1125,39950462,638.8508
1126,215756002,639.4007
1127,39950462,639.9493
1128,215756002,640.4987
1129,39950462,641.0479
1130,215756002,641.5987
1131,39950462,642.1429
1132,215756002,642.6905
1133,39950462,643.2379
1134,215756002,643.7874
1135,39950462,644.3459
1136,215756002,644.8931
1137,39950462,645.4416
1138,215756002,645.9892
1139,39950462,646.5375
1140,39950462,647.1145
1141,39950462,647.6894
1142,39950462,648.2662
1143,39950462,648.8433
1144,39950462,649.4219
1145,39950462,649.9984
1146,39950462,650.5777
1147,39950462,651.1557
1148,39950462,651.7325
1149,39950462,652.3097
1150,39950462,652.8897
1151,39950462,653.4655
1152,39950462,654.0416
1153,39950462,654.6203
1154,39950462,655.1974
1155,39950462,655.7834
1156,39950462,656.3619
1157,39950462,656.9397
1158,515523,657.4859
1159,39950462,658.0335
1160,215756002,658.5799
1161,39950462,659.1236
1162,215756002,659.672
1163,39950462,660.2192
1164,215756002,660.7705
1165,39950462,661.3187
1166,215756002,661.8663
1167,39950462,662.4148
1168,215756002,662.9625
1169,39950462,663.5103
1170,215756002,664.0583
1171,39950462,664.6031
1172,215756002,665.1534
1173,39950462,665.7036
1174,215756002,666.2539
1175,39950462,666.8034
1176,39950462,667.3832
1177,39950462,667.9644
1178,39950462,668.5447
1179,39950462,669.125
1180,39950462,669.7042
1181,39950462,670.2794
1182,39950462,670.8575
1183,39950462,671.4436
1184,39950462,672.0237
1185,39950462,672.6015
1186,39950462,673.1811
1187,39950462,673.7591
1188,39950462,674.3378
1189,39950462,674.9157
1190,39950462,675.494
1191,39950462,676.0688
1192,39950462,676.6492
1193,39950462,677.2292
1194,515523,677.7779
1195,39950462,678.3247
1196,215756002,678.8695
1197,39950462,679.4158
1198,215756002,679.9619
1199,39950462,680.5106
1200,215756002,681.0568
1201,39950462,681.6013
1202,215756002,682.1487
1203,39950462,682.6965
1204,215756002,683.2463
1205,39950462,683.7957
1206,215756002,684.3435
1207,39950462,684.8907
1208,215756002,685.4411
1209,39950462,685.9887
1210,215756002,686.538
1211,39950462,687.0831
1212,39950462,687.6599
1213,39950462,688.2362
1214,39950462,688.8146
1215,39950462,689.3954
1216,39950462,689.9763
1217,39950462,690.5549
1218,39950462,691.1334
1219,39950462,691.7125
1220,39950462,692.2946
1221,39950462,692.8692
1222,39950462,693.4497
1223,39950462,694.0304
1224,39950462,694.6145
1225,39950462,695.1966
1226,39950462,695.7742
1227,39950462,696.3526
1228,39950462,696.9321
1229,39950462,697.5122
1230,515523,698.0614
1231,39950462,698.6043
1232,215756002,699.1511
1233,39950462,699.7002
1234,215756002,700.2484
1235,39950462,700.7961
1236,215756002,701.3481
1237,39950462,701.8975
1238,215756002,702.448
1239,39950462,702.9963
1240,215756002,703.5464
1241,39950462,704.0929
1242,215756002,704.6446
1243,39950462,705.1939
1244,215756002,705.7439
1245,39950462,706.2937
1246,215756002,706.8453
1247,39950462,707.3955
1248,39950462,707.9742
1249,39950462,708.5548
1250,39950462,709.1309
1251,39950462,709.7051
1252,39950462,710.2821
1253,39950462,710.859
1254,39950462,711.4366
1255,39950462,712.0174
1256,39950462,712.5928
1257,39950462,713.1711
1258,39950462,713.7482
1259,39950462,714.3252
1260,39950462,714.9011
1261,39950462,715.4742
1262,39950462,716.0513
1263,39950462,716.6299
1264,39950462,717.2104
1265,39950462,717.788
1266,515523,718.3487
1267,39950462,718.8936
1268,215756002,719.4417
1269,39950462,719.9926
1270,215756002,720.5481
1271,39950462,721.0926
1272,215756002,721.6393
1273,39950462,722.1873
1274,215756002,722.7348
1275,39950462,723.2828
1276,215756002,723.8325
1277,39950462,724.3812
1278,215756002,724.9288
1279,39950462,725.4809
1280,215756002,726.0308
1281,39950462,726.576
1282,215756002,727.1252
1283,39950462,727.6751
1284,39950462,728.2551
1285,39950462,728.8348
1286,39950462,729.4148
1287,39950462,729.9938
1288,39950462,730.5705
1289,39950462,731.1484
1290,39950462,731.7264
1291,39950462,732.298
1292,39950462,732.8747
1293,39950462,733.4545
1294,39950462,734.0321
1295,39950462,734.61
1296,39950462,735.1873
1297,39950462,735.7663
1298,39950462,736.347
1299,39950462,736.9261
1300,39950462,737.507
1301,39950462,738.0817
1302,515523,738.6293
1303,39950462,739.1781
1304,215756002,739.7245
1305,39950462,740.2743
1306,215756002,740.8237
1307,39950462,741.3712
1308,215756002,741.9224
1309,39950462,742.4694
1310,215756002,743.0167
1311,39950462,743.5616
1312,215756002,744.1099
1313,39950462,744.6574
1314,215756002,745.2052
1315,39950462,745.7536
1316,215756002,746.3031
1317,39950462,746.8508
1318,215756002,747.4001
1319,39950462,747.9481
1320,39950462,748.5258
1321,39950462,749.0987
1322,39950462,749.6763
1323,39950462,750.2522
1324,39950462,750.8315
1325,39950462,751.4078
1326,39950462,751.9849
1327,39950462,752.5635
1328,39950462,753.1411
1329,39950462,753.7282
1330,39950462,754.3056
1331,39950462,754.8799
1332,39950462,755.4629
1333,39950462,756.0413
1334,39950462,756.6216
1335,39950462,757.2013
1336,39950462,757.7794
1337,39950462,758.3593
1338,515523,758.9071
1339,39950462,759.4553
1340,215756002,760.0038
1341,39950462,760.5479
1342,215756002,761.0985
1343,39950462,761.6492
1344,215756002,762.1975
1345,39950462,762.7449
1346,215756002,763.2951
1347,39950462,763.8432
1348,215756002,764.3943
1349,39950462,764.942
1350,215756002,765.4937
1351,39950462,766.0411
1352,215756002,766.5908
1353,39950462,767.1391
1354,215756002,767.6907
1355,39950462,768.2407
1356,39950462,768.8171
1357,39950462,769.3937
1358,39950462,769.9705
1359,39950462,770.5487
1360,39950462,771.1271
1361,39950462,771.7114
1362,39950462,772.2876
1363,39950462,772.8642
1364,39950462,773.4419
1365,39950462,774.0213
1366,39950462,774.6009
1367,39950462,775.177
1368,39950462,775.7536
1369,39950462,776.3317
1370,39950462,776.9077
1371,39950462,777.4812
1372,39950462,778.0621
1373,39950462,778.6388
1374,515523,779.1858
1375,39950462,779.7318
1376,215756002,780.2794
1377,39950462,780.8269
1378,215756002,781.3742
1379,39950462,781.9213
1380,215756002,782.4704
1381,39950462,783.0142
1382,215756002,783.5621
1383,39950462,784.1116
1384,215756002,784.6587
1385,39950462,785.207
1386,215756002,785.7557
1387,39950462,786.3046
1388,215756002,786.8517
1389,39950462,787.4008
1390,215756002,787.9486
1391,39950462,788.4956
1392,39950462,789.072
1393,39950462,789.6496
1394,39950462,790.2277
1395,39950462,790.8073
1396,39950462,791.3877
1397,39950462,791.9649
1398,39950462,792.5413
1399,39950462,793.1191
1400,39950462,793.6982
1401,39950462,794.2733
1402,39950462,794.8546
1403,39950462,795.4339
1404,39950462,796.0143
1405,39950462,796.5929
1406,39950462,797.1726
1407,39950462,797.75
1408,39950462,798.3286
1409,39950462,798.9096
1410,515523,799.4596
1411,39950462,800.0016
1412,215756002,800.5513
1413,39950462,801.099
1414,215756002,801.6495
1415,39950462,802.1978
1416,215756002,802.7463
1417,39950462,803.3051
1418,215756002,803.8545
1419,39950462,804.4055
1420,215756002,804.9532
1421,39950462,805.4986
1422,215756002,806.0506
1423,39950462,806.6009
1424,215756002,807.1493
1425,39950462,807.7
1426,215756002,808.2521
1427,39950462,808.8034
1428,39950462,809.3859
1429,39950462,809.9639
1430,39950462,810.5424
1431,39950462,811.1165
1432,39950462,811.6939
1433,39950462,812.2748
1434,39950462,812.8546
1435,39950462,813.4332
1436,39950462,814.0102
1437,39950462,814.5878
1438,39950462,815.1643
1439,39950462,815.7433
1440,39950462,816.3228
1441,39950462,816.8953
1442,39950462,817.4743
1443,39950462,818.0516
1444,39950462,818.6294
1445,39950462,819.2059
1446,515523,819.7513
1447,39950462,820.2975
1448,215756002,820.8443
1449,39950462,821.392
1450,215756002,821.94
1451,39950462,822.4869
1452,215756002,823.0411
1453,39950462,823.5871
1454,215756002,824.1343
1455,39950462,824.6823
1456,215756002,825.2296
1457,39950462,825.7787
1458,215756002,826.3257
1459,39950462,826.8739
1460,215756002,827.4232
1461,39950462,827.9717
1462,215756002,828.5223
1463,39950462,829.0697
1464,39950462,829.646
1465,39950462,830.224
1466,39950462,830.8007
1467,39950462,831.3816
1468,39950462,831.9585
1469,39950462,832.5365
1470,39950462,833.114
1471,39950462,833.6882
1472,39950462,834.2645
1473,39950462,834.8401
1474,39950462,835.4169
1475,39950462,836.0009
1476,39950462,836.5803
1477,39950462,837.1583
1478,39950462,837.7355
1479,39950462,838.3113
1480,39950462,838.8882
1481,39950462,839.4642
1482,515523,840.0107
1483,39950462,840.556
1484,215756002,841.1021
1485,39950462,841.6517
1486,215756002,842.2004
1487,39950462,842.7518
1488,215756002,843.2985
1489,39950462,843.8467
1490,215756002,844.3934
1491,39950462,844.937
1492,215756002,845.4853
1493,39950462,846.0372
1494,215756002,846.585
1495,39950462,847.1325
1496,215756002,847.6819
1497,39950462,848.2374
1498,215756002,848.7859
1499,39950462,849.3344
1500,39950462,849.9108
1501,39950462,850.4842
1502,39950462,851.0642
1503,39950462,851.6436
1504,39950462,852.2212
1505,39950462,852.7991
1506,39950462,853.3806
1507,39950462,853.9614
1508,39950462,854.5455
1509,39950462,855.1239
1510,39950462,855.7039
1511,39950462,856.2774
1512,39950462,856.856
1513,39950462,857.4379
1514,39950462,858.0223
1515,39950462,858.6061
1516,39950462,859.1849
1517,39950462,859.7668
1518,515523,860.3181
1519,39950462,860.8652
1520,215756002,861.4115
1521,39950462,861.9545
1522,215756002,862.5024
1523,39950462,863.0681
1524,215756002,863.621
1525,39950462,864.1733
1526,215756002,864.7253
1527,39950462,865.2807
1528,215756002,865.8394
1529,39950462,866.3954
1530,215756002,866.9449
1531,39950462,867.491
1532,215756002,868.0429
1533,39950462,868.5916
1534,215756002,869.1425
1535,39950462,869.6972
1536,39950462,870.2805
1537,39950462,870.8578
1538,39950462,871.4348
1539,39950462,872.0222
1540,39950462,872.6008
1541,39950462,873.1744
1542,39950462,873.7515
1543,39950462,874.3291
1544,39950462,874.9071
1545,39950462,875.4924
1546,39950462,876.0825
1547,39950462,876.6681
1548,39950462,877.2826
1549,39950462,877.8579
