1,9.153209817726991e+17,0.57241
2,5.603722003238787e+17,1.8477
3,3.051638897535457e+17,2.2839
4,1.156535300764019e+17,2.5964
5,5.21345537943007e+16,2.8733
6,3.787439532539445e+16,3.1573
7,2.54701613861342e+16,3.4281
8,2492164206861739,3.7094
9,2492164206861739,3.979
10,2492164206861739,4.2451
11,1630385486861739,4.5272
12,1280606766861739,4.8047
13,567595116472455,5.0757
14,211980410411779,5.3449
15,120746315401094,5.6164
16,61531258903670,5.8907
17,7436984379509,6.1587
18,134677990225,6.4274
19,0,6.7082
