1,2.743288825827839e+17,0.05686
2,2.552595106067839e+17,0.071191
3,2.440244531469584e+17,0.085442
4,2.338088394450566e+17,0.099466
5,2.244771700083373e+17,0.11407
6,2.153387988669076e+17,0.1284
7,2.07638530102271e+17,0.14243
8,2.00509653534271e+17,0.15666
9,1.936031798945476e+17,0.17077
10,1.867024110115687e+17,0.18482
11,1.800964922154982e+17,0.19885
12,1.741451070743029e+17,0.21317
13,1.687762305063029e+17,0.22712
14,1.634134891743028e+17,0.24111
15,1.506321754877325e+17,0.25528
16,1.441338043463029e+17,0.26952
17,1.399847228949395e+17,0.28347
18,1.363593794056559e+17,0.29756
19,1.334040384114073e+17,0.31625
20,1.304306161991027e+17,0.33077
21,1.276445165545468e+17,0.34526
22,1.244091374106158e+17,0.36012
23,1.221344543202716e+17,0.37461
24,1.200883961496567e+17,0.38967
25,1.185090420486068e+17,0.40401
26,1.165868466760949e+17,0.41836
27,1.154688694200949e+17,0.43269
28,1.144512559395424e+17,0.44705
29,1.137071631787622e+17,0.46139
30,1.129777435693876e+17,0.47584
31,1.12417221318551e+17,0.49048
32,1.119472557171376e+17,0.50479
33,1.115892904317983e+17,0.51914
34,1.112617862763979e+17,0.53359
35,1.109636521599543e+17,0.54793
36,1.106977021151543e+17,0.5623
37,1.102268710951543e+17,0.57808
38,1.100832534072924e+17,0.59267
39,1.099436051160924e+17,0.60702
40,1.096702275016924e+17,0.62135
41,1.094990690152924e+17,0.636
42,1.093375793352924e+17,0.6509
43,1.092211079736924e+17,0.66526
44,1.091059968808924e+17,0.67959
45,1.090108059784924e+17,0.69397
46,1.088152559336924e+17,0.70829
47,1.087460313127543e+17,0.72262
48,1.086024136248924e+17,0.73695
49,1.085331890039543e+17,0.75132
50,1.085048050087543e+17,0.76565
51,1.085019873208924e+17,0.77998
52,1.084327626999543e+17,0.79435
53,1.083986728888228e+17,0.80869
54,1.038605040790492e+17,0.82329
55,1.015858661766492e+17,0.83923
56,1.015431024689538e+17,0.85369
57,1.015174943385072e+17,0.86806
58,1.014946267465072e+17,0.88212
59,1.014085767913072e+17,0.89626
60,1.012203388889072e+17,0.91083
61,1.010339297913072e+17,0.92481
62,1.009189794985072e+17,0.93883
63,1.008800324409072e+17,0.95283
64,1.008557038025072e+17,0.96682
65,1.007122260533438e+17,0.98083
66,1.006893584613438e+17,0.99486
67,1.006033085061438e+17,1.0088
68,1.005576994085438e+17,1.0228
69,1.005102615061438e+17,1.0368
70,1.004504289388835e+17,1.0508
71,1.004189419525438e+17,1.0648
72,1.003960743605438e+17,1.0787
73,1.003893780153072e+17,1.0944
74,1.003836168638432e+17,1.1091
75,1.003779149123792e+17,1.1234
76,1.003722721609152e+17,1.1378
77,1.003666886094512e+17,1.1521
78,1.003611642579872e+17,1.1671
79,1.003556991065232e+17,1.1814
80,1.003502931550592e+17,1.1959
81,1.003449464035952e+17,1.2103
82,1.003396588521312e+17,1.2246
83,1.003344305006672e+17,1.2391
84,1.003292613492032e+17,1.2534
85,1.003241513977392e+17,1.2678
86,1.003191006462752e+17,1.2839
87,1.003141090948112e+17,1.3001
88,1.003091767433472e+17,1.3152
89,1.003043035918832e+17,1.3305
90,1.002994896404192e+17,1.3449
91,1.002947348889552e+17,1.3603
92,1.002900393374912e+17,1.3748
93,1.002854029860272e+17,1.3896
94,1.002808258345632e+17,1.404
95,1.002763078830992e+17,1.4185
96,1.002718491316352e+17,1.4328
97,1.002674495801712e+17,1.4471
98,1.002631092287072e+17,1.4621
99,1.002588280772432e+17,1.4766
100,1.002546061257792e+17,1.4909
101,1.002504433743152e+17,1.5056
102,1.002463398228512e+17,1.5201
103,1.002422954713872e+17,1.5346
104,1.002383103199232e+17,1.5489
105,1.002343843684592e+17,1.5633
106,1.002305176169952e+17,1.5776
107,1.002267100655312e+17,1.592
108,1.002229617140672e+17,1.6063
109,1.002192725626032e+17,1.6219
110,1.002156426111392e+17,1.6361
111,1.002120718596752e+17,1.6504
112,1.002085603082112e+17,1.6643
113,1.002051079567472e+17,1.6783
114,1.002017148052832e+17,1.6931
115,1.001983808538192e+17,1.7071
116,1.001951061023552e+17,1.7211
117,1.001918905508912e+17,1.735
118,1.001887039656752e+17,1.749
119,1.001855476142112e+17,1.763
120,1.001823965489952e+17,1.7769
121,1.001792810037792e+17,1.791
122,1.001761838523152e+17,1.8052
123,1.001731038270992e+17,1.8192
124,1.001700593218832e+17,1.8333
125,1.001670213704192e+17,1.8473
126,1.001640123852032e+17,1.8612
127,1.001610336337392e+17,1.8769
128,1.001580601685232e+17,1.8916
129,1.001551222233072e+17,1.9056
130,1.001522026718432e+17,1.9196
131,1.001493002466272e+17,1.9336
132,1.001464333414112e+17,1.9482
133,1.001435729899472e+17,1.9622
134,1.001407416047312e+17,1.9761
135,1.001379404532672e+17,1.9901
136,1.001351445880512e+17,2.0042
137,1.001323842428352e+17,2.0182
138,1.001296422913712e+17,2.0324
139,1.001269174661552e+17,2.0464
140,1.001242281609392e+17,2.0606
141,1.001215454094752e+17,2.0745
142,1.001188916242592e+17,2.0887
143,1.001162680727952e+17,2.1033
144,1.001136498075792e+17,2.1175
145,1.001110670623632e+17,2.133
146,1.001085027108992e+17,2.1473
147,1.001059554856832e+17,2.1614
148,1.001034437804672e+17,2.1754
149,1.001009386290032e+17,2.1895
150,1.000984756585152e+17,2.2041
151,1.000960677870512e+17,2.2183
152,1.000937056165632e+17,2.2324
153,1.000913950250992e+17,2.2464
154,1.000891336546112e+17,2.2603
155,1.000869203431472e+17,2.2743
156,1.000847597726592e+17,2.2883
157,1.000826437411952e+17,2.3023
158,1.000805839707072e+17,2.3163
159,1.000785652192432e+17,2.3302
160,1.000766056677792e+17,2.3442
161,1.000746847772912e+17,2.3581
162,1.000728225058272e+17,2.3721
163,1.000710024153392e+17,2.3876
164,1.000692374238752e+17,2.4017
165,1.000675181333872e+17,2.4157
166,1.000658504219232e+17,2.4297
167,1.000642319314352e+17,2.4437
168,1.000626614999712e+17,2.4583
169,1.000611438094832e+17,2.4723
170,1.000596706580192e+17,2.4863
171,1.000582537675312e+17,2.5004
172,1.000568778960672e+17,2.5144
173,1.000555500462912e+17,2.5284
174,1.000542298548272e+17,2.5425
175,1.000529125650512e+17,2.5566
176,1.000516093552752e+17,2.5705
177,1.000503202254992e+17,2.5845
178,1.000490451757232e+17,2.5986
179,1.000477701042592e+17,2.6127
180,1.000465056144832e+17,2.6266
181,1.000452552047072e+17,2.6421
182,1.000440188749312e+17,2.6563
183,1.000427924434672e+17,2.6702
184,1.000415666736912e+17,2.6842
185,1.000403549839152e+17,2.6982
186,1.000391573741392e+17,2.7128
187,1.000379738443632e+17,2.7267
188,1.000367925328992e+17,2.7407
189,1.000356195631232e+17,2.7547
190,1.000344606733472e+17,2.7687
191,1.000333158635712e+17,2.7826
192,1.000321831921072e+17,2.7966
193,1.000310489423312e+17,2.8107
194,1.000299287725552e+17,2.8247
195,1.000288226827792e+17,2.8387
196,1.000277306730032e+17,2.8526
197,1.000266431215392e+17,2.8666
198,1.000255616717632e+17,2.8805
199,1.000244943019872e+17,2.8963
200,1.000234410122112e+17,2.9105
201,1.000224018024352e+17,2.9245
202,1.000213593709712e+17,2.9385
203,1.000203307211952e+17,2.9524
204,1.000193161514192e+17,2.9664
205,1.000183156616432e+17,2.9809
206,1.000173218701792e+17,2.995
207,1.000163319404032e+17,3.0089
208,1.000153560906272e+17,3.023
209,1.000143943208512e+17,3.037
210,1.000134466310752e+17,3.051
211,1.000124979596112e+17,3.0651
212,1.000115608298352e+17,3.0792
213,1.000106257912912e+17,3.0932
214,1.000097027415152e+17,3.1072
215,1.000087817829712e+17,3.1211
216,1.000078728131952e+17,3.1351
217,1.000069657417312e+17,3.1509
218,1.000060553431872e+17,3.1658
219,1.000051569334112e+17,3.1801
220,1.000042606148672e+17,3.1945
221,1.000033762850912e+17,3.209
222,1.000024940465472e+17,3.2239
223,1.000016237967712e+17,3.2383
224,1.000007548053072e+17,3.2527
225,9.999988312676317e+16,3.267
226,9.999902343698717e+16,3.2813
227,9.999816583844317e+16,3.2957
228,9.999732022866717e+16,3.31
229,9.999647671012317e+16,3.3244
230,9.999564518034717e+16,3.3388
231,9.999481426888317e+16,3.3531
232,9.999398131033917e+16,3.3677
233,9.999316034056317e+16,3.382
234,9.999234146201917e+16,3.3964
235,9.999153457224317e+16,3.4121
236,9.999072977369917e+16,3.4265
237,9.998993696392317e+16,3.4405
238,9.998914413245917e+16,3.4545
239,9.998834989391517e+16,3.4684
240,9.998756764413917e+16,3.483
241,9.998678748559517e+16,3.497
242,9.998601931581917e+16,3.511
243,9.998525323727517e+16,3.525
244,9.998449914749917e+16,3.539
245,9.998374439603517e+16,3.553
246,9.998298887749117e+16,3.567
247,9.998224534771517e+16,3.581
248,9.998150390917117e+16,3.595
249,9.998077445939517e+16,3.6089
250,9.998004710085117e+16,3.623
251,9.997933173107517e+16,3.6369
252,9.997861505961117e+16,3.6512
253,9.997789826106717e+16,3.6667
254,9.997719345129117e+16,3.6809
255,9.997649073274717e+16,3.6952
256,9.997580000297117e+16,3.7091
257,9.997511136442717e+16,3.7232
258,9.997443471465117e+16,3.7377
259,9.997375612318717e+16,3.752
260,9.997307804464317e+16,3.7663
261,9.997241195486717e+16,3.7802
262,9.997174795632317e+16,3.7943
263,9.997109594654717e+16,3.8084
264,9.997044602800317e+16,3.8224
265,9.996980597645917e+16,3.8363
266,9.996916804668317e+16,3.8504
267,9.996852753521917e+16,3.8645
268,9.996788817667517e+16,3.8788
269,9.996725182920528e+16,3.8931
270,9.996662171602928e+16,3.9071
271,9.996599434625328e+16,3.9227
272,9.996536841818128e+16,3.937
273,9.996474534500528e+16,3.9513
274,9.996412358646128e+16,3.9653
275,9.996350755328528e+16,3.9793
276,9.996289426350928e+16,3.9941
277,9.996228241543728e+16,4.0083
278,9.996167342226128e+16,4.0224
279,9.996106926371728e+16,4.0365
280,9.996046731054128e+16,4.0504
281,9.995986810076528e+16,4.0646
282,9.995927033269328e+16,4.0787
283,9.995867541951728e+16,4.0927
284,9.995808354805328e+16,4.1066
285,9.995749346950928e+16,4.1207
286,9.995690481973328e+16,4.1348
287,9.995631694655728e+16,4.1488
288,9.995573611338128e+16,4.1631
289,9.995515594530928e+16,4.1787
290,9.995458137553328e+16,4.1929
291,9.995400758235728e+16,4.207
292,9.995343510381328e+16,4.221
293,9.995286835063728e+16,4.2349
294,9.995230226256528e+16,4.2495
295,9.995174177278928e+16,4.2636
296,9.995118205961328e+16,4.2784
297,9.995062653154128e+16,4.2933
298,9.995007385836528e+16,4.3073
299,9.994952249982128e+16,4.3212
300,9.994897609004528e+16,4.3352
301,9.994842933858128e+16,4.3493
302,9.994788370540528e+16,4.3633
303,9.994734290686128e+16,4.3772
304,9.994680431368528e+16,4.3914
305,9.994626846390928e+16,4.4053
306,9.994573405583728e+16,4.4193
307,9.994520250266128e+16,4.4349
308,9.994467253946928e+16,4.449
309,9.994414582092528e+16,4.463
310,9.994361937773328e+16,4.477
311,9.994309486455728e+16,4.4909
312,9.994257309478128e+16,4.5057
313,9.994205276670928e+16,4.5197
314,9.994153336351728e+16,4.5337
315,9.994101589034128e+16,4.5479
316,9.994048771401117e+16,4.5619
317,9.989406329370971e+16,4.5759
318,9.98935351173796e+16,4.59
319,9.98930189588356e+16,4.604
320,9.98925030756436e+16,4.618
321,9.98919908841796e+16,4.6319
322,9.98914785209876e+16,4.6459
323,9.98909658824436e+16,4.6599
324,9.98904546726676e+16,4.674
325,9.98899458294756e+16,4.6896
326,9.98894437509316e+16,4.7038
327,9.98889384277396e+16,4.7178
328,9.98884401445476e+16,4.7318
329,9.98879430147716e+16,4.7458
330,9.98874473266996e+16,4.7604
331,9.98869558081556e+16,4.7745
332,9.98864610449636e+16,4.7884
333,9.98859733217716e+16,4.8024
334,9.98854851303076e+16,4.8164
335,9.98849971317636e+16,4.8303
336,9.98845094085716e+16,4.8443
337,9.98840228387956e+16,4.8582
338,9.98835421556036e+16,4.8722
339,9.98830611970596e+16,4.8862
340,9.98825840338676e+16,4.9006
341,9.98821115440916e+16,4.9148
342,9.98816404960196e+16,4.9288
343,9.98811703728276e+16,4.9443
344,9.98806999742836e+16,4.9586
345,9.98802333710916e+16,4.9726
346,9.98797726996276e+16,4.9866
347,9.98793093410836e+16,5.0007
348,9.98788427378916e+16,5.0152
349,9.98783808081156e+16,5.0292
350,9.98779212449236e+16,5.0432
351,9.98774649263796e+16,5.0573
352,9.98770088831876e+16,5.0714
353,9.98765598799956e+16,5.0853
354,9.98761106014516e+16,5.0993
355,9.98756627516756e+16,5.1134
356,9.98752172684836e+16,5.1274
357,9.98747743804116e+16,5.1414
358,9.98743359372196e+16,5.1553
359,9.98738972186756e+16,5.1693
360,9.98734570272116e+16,5.1833
361,9.98730185840196e+16,5.1988
362,9.98725812942436e+16,5.2133
363,9.98721490887556e+16,5.2273
364,9.98717174102116e+16,5.2412
365,9.98712824870196e+16,5.2552
366,9.98708546038276e+16,5.2698
367,9.98704278740516e+16,5.2837
368,9.98699991885636e+16,5.2978
369,9.98695745500196e+16,5.3118
370,9.98691501868276e+16,5.3258
371,9.98687285413396e+16,5.3397
372,9.98683088515636e+16,5.3538
373,9.98678906034916e+16,5.3678
374,9.98674724780036e+16,5.3818
375,9.98670551548116e+16,5.3959
376,9.98666410762676e+16,5.41
377,9.98662248848036e+16,5.424
378,9.98658075616116e+16,5.4379
379,9.98653949118356e+16,5.4536
380,9.98649803063476e+16,5.4679
381,9.98645700231556e+16,5.4818
382,9.98641594646116e+16,5.4959
383,9.98637518991236e+16,5.51
384,9.98633451359316e+16,5.5245
385,9.98629395261556e+16,5.5385
386,9.98625354806676e+16,5.5528
387,9.98621354821236e+16,5.5668
388,9.98617322389316e+16,5.5808
389,9.98613352334436e+16,5.5948
390,9.98609366636676e+16,5.6088
391,9.98605404604756e+16,5.6227
392,9.98601468524036e+16,5.6367
393,9.98597533669156e+16,5.6507
394,9.98593639283716e+16,5.6647
395,9.98589712451796e+16,5.6787
396,9.98585755337156e+16,5.6927
397,9.98581840039396e+16,5.7083
398,9.98577940384516e+16,5.7227
399,9.98574048752596e+16,5.7369
400,9.98570189567156e+16,5.7508
401,9.98566333135236e+16,5.7648
402,9.98562503880356e+16,5.7796
403,9.98558658982596e+16,5.7937
404,9.98554864927716e+16,5.8078
405,9.98551078895796e+16,5.8221
406,9.98547290110356e+16,5.8362
407,9.98543539278436e+16,5.8504
408,9.98539799980676e+16,5.8644
409,9.98536041125796e+16,5.8786
410,9.98532351445076e+16,5.8929
411,9.98528662990196e+16,5.9069
412,9.98524982558276e+16,5.9209
413,9.98521299372836e+16,5.9349
414,9.98517582258196e+16,5.9491
415,9.98513878160436e+16,5.9646
416,9.98510197728516e+16,5.9787
417,9.98506544473636e+16,5.9928
418,9.98502931688196e+16,6.0069
419,9.98499286456276e+16,6.0209
420,9.98495687958516e+16,6.0354
421,9.98492069903636e+16,6.0494
422,9.98488495071716e+16,6.0636
423,9.98484947416836e+16,6.0776
424,9.98481405031396e+16,6.0917
425,9.98477865399476e+16,6.106
426,9.98474337301716e+16,6.1199
427,9.98470824846836e+16,6.1339
428,9.98467355614916e+16,6.1481
429,9.98463878500276e+16,6.1621
430,9.98460371314836e+16,6.176
431,9.98456902082916e+16,6.19
432,9.98453444385156e+16,6.2043
433,9.98449967130276e+16,6.2199
434,9.98446560275396e+16,6.2344
435,9.98443158689956e+16,6.2486
436,9.98439724658036e+16,6.2626
437,9.98436337360276e+16,6.2765
438,9.98432965705396e+16,6.2911
439,9.98429602073476e+16,6.305
440,9.98426264392756e+16,6.319
441,9.98422937372356e+16,6.333
442,9.98419636117476e+16,6.347
443,9.98416340132036e+16,6.361
444,9.98413011700116e+16,6.3749
445,9.98409730002356e+16,6.3889
446,9.98406463947476e+16,6.4029
447,9.98403205915556e+16,6.4169
448,9.98399968800916e+16,6.4309
449,9.98396708015476e+16,6.4449
450,9.98393449983556e+16,6.4589
451,9.98390228563156e+16,6.4747
452,9.98387032908276e+16,6.4888
453,9.98383821610516e+16,6.5028
454,9.98380633978596e+16,6.5169
455,9.98377443593156e+16,6.5308
456,9.98374283138276e+16,6.5453
457,9.98371130706356e+16,6.5594
458,9.98368014885956e+16,6.5734
459,9.98364923605236e+16,6.5875
460,9.98361833550356e+16,6.6017
461,9.98358727852596e+16,6.6157
462,9.98355645820676e+16,6.6298
463,9.98352561035236e+16,6.6439
464,9.98349506180356e+16,6.6578
465,9.98346459348436e+16,6.6718
466,9.98343449128036e+16,6.6861
467,9.98340464673156e+16,6.7001
468,9.98337464575396e+16,6.7143
469,9.98334467460756e+16,6.73
470,9.98331228365636e+16,6.7444
471,9.98328178780196e+16,6.7583
472,9.98325131948276e+16,6.7723
473,9.98322147493396e+16,6.7865
474,9.98319171061476e+16,6.8011
475,9.98316191876036e+16,6.8152
476,9.98313226978276e+16,6.8294
477,9.98310265063636e+16,6.8435
478,9.98307131568516e+16,6.8575
479,9.98304147113636e+16,6.8714
480,9.98301170681716e+16,6.8854
481,9.98298226696276e+16,6.8998
482,9.98295285464356e+16,6.9137
483,9.98292355766596e+16,6.9277
484,9.98289406511716e+16,6.9417
485,9.98286514997076e+16,6.9557
486,9.98283487101956e+16,6.9698
487,9.98280573047076e+16,6.9853
488,9.98277643349316e+16,6.9997
489,9.98274734563876e+16,7.0137
490,9.98271793331956e+16,7.0277
491,9.98268914477076e+16,7.0418
492,9.98266043645156e+16,7.0568
493,9.98263205259716e+16,7.0708
494,9.98260348945076e+16,7.0851
495,9.98257391449956e+16,7.0991
496,9.98254496952196e+16,7.1131
497,9.98251618097316e+16,7.1273
498,9.98248747265396e+16,7.1414
499,9.98245938810516e+16,7.1554
500,9.98243114712756e+16,7.1695
501,9.98240311527316e+16,7.1835
502,9.98237475895396e+16,7.1975
503,9.98234654780756e+16,7.2116
504,9.98231767685636e+16,7.2256
505,9.98228959230756e+16,7.2413
506,9.98226158798836e+16,7.2554
507,9.98223355613396e+16,7.2699
508,9.98220566715636e+16,7.2853
509,9.98217793460756e+16,7.3011
510,9.98215028228836e+16,7.3161
511,9.98212277514196e+16,7.3301
512,9.98209496019076e+16,7.344
513,9.98206728033636e+16,7.3583
514,9.98203962801716e+16,7.3723
515,9.98201209103956e+16,7.3862
516,9.98198435849076e+16,7.4003
517,9.98195732994196e+16,7.4143
518,9.98193038162276e+16,7.4283
519,9.98190340576836e+16,7.4424
520,9.98187625062196e+16,7.4564
521,9.98184906564436e+16,7.4703
522,9.98182160269316e+16,7.4844
523,9.98179457414436e+16,7.5
524,9.98176762582516e+16,7.5141
525,9.98174100197076e+16,7.5282
526,9.98171440565156e+16,7.5421
527,9.98168792467396e+16,7.5562
528,9.98166112152756e+16,7.5708
529,9.98163444497876e+16,7.5848
530,9.98160803802756e+16,7.5988
531,9.98158171347876e+16,7.6128
532,9.98155523250116e+16,7.6267
533,9.98152896064676e+16,7.6407
534,9.98150236432756e+16,7.6548
535,9.98147639177876e+16,7.6688
536,9.98145049945956e+16,7.6827
537,9.98142440031316e+16,7.6968
538,9.98139848045876e+16,7.7108
539,9.98137258813956e+16,7.7247
540,9.98134681116196e+16,7.7386
541,9.98132075621076e+16,7.7542
542,9.98129478366196e+16,7.7684
543,9.98126951511316e+16,7.7823
544,9.98124409013556e+16,7.7964
545,9.98121869498916e+16,7.8103
546,9.98119312713476e+16,7.8248
547,9.98116723481556e+16,7.8388
548,9.98114204649636e+16,7.8529
549,9.98111704754516e+16,7.8668
550,9.98109177899636e+16,7.8808
551,9.98106656314196e+16,7.895
552,9.98104149016436e+16,7.9091
553,9.98101644701796e+16,7.9234
554,9.98099125869876e+16,7.9373
555,9.98096634214996e+16,7.9513
556,9.98094183029556e+16,7.9653
557,9.98091699397636e+16,7.9793
558,9.98089262499876e+16,7.9932
559,9.98086797804756e+16,8.0088
560,9.98084306149876e+16,8.023
561,9.98081872235236e+16,8.037
562,9.98079423803316e+16,8.051
563,9.98076972617876e+16,8.0649
564,9.98074551362996e+16,8.0795
565,9.98072114465236e+16,8.0934
566,9.98069701233316e+16,8.1076
567,9.98067315178436e+16,8.1218
568,9.98064920883316e+16,8.1359
569,9.98062540097876e+16,8.1498
570,9.98060141383236e+16,8.1638
571,9.98057728151316e+16,8.1778
572,9.98055326453556e+16,8.192
573,9.98052940398676e+16,8.206
574,9.98050597566756e+16,8.22
575,9.98048251981316e+16,8.234
576,9.98045936326436e+16,8.2479
577,9.98043605028676e+16,8.2635
578,9.98041245933556e+16,8.2776
579,9.98038882418916e+16,8.2916
580,9.98036539586996e+16,8.3056
581,9.98034223932116e+16,8.3197
582,9.98031913546676e+16,8.3342
583,9.98029605914756e+16,8.3483
584,9.98027309816996e+16,8.3623
585,9.98025029362116e+16,8.3763
586,9.98022775866996e+16,8.3902
587,9.98020482752356e+16,8.4042
588,9.98018207566916e+16,8.4182
589,9.98015899934996e+16,8.4321
590,9.98013639037236e+16,8.4461
591,9.98011358582356e+16,8.4602
592,9.98009121350436e+16,8.4741
593,9.98006911295556e+16,8.4882
594,9.98004706510116e+16,8.5023
595,9.98002504478196e+16,8.5178
596,9.98000313980436e+16,8.532
597,9.97998095685316e+16,8.5459
598,9.97995767370676e+16,8.5599
599,9.97993557315796e+16,8.5738
600,9.97991387730356e+16,8.5883
601,9.97989185698436e+16,8.6024
602,9.97987027145556e+16,8.6164
603,9.97984871847796e+16,8.6303
604,9.97982696992916e+16,8.6443
605,9.97980549097796e+16,8.6583
606,9.97978326383156e+16,8.6724
607,9.97976159551236e+16,8.6864
608,9.97973989965796e+16,8.7004
609,9.97971850310916e+16,8.7144
610,9.97969695013156e+16,8.7285
611,9.97967563381236e+16,8.7424
612,9.97965458926356e+16,8.7564
613,9.97963394940916e+16,8.7721
614,9.97961298508996e+16,8.7862
615,9.97959221013876e+16,8.8002
616,9.97956998299236e+16,8.8141
617,9.97954878201476e+16,8.8281
618,9.97952773746596e+16,8.8426
619,9.97950685593716e+16,8.8566
620,9.97948624361796e+16,8.8707
621,9.97946560376356e+16,8.8847
622,9.97944526321476e+16,8.8989
623,9.97942476623716e+16,8.9129
624,9.97940434328596e+16,8.9268
625,9.97938282013956e+16,8.9408
626,9.97936220782036e+16,8.9548
627,9.97934186727156e+16,8.9688
628,9.97932157941716e+16,8.9827
629,9.97930131909796e+16,8.9968
630,9.97928117412036e+16,9.0108
631,9.97926118557156e+16,9.0262
632,9.97924136004276e+16,9.0404
633,9.97922164109156e+16,9.0544
634,9.97920082194516e+16,9.0684
635,9.97918088609076e+16,9.0825
636,9.97916062577156e+16,9.0966
637,9.97914083279396e+16,9.1112
638,9.97912084424516e+16,9.1253
639,9.97910128792596e+16,9.1392
640,9.97908200337716e+16,9.1534
641,9.97906277152276e+16,9.1675
642,9.97904356720356e+16,9.1816
643,9.97902447822596e+16,9.1956
644,9.97900511127476e+16,9.2096
645,9.97898394012836e+16,9.2236
646,9.97896465557956e+16,9.2375
647,9.97894553405076e+16,9.2516
648,9.97892665419636e+16,9.2655
649,9.97890744987716e+16,9.2812
650,9.97888871289956e+16,9.2955
651,9.97886978035076e+16,9.3099
652,9.97885111739956e+16,9.3238
653,9.97883100225316e+16,9.3379
654,9.97881214993396e+16,9.3525
655,9.97879327007956e+16,9.3665
656,9.97877468953076e+16,9.3807
657,9.97875595255316e+16,9.3949
658,9.97873745223396e+16,9.4089
659,9.97871922368516e+16,9.423
660,9.97870115815636e+16,9.437
661,9.97868319920516e+16,9.451
662,9.97866378805876e+16,9.4652
663,9.97864526020436e+16,9.4793
664,9.97862675988516e+16,9.4933
665,9.97860837490756e+16,9.5074
666,9.97859014635876e+16,9.5215
667,9.97857235003956e+16,9.5371
668,9.97855452618516e+16,9.5512
669,9.97853700163636e+16,9.5653
670,9.97851932065876e+16,9.5793
671,9.97850171370756e+16,9.5932
672,9.97848230256116e+16,9.6079
673,9.97846450624196e+16,9.622
674,9.97844698169316e+16,9.6361
675,9.97842950983876e+16,9.6503
676,9.97841206551956e+16,9.6642
677,9.97839470399076e+16,9.6782
678,9.97837737501316e+16,9.6922
679,9.97836020246436e+16,9.7062
680,9.97834329951316e+16,9.7202
681,9.97832459236676e+16,9.7342
682,9.97830747251236e+16,9.7483
683,9.97829002819316e+16,9.7623
684,9.97827305121556e+16,9.7764
685,9.97825587866676e+16,9.792
686,9.97823913834756e+16,9.8061
687,9.97822266979876e+16,9.8202
688,9.97820625394436e+16,9.8341
689,9.97818986562516e+16,9.8481
690,9.97817356009636e+16,9.8627
691,9.97815700914516e+16,9.8767
692,9.97813830199876e+16,9.8909
693,9.97812132502116e+16,9.905
694,9.97810485647236e+16,9.919
695,9.97808879261796e+16,9.9329
696,9.97807240429876e+16,9.9469
697,9.97805648332116e+16,9.9609
698,9.97804036677236e+16,9.9748
699,9.97802451982116e+16,9.9888
700,9.97800651667476e+16,10.0028
701,9.97799048035556e+16,10.017
702,9.97797441650116e+16,10.031
703,9.97795865195236e+16,10.0465
704,9.97794273097476e+16,10.0606
705,9.97792704665556e+16,10.0746
706,9.97791144512676e+16,10.0885
707,9.97789603257796e+16,10.1025
708,9.97788088962676e+16,10.1171
709,9.97786359048036e+16,10.131
710,9.97784787862596e+16,10.145
711,9.97783219430676e+16,10.1591
712,9.97781662532916e+16,10.1731
713,9.97780121278036e+16,10.187
714,9.97778623246116e+16,10.2011
715,9.97777122460676e+16,10.215
716,9.97775651605796e+16,10.229
717,9.97774165108036e+16,10.2429
718,9.97772686012916e+16,10.2569
719,9.97770956098276e+16,10.2711
720,9.97769458066356e+16,10.2865
721,9.97767968313476e+16,10.3028
722,9.97766497458596e+16,10.3169
723,9.97765031873156e+16,10.3309
724,9.97763569041236e+16,10.345
725,9.97762117743476e+16,10.3591
726,9.97760682088596e+16,10.3739
727,9.97759273393476e+16,10.3879
728,9.97757613878836e+16,10.4019
729,9.97756183493396e+16,10.4159
730,9.97754720661476e+16,10.43
731,9.97753304563716e+16,10.4439
732,9.97751868908836e+16,10.458
733,9.97750476476916e+16,10.4722
734,9.97749092324036e+16,10.4861
735,9.97747727069156e+16,10.5003
736,9.97746367083716e+16,10.5143
737,9.97744993588596e+16,10.5283
738,9.97743369273956e+16,10.5424
739,9.97741953176196e+16,10.558
740,9.97740560744276e+16,10.5723
741,9.97739195489396e+16,10.5862
742,9.97737870703956e+16,10.6004
743,9.97736513472036e+16,10.6143
744,9.97735202974276e+16,10.6288
745,9.97733872919396e+16,10.6432
746,9.97732569824276e+16,10.6572
747,9.97730980709636e+16,10.6712
748,9.97729658677716e+16,10.6853
749,9.97728333892276e+16,10.6993
750,9.97727020139396e+16,10.7132
751,9.97725725284516e+16,10.7274
752,9.97724414786756e+16,10.7413
753,9.97723127954836e+16,10.7553
754,9.97721868299956e+16,10.7695
755,9.97720635604836e+16,10.7835
756,9.97719116890196e+16,10.7974
757,9.97717827304756e+16,10.8132
758,9.97716540472836e+16,10.8273
759,9.97715265175076e+16,10.8412
760,9.97714005520196e+16,10.8552
761,9.97712789088276e+16,10.8694
762,9.97711569902836e+16,10.8839
763,9.97710361749956e+16,10.898
764,9.97709172495076e+16,10.9122
765,9.97707967597316e+16,10.9261
766,9.97706734902196e+16,10.9402
767,9.97705216187556e+16,10.9542
768,9.97703999755636e+16,10.9682
769,9.97702810500756e+16,10.9823
770,9.97701626515316e+16,10.9963
771,9.97700445283396e+16,11.0104
772,9.97699275585636e+16,11.0243
773,9.97698121530756e+16,11.0383
774,9.97696994435636e+16,11.0523
775,9.97695546120996e+16,11.0679
776,9.97694397335556e+16,11.0821
777,9.97693216103636e+16,11.0963
778,9.97692078350756e+16,11.1104
779,9.97690943852996e+16,11.1245
780,9.97689789798116e+16,11.139
781,9.97688678966196e+16,11.1531
782,9.97687595311316e+16,11.1672
783,9.97686516925876e+16,11.1812
784,9.97685425030756e+16,11.1952
785,9.97684011916116e+16,11.2095
786,9.97682877418356e+16,11.2236
787,9.97681766586436e+16,11.2377
788,9.97680682931556e+16,11.2518
789,9.97679639746116e+16,11.2657
790,9.97678564114196e+16,11.2798
791,9.97677531961316e+16,11.2939
792,9.97676503063556e+16,11.3079
793,9.97675454608676e+16,11.3236
794,9.97674397913556e+16,11.338
795,9.97673019998916e+16,11.3521
796,9.97671979566996e+16,11.3662
797,9.97670936381556e+16,11.3802
798,9.97669923126676e+16,11.3949
799,9.97668894228916e+16,11.4092
800,9.97667888996996e+16,11.4235
801,9.97666910942116e+16,11.4376
802,9.97665959846996e+16,11.4517
803,9.97664652332356e+16,11.4658
804,9.97663644346916e+16,11.4799
805,9.97662639114996e+16,11.4939
806,9.97661645417236e+16,11.508
807,9.97660667362356e+16,11.5221
808,9.97659705609476e+16,11.5363
809,9.97658770777556e+16,11.5506
810,9.97657833192116e+16,11.5648
811,9.97656925537236e+16,11.5805
812,9.97656002239476e+16,11.5946
813,9.97655051144356e+16,11.6089
814,9.97653743629716e+16,11.6228
815,9.97652808797796e+16,11.6368
816,9.97651901142916e+16,11.6516
817,9.97650998757476e+16,11.6655
818,9.97650099125556e+16,11.6795
819,9.97649211027796e+16,11.6938
820,9.97648338572916e+16,11.7078
821,9.97647482258276e+16,11.7218
822,9.97646255963156e+16,11.7358
823,9.97645364610276e+16,11.75
824,9.97644497424836e+16,11.764
825,9.97643597792916e+16,11.7781
826,9.97642744895156e+16,11.792
827,9.97641872440276e+16,11.8061
828,9.97641021320996e+16,11.8202
829,9.97640192089076e+16,11.8357
830,9.97639360103636e+16,11.8498
831,9.97638503788996e+16,11.8638
832,9.97637347893876e+16,11.8778
833,9.97636510638996e+16,11.8921
834,9.97635657741236e+16,11.9067
835,9.97634828509316e+16,11.9207
836,9.97634007556436e+16,11.9347
837,9.97633156437156e+16,11.9488
838,9.97632324451716e+16,11.9628
839,9.97631522396836e+16,11.9769
840,9.97630728364916e+16,11.9908
841,9.97629907250276e+16,12.0048
842,9.97628821755156e+16,12.0188
843,9.97628004057396e+16,12.0329
844,9.97627188138116e+16,12.0469
845,9.97626356152676e+16,12.0609
846,9.97625554097796e+16,12.0749
847,9.97624760065876e+16,12.0907
848,9.97623974312996e+16,12.1049
849,9.97623193593716e+16,12.1189
850,9.97622407679076e+16,12.133
851,9.97621427783956e+16,12.1472
852,9.97620595798516e+16,12.162
853,9.97619801766596e+16,12.176
854,9.97619019268836e+16,12.19
855,9.97618217213956e+16,12.2041
856,9.97617471694676e+16,12.2182
857,9.97616710109236e+16,12.2322
858,9.97615951277316e+16,12.2462
859,9.97615165362676e+16,12.2603
860,9.97614291067556e+16,12.2742
861,9.97613505314676e+16,12.2881
862,9.97612738459796e+16,12.3022
863,9.97611955962036e+16,12.3161
864,9.97611210442756e+16,12.3301
865,9.97610448857316e+16,12.3457
866,9.97609690025396e+16,12.36
867,9.97608958370516e+16,12.3741
868,9.97608242855876e+16,12.3882
869,9.97607438960756e+16,12.4022
870,9.97606656983076e+16,12.4167
871,9.97605909685316e+16,12.4307
872,9.97605178030436e+16,12.4448
873,9.97604451644996e+16,12.459
874,9.97603692813076e+16,12.473
875,9.97602947293796e+16,12.487
876,9.97602196740916e+16,12.5011
877,9.97601508308996e+16,12.515
878,9.97600792794356e+16,12.529
879,9.97600059299236e+16,12.5429
880,9.97599297713796e+16,12.5569
881,9.97598550936116e+16,12.5709
882,9.97597805416836e+16,12.5849
883,9.97597093319076e+16,12.6005
884,9.97596361664196e+16,12.6147
885,9.97595640684596e+16,12.6286
886,9.97594952252676e+16,12.6426
887,9.97594261067236e+16,12.6566
888,9.97593545552596e+16,12.6712
889,9.97592835233316e+16,12.6852
890,9.97592119880436e+16,12.6992
891,9.97591386385316e+16,12.7134
892,9.97590674287556e+16,12.7274
893,9.97589942632676e+16,12.7413
894,9.97589221653076e+16,12.7553
895,9.97588510075396e+16,12.7694
896,9.97587821643476e+16,12.7833
897,9.97587130458036e+16,12.7973
898,9.97586450143396e+16,12.8113
899,9.97585739824116e+16,12.8253
900,9.97585051392196e+16,12.8393
901,9.97584374494436e+16,12.8548
902,9.97583676199316e+16,12.8689
903,9.97582944544436e+16,12.8829
904,9.97582223564836e+16,12.8969
905,9.97581532379396e+16,12.911
906,9.97580852226516e+16,12.9256
907,9.97580175848836e+16,12.9396
908,9.97579500729556e+16,12.9537
909,9.97578820414916e+16,12.9676
910,9.97578131982996e+16,12.9817
911,9.97577455085236e+16,12.9959
912,9.97576758630356e+16,13.0099
913,9.97576060335236e+16,13.0242
914,9.97575339355636e+16,13.0381
915,9.97574648170196e+16,13.0521
916,9.97573986915316e+16,13.0663
917,9.97573310017556e+16,13.0803
918,9.97572624237956e+16,13.0943
919,9.97571971006036e+16,13.11
920,9.97571325891396e+16,13.1241
921,9.97570649513716e+16,13.138
922,9.97569974394436e+16,13.1522
923,9.97569311299316e+16,13.1662
924,9.97568620113876e+16,13.1809
925,9.97567939960996e+16,13.1949
926,9.97567278706116e+16,13.2089
927,9.97566601808356e+16,13.2229
928,9.97565916028756e+16,13.237
929,9.97565262796836e+16,13.251
930,9.97564622877556e+16,13.2649
931,9.97563977762916e+16,13.2801
932,9.97563321777476e+16,13.2955
933,9.97562668545556e+16,13.3101
934,9.97562027367876e+16,13.3241
935,9.97561364272756e+16,13.3381
936,9.97560703017876e+16,13.3521
937,9.97560026120116e+16,13.3678
938,9.97559340340516e+16,13.382
939,9.97558714285636e+16,13.396
940,9.97558098906036e+16,13.4101
941,9.97557457208276e+16,13.424
942,9.97556847293636e+16,13.4386
943,9.97556207374356e+16,13.4525
944,9.97555551388916e+16,13.4666
945,9.97554888293796e+16,13.4806
946,9.97554208140916e+16,13.4946
947,9.97553554908996e+16,13.5086
948,9.97552913731316e+16,13.5225
949,9.97552287676436e+16,13.5365
950,9.97551672296836e+16,13.5504
951,9.97551030599076e+16,13.5644
952,9.97550425879796e+16,13.5784
953,9.97549805094356e+16,13.5924
954,9.97549159979716e+16,13.6068
955,9.97548506747796e+16,13.6223
956,9.97547878852676e+16,13.6364
957,9.97547252797796e+16,13.6505
958,9.97546637418196e+16,13.6645
959,9.97545995720436e+16,13.6785
960,9.97545385967556e+16,13.693
961,9.97544779989876e+16,13.707
962,9.97544175270596e+16,13.7211
963,9.97543554485156e+16,13.7351
964,9.97542936453236e+16,13.7491
965,9.97542291338596e+16,13.7631
966,9.97541698643476e+16,13.7771
967,9.97541072588596e+16,13.7911
968,9.97540457208996e+16,13.8052
969,9.97539815511236e+16,13.8191
970,9.97539224656356e+16,13.8331
971,9.97538639070916e+16,13.8471
972,9.97538021038996e+16,13.861
973,9.97537416319716e+16,13.8769
974,9.97536836140116e+16,13.8912
975,9.97536261425476e+16,13.9052
976,9.97535654927716e+16,13.9192
977,9.97535048950036e+16,13.9332
978,9.97534421054916e+16,13.9477
979,9.97533811302036e+16,13.9617
980,9.97533220447156e+16,13.9757
981,9.97532634861716e+16,13.9898
982,9.97532016829796e+16,14.0037
983,9.97531412110516e+16,14.0177
984,9.97530831930916e+16,14.0317
985,9.97530260633156e+16,14.0456
986,9.97529685918516e+16,14.0596
987,9.97529103086596e+16,14.0736
988,9.97528517501156e+16,14.0876
989,9.97527924806036e+16,14.1017
990,9.97527318828356e+16,14.1156
991,9.97526727973476e+16,14.1312
992,9.97526147793876e+16,14.1454
993,9.97525576496116e+16,14.1595
994,9.97525006976836e+16,14.1735
995,9.97524432423956e+16,14.1875
996,9.97523876769076e+16,14.202
997,9.97523329137156e+16,14.2162
998,9.97522754422516e+16,14.2302
999,9.97522168837076e+16,14.2442
1000,9.97521576141956e+16,14.2582
1001,9.97520995962356e+16,14.2722
