1,23303193713,0.029416,20282105865,0,3021087848
2,18910636975,0.044159,17801310740,0,1109326235
3,15167183107,0.058806,14051310740,0,1115872367
4,12498674077,0.073476,11382801710,0,1115872367
5,9933553620,0.088076,9673759205,0,259794415
6,8359223865,0.10261,8117613150,0,241610715
7,7123065160,0.11736,6982380100,0,140685060
8,6107024995,0.13192,5966339935,0,140685060
9,4887148225,0.14648,4887148225,0,0
10,4014435679,0.16105,3967867380,46568299,0
11,3211894237,0.17577,3120175410,91718827,0
12,2492489107,0.19038,2400770280,91718827,0
13,2304933862,0.20492,2213215035,91718827,0
14,2123898332,0.21958,2032179505,91718827,0
15,1958602302,0.23423,1713411485,91718827,153471990
16,1698735122,0.24878,1607016295,91718827,0
17,1561897917,0.2639,1470179090,91718827,0
18,1447687992,0.28017,1355969165,91718827,0
19,1335064432,0.29548,1243345605,91718827,0
20,1280841846,0.31004,847335255,91718827,341787764
21,1088629484,0.32466,727790740,94868294,265970450
22,956917054,0.33926,628785635,94868294,233263125
23,956917054,0.35385,628785635,94868294,233263125
24,989557059,0.36851,628785635,127508299,233263125
25,147118808.273,0.3863,79908757.3953,12224150.8834,54985899.9942
26,153303992.3598,0.40144,92094449.0211,6223643.3444,54985899.9942
27,139864278.9336,0.41635,84472557.7932,405821.1462,54985899.9942
28,144126350.1615,0.43119,88734629.0211,405821.1462,54985899.9942
29,130266563.5938,0.44596,74874842.4534,405821.1462,54985899.9942
30,136281734.7783,0.4608,67728642.8623,5857264.7675,62695827.1485
31,139663580.9753,0.4805,133300236.2803,6363344.695,0
32,153976262.8053,0.49689,147612918.1103,6363344.695,0
33,168490546.6581,0.51227,162127201.9631,6363344.695,0
34,821202356,0.53522,775745725,45456631,0
35,664719601,0.55714,619262970,45456631,0
36,550509676,0.57885,505053045,45456631,0
37,492078796,0.6005,446622165,45456631,0
38,371181771,0.62347,325725140,45456631,0
39,328874607,0.64604,325725140,3149467,0
40,325727011,0.66864,278828530,46898481,0
41,325727011,0.69125,278828530,46898481,0
42,331561273,0.71381,273373045,43749014,14439214
43,339201278,0.73666,273373045,51389019,14439214
44,339201278,0.75884,273373045,51389019,14439214
45,266608373,0.79563,197665440,51389019,17553914
46,219728784,0.83074,146903805,51389019,21435960
47,173067259,0.86575,100242280,51389019,21435960
48,151280659,0.90084,75242280,51389019,24649360
49,111502659,0.93579,35464280,51389019,24649360
50,20570476.6495,0.97095,11600257.2889,3521103.1345,5449116.2261
51,17049373.515,1.006,11600257.2889,0,5449116.2261
52,14851063.5308,1.0413,10054980.6007,0,4796082.9301
53,13215763.1532,1.0767,8419680.2231,0,4796082.9301
54,11625474.6202,1.1117,6829391.6901,0,4796082.9301
55,10080197.932,1.1475,5284115.0019,0,4796082.9301
56,8444897.5543,1.1829,3648814.6242,0,4796082.9301
57,6899620.8661,1.218,2103537.936,0,4796082.9301
58,5912734.309,1.253,2450569.7455,1451517.1293,2010647.4342
59,2915772.8751,1.2881,905125.4408,0,2010647.4342
60,905125.4408,1.3234,905125.4408,0,0
61,422333.5618,1.3582,422333.5618,0,0
62,104275.8552,1.3933,104275.8552,0,0
63,59264.0105,1.4284,59264.0105,0,0
64,0,1.4633,0,0,0
