1,11656406019,0.18024,11043648550,0,612757469
2,8991124500,0.20264,8018685485,0,972439015
3,6007540145,0.21788,5600400455,0,407139690
4,4779626470,0.23241,4302479905,70006875,407139690
5,3665243015,0.24708,3188096450,70006875,407139690
6,2801146610,0.26167,2324000045,70006875,407139690
7,2495647374,0.27632,1993980685,94526999,407139690
8,2157112229,0.29085,1780834170,94526999,281751060
9,1915468774,0.30552,1539190715,94526999,281751060
10,1680459114,0.32005,1402295285,94526999,183636830
11,926506644,0.33463,827356555,94526999,4623090
12,831592069,0.34916,674604645,156987424,0
13,859088263,0.36379,674604645,184483618,0
14,906713899,0.37842,674604645,232109254,0
15,977251019,0.39308,674604645,302646374,0
16,1066453529,0.40783,688807155,377646374,0
17,966739479,0.44372,589093105,377646374,0
18,877536969,0.46712,574890595,302646374,0
19,806999849,0.48868,574890595,232109254,0
20,756999849,0.51026,574890595,182109254,0
21,709374213,0.53166,574890595,134483618,0
22,681878019,0.55301,574890595,106987424,0
23,659629929,0.57453,602642505,56987424,0
24,657648594,0.59594,600661170,56987424,0
25,113923769.7165,0.6203,104652955.8658,9270813.8507,0
26,114224584.5841,0.64191,104652955.8658,9571628.7183,0
27,118084590.1641,0.66374,104180296.2109,13904293.9532,0
28,124376371.5909,0.68581,110472077.6377,13904293.9532,0
29,125589860.4505,0.7076,111685566.4973,13904293.9532,0
30,710492435,0.75847,550033535,160458900,0
31,630284530,0.79586,469825630,160458900,0
32,580284530,0.83104,419825630,160458900,0
33,530284530,0.86631,369825630,160458900,0
34,484677045,0.90129,324218145,160458900,0
35,451037805,0.93649,290578905,160458900,0
36,401037805,0.97154,290578905,110458900,0
37,374880885,1.0067,264421985,110458900,0
38,324880885,1.0417,264421985,60458900,0
39,274880885,1.077,214421985,60458900,0
40,259880885,1.1124,199421985,60458900,0
41,234328900,1.1477,173870000,60458900,0
42,227685810,1.1833,167226910,60458900,0
43,221739360,1.2189,161280460,60458900,0
44,101183290,1.2542,40724390,60458900,0
45,65810990,1.2895,5352090,60458900,0
46,55810990,1.3248,5352090,50458900,0
47,45810990,1.3601,5352090,40458900,0
48,38242835,1.3953,7783935,30458900,0
49,33850320,1.4304,3391420,30458900,0
50,13568371.0771,1.4685,4163521.0115,9404850.0656,0
51,10022471.8296,1.5036,4664464.5772,5337591.4724,20415.78
52,6898798.5427,1.5388,4664464.5772,2213918.1855,20415.78
53,4664464.5772,1.574,4664464.5772,0,0
54,3662577.4459,1.6089,3662577.4459,0,0
55,2660690.3145,1.6439,2660690.3145,0,0
56,1664989.3858,1.6789,1658803.1832,6186.2026,0
57,755411.0251,1.7168,749224.8225,6186.2026,0
58,205738.7752,1.752,199552.5726,6186.2026,0
59,113430.0045,1.7871,107243.8019,6186.2026,0
60,100460.4754,1.8221,94274.2728,6186.2026,0
61,92580.533,1.8571,86394.3304,6186.2026,0
62,50366.1189,1.897,44179.9163,6186.2026,0
63,12444.3904,1.9324,6258.1878,6186.2026,0
64,6186.2026,1.9675,0,6186.2026,0
65,6186.2026,2.0024,0,6186.2026,0
66,6186.2026,2.038,0,6186.2026,0
67,6186.2026,2.0739,0,6186.2026,0
68,6186.2026,2.1097,0,6186.2026,0
69,27503069,2.1269,0,27503069,0
70,75128705,2.1417,0,75128705,0
71,142589130,2.1568,0,142589130,0
72,217589130,2.1718,0,217589130,0
73,459232585,2.187,241643455,217589130,0
74,18854817.1808,2.2091,0,18854817.1808,0
75,142589130,2.2309,0,142589130,0
76,94963494,2.2523,0,94963494,0
77,67467300,2.2738,0,67467300,0
78,67538724.15,2.2955,71424.15,67467300,0
79,67645901.68,2.317,178601.68,67467300,0
80,185476.68,2.3385,178601.68,6875,0
81,418763.59,2.3601,411888.59,6875,0
82,657386.01,2.3821,650511.01,6875,0
83,909322.54,2.4049,902447.54,6875,0
84,941528.08,2.4271,934653.08,6875,0
85,7033083.6035,2.4639,7026897.4009,6186.2026,0
86,6031196.4721,2.5005,6025010.2695,6186.2026,0
87,5507070.8412,2.5383,5500884.6386,6186.2026,0
88,5456976.4847,2.5755,5450790.2821,6186.2026,0
89,4791481.4737,2.6118,4785295.2711,6186.2026,0
90,4241809.2238,2.6476,4235623.0212,6186.2026,0
91,4233929.2813,2.6841,4227743.0787,6186.2026,0
92,4229636.5957,2.7204,4223450.3931,6186.2026,0
93,1889003.6338,2.7557,1882817.4312,6186.2026,0
94,1889003.6338,2.7919,1882817.4312,6186.2026,0
95,887116.5025,2.8274,880930.2999,6186.2026,0
96,887116.5025,2.8635,880930.2999,6186.2026,0
97,213413.3308,2.8985,207227.1282,6186.2026,0
98,213413.3308,2.9338,207227.1282,6186.2026,0
99,213413.3308,2.9693,207227.1282,6186.2026,0
100,1655573.7222,3.0048,1640880.9594,14692.7628,0
101,1655573.7222,3.0416,1640880.9594,14692.7628,0
102,56581835,3.0576,8449325,48132510,0
103,124042260,3.0726,8449325,115592935,0
104,365685715,3.0874,250092780,115592935,0
105,124042260,3.102,8449325,115592935,0
106,192579380,3.1169,8449325,184130055,0
107,210075574,3.1318,8449325,201626249,0
108,545730253,3.147,269583880,276146373,0
109,914452594,3.1622,608469645,305982949,0
110,232157495.18,3.1842,694670.18,231462825,0
111,163620375.18,3.2058,694670.18,162925705,0
112,115994740.18,3.2275,694670.18,115300070,0
113,85480392.65,3.2492,16898.65,85463494,0
114,67984198.65,3.2708,16898.65,67967300,0
115,67991376.18,3.2924,24076.18,67967300,0
116,530951.18,3.3141,24076.18,506875,0
117,593304.81,3.3356,86429.81,506875,0
118,576134.42,3.3571,69259.42,506875,0
119,700924.49,3.379,194049.49,506875,0
120,685754.58,3.4005,178879.58,506875,0
121,866635.86,3.4222,866635.86,0,0
122,1099922.77,3.4439,1099922.77,0,0
123,1099922.77,3.4655,1099922.77,0,0
124,1333545.19,3.4873,1333545.19,0,0
125,116817697.48,3.5234,110025828,0,6791869.48
126,108414289.48,3.5589,101622420,0,6791869.48
127,102455170.48,3.5944,95663301,0,6791869.48
128,93895965.48,3.6297,87104096,0,6791869.48
129,93178212.48,3.6656,86386343,0,6791869.48
130,92889906.92,3.7016,86386343,0,6503563.92
131,88641433.92,3.7391,82137870,0,6503563.92
132,29870874.67,3.7746,23362242,5068.75,6503563.92
133,29660874.67,3.8107,23362242,5068.75,6293563.92
134,29582223.67,3.8463,23283591,5068.75,6293563.92
135,6719981.67,3.8819,421349,5068.75,6293563.92
136,4619981.67,3.9176,421349,5068.75,4193563.92
137,4577135.67,3.9533,378503,5068.75,4193563.92
138,4567135.67,3.9892,378503,5068.75,4183563.92
139,4567135.67,4.0248,378503,5068.75,4183563.92
140,4567135.67,4.0607,378503,5068.75,4183563.92
141,4557135.67,4.096,378503,5068.75,4173563.92
142,4557135.67,4.1324,378503,5068.75,4173563.92
143,4183632.67,4.1676,0,10068.75,4173563.92
144,3973632.67,4.2026,0,10068.75,3963563.92
145,3973632.67,4.2388,0,10068.75,3963563.92
146,3973632.67,4.2747,0,10068.75,3963563.92
147,1873632.67,4.3097,0,10068.75,1863563.92
148,1873632.67,4.3459,0,10068.75,1863563.92
149,1873632.67,4.3824,0,10068.75,1863563.92
150,99810699.3933,4.4179,432771.53,58434.51,99319493.3533
151,79918177.7712,4.4529,432771.53,58434.51,79426971.7312
152,79818177.7712,4.4886,332771.53,58434.51,79426971.7312
153,79818177.7712,4.5244,332771.53,58434.51,79426971.7312
154,79816962.8012,4.56,341556.56,48434.51,79426971.7312
155,71117112.0697,4.5954,466161.7,48434.51,70602515.8597
156,71033825.8897,4.631,382875.52,48434.51,70602515.8597
157,70992506.9297,4.6666,341556.56,48434.51,70602515.8597
158,70983721.8997,4.7045,332771.53,48434.51,70602515.8597
159,70983721.8997,4.7415,332771.53,48434.51,70602515.8597
160,70983721.8997,4.7779,332771.53,48434.51,70602515.8597
161,41423.3132,4.813,0,68.75,41354.5632
162,68.75,4.8479,0,68.75,0
163,0,4.8841,0,0,0
