1,14357829004,0.034807,13426382360,43220670,888225974
2,8990791134,0.049695,8670799740,43220670,276770724
3,7172789740,0.064892,6817239160,78779856,276770724
4,5613304875,0.079536,5257754295,78779856,276770724
5,4373630225,0.094093,4018079645,78779856,276770724
6,3254032792,0.10874,2960408120,78779856,214844816
7,2422299907,0.12332,2128675235,78779856,214844816
8,1615531412,0.13811,1321906740,78779856,214844816
9,1365335546,0.15271,1276986330,78779856,9569360
10,1175173954,0.16766,1056703220,108901374,9569360
11,1048600509,0.1823,930129775,108901374,9569360
12,945934604,0.19713,827463870,108901374,9569360
13,952121749,0.21172,843220375,108901374,0
14,1020526904,0.22633,911625530,108901374,0
15,1038815703,0.24092,903225860,135589843,0
16,912176633,0.25575,761846910,150329723,0
17,843771478,0.27029,693441755,150329723,0
18,837584333,0.28481,677685250,150329723,9569360
19,912584333,0.29942,677685250,225329723,9569360
20,1032468026,0.31442,761661620,261237046,9569360
21,1150375983,0.32917,909691095,231115528,9569360
22,1194418986,0.34388,909691095,275158531,9569360
23,949535293,0.36882,700714725,239251208,9569360
24,780747848,0.39038,541496640,239251208,0
25,125445138.7943,0.41231,75112243.1864,50332895.6079,0
26,105861196.4798,0.4341,60045167.7513,45816028.7285,0
27,86897118.21,0.45615,39511659.1316,47385459.0784,0
28,73400645.9512,0.47834,39511659.1316,33888986.8196,0
29,63737212.1742,0.50011,40744929.3645,22992282.8097,0
30,63015499.8383,0.52195,38061636.3686,22992282.8097,1961580.66
31,60842875.3528,0.54487,37850592.5431,22992282.8097,0
32,60842875.3528,0.56795,37850592.5431,22992282.8097,0
33,60842875.3528,0.59565,37850592.5431,22992282.8097,0
34,61882241.0517,0.62353,38889958.242,22992282.8097,0
35,63913462.7941,0.64629,40921179.9844,22992282.8097,0
36,308938712,0.68507,243908055,65030657,0
37,258938712,0.72025,193908055,65030657,0
38,213646757,0.75529,158616100,55030657,0
39,178849277,0.79024,123818620,55030657,0
40,152820067,0.82522,97789410,55030657,0
41,133591487,0.86066,78560830,55030657,0
42,124700637,0.89589,69669980,55030657,0
43,119579119,0.9311,69669980,49909139,0
44,119579119,0.96679,69669980,49909139,0
45,62086159,1.002,12177020,49909139,0
46,49909139,1.0373,0,49909139,0
47,39909139,1.0724,0,39909139,0
48,34909139,1.1075,0,34909139,0
49,33773394,1.1426,3864255,29909139,0
50,18863791.0973,1.1779,1232598.7534,17631192.3439,0
51,11188874.6384,1.214,2413510.9387,8775363.6996,0
52,6537101.2995,1.2493,5041822.086,1495279.2135,0
53,5392929.9438,1.2845,3897650.7303,1495279.2135,0
54,4248758.5881,1.3195,2753479.3746,1495279.2135,0
55,3104587.2324,1.3546,1609308.0189,1495279.2135,0
56,2160818.2905,1.3897,665539.077,1495279.2135,0
57,1237624.7549,1.4247,1237624.7549,0,0
58,577111.6794,1.4597,577111.6794,0,0
59,237143.2435,1.4946,237143.2435,0,0
60,0,1.5297,0,0,0
