1,27572058805,0.044421,24483649460,0,3088409345
2,24270912932,0.071997,21351664380,0,2919248552
3,21438648027,0.099596,18370678320,0,3067969707
4,18756145377,0.12693,15674796885,13378785,3067969707
5,16527217324,0.15436,13469786615,13378785,3044051924
6,14324828482,0.1815,11969786615,13378785,2341663082
7,12615293212,0.20893,10170905430,13378785,2431008997
8,11494681181,0.23612,8910292585,13378785,2571009811
9,10491199556,0.26357,7906810960,13378785,2571009811
10,9490319182,0.29085,7045931400,13378785,2431008997
11,8758118389,0.31868,6286504725,13378785,2458234879
12,8043582074,0.34585,5571968410,13378785,2458234879
13,7273367299,0.37321,5648333775,13378785,1611654739
14,6618105334,0.40067,4993071810,13378785,1611654739
15,6014173150,0.42777,5211073200,44863660,758236290
16,5487147190,0.45534,4890778555,44863660,551504975
17,4483255713,0.48269,3836119155,95631583,551504975
18,4028825238,0.51033,3531711030,95631583,401482625
19,3740213723,0.53778,3243099515,95631583,401482625
20,3580156567,0.5705,3000881685,95631583,483643299
21,3492082468,0.59916,2934304650,95631583,462146235
22,3421761743,0.62798,2863983925,95631583,462146235
23,3429301670,0.6563,2863983925,103171510,462146235
24,3476403930,0.68448,2911086185,103171510,462146235
25,544149744.5972,0.71287,479651053.5604,3061888.2874,61436802.7494
26,543925977.259,0.74124,479651053.5604,2838120.9493,61436802.7494
27,547048722.7339,0.77016,440576407.8399,4298310.7782,102174004.1158
28,554156953.2133,0.79923,446917542.5682,5065406.5293,102174004.1158
29,565737016.3461,0.82798,457863145.5844,5699866.6459,102174004.1158
30,577827595.0751,0.85595,467774264.0933,7879326.866,102174004.1158
31,3342129426,0.8976,2358048660,215496966,768583800
32,3067935460,0.93918,2439493920,166295305,462146235
33,2697710275,0.98048,2207322060,166295305,324092910
34,2467922852,1.0216,2003382225,140447717,324092910
35,2238974397,1.062,1979057080,140447717,119469600
36,1887408994,1.1024,1729057080,108962842,49389072
37,1720157169,1.1438,1532573195,138194902,49389072
38,1610978139,1.185,1473394165,88194902,49389072
39,1524243850,1.2255,1408038255,66816523,49389072
40,1442881425,1.2673,1326675830,66816523,49389072
41,1442881425,1.31,1326675830,66816523,49389072
42,1442881425,1.3527,1326675830,66816523,49389072
43,1448051488,1.3952,1381234965,66816523,0
44,1458341993,1.4368,1391525470,66816523,0
45,1358341993,1.5035,1291525470,66816523,0
46,1284838893,1.5691,1218022370,66816523,0
47,1211515138,1.6344,1154698615,56816523,0
48,1142340068,1.7004,1085523545,56816523,0
49,1087963323,1.7655,1031146800,56816523,0
50,173819063.1054,1.8304,170851943.5183,2967119.5872,0
51,157166053.3426,1.8953,154198933.7555,2967119.5872,0
52,146741328.795,1.9604,128433937.4078,2967119.5872,15340271.8
53,135215832.8311,2.026,117578972.4939,2967119.5872,14669740.75
54,125738061.125,2.0946,108101200.7879,2967119.5872,14669740.75
55,116260289.4189,2.1699,98623429.0818,2967119.5872,14669740.75
56,106782517.7128,2.2368,89145657.3757,2967119.5872,14669740.75
57,97304746.0067,2.3027,79667885.6696,2967119.5872,14669740.75
58,88418460.0928,2.3682,70958049.4682,2790669.8746,14669740.75
59,79611219.4367,2.4337,61480277.7621,2790669.8746,15340271.8
60,69462916.6806,2.4999,52002506.056,2790669.8746,14669740.75
61,61817278.8063,2.5743,44356868.1817,2790669.8746,14669740.75
62,54308931.3641,2.6418,45876537.8882,2862652.7259,5569740.75
63,47277280.8712,2.7092,38924356.3453,2862652.7259,5490271.8
64,40962211.9728,2.7764,33131515.7407,2340424.432,5490271.8
65,34866893.9709,2.8436,27036197.7389,2340424.432,5490271.8
66,28906274.0605,2.9112,21075577.8285,2340424.432,5490271.8
67,23539634.633,2.9784,15708938.4009,2340424.432,5490271.8
68,19713855.3138,3.0456,11883159.0818,2340424.432,5490271.8
69,15888203.9446,3.1133,8057507.7126,2340424.432,5490271.8
70,12833135.2218,3.1821,5002438.9898,2340424.432,5490271.8
71,10915358.0512,3.2501,5002438.9898,2392647.2614,3520271.8
72,9615942.9311,3.3169,5620801.0403,2444870.0908,1550271.8
73,8515073.2097,3.3842,4519931.3189,2444870.0908,1550271.8
74,7567296.0391,3.4523,3572154.1483,2444870.0908,1550271.8
75,17376729.9184,3.5185,2251205.077,15125524.8414,0
76,14145892.8027,3.5855,2251205.077,11894687.7258,0
77,13691109.3293,3.6525,1796421.6035,11894687.7258,0
78,13318344.82,3.7194,1423657.0943,11894687.7258,0
79,12838553.9414,3.7864,943866.2157,11894687.7258,0
80,11702926.2622,3.8538,1423657.0943,10279269.1679,0
81,11394943.7533,3.9211,1115674.5854,10279269.1679,0
82,11146840.3403,3.9887,1115674.5854,10031165.7549,0
83,11006072.6671,4.0563,974906.9122,10031165.7549,0
84,10674788.7475,4.1234,643622.9926,10031165.7549,0
85,7443951.6319,4.1922,643622.9926,6800328.6392,0
86,6971900.0391,4.2604,171571.3999,6800328.6392,0
87,6648816.3275,4.3273,171571.3999,6477244.9277,0
88,6514567.2148,4.3946,37322.2871,6477244.9277,0
89,6484984.2135,4.4614,7739.2859,6477244.9277,0
90,6477244.9277,4.5289,0,6477244.9277,0
91,6161900.502,4.5963,7739.2859,6154161.2161,0
92,6154161.2161,4.6642,0,6154161.2161,0
93,5838816.7904,4.7327,7739.2859,5831077.5046,0
94,5831077.5046,4.8039,0,5831077.5046,0
95,5515733.0789,4.8724,7739.2859,5507993.793,0
96,5515733.0789,4.9412,7739.2859,5507993.793,0
97,5515733.0789,5.0188,7739.2859,5507993.793,0
98,5515733.0789,5.0931,7739.2859,5507993.793,0
99,5515733.0789,5.16,7739.2859,5507993.793,0
100,14529226.9625,5.1897,1220541.8789,13308685.0836,0
101,14529226.9625,5.2181,1220541.8789,13308685.0836,0
102,14827024.0845,5.2464,1518339.0009,13308685.0836,0
103,16351935.0256,5.2746,3043249.942,13308685.0836,0
104,17852134.3072,5.3101,4543449.2236,13308685.0836,0
105,589649010,5.3538,575979195,13669815,0
106,301037495,5.3989,287367680,13669815,0
107,329213552,5.4433,287367680,41845872,0
108,358688477,5.4919,287367680,71320797,0
109,423242952,5.5347,309922155,113320797,0
110,195698051,5.5774,78998875,116699176,0
111,139335626,5.62,22636450,116699176,0
112,139335626,5.6635,22636450,116699176,0
113,139335626,5.7056,22636450,116699176,0
114,139335626,5.7494,22636450,116699176,0
115,237327571,5.7923,104750735,132576836,0
116,48002450.5748,5.8627,5169034.3325,42833416.2424,0
117,47932202.2171,5.9324,5098785.9747,42833416.2424,0
118,38828977.1443,6.0035,5098785.9747,33730191.1695,0
119,29306108.9772,6.0757,5098785.9747,24207323.0025,0
120,14079269.5146,6.1593,3441462.3979,10637807.1167,0
121,13915200.4307,6.2288,3277393.314,10637807.1167,0
122,13915200.4307,6.3001,3277393.314,10637807.1167,0
123,13915200.4307,6.37,3277393.314,10637807.1167,0
124,13915200.4307,6.4405,3277393.314,10637807.1167,0
125,21516705.1646,6.5102,3990488.8479,17526216.3166,0
126,21618698.8111,6.5408,497050.3836,6861994.4274,14259654
127,19003837.3,6.5742,6071471.3926,6861994.4274,6070371.48
128,17655132.4042,6.6035,4722766.4967,6861994.4274,6070371.48
129,17655132.4042,6.6336,4722766.4967,6861994.4274,6070371.48
130,18686723.4287,6.663,5754357.5212,6861994.4274,6070371.48
131,18807571.4712,6.6924,5875205.5638,6861994.4274,6070371.48
132,20507328.5882,6.7217,7574962.6808,6861994.4274,6070371.48
133,1662567737,6.7651,1582895405,43021344,36650988
134,1158822929,6.8081,1115801585,43021344,0
135,826138679,6.8507,783117335,43021344,0
136,504434989,6.8937,461413645,43021344,0
137,532611046,6.938,461413645,71197401,0
138,562085971,6.9801,461413645,100672326,0
139,505723546,7.0225,405051220,100672326,0
140,505723546,7.0655,405051220,100672326,0
141,343970161,7.1083,243297835,100672326,0
142,343970161,7.1512,243297835,100672326,0
143,302496236,7.1943,201823910,100672326,0
144,117299246,7.24,52600070,64699176,0
145,176853721,7.2839,70154545,106699176,0
146,265146002,7.3261,149369530,115776472,0
147,235175899,7.3678,70154545,165021354,0
148,206999842,7.4096,70154545,136845297,0
149,177524917,7.4514,70154545,107370372,0
150,70484352.4599,7.4932,5544754.2433,64939598.2166,0
151,70484352.4599,7.5351,5544754.2433,64939598.2166,0
152,76554998.2063,7.5772,13658706.4512,62896291.7551,0
153,76554998.2063,7.6193,13658706.4512,62896291.7551,0
154,84953980.9257,7.6613,22057689.1706,62896291.7551,0
155,90207458.7858,7.7363,10708297.5106,79499161.2752,0
156,57272648.7567,7.8177,9881389.9963,47391258.7604,0
157,52303396.9359,7.8909,11851493.7723,40451903.1636,0
158,14063046.1439,7.9792,11257568.4708,2805477.673,0
159,11707784.8379,8.0565,8902307.1648,2805477.673,0
160,11178837.0991,8.1284,9137833.2954,2041003.8036,0
161,11129298.6525,8.2019,9088294.8488,2041003.8036,0
162,8823575.793,8.2759,6782571.9894,2041003.8036,0
163,6468314.487,8.3626,4427310.6834,2041003.8036,0
164,3817824.2381,8.4314,1776820.4345,2041003.8036,0
165,2441645.7636,8.5095,400641.96,2041003.8036,0
166,2280391.3851,8.5786,239387.5815,2041003.8036,0
167,2220750.6443,8.6657,357150.6468,1863599.9975,0
168,2171212.1977,8.7357,307612.2002,1863599.9975,0
169,1985224.5137,8.8354,121624.5162,1863599.9975,0
170,1863599.9975,8.9114,0,1863599.9975,0
171,1863599.9975,9.0241,0,1863599.9975,0
172,1863599.9975,9.1325,0,1863599.9975,0
173,1863599.9975,9.2514,0,1863599.9975,0
174,1863599.9975,9.3704,0,1863599.9975,0
175,2437755,9.4236,0,2437755,0
176,2437755,9.4704,0,2437755,0
177,2896940.36,9.5013,459185.36,2437755,0
178,3427227.06,9.5318,989472.06,2437755,0
179,4045096.01,9.5652,1607341.01,2437755,0
180,40576494.8317,9.6289,39102095.2622,1474399.5695,0
181,53315347.0256,9.6718,51840947.4561,1474399.5695,0
182,35169195.7439,9.7143,33694796.1744,1474399.5695,0
183,32884107.5182,9.7582,31409707.9487,1474399.5695,0
184,32884107.5182,9.8211,31409707.9487,1474399.5695,0
185,49298697.9978,9.8659,47824298.4283,1474399.5695,0
186,49298697.9978,9.9096,47824298.4283,1474399.5695,0
187,49298697.9978,9.9705,47824298.4283,1474399.5695,0
188,28011380.5737,10.0442,26147780.5762,1863599.9975,0
189,27107320.1161,10.1356,25243720.1186,1863599.9975,0
190,16972943.9661,10.2086,15109343.9686,1863599.9975,0
191,16292823.2631,10.2796,13931713.3156,1863599.9975,497509.95
192,15795313.3131,10.356,13931713.3156,1863599.9975,0
193,15521743.1177,10.4271,13658143.1202,1863599.9975,0
194,13600372.5317,10.498,11302881.8142,1863599.9975,433890.72
195,13166481.8117,10.5686,11302881.8142,1863599.9975,0
196,4561098.9068,10.6599,2697498.9093,1863599.9975,0
197,4561098.9068,10.781,2697498.9093,1863599.9975,0
198,4561098.9068,10.9015,2697498.9093,1863599.9975,0
199,4561098.9068,10.9756,2697498.9093,1863599.9975,0
200,7769544.939,11.0719,6773512.9948,996031.9442,0
201,2552285.77,11.1204,114530.77,2437755,0
202,2552285.77,11.1586,114530.77,2437755,0
203,3195693.15,11.1887,757938.15,2437755,0
204,3879340.08,11.2186,1441585.08,2437755,0
205,4437163.86,11.2488,1999408.86,2437755,0
206,90512468.6665,11.2949,59253849.0483,31258619.6182,0
207,90512468.6665,11.3382,59253849.0483,31258619.6182,0
208,107516598.6603,11.3816,76257979.0421,31258619.6182,0
209,88766759.9752,11.4244,57508140.357,31258619.6182,0
210,69007690.0414,11.4682,37749070.4232,31258619.6182,0
211,60741073.7266,11.5114,29482454.1084,31258619.6182,0
212,59636924.979,11.5642,27835124.6408,31258619.6182,543180.72
213,59636924.979,11.6224,27835124.6408,31258619.6182,543180.72
214,74075608.4652,11.6948,42273808.127,31258619.6182,543180.72
215,74075608.4652,11.7412,42273808.127,31258619.6182,543180.72
216,74075608.4652,11.7859,42273808.127,31258619.6182,543180.72
217,75665813.2351,11.8634,74126600.5709,996031.9442,543180.72
218,73715208.3756,11.9359,72175995.7113,996031.9442,543180.72
219,54181582.133,12.0306,52642369.4688,996031.9442,543180.72
220,47210644.4147,12.0988,45671431.7505,996031.9442,543180.72
221,41296501.8705,12.1744,39757289.2063,996031.9442,543180.72
222,28924981.4985,12.2426,27385768.8343,996031.9442,543180.72
223,26567983.5304,12.3111,25571951.5862,996031.9442,0
224,24686952.6437,12.3811,23690920.6995,996031.9442,0
225,3477517.5036,12.4497,3379162.6403,98354.8633,0
226,1844383.0028,12.5347,1746028.1395,98354.8633,0
227,884729.495,12.6172,786374.6318,98354.8633,0
228,98354.8633,12.6907,0,98354.8633,0
229,98354.8633,12.8003,0,98354.8633,0
230,98354.8633,12.8825,0,98354.8633,0
231,98354.8633,12.9534,0,98354.8633,0
232,98354.8633,13.0661,0,98354.8633,0
233,2437755,13.1102,0,2437755,0
234,2437755,13.1546,0,2437755,0
235,2831162.38,13.2006,393407.38,2437755,0
236,3264809.31,13.2339,827054.31,2437755,0
237,3880177.81,13.2701,1442422.81,2437755,0
238,71123565.9392,13.3325,39864946.321,31258619.6182,0
239,71123565.9392,13.3945,39864946.321,31258619.6182,0
240,84622351.2087,13.4498,41988527.0705,31258619.6182,11375204.52
241,70084854.5896,13.4963,27451030.4514,31258619.6182,11375204.52
242,78493318.328,13.5683,46336618.6891,32156699.6389,0
243,85720851.7863,13.6304,53564152.1475,32156699.6389,0
244,99361660.7381,13.69,63347198.8337,36014461.9044,0
245,99361660.7381,13.7526,63347198.8337,36014461.9044,0
246,108251328.4254,13.862,105848860.6343,2402467.7911,0
247,98654793.3482,13.9737,96252325.5571,2402467.7911,0
248,92432779.0673,14.0933,90030311.2762,2402467.7911,0
249,70443865.6738,14.2034,70028256.0937,415609.5801,0
250,68223112.4595,14.3173,67571409.5195,145026.7,506676.24
251,64774784.3294,14.4403,64075760.7894,192347.3,506676.24
252,62758958.8114,14.5298,60259935.2714,192347.3,2306676.24
253,33378123.9984,14.6179,22693220.3684,177498.55,10507405.08
254,24805913.8569,14.7287,22321739.0669,177498.55,2306676.24
255,17712667.1144,14.84,15292276.1144,113714.76,2306676.24
256,16718566.9834,14.946,14298175.9834,113714.76,2306676.24
257,10220283.5422,15.0315,7799892.5422,113714.76,2306676.24
258,4696831.5891,15.118,2276440.5891,113714.76,2306676.24
259,4233226.4391,15.196,2276440.5891,113714.76,1843071.09
260,4037403.1791,15.2694,2276440.5891,113714.76,1647247.83
261,2945386.5691,15.3495,2276440.5891,71698.15,597247.83
262,1941286.4381,15.4322,1282340.4581,61698.15,597247.83
263,1570711.4321,15.5444,1121765.4521,61698.15,387247.83
264,1525711.4321,15.6621,1121765.4521,61698.15,342247.83
265,1525711.4321,15.7714,1121765.4521,61698.15,342247.83
266,1525711.4321,15.8844,1121765.4521,61698.15,342247.83
267,1525711.4321,15.9604,1121765.4521,61698.15,342247.83
268,1525711.4321,16.0335,1121765.4521,61698.15,342247.83
269,6523347.06,16.0669,11284.23,6169815,342247.83
270,6523347.06,16.0971,11284.23,6169815,342247.83
271,7166754.44,16.1264,654691.61,6169815,342247.83
272,7848963.65,16.1548,1336900.82,6169815,342247.83
273,8532610.58,16.1835,2020547.75,6169815,342247.83
274,56962516.3227,16.2278,52888649.614,3731618.8787,342247.83
275,125008706.8852,16.2705,124262273.9943,404185.061,342247.83
276,125008706.8852,16.3129,124262273.9943,404185.061,342247.83
277,66397133.6966,16.3546,60786912.8715,5267972.9951,342247.83
278,66397133.6966,16.3967,60786912.8715,5267972.9951,342247.83
279,68328038.3279,16.4402,60786912.8715,7198877.6264,342247.83
280,24275153.4644,16.4823,16734028.0079,7198877.6264,342247.83
281,30286378.2223,16.5242,19993829.4963,9950300.896,342247.83
282,36997819.1546,16.5663,19993829.4963,13173505.5384,3830484.12
283,45198547.9946,16.6087,19993829.4963,13173505.5384,12031212.96
284,45198547.9946,16.6505,19993829.4963,13173505.5384,12031212.96
285,27248248.7566,16.7204,21406851.8166,2010912.82,3830484.12
286,23758067.5772,16.7891,17916670.6372,2010912.82,3830484.12
287,17856001.6541,16.8565,12014604.7141,2010912.82,3830484.12
288,13982889.5273,16.9274,7975669.3273,2010912.82,3996307.38
289,11444113.8665,16.9948,5436893.6665,2010912.82,3996307.38
290,10285027.8144,17.0995,4315128.2144,1973592.22,3996307.38
291,8508675.2608,17.1953,2538775.6608,1973592.22,3996307.38
292,8088675.2608,17.2716,2538775.6608,1553592.22,3996307.38
293,6088675.2608,17.3374,2538775.6608,1653592.22,1896307.38
294,5793926.0108,17.4039,2538775.6608,1358842.97,1896307.38
295,5643926.0108,17.4725,2538775.6608,1358842.97,1746307.38
296,5538926.0108,17.5405,2538775.6608,1358842.97,1641307.38
297,5438926.0108,17.6081,2538775.6608,1258842.97,1641307.38
298,5438926.0108,17.6757,2538775.6608,1258842.97,1641307.38
299,5438926.0108,17.7429,2538775.6608,1258842.97,1641307.38
300,75669008.4173,17.8085,1529749.6053,29136002.5851,45003256.2269
301,74476928.5035,17.8746,337669.6915,29136002.5851,45003256.2269
302,74318936.9306,17.9418,179678.1186,29136002.5851,45003256.2269
303,74318936.9306,18.0095,179678.1186,29136002.5851,45003256.2269
304,36343666.325,18.0769,1196168.4298,31450509.1026,3696988.7926
305,35327176.0138,18.1464,179678.1186,31450509.1026,3696988.7926
306,31630187.2212,18.2163,179678.1186,31450509.1026,0
307,31554789.3661,18.2854,104280.2635,31450509.1026,0
308,30397536.1074,18.3705,104280.2635,30293255.8439,0
309,30397536.1074,18.4553,104280.2635,30293255.8439,0
310,30397536.1074,18.5679,104280.2635,30293255.8439,0
311,30293255.8439,18.6857,0,30293255.8439,0
312,30293255.8439,18.7941,0,30293255.8439,0
313,30293255.8439,18.8639,0,30293255.8439,0
314,30293255.8439,18.9728,0,30293255.8439,0
315,30061805.1921,19.0767,0,30061805.1921,0
316,30061805.1921,19.1473,0,30061805.1921,0
317,30061805.1921,19.2206,0,30061805.1921,0
318,30061805.1921,19.2916,0,30061805.1921,0
319,29830354.5404,19.361,0,29830354.5404,0
320,29830354.5404,19.4422,0,29830354.5404,0
321,29830354.5404,19.5211,0,29830354.5404,0
322,29830354.5404,19.5897,0,29830354.5404,0
323,29830354.5404,19.6555,0,29830354.5404,0
324,128884297,19.6849,0,128884297,0
325,128896831.87,19.7263,12534.87,128884297,0
326,60718061.39,19.7556,35425.39,60682636,0
327,60941971.12,19.7834,259335.12,60682636,0
328,61340401.09,19.8117,657765.09,60682636,0
329,61718201.51,19.8393,1035565.51,60682636,0
330,18319772.54,19.8666,637135.54,17682637,0
331,18979091.23,19.8941,1296454.23,17682637,0
332,19704459.73,19.9218,2021822.73,17682637,0
333,20500910.7,19.9498,2818273.7,17682637,0
334,21070373.92,19.9809,2715449.92,18354924,0
335,185977835.2042,20.0393,184775402.7041,1202432.5001,0
336,124761306.4579,20.1011,123558873.9577,1202432.5001,0
337,103971699.5029,20.1603,102769267.0028,1202432.5001,0
338,92979193.1888,20.2062,90917621.5424,1158390.9264,903180.72
339,42242224.8291,20.2682,40180653.1827,1158390.9264,903180.72
340,42242224.8291,20.3421,40180653.1827,1158390.9264,903180.72
341,7164150.1103,20.4042,5102578.4639,1158390.9264,903180.72
342,7164150.1103,20.4776,5102578.4639,1158390.9264,903180.72
343,9095054.7416,20.5428,5102578.4639,3089295.5577,903180.72
344,9653164.6673,20.6025,3938738.8195,3089295.5577,2625130.29
345,9653164.6673,20.6583,3938738.8195,3089295.5577,2625130.29
346,40150113.6341,20.7342,1980136.1213,10914648.4596,27255329.0532
347,24901699.3643,20.8006,4837951.3909,10914648.4596,9149099.5137
348,22043884.0947,20.8657,1980136.1213,10914648.4596,9149099.5137
349,11983129.5333,20.9315,1068481.0737,10914648.4596,0
350,34048495.7999,20.9971,204104.3395,33844391.4603,0
351,33844391.4603,21.0626,0,33844391.4603,0
352,33844391.4603,21.1285,0,33844391.4603,0
353,33844391.4603,21.1946,0,33844391.4603,0
354,6997611.2554,21.2597,0,6997611.2554,0
355,6997611.2554,21.3254,0,6997611.2554,0
356,6997611.2554,21.3911,0,6997611.2554,0
357,6997611.2554,21.4566,0,6997611.2554,0
358,6997611.2554,21.5226,0,6997611.2554,0
359,7682637,21.5519,0,7682637,0
360,7960164.59,21.5791,277527.59,7682637,0
361,8337965.01,21.6065,655328.01,7682637,0
362,8768251.71,21.6338,1085614.71,7682637,0
363,9490606.26,21.6616,1807969.26,7682637,0
364,171121336.7305,21.7037,167866623.3129,3254713.4176,0
365,179593424.9835,21.7454,171870815.4445,7722609.539,0
366,153825498.2603,21.7866,146102888.7213,7722609.539,0
367,86756205.753,21.8268,79033596.2139,7722609.539,0
368,99162637.3273,21.8677,88813789.8882,10348847.4391,0
369,99162637.3273,21.9085,88813789.8882,10348847.4391,0
370,64084562.6085,21.9491,53735715.1694,10348847.4391,0
371,64084562.6085,21.9897,53735715.1694,10348847.4391,0
372,66015467.2398,22.0301,53735715.1694,12279752.0704,0
373,22059945.7447,22.0705,9780193.6743,12279752.0704,0
374,22059945.7447,22.1108,9780193.6743,12279752.0704,0
375,85634342.6453,22.1512,4670002.9804,80964339.6649,0
376,47669630.6029,22.1914,4670002.9804,42999627.6225,0
377,47669630.6029,22.2314,4670002.9804,42999627.6225,0
378,56559783.3459,22.272,13560155.7234,42999627.6225,0
379,29574049.8922,22.3121,8890152.743,20683897.1492,0
380,23532687.4813,22.3522,2848790.3321,20683897.1492,0
381,23532687.4813,22.3929,2848790.3321,20683897.1492,0
382,23532687.4813,22.4348,2848790.3321,20683897.1492,0
383,7125359.2185,22.4752,2848790.3321,4276568.8864,0
384,12791342.5972,22.5158,8514773.7109,4276568.8864,0
385,12791342.5972,22.5564,8514773.7109,4276568.8864,0
386,24873952.4487,22.5984,18160142.3645,6713810.0842,0
387,40930925.2717,22.6398,29631880.6697,11299044.602,0
388,19893628.7797,22.7074,5959540.5733,13934088.2064,0
389,19001974.3327,22.7739,5067886.1263,13934088.2064,0
390,18141633.4524,22.849,4207545.246,13934088.2064,0
391,17568686.9777,22.9146,3634598.7713,13934088.2064,0
392,17476259.7718,22.9802,3542171.5655,13934088.2064,0
393,17126040.4742,23.0485,3188771.5478,13934088.2064,3180.72
394,17072237.6882,23.1248,3134968.7618,13934088.2064,3180.72
395,16378526.7835,23.1957,2441257.8571,13934088.2064,3180.72
396,16347213.2168,23.2628,2409944.2904,13934088.2064,3180.72
397,12228359.2493,23.3285,2279069.2123,9946109.3169,3180.72
398,3834033.9643,23.3945,1387414.7653,2443438.4789,3180.72
399,3610986.9767,23.4612,1387414.7653,2220391.4914,3180.72
400,5223195.4454,23.5274,3721042.1468,1498972.5787,3180.72
401,1502153.2987,23.5932,0,1498972.5787,3180.72
402,1498972.5787,23.6592,0,1498972.5787,0
403,1498972.5787,23.7283,0,1498972.5787,0
404,1498972.5787,23.796,0,1498972.5787,0
405,1498972.5787,23.862,0,1498972.5787,0
406,1498972.5787,23.9279,0,1498972.5787,0
407,2437755,23.9564,0,2437755,0
408,2437755,23.9842,0,2437755,0
409,2831162.38,24.012,393407.38,2437755,0
410,3414809.31,24.0397,977054.31,2437755,0
411,4040177.81,24.0678,1602422.81,2437755,0
412,46524029.5963,24.1099,45167044.0736,1356985.5228,0
413,18798553.2121,24.1515,17441567.6894,1356985.5228,0
414,18798553.2121,24.1951,17441567.6894,1356985.5228,0
415,30387357.5314,24.237,29030372.0087,1356985.5228,0
416,30387357.5314,24.2828,29030372.0087,1356985.5228,0
417,30387357.5314,24.3267,29030372.0087,1356985.5228,0
418,24269613.5906,24.4015,22770641.012,1498972.5787,0
419,12996304.2739,24.494,11497331.6952,1498972.5787,0
420,11542262.613,24.5855,10043290.0343,1498972.5787,0
421,10399526.2886,24.6538,8900553.7099,1498972.5787,0
422,9705723.8069,24.7207,8206751.2282,1498972.5787,0
423,9636347.4394,24.7883,8137374.8607,1498972.5787,0
424,9325033.2659,24.8565,7826060.6872,1498972.5787,0
425,4494468.3032,24.9242,4102606.1195,391862.1837,0
426,3756583.7749,24.9914,3364721.5912,391862.1837,0
427,3597334.7085,25.0591,3205472.5248,391862.1837,0
428,3597334.7085,25.1262,3205472.5248,391862.1837,0
429,3597334.7085,25.1938,3205472.5248,391862.1837,0
430,3597334.7085,25.2608,3205472.5248,391862.1837,0
431,3597334.7085,25.3304,3205472.5248,391862.1837,0
432,2475949.36,25.36,38194.36,2437755,0
433,3019356.74,25.3881,581601.74,2437755,0
434,3588281.2,25.416,1150526.2,2437755,0
435,4171928.13,25.4443,1734173.13,2437755,0
436,4566730.87,25.4721,2128975.87,2437755,0
437,70521275.8988,25.5142,69164290.3761,1356985.5228,0
438,48353964.6382,25.558,46996979.1155,1356985.5228,0
439,48353964.6382,25.6012,46996979.1155,1356985.5228,0
440,53599002.2752,25.6458,24829667.8548,28769334.4204,0
441,70006330.538,25.688,24829667.8548,45176662.6832,0
442,68888346.1353,25.7291,23711683.4521,45176662.6832,0
443,82211961.1305,25.7707,37035298.4473,45176662.6832,0
444,64708530.6822,25.8117,19531867.999,45176662.6832,0
445,64708530.6822,25.8532,19531867.999,45176662.6832,0
446,64708530.6822,25.8944,19531867.999,45176662.6832,0
447,64708530.6822,25.9355,19531867.999,45176662.6832,0
448,77220169.4796,25.9771,32043506.7964,45176662.6832,0
449,57773587.4219,26.0451,36973757.3736,20799830.0484,0
450,72001658.4644,26.1138,25416568.4733,46585089.9911,0
451,55886187.3465,26.1805,27030395.4872,28855791.8592,0
452,45274531.4316,26.2534,27030395.4872,18244135.9444,0
453,39921321.7161,26.3214,21677185.7717,18244135.9444,0
454,20688486.4905,26.3893,2444350.5461,18244135.9444,0
455,18244135.9444,26.4635,0,18244135.9444,0
456,18244135.9444,26.5328,0,18244135.9444,0
457,18244135.9444,26.6024,0,18244135.9444,0
458,18244135.9444,26.6714,0,18244135.9444,0
459,18244135.9444,26.7395,0,18244135.9444,0
460,2969964.21,26.7689,532209.21,2437755,0
461,2460645.52,26.7975,22890.52,2437755,0
462,2460645.52,26.8258,22890.52,2437755,0
463,2460645.52,26.8544,22890.52,2437755,0
464,2913984.37,26.8826,476229.37,2437755,0
465,3539352.87,26.9115,1101597.87,2437755,0
466,30097304.4705,26.9546,28740318.9477,1356985.5228,0
467,13800071.4184,26.9972,10856409.6557,1356985.5228,1586676.24
468,13800071.4184,27.041,10856409.6557,1356985.5228,1586676.24
469,28691569.699,27.0847,20455934.5362,1356985.5228,6878649.64
470,40768413.6982,27.1281,27479867.4522,6409896.606,6878649.64
471,37450207.9395,27.1728,24161661.6935,6409896.606,6878649.64
472,37450207.9395,27.2182,24161661.6935,6409896.606,6878649.64
473,39613389.9351,27.2639,26324843.6891,6409896.606,6878649.64
474,39613389.9351,27.3096,26324843.6891,6409896.606,6878649.64
475,123513831.9203,27.3571,86667058.859,9295003.4073,27551769.654
476,102659354.8892,27.4266,77063332.9238,24009345.7254,1586676.24
477,99975126.3074,27.4974,74379104.342,24009345.7254,1586676.24
478,88971881.5394,27.5654,64962535.814,24009345.7254,0
479,86549836.1057,27.6362,62540490.3803,24009345.7254,0
480,78570747.056,27.7038,54561401.3307,24009345.7254,0
481,71563327.4794,27.7722,50822018.6291,20741308.8503,0
482,69545868.3584,27.847,48804559.508,20741308.8503,0
483,68080928.1142,27.93,47339619.2639,20741308.8503,0
484,64442687.351,28.0058,43701378.5006,20741308.8503,0
485,63427727.616,28.0737,42686418.7656,20741308.8503,0
486,16683495.3118,28.1413,12477475.3127,4206019.9991,0
487,15422878.0134,28.209,13016973.861,2405904.1524,0
488,12744795.1291,28.2766,10338890.9768,2405904.1524,0
489,11777584.0655,28.3462,9371679.9131,2405904.1524,0
490,8399731.3153,28.4169,5993827.163,2405904.1524,0
491,7182017.9607,28.4848,4776113.8083,2405904.1524,0
492,6642519.4124,28.5532,4236615.26,2405904.1524,0
493,5460094.3802,28.6272,3054190.2279,2405904.1524,0
494,5460094.3802,28.7008,3054190.2279,2405904.1524,0
495,5460094.3802,28.7705,3054190.2279,2405904.1524,0
496,2405904.1524,28.8388,0,2405904.1524,0
497,2405904.1524,28.9074,0,2405904.1524,0
498,877648.2812,28.984,0,877648.2812,0
499,877648.2812,29.0523,0,877648.2812,0
500,2423308.6,29.1199,0,1937755,485553.6
501,1937755,29.1875,0,1937755,0
502,0,29.2538,0,0,0
