1,28514235886,0.056458,24814932870,0,3699303016
2,23559296797,0.092117,19673508525,0,3885788272
3,19144150187,0.12763,15258361915,0,3885788272
4,16153206097,0.1631,12267417825,0,3885788272
5,13297598966,0.19855,9453341295,1676046,3842581625
6,10660744507,0.23393,8631915080,1676046,2027153381
7,9475112052,0.26955,7450845825,1676046,2022590181
8,8362673847,0.30501,6338407620,1676046,2022590181
9,7308969997,0.34053,5284703770,1676046,2022590181
10,6471995556,0.37593,5010998930,13401493,1447595133
11,5848952488,0.41144,4451032965,13401493,1384518030
12,5263752633,0.44715,4570397050,30418945,662936638
13,4712454853,0.48288,4019099270,30418945,662936638
14,4313871418,0.52011,3620515835,30418945,662936638
15,3931387693,0.55613,3238032110,30418945,662936638
16,3791710963,0.59197,3098355380,30418945,662936638
17,3711335051,0.6275,3079738665,46390994,585205392
18,3424309354,0.66302,3294277085,46390994,83641275
19,3302973279,0.69829,3172941010,46390994,83641275
20,3168614079,0.73358,3038581810,46390994,83641275
21,3052283899,0.769,2922251630,46390994,83641275
22,3070937142,0.80427,2922251630,65044237,83641275
23,3091900072,0.84029,2775181110,65044237,251674725
24,3124326492,0.87678,2704253780,87467105,332605607
25,478060951.0099,0.91238,439136782.005,3516061.0203,35408107.9846
26,476048881.431,0.94809,435077914.3896,5562859.0569,35408107.9846
27,475526674.4311,0.98351,435077914.3896,5040652.057,35408107.9846
28,475566545.4152,1.0192,434326287.4337,5832149.9969,35408107.9846
29,476438034.2192,1.055,433956692.4836,7073233.751,35408107.9846
30,478514711.5807,1.0909,433956692.4836,9149911.1125,35408107.9846
31,478607727.9974,1.1272,433956692.4836,9242927.5292,35408107.9846
32,2991442765,1.182,2345697080,313140078,332605607
33,2829867455,1.2356,2212394090,284867758,332605607
34,2679427675,1.2899,2212394090,284867758,182165827
35,2547771132,1.3432,2125069080,240536225,182165827
36,2427789063,1.3968,2021059060,224564176,182165827
37,2333000146,1.4494,1985255525,264103346,83641275
38,2252720331,1.5018,1904975710,264103346,83641275
39,2154232564,1.556,1818213390,252377899,83641275
40,2080053613,1.6118,1818213390,178198948,83641275
41,2018182228,1.6656,1756342005,178198948,83641275
42,1960385693,1.7192,1698545470,178198948,83641275
43,1910385693,1.7723,1698545470,128198948,83641275
44,1861090123,1.8256,1649249900,128198948,83641275
45,1781789003,1.8788,1569948780,128198948,83641275
46,1570048208,1.9321,1358207985,128198948,83641275
47,1481249858,1.9848,1269409635,128198948,83641275
48,1265632495,2.0376,1076215140,105776080,83641275
49,1178307485,2.0898,988890130,105776080,83641275
50,170110794.2231,2.142,158227526.2706,5946054.6422,5937213.3103
51,159703742.7202,2.1941,151243085.7251,2523443.6847,5937213.3103
52,150539163.6746,2.2466,142078506.6795,2523443.6847,5937213.3103
53,150240900.1843,2.3027,142078506.6795,2225180.1945,5937213.3103
54,150240900.1843,2.355,142078506.6795,2225180.1945,5937213.3103
55,150240900.1843,2.4075,142078506.6795,2225180.1945,5937213.3103
56,150454090.3686,2.46,135626203.6424,8890673.4159,5937213.3103
57,154868860.4702,2.5137,135626203.6424,13305443.5175,5937213.3103
58,897313495,2.6004,665454365,148217855,83641275
59,790430810,2.6854,558571680,148217855,83641275
60,706789535,2.7706,558571680,148217855,0
61,637798580,2.8554,489580725,148217855,0
62,570906265,2.9429,422688410,148217855,0
63,470906265,3.0279,322688410,148217855,0
64,428628720,3.113,280410865,148217855,0
65,393503865,3.1984,245286010,148217855,0
66,365408270,3.2844,217190415,148217855,0
67,340408270,3.3704,192190415,148217855,0
68,291229319,3.456,192190415,99038904,0
69,232627704,3.5412,133588800,99038904,0
70,207627704,3.626,108588800,99038904,0
71,187756359,3.7111,88717455,99038904,0
72,173703684,3.7959,74664780,99038904,0
73,159724434,3.8827,60685530,99038904,0
74,144822424,3.9693,45783520,99038904,0
75,38842960.249,4.0553,2894759.8662,33535961.9828,2412238.4
76,29592077.5794,4.1415,2894759.8662,26697317.7132,0
77,22753433.3097,4.2271,2894759.8662,19858673.4436,0
78,15914789.0401,4.3142,2894759.8662,13020029.1739,0
79,9076144.7705,4.4003,2894759.8662,6181384.9043,0
80,6168902.3702,4.4868,2894759.8662,3274142.504,0
81,4040948.1035,4.5907,2894759.8662,1146188.2374,0
82,2894759.8662,4.6773,2894759.8662,0,0
83,2019120.2849,4.7635,2019120.2849,0,0
84,1204803.4175,4.855,1204803.4175,0,0
85,512970.7487,4.9419,512970.7487,0,0
86,234613.0605,5.028,234613.0605,0,0
87,0,5.1148,0,0,0
