1,17291340406,0.033153,15369756170,22488705,1899095531
2,12199163298,0.05335,11090862295,22488705,1085812298
3,9731903983,0.073336,8623602980,22488705,1085812298
4,8246262523,0.093342,7137961520,22488705,1085812298
5,6877850293,0.11333,5769549290,22488705,1085812298
6,5611242088,0.13376,4724542765,22488705,864210618
7,4587825783,0.15369,4125674415,22488705,439662663
8,4011873075,0.17358,3542585010,24396704,444891361
9,3636873075,0.19362,3167585010,24396704,444891361
10,3285089008,0.21376,2798782810,41414837,444891361
11,3031018204,0.23373,1580006035,41414837,1409597332
12,1817685115,0.25371,1756581850,41414837,19688428
13,1807531455,0.27357,1273471830,41414837,492644788
14,1532269220,0.2935,1471165955,41414837,19688428
15,1532269220,0.31334,1471165955,41414837,19688428
16,1576869790,0.33321,1515766525,41414837,19688428
17,1579614632,0.35315,1453110440,106815764,19688428
18,1624672311,0.37317,1453110440,151873443,19688428
19,1393129526,0.40326,1221567655,151873443,19688428
20,1348071847,0.43285,1221567655,106815764,19688428
21,1322973195,0.46244,1195754825,107529942,19688428
22,1140522760,0.49222,1013304390,107529942,19688428
23,816721090,0.52151,689502720,107529942,19688428
24,734132920,0.5509,629403255,85041237,19688428
25,114220568.7918,0.58034,99883496.9993,13809055.4258,528016.3667
26,114220568.7918,0.60984,99883496.9993,13809055.4258,528016.3667
27,106644589.5904,0.6397,99883496.9993,6233076.2244,528016.3667
28,106644589.5904,0.66939,99883496.9993,6233076.2244,528016.3667
29,107819689.0741,0.699,95715332.4676,11576340.2398,528016.3667
30,110871719.8177,0.72896,96266855.6679,14076847.783,528016.3667
31,110871719.8177,0.75872,96266855.6679,14076847.783,528016.3667
32,623779167,0.80728,482569960,121520779,19688428
33,547557612,0.85501,406348405,121520779,19688428
34,489922522,0.9025,348713315,121520779,19688428
35,439922522,0.94994,298713315,121520779,19688428
36,389922522,0.99753,248713315,121520779,19688428
37,339922522,1.0451,198713315,121520779,19688428
38,292135837,1.0927,150926630,121520779,19688428
39,263192157,1.1403,121982950,121520779,19688428
40,237384247,1.1879,96175040,121520779,19688428
41,209566717,1.2356,73357510,116520779,19688428
42,187530122,1.2831,51320915,116520779,19688428
43,165712123,1.3306,75629550,70394145,19688428
44,141403488,1.3782,51320915,70394145,19688428
45,122973048,1.4258,32890475,70394145,19688428
46,108323733,1.4734,18241160,70394145,19688428
47,96356688,1.5212,6274115,70394145,19688428
48,84448689,1.5688,6274115,68486146,9688428
49,74448689,1.6163,6274115,58486146,9688428
50,21261067.7153,1.6639,895991.8447,19104266.065,1260809.8057
51,13856550.5585,1.7115,6521314.5119,6074426.2409,1260809.8057
52,8343175.4165,1.7592,6521314.5119,561051.0989,1260809.8057
53,4129457.8318,1.8069,2307596.9271,561051.0989,1260809.8057
54,2186966.8116,1.8548,1517354.4773,561051.0989,108561.2354
55,762155.2641,1.9027,92542.9297,561051.0989,108561.2354
56,201104.1651,1.9504,92542.9297,0,108561.2354
57,92542.9297,1.9981,92542.9297,0,0
58,0,2.0459,0,0,0
