1,52892190157,0.053503,47629673640,0,5262516517
2,48007665345,0.091165,43032066855,0,4975598490
3,43441671946,0.12832,38780780200,0,4660891746
4,39640032636,0.16498,34793256870,0,4846775766
5,36555736359,0.20166,31793256870,0,4762479489
6,33644126201,0.23817,29009968985,0,4634157216
7,30817483379,0.27501,26022612435,0,4794870944
8,28372693124,0.31189,24314901930,0,4057791194
9,25933149318,0.34891,21903290875,0,4029858443
10,23683149318,0.38571,19653290875,0,4029858443
11,21601093838,0.42236,17571235395,0,4029858443
12,19771828248,0.45887,16058342085,0,3713486163
13,18352638741,0.49552,14650781495,0,3701857246
14,16283201395,0.53225,13143962715,0,3139238680
15,14873646430,0.56914,11734407750,0,3139238680
16,13860335024,0.60662,10813444315,0,3046890709
17,12879109426,0.64491,9894265325,0,2984844101
18,11959576701,0.68238,8974732600,0,2984844101
19,11153404961,0.71923,8168560860,0,2984844101
20,10504630065,0.75589,7493346020,26439944,2984844101
21,9886918930,0.79249,6875634885,26439944,2984844101
22,9371123520,0.82923,5889239975,26439944,3455443601
23,8468511560,0.8659,6348055865,26439944,2094015751
24,8023077516,0.90256,5939977425,26439944,2056660147
25,1326769920.8814,0.93942,842953921.2675,264399.44,483551600.174
26,1262489419.5187,0.97631,805335397.0915,264399.44,456889622.9872
27,1179124733.9384,1.0131,712409010.7099,264399.44,466451323.7885
28,1124339606.6508,1.0498,688868906.9727,264399.44,435206300.2381
29,1087069389.0553,1.0864,686969984.9458,264399.44,399835004.6694
30,1064307012.8264,1.1258,664207608.7169,264399.44,399835004.6694
31,1044421397.9192,1.1629,660038774.7155,264399.44,384118223.7636
32,1030650109.9446,1.1999,716865700.2104,808849.14,312975560.5943
33,1017661263.6776,1.2368,725191161.1333,808849.14,291661253.4042
34,948369486.6029,1.2735,655859893.2687,848339.93,291661253.4042
35,935465104.9341,1.311,685672833.9004,1354264.57,248438006.4637
36,935865749.7741,1.3479,685672833.9004,1754909.41,248438006.4637
37,937857598.6835,1.3845,687399812.8999,2019779.32,248438006.4637
38,940838590.7154,1.4218,687399812.8999,2019779.32,251418998.4956
39,943895257.4429,1.4587,757067974.1052,2476749.52,184350533.8177
40,5752266023,1.5155,4835435490,197674952,719155581
41,5442163113,1.5695,4627954305,197674952,616533856
42,4962524718,1.6232,4157453310,151977932,653093476
43,4726401407,1.6771,3947816990,125490941,653093476
44,4565707317,1.7309,3564038740,71045971,930622606
45,4418987922,1.785,3417319345,71045971,930622606
46,4319043833,1.8398,3343815200,44606027,930622606
47,4246027172,1.8967,3278739335,44606027,922681810
48,4157004347,1.9511,2909359410,44606027,1203038910
49,3922632457,2.0049,2955344620,44606027,922681810
50,620062323.5341,2.0587,464566057.4679,842067.375,154654198.6912
51,581202681.4593,2.1162,515294812.9763,842067.375,65065801.1081
52,544880475.8865,2.1703,478972607.4034,842067.375,65065801.1081
53,517417459.1779,2.2241,451509590.6948,842067.375,65065801.1081
54,494098572.5619,2.2783,428139499.5445,893271.9093,65065801.1081
55,485934811.3914,2.3324,428139499.5445,893271.9093,56902039.9377
56,480821624.8106,2.3866,421935387.7668,893271.9093,57992965.1345
57,472831555.9328,2.4407,413945318.889,893271.9093,57992965.1345
58,467951961.1537,2.5012,409065724.1099,893271.9093,57992965.1345
59,448702013.1968,2.5552,389815776.153,893271.9093,57992965.1345
60,394639137.3615,2.609,347578363.0846,893271.9093,46167502.3676
61,353971073.7362,2.6642,350305667.1836,893271.9093,2772134.6433
62,325133565.6902,2.7182,321468159.1375,893271.9093,2772134.6433
63,302122209.0204,2.772,298285662.1822,1064412.1948,2772134.6433
64,287475228.3946,2.8259,283232473.0357,1470620.7156,2772134.6433
65,249705926.2609,2.8797,245463170.902,1470620.7156,2772134.6433
66,246478200.2577,2.9339,245463170.902,1015029.3558,0
67,246071991.737,2.9877,245463170.902,608820.835,0
68,246071991.737,3.0414,245463170.902,608820.835,0
69,246618556.4646,3.096,245463170.902,1155385.5626,0
70,242901056.0273,3.15,241444474.9158,1456581.1115,0
71,245864099.5931,3.2042,243994446.2434,1869653.3497,0
72,245165317.3082,3.2582,243579950.2718,1585367.0364,0
73,239507743.8752,3.312,237922376.8388,1585367.0364,0
74,244505621.528,3.3668,242920254.4915,1585367.0364,0
75,295356211.1941,3.4212,293906197.1241,1450014.07,0
76,272074454.5944,3.4774,270624440.5244,1450014.07,0
77,272592952.2544,3.5322,270624440.5244,1850658.91,117852.82
78,272950170.0644,3.5871,270624440.5244,2207876.72,117852.82
79,272950170.0644,3.6421,270624440.5244,2207876.72,117852.82
80,276660873.1644,3.6968,270624440.5244,2207876.72,3828555.92
81,1575433194,3.7858,1342860240,220787672,11785282
82,1450589909,3.8735,1218016955,220787672,11785282
83,1340589909,3.9612,1118016955,210787672,11785282
84,1218340715,4.049,995767760,210787673,11785282
85,1118340715,4.1436,895767760,210787673,11785282
86,1033312910,4.2317,810739955,210787673,11785282
87,983312910,4.3197,760739955,210787673,11785282
88,931463144,4.407,760739955,170723189,0
89,881463144,4.494,710739955,170723189,0
90,831463144,4.5816,660739955,170723189,0
91,795402614,4.6688,624679425,170723189,0
92,759680833,4.7561,624679425,135001408,0
93,725006038,4.8438,590004630,135001408,0
94,675657898,4.9318,550656490,125001408,0
95,634967082,5.0191,514410645,120556437,0
96,587652762,5.1073,467096325,120556437,0
97,553370377,5.195,432813940,120556437,0
98,521453757,5.2826,400897320,120556437,0
99,478718167,5.37,358161730,120556437,0
100,76663501.7898,5.4575,46303562.4684,30359939.3213,0
101,72458238.7608,5.5469,43092802.9417,29365435.8191,0
102,65668998.2875,5.6345,38821880.0363,26847118.2512,0
103,58998732.8121,5.7231,38821880.0363,20176852.7758,0
104,46894530.5853,5.8108,38821880.0363,8072650.5491,0
105,43256874.4889,5.8985,35184223.9398,8072650.5491,0
106,40108901.1227,5.9872,33442729.9279,6666171.1947,0
107,37158858.0281,6.0748,30492686.8334,6666171.1947,0
108,34331493.5768,6.1641,27665322.382,6666171.1947,0
109,31649317.1584,6.2518,24983145.9636,6666171.1947,0
110,29130999.5905,6.3397,24983145.9636,4147853.6269,0
111,27233426.4606,6.4287,23085572.8337,4147853.6269,0
112,25337714.0251,6.5177,21189860.3982,4147853.6269,0
113,23804453.1914,6.6067,19656599.5645,4147853.6269,0
114,21213477.7336,6.7145,17065624.1067,4147853.6269,0
115,19090466.2494,6.8022,16535542.4174,2554923.832,0
116,17685379.3546,6.8896,15130455.5226,2554923.832,0
117,15003202.9362,6.9773,12448279.1042,2554923.832,0
118,13626506.0335,7.0648,11071582.2015,2554923.832,0
119,12317187.6665,7.1543,9762263.8345,2554923.832,0
120,9885664.8174,7.2424,7330740.9854,2554923.832,0
121,8576346.4504,7.3297,6021422.6184,2554923.832,0
122,7304597.5897,7.4175,6021422.6184,1283174.9712,0
123,6170623.8684,7.5053,6021422.6184,149201.25,0
124,5079719.7529,7.5941,4930518.503,149201.25,0
125,5047172.1526,7.6817,5023107.9236,24064.2291,0
126,3784437.5767,7.7694,3353532.5477,24064.2291,406840.8
127,2813809.5219,7.857,2382904.4928,24064.2291,406840.8
128,1843181.467,7.9451,1412276.438,24064.2291,406840.8
129,1436340.667,8.0339,1412276.438,24064.2291,0
130,1064275.6385,8.1216,1040211.4095,24064.2291,0
131,787284.5986,8.2106,763220.3696,24064.2291,0
132,572823.3593,8.2992,548759.1302,24064.2291,0
133,422097.4405,8.3869,398033.2115,24064.2291,0
134,308848.4416,8.4768,284784.2125,24064.2291,0
135,192671.0578,8.5662,168606.8288,24064.2291,0
136,79422.0589,8.6538,55357.8299,24064.2291,0
137,24064.2291,8.7419,0,24064.2291,0
138,6662.4089,8.8292,0,6662.4089,0
139,0,8.9164,0,0,0
