1,46243888508,0.054183,40790245835,0,5453642673
2,41083520026,0.094071,35448559445,0,5634960581
3,36962889413,0.13175,31932548640,0,5030340773
4,33113165056,0.16933,28198555385,0,4914609671
5,29336912531,0.20706,24422302860,0,4914609671
6,26142940231,0.24466,21228330560,0,4914609671
7,22952152486,0.28239,18168373110,0,4783779376
8,20372703610,0.32009,15783846395,0,4588857215
9,18263800997,0.35799,13981939920,0,4281861077
10,16455287677,0.39752,12173426600,0,4281861077
11,15306001740,0.43978,10983938305,0,4322063435
12,14227945779,0.47757,8833399640,0,5394546139
13,11785880460,0.51634,8446902980,0,3338977480
14,10779615885,0.55427,7516302750,0,3263313135
15,9911693079,0.59329,6848074680,0,3063618399
16,9177975581,0.6321,5472252030,0,3705723551
17,8513823415,0.68252,5465710440,31848770,3016264205
18,8014769585,0.72015,4966656610,31848770,3016264205
19,7554320414,0.75771,4499578195,38478014,3016264205
20,7100127644,0.79535,3867333150,38478014,3194316480
21,6014593011,0.83271,3867333150,82809784,2064450077
22,5641730746,0.87022,3711323475,82809784,1847597487
23,5338611585,0.90826,3448612330,82809784,1807189471
24,5177769569,0.9461,3753323830,134215943,1290229796
25,847831082.0184,0.98363,522844266.0898,3479088.653,321507727.2756
26,849185378.4823,1.0212,522844266.0898,4833385.1169,321507727.2756
27,850662549.3817,1.059,522844266.0898,6310556.0163,321507727.2756
28,854722045.7821,1.1011,525797664.6418,7416653.8647,321507727.2756
29,865631307.1413,1.1424,531391783.9233,7416653.8647,326822869.3534
30,4962995570,1.199,3415316840,236118950,1311559780
31,4742341679,1.2543,3218306930,236118950,1287915799
32,4537469159,1.3095,3013434410,236118950,1287915799
33,4349441075,1.3646,3068778890,236118950,1044543235
34,4048923505,1.4203,2871686110,236118950,941118445
35,3863664125,1.4754,2686426730,236118950,941118445
36,3695677040,1.5322,2550288415,204270180,941118445
37,3563441142,1.5877,2533180985,204270180,825989977
38,3500398907,1.6438,2512809685,161599245,825989977
39,3443412752,1.7023,2512809685,104613090,825989977
40,3391166835,1.7633,2512809685,52367173,825989977
41,3343845235,1.8188,2465488085,52367173,825989977
42,3298293770,1.8794,2419936620,52367173,825989977
43,3280029990,1.9348,2401672840,52367173,825989977
44,3179847754,1.9896,2750581920,60557037,368708797
45,3054420404,2.0448,2768151700,60557037,225711667
46,2977055778,2.1001,2775842900,97544251,103668627
47,2971591072,2.1552,2723868295,144054150,103668627
48,2971591072,2.2104,2723868295,144054150,103668627
49,2971591072,2.2654,2723868295,144054150,103668627
50,445597724.5548,2.3207,435394773.4338,6586308.0622,3616643.0588
51,435542325.1387,2.376,409257845.8312,6586308.0622,19698171.2453
52,436863128.4792,2.4314,409257845.8312,7907111.4027,19698171.2453
53,438413724.863,2.4917,409257845.8312,9457707.7864,19698171.2453
54,440744024.2897,2.5514,411588145.258,9457707.7864,19698171.2453
55,442614512.7938,2.6073,412498837.1882,10417504.3603,19698171.2453
56,2618632104,2.7041,2300068155,214895322,103668627
57,2429337934,2.7948,2110773985,214895322,103668627
58,2279337934,2.885,1960773985,214895322,103668627
59,2141505209,2.9751,1822941260,214895322,103668627
60,2033701317,3.0654,1722941260,214895322,95864735
61,1933701317,3.1553,1622941260,214895322,95864735
62,1840243607,3.2456,1529483550,214895322,95864735
63,1752188347,3.3361,1441428290,214895322,95864735
64,1666492697,3.4329,1355732640,214895322,95864735
65,1606492697,3.526,1305732640,204895322,95864735
66,1496492697,3.6161,1205732640,194895322,95864735
67,1410928032,3.7065,1120167975,194895322,95864735
68,1352376077,3.7966,1061616020,194895322,95864735
69,1250389857,3.8859,959629800,194895322,95864735
70,1188222582,3.9763,897462525,194895322,95864735
71,1090310062,4.0661,799550005,194895322,95864735
72,994437879,4.1638,739587670,194895322,59954887
73,890151222,4.2533,739587670,150563552,0
74,822024277,4.3434,671460725,150563552,0
75,125240809.1693,4.4338,99458095.7409,25782713.4284,0
76,116230986.3719,4.5255,90403238.2435,25782713.4284,45034.7
77,108062605.6587,4.6152,82234857.5303,25782713.4284,45034.7
78,99894224.9455,4.7048,74066476.8171,25782713.4284,45034.7
79,91725844.2324,4.7944,65898096.104,25782713.4284,45034.7
80,84218287.2324,4.8843,57729715.3908,23951094.1416,2537477.7
81,78359641.3914,4.974,57729715.3908,18092448.3006,2537477.7
82,73344726.1323,5.0637,52714800.1316,18092448.3006,2537477.7
83,68354311.4258,5.1537,52714800.1316,13102033.5941,2537477.7
84,63590276.5445,5.2433,47950765.2504,13102033.5941,2537477.7
85,59853551.9499,5.3329,44214040.6557,13102033.5941,2537477.7
86,53900764.455,5.4223,38261253.1609,13102033.5941,2537477.7
87,50379558.5013,5.5186,34740047.2071,13102033.5941,2537477.7
88,47358758.169,5.6122,31719246.8748,13102033.5941,2537477.7
89,44958963.8814,5.7073,29319452.5872,13102033.5941,2537477.7
90,43124629.8328,5.7973,27485118.5387,13102033.5941,2537477.7
91,41318477.5146,5.8875,25678966.2205,13102033.5941,2537477.7
92,38297677.1823,5.9776,22658165.8881,13102033.5941,2537477.7
93,37013753.1313,6.068,21374241.8372,13102033.5941,2537477.7
94,35737932.9309,6.1583,20098421.6368,13102033.5941,2537477.7
95,34822123.2875,6.2484,20098421.6368,12186223.9507,2537477.7
96,33998239.4644,6.3383,19035031.6125,12425730.1519,2537477.7
97,30977439.1321,6.4283,16014231.2802,12425730.1519,2537477.7
98,30160601.0608,6.5183,15197393.2089,12425730.1519,2537477.7
99,29608806.4001,6.6087,14462436.6195,12608892.0806,2537477.7
100,40791936.9599,6.7007,11090459.3505,29315529.7754,385947.834
101,25340529.7679,6.7908,15831212.0108,9509317.7571,0
102,20571553.9486,6.8803,11062236.1915,9509317.7571,0
103,16132580.6675,6.9697,6623262.9104,9509317.7571,0
104,15316628.9732,7.0592,5807311.2161,9509317.7571,0
105,14871097.1432,7.1564,5361779.3861,9509317.7571,0
106,14494058.6149,7.2472,5410590.2456,9083468.3692,0
107,14223246.998,7.3372,5139778.6288,9083468.3692,0
108,14030347.6337,7.4269,4946879.2645,9083468.3692,0
109,13911514.4627,7.5186,4828046.0934,9083468.3692,0
110,13800770.0321,7.6081,4717301.6628,9083468.3692,0
111,13672074.0683,7.6979,4588605.6991,9083468.3692,0
112,13611466.6405,7.7878,4527998.2712,9083468.3692,0
113,13562503.3843,7.8782,4479035.0151,9083468.3692,0
114,13513692.5247,7.9685,4430224.1555,9083468.3692,0
115,13294540.2121,8.0581,4479035.0151,8815505.197,0
116,13245729.3525,8.1476,4430224.1555,8815505.197,0
117,13199174.6459,8.2371,4383669.4488,8815505.197,0
118,13182306.0075,8.3267,4366800.8104,8815505.197,0
119,12986249.9519,8.4161,4383669.4488,8602580.5031,0
120,12969381.3135,8.5126,4366800.8104,8602580.5031,0
121,12773325.258,8.6037,4383669.4488,8389655.8092,0
122,12768540.3968,8.6993,4378884.5876,8389655.8092,0
123,10020776.7001,8.7889,1631120.8909,8389655.8092,0
124,9474327.5753,8.8774,1084671.7661,8389655.8092,0
125,15007236.8744,8.9631,6416865.5123,8590371.362,0
126,6581382.3736,9.0495,4178291.3287,2403091.0449,0
127,4537951.071,9.1391,4178291.3287,359659.7423,0
128,4235534.0068,9.2286,4235534.0068,0,0
129,4121048.6507,9.3181,4121048.6507,0,0
130,4006563.2946,9.4082,4006563.2946,0,0
131,3892077.9385,9.4979,3892077.9385,0,0
132,3777592.5825,9.588,3777592.5825,0,0
133,3663107.2264,9.6777,3663107.2264,0,0
134,3548621.8703,9.7675,3548621.8703,0,0
135,3491379.1923,9.8579,3491379.1923,0,0
136,3434136.5142,9.9474,3434136.5142,0,0
137,3434136.5142,10.0369,3434136.5142,0,0
138,3376893.8362,10.1346,3376893.8362,0,0
139,3376893.8362,10.2245,3376893.8362,0,0
140,3376893.8362,10.3148,3376893.8362,0,0
141,3376893.8362,10.4065,3376893.8362,0,0
142,3376893.8362,10.4988,3376893.8362,0,0
143,21839687.2665,10.5383,21381628.7969,458058.4696,0
144,22340797.2213,10.5761,21381628.7969,959168.4244,0
145,23695093.6852,10.6135,21381628.7969,2313464.8883,0
146,25172264.5846,10.651,21381628.7969,3790635.7877,0
147,49640711.2089,10.6886,45850075.4212,3790635.7877,0
148,64129966.8172,10.7446,57978075.671,6151891.1462,0
149,73775592.3658,10.8,67623701.2196,6151891.1462,0
150,90663986.394,10.8566,71282983.1535,10582002.2605,8799000.98
151,59724057.3388,10.9119,40343054.0983,10582002.2605,8799000.98
152,58250539.2675,10.9672,40343054.0983,9108484.1892,8799000.98
153,68983818.0952,11.0226,56943519.716,9108484.1892,2931814.19
154,82408185.0648,11.0781,70367886.6856,9108484.1892,2931814.19
155,78051578.9853,11.1334,70367886.6856,4751878.1098,2931814.19
156,73299700.8756,11.1886,70367886.6856,0,2931814.19
157,90397068.1513,11.2451,87465253.9613,0,2931814.19
158,108281559.7033,11.3011,104144472.258,1205273.2553,2931814.19
159,112757986.5333,11.3567,104144472.258,1205273.2553,7408241.02
160,103112601.4684,11.4119,94499087.1931,1205273.2553,7408241.02
161,96801332.0471,11.4757,90838119.2718,1205273.2553,4757939.52
162,96801332.0471,11.5313,90838119.2718,1205273.2553,4757939.52
163,98274850.1184,11.5872,90838119.2718,2678791.3266,4757939.52
164,81674384.5007,11.6434,74237653.6541,2678791.3266,4757939.52
165,68250017.5312,11.7,60813286.6846,2678791.3266,4757939.52
166,70521960.1911,11.7558,60813286.6846,4950733.9866,4757939.52
167,73189174.8814,11.8117,60813286.6846,7617948.6769,4757939.52
168,56091807.6057,11.8674,43715919.4088,7617948.6769,4757939.52
169,38207316.0537,11.9231,27036701.1122,6412675.4216,4757939.52
170,33449376.5337,11.9783,27036701.1122,6412675.4216,0
171,43094761.5986,12.0344,36682086.177,6412675.4216,0
172,55554730.4999,12.092,40343054.0983,6412675.4216,8799000.98
173,55554730.4999,12.1477,40343054.0983,6412675.4216,8799000.98
174,54081212.4286,12.203,40343054.0983,4939157.3503,8799000.98
175,102422981.2554,12.2584,46342603.5537,5409577.7564,50670799.9454
176,113348194.8624,12.3138,57267817.1606,5409577.7564,50670799.9454
177,110859865.456,12.3689,57267817.1606,2921248.35,50670799.9454
178,104968367.4488,12.4245,57267817.1606,0,47700550.2882
179,118882795.5949,12.4799,71182245.3067,0,47700550.2882
180,133776986.8113,12.5359,84756369.3679,1320067.1552,47700550.2882
181,149952696.2492,12.592,98023377.6252,4228768.3358,47700550.2882
182,142102948.6676,12.6473,90173630.0435,4228768.3358,47700550.2882
183,101177622.7096,12.7026,87194207.8749,4228768.3358,9754646.4988
184,93188518.3379,12.758,87194207.8749,5994310.463,0
185,93188518.3379,12.8135,87194207.8749,5994310.463,0
186,94802378.7632,12.869,87194207.8749,7608170.8883,0
187,83877165.1562,12.9244,76268994.268,7608170.8883,0
188,86365494.5626,12.9796,76268994.268,10096500.2946,0
189,89286742.9126,13.0349,76268994.268,13017748.6446,0
190,75372314.7665,13.0916,62354566.1219,13017748.6446,0
191,60478123.5502,13.1522,48780442.0607,11697681.4895,0
192,44302414.1122,13.2072,35513433.8034,8788980.3088,0
193,30792381.7018,13.262,22003401.393,8788980.3088,0
194,38642129.2835,13.3173,29853148.9746,8788980.3088,0
195,36876587.1563,13.3724,29853148.9746,7023438.1817,0
196,36876587.1563,13.4278,29853148.9746,7023438.1817,0
197,35262726.731,13.4845,29853148.9746,5409577.7564,0
198,46187940.338,13.5399,40778362.5816,5409577.7564,0
199,43699610.9316,13.5958,40778362.5816,2921248.35,0
200,51010507.2937,13.651,51010507.2937,0,0
201,63536529.8273,13.7065,54737528.8473,0,8799000.98
202,80826735.8307,13.7623,67069410.2044,1399543.7063,12357781.92
203,98773121.6859,13.8184,84049566.1153,2365773.6506,12357781.92
204,47427605.1767,13.9096,10311769.6364,31338487.2203,5777348.32
205,46222893.0619,13.9996,9107057.5216,31338487.2203,5777348.32
206,45078039.5011,14.0896,7962203.9608,31338487.2203,5777348.32
207,44111616.863,14.1797,6995781.3227,31338487.2203,5777348.32
208,43166297.6541,14.2697,6050462.1138,31338487.2203,5777348.32
209,41432346.6422,14.3597,4316511.1019,31338487.2203,5777348.32
210,40497432.8265,14.4544,4381597.2862,31338487.2203,4777348.32
211,40227432.8265,14.5502,4381597.2862,31338487.2203,4507348.32
212,37970176.597,14.6409,3924341.0567,31338487.2203,2707348.32
213,16774077.1523,14.7335,3556235.9479,12799273.8244,418567.38
214,4128910.4629,14.8235,3710343.0829,0,418567.38
215,2658451.1616,14.9133,2239883.7816,0,418567.38
216,2342765.5772,15.0031,1924198.1972,0,418567.38
217,1513597.6008,15.0929,1095030.2208,0,418567.38
218,1197912.0164,15.1826,779344.6364,0,418567.38
219,941170.8204,15.2725,522603.4404,0,418567.38
220,661565.5249,15.3622,242998.1449,0,418567.38
221,547080.1688,15.4519,128512.7888,0,418567.38
222,438863.0888,15.5422,128512.7888,0,310350.3
223,128512.7888,15.6321,128512.7888,0,0
224,63426.6045,15.7223,63426.6045,0,0
225,34535,15.8143,34535,0,0
226,4061.59,15.9044,0,4061.59,0
227,4061.59,15.9938,0,4061.59,0
228,4061.59,16.0834,0,4061.59,0
229,4061.59,16.1807,0,4061.59,0
230,4061.59,16.2706,0,4061.59,0
231,511638.2358,16.3091,0,511638.2358,0
232,1617736.0842,16.3464,0,1617736.0842,0
233,2972032.5481,16.3839,0,2972032.5481,0
234,4449203.4475,16.4219,0,4449203.4475,0
235,29300039.768,16.4595,22971265.5244,6328774.2437,0
236,11473919.1797,16.5171,0,11473919.1797,0
237,21293332.7343,16.5726,9819413.5546,11473919.1797,0
238,20001035.0929,16.6279,9819413.5546,10181621.5382,0
239,20001035.0929,16.683,9819413.5546,10181621.5382,0
240,17148552.066,16.738,9819413.5546,7329138.5114,0
241,31281706.2531,16.7935,23952567.7417,7329138.5114,0
242,27789151.1575,16.8491,23952567.7417,3836583.4158,0
243,23979718.8143,16.9044,23952567.7417,27151.0726,0
244,40223297.138,16.96,31786856.1354,27151.0726,8409289.93
245,53492664.838,17.0164,49619990.0754,27151.0726,3845523.69
246,69010255.1613,17.074,61951871.4324,1426694.7789,5631688.95
247,84962423.6583,17.1332,77476168.0494,1426694.7789,6059560.83
248,78776479.31,17.2264,72503496,213422.48,6059560.83
249,72240096.31,17.3167,65967113,213422.48,6059560.83
250,102772574.8461,17.4065,64313167.6308,213422.48,38245984.7353
251,97655842.8716,17.5054,64313167.6308,213422.48,33129252.7608
252,83825401.3132,17.5956,50482726.0724,213422.48,33129252.7608
253,80662548.1928,17.6914,47319872.9521,213422.48,33129252.7608
254,77816212.6023,17.7814,44473537.3616,213422.48,33129252.7608
255,68068013.3089,17.8713,36807048.5972,213422.48,31047542.2317
256,64041732.4109,17.9614,36807048.5972,213422.48,27021261.3337
257,60929091.7377,18.0515,38633378.1944,223422.48,22072291.0633
258,43742014.5004,18.1415,23441590.5542,223422.48,20077001.4662
259,41616882.0348,18.2333,17968401.272,223422.48,23425058.2827
260,38019811.0686,18.325,17968401.272,223422.48,19827987.3166
261,33945488.8967,18.4147,13894079.1001,223422.48,19827987.3166
262,31989991.2255,18.5043,11938581.4289,223422.48,19827987.3166
263,31572358.0443,18.5945,11520948.2478,223422.48,19827987.3166
264,27424167.2323,18.6841,7372757.4358,223422.48,19827987.3166
265,27063539.2917,18.7741,7372757.4358,223422.48,19467359.376
266,26254262.8707,18.8645,7372757.4358,223422.48,18658082.9549
267,23989479.8656,18.9543,7372757.4358,223422.48,16393299.9498
268,3154412.4965,19.0438,0,4061.59,3150350.9065
269,2449188.3881,19.1402,49703.56,4061.59,2395423.2381
270,1281443.4551,19.2313,49703.56,4061.59,1227678.3051
271,758372.5275,19.3212,49703.56,4061.59,704607.3775
272,708668.9675,19.4115,0,4061.59,704607.3775
273,704607.3775,19.5032,0,0,704607.3775
274,0,19.5927,0,0,0
