1,1.520974938715384e+18,0.67114
2,1.164585305363094e+18,2.8774
3,8.999059463606051e+17,3.5016
4,6.194395202218821e+17,3.9624
5,5.01716818830676e+17,4.4187
6,4.371083306524728e+17,4.8375
7,3.641703768628402e+17,5.2422
8,3.166677672447694e+17,5.646
9,2.69352164810188e+17,6.0509
10,2.412441304556531e+17,6.4554
11,2.213996378379884e+17,6.8595
12,2.097539905531584e+17,7.263
13,2.007231913686116e+17,7.6721
14,1.949285931527005e+17,8.0773
15,1.833404852947648e+17,8.4797
16,1.780224036496343e+17,8.8854
17,1.742711051826144e+17,9.2871
18,1.716305826897863e+17,9.6909
19,1.695265360367728e+17,10.0948
20,1.695868339174321e+17,10.504
21,1.710908339773651e+17,10.9079
