1,2.595168932928668e+18,0.38181
2,2.260653417986527e+18,0.55097
3,1.951578322419797e+18,0.70712
4,1.683944037469634e+18,0.86283
5,1.467049950633957e+18,1.0188
6,1.258368053300116e+18,1.1743
7,1.085422749325094e+18,1.3306
8,9.434649977731309e+17,1.4871
9,8.448813351262918e+17,1.6427
10,7.653805868282949e+17,1.7981
11,6.940308016007561e+17,1.9553
12,6.405550647647194e+17,2.1113
13,5.91336350171964e+17,2.2675
14,5.512074574155533e+17,2.4229
15,5.125191583723811e+17,2.5825
16,4.856555067674639e+17,2.7398
17,4.59472097316346e+17,2.8955
18,4.397344894939848e+17,3.0509
19,4.24304988038974e+17,3.2068
20,4.123514153962543e+17,3.365
21,4.009374843817789e+17,3.5206
22,3.903319085595572e+17,3.6759
23,3.853172904674854e+17,3.8339
24,3.808289821672186e+17,3.9897
25,3.719240265746001e+17,4.1477
26,3.455791612593434e+17,4.3035
27,3.431281683587581e+17,4.4588
28,3.411077020429443e+17,4.6139
29,3.395503403722251e+17,4.7692
30,3.386675103040917e+17,4.9242
31,3.377941111612239e+17,5.0798
32,3.377156199889798e+17,5.2359
33,3.377862988298968e+17,5.3916
34,3.381501061889664e+17,5.5477
35,3.224915833861517e+17,5.793
36,3.065112192448913e+17,6.0248
37,2.919162729811287e+17,6.2551
38,2.711698795336531e+17,6.4888
39,2.56964725837166e+17,6.7184
40,2.43494305745577e+17,6.9473
41,2.30323176426843e+17,7.1762
42,2.189904461906284e+17,7.4052
43,2.083859302099646e+17,7.6339
44,1.965856121317771e+17,7.8625
45,1.871086457028433e+17,8.0915
46,1.786952113508433e+17,8.3202
47,1.719104127981573e+17,8.549
48,1.651412277113111e+17,8.778
49,1.589034735526097e+17,9.0069
50,1.537270981606097e+17,9.2366
51,1.487344881049898e+17,9.4688
52,1.412937958881859e+17,9.6979
53,1.36880355198356e+17,9.9269
54,1.321867398612901e+17,10.1556
55,1.252697948937353e+17,10.3849
56,1.210285468396799e+17,10.6134
57,1.168646279148976e+17,10.8423
58,1.127282092377791e+17,11.071
59,1.08646754637283e+17,11.3004
60,1.049470006823813e+17,11.5296
61,1.012866630860167e+17,11.7585
62,9.765415056966454e+16,11.9869
63,9.414870712777062e+16,12.2162
64,9.073290619725216e+16,12.4478
65,8.751603931742482e+16,12.6781
66,8.425725470925216e+16,12.9069
67,8.119214474945962e+16,13.136
68,7.820430633946619e+16,13.3647
69,7.530633400793653e+16,13.5933
70,7.250984340295093e+16,13.825
71,6.978352519495093e+16,14.0539
72,6.716599834540163e+16,14.2826
73,6.472193721275753e+16,14.5115
74,6.242986665275753e+16,14.7401
75,6.021388305299256e+16,14.969
76,5.810132471699256e+16,15.1978
77,5.60897984810531e+16,15.4299
78,5.43142230890531e+16,15.6586
79,5.25477780650531e+16,15.8872
80,5.084126481530662e+16,16.1158
81,4.879390504122575e+16,16.3448
82,4.70711204330531e+16,16.5732
83,4.553508541556456e+16,16.8023
84,4.406041034994226e+16,17.0313
85,4.259244037498032e+16,17.2604
86,4.118408793392899e+16,17.489
87,3.983952959792899e+16,17.718
88,3.850198600290598e+16,17.9465
89,3.72123624394216e+16,18.1756
90,3.49910228754178e+16,18.4071
91,3.371894721458716e+16,18.6393
92,3.245380081621925e+16,18.8694
93,2.999716691599866e+16,19.0984
94,2.881372577318146e+16,19.3278
95,2.764836544134063e+16,19.5568
96,2.658652148385497e+16,19.7854
97,2.559192392318291e+16,20.0146
98,2.418486651518291e+16,20.244
99,2.323347932355383e+16,20.473
100,2.233137241575388e+16,20.7013
101,2.143890841575388e+16,20.9298
102,2.057437407975388e+16,21.159
103,1.971988238314438e+16,21.3916
104,1.88851491414011e+16,21.6208
105,1.802731615148108e+16,21.8499
106,1.724956682023234e+16,22.0787
107,1.649259334336474e+16,22.3079
108,1.575582625118545e+16,22.5362
109,1.470443204318545e+16,22.765
110,1.405893668318545e+16,22.9932
111,1.347984968773147e+16,23.2222
112,1.290329135173147e+16,23.4509
113,1.235411835973147e+16,23.6803
114,1.183065901814932e+16,23.9118
115,1.132390621662014e+16,24.1404
116,1.081841764062014e+16,24.375
117,1.034302095649934e+16,24.6038
118,9954217399699340,24.8332
119,9566821591710088,25.062
120,9231380132276368,25.2911
121,8902416575476368,25.5198
122,8592485738495562,25.7483
123,8286030300745326,25.9769
124,7980505172345976,26.2054
125,7686859293647442,26.4345
126,7396179952251204,26.6641
127,7012707541051204,26.8928
128,6721715129851204,27.1215
129,6436951067447758,27.3542
130,6175542890313832,27.5825
131,5939677186106555,27.811
132,5702733282368054,28.0396
133,5480777950095441,28.2684
134,5282265538895441,28.4969
135,5091058626895441,28.7256
136,4922741153395441,28.9538
137,4756311233395441,29.1851
138,4628623983713425,29.4143
139,4507530317417659,29.6436
140,4387693982581045,29.8717
141,4272555752623738,30.1004
142,3803044785800096,30.3319
143,3514533375487646,30.5604
144,3405908597286074,30.7888
145,3299963537627738,31.0172
146,3214808587441088,31.2459
147,2965697405233214,31.4742
148,2881553501777288,31.7021
149,2807489540095664,31.9302
150,2735681155248938,32.1589
151,2672471786262314,32.3875
152,2615193998794633,32.6158
153,2560593113774353,32.844
154,2507804554088569,33.072
155,2428802725754419,33.3011
156,2376134272377559,33.5361
157,1776206770276819,33.7803
158,1729583650169244,34.009
159,1686170933369244,34.2383
160,1643178232366916,34.4667
161,1602148012366916,34.695
162,1566876541498412,34.9232
163,1441494255267182,35.1516
164,1406978651267182,35.3798
165,1372836551675224,35.6079
166,1334276558075224,35.8358
167,1300429208071474,36.0643
168,1267629214471474,36.2926
169,1236507214471474,36.5239
170,1207344221227888,36.7537
171,1180304227627888,36.9831
172,1143831908611672,37.2125
173,884683060276408,37.4416
174,859145663476408,37.6708
175,834915265123503,37.9008
176,810775478168367,38.1295
177,792711016181721,38.36
178,774758286581721,38.5901
179,756996491473497,38.8199
180,741812752316883,39.048
181,729299856870483,39.2773
182,716974285622355,39.5088
183,698864701622355,39.7369
184,682995117622355,39.9644
185,669365533622355,40.1925
186,657250765622355,40.4203
187,645221668022355,40.6482
188,633188310422355,40.876
189,621508722422355,41.1042
190,610119138422355,41.332
191,599244709622355,41.56
192,588735777615374,41.7877
193,573853041248278,42.0157
194,563658273248278,42.2439
195,553544915648278,42.4748
196,541865327648278,42.7025
197,531756230048278,42.9305
198,521642872448278,43.1581
199,509963284448278,43.3865
200,500801864827902,43.6142
201,491847436027902,43.8425
202,483572668027902,44.0707
203,475379310427902,44.2991
204,463699722427902,44.5269
205,455510624827902,44.7552
206,447317267227902,44.9829
207,435637679227902,45.2112
208,427554908027902,45.4419
209,420060314641252,45.6699
210,412938030881518,45.8975
211,405903602081518,46.1264
212,399548834081518,46.3558
213,393275476481518,46.5847
214,381595888481518,46.8127
215,375326790881518,47.0408
216,369053433281518,47.2687
217,357373845281518,47.4966
218,351628488380182,47.7244
219,346160509180182,47.9521
220,341148335580182,48.1797
221,336277863757166,48.4109
222,331585690157166,48.6389
223,326989848557166,48.8701
224,322415705143752,49.0978
225,317980937143752,49.3262
226,313597949850312,49.5544
227,303578685943752,49.7821
228,299195698650312,50.01
229,291096434743752,50.2383
230,286713447450312,50.466
231,280534183543752,50.6942
232,276151196250312,50.9219
233,271687081764072,51.1497
234,267314908164072,51.3808
235,262961550564072,51.609
236,251281962564072,51.8366
237,247506716005448,52.0645
238,243977949981128,52.2925
239,238864464805448,52.5204
240,235492879205448,52.748
241,232264900005448,52.9757
242,226127138192098,53.2034
243,157009476005448,53.4314
244,150871714192098,53.6592
245,147820128592098,53.8877
246,145088542992098,54.1164
247,142412701392098,54.3482
248,139108750992098,54.5793
249,136432909392098,54.8091
250,133918141392098,55.0369
251,131484783792098,55.2656
252,119805195792098,55.4935
253,117394923792098,55.7217
254,115204194192098,55.9499
255,113067972978744,56.1777
256,111327012178744,56.4062
257,109058872337368,56.6344
258,91605277109179,56.8623
259,89401889909179,57.0908
260,87793123884859,57.3195
261,82679638709179,57.5507
262,81295688309179,57.7798
263,78619846709179,58.0082
264,77292146709179,58.2367
265,76025599509179,58.4648
266,74097717909179,58.6924
267,73090017909179,58.9204
268,72323321972645,59.1482
269,70950225909179,59.3769
270,69607622709179,59.6051
271,67998856684859,59.8332
272,62885371509179,60.0607
273,62118675572645,60.289
274,60745579509179,60.5201
275,59978883572645,60.7482
276,59287047319085,60.9757
277,49705937972645,61.2037
278,49014101719085,61.4316
279,41352992372645,61.6596
280,40661156119085,61.8871
281,34920046772645,62.1154
282,34199965628045,62.3432
283,33508129374485,62.572
284,27767020028045,62.7998
285,27079320028045,63.0276
286,26449813899445,63.2557
287,25832579281574,63.4874
288,22011469935134,63.7153
289,21463738457534,63.9444
290,20943194380838,64.1726
291,20540423180838,64.4015
292,20145971267214,64.6289
293,19778271267214,64.8571
294,19413307206670,65.0854
295,19099977353110,65.3136
296,17198868006670,65.541
297,16634198020024,65.7696
298,14817976806670,65.997
299,14536796377770,66.2261
300,14258175565386,66.4598
301,14014218588402,66.6886
302,12983746765386,66.9165
303,12739789788402,67.1444
304,12520659346002,67.3724
305,12225328188402,67.6004
306,12026776988402,67.8278
307,11894254205471,68.0558
308,11802163806175,68.2834
309,11734758665550,68.5112
310,11728944204150,68.7392
311,11726622024429,68.9669
312,11726622024429,69.1947
313,11726622024429,69.4257
314,11726622024429,69.6536
315,11726622024429,69.8811
316,11726622024429,70.1086
317,11726622024429,70.3368
318,11726622024429,70.564
319,11726622024429,70.7918
320,11726622024429,71.0195
321,11726622024429,71.2472
322,11726622024429,71.4747
323,11726622024429,71.7035
324,11726622024429,71.931
325,11726622024429,72.1589
326,11726622024429,72.3898
327,11726622024429,72.6179
328,11726622024429,72.8474
329,11726622024429,73.0778
330,11726622024429,73.3058
331,11726622024429,73.5335
332,11418165013219,73.7742
333,11418165013219,74.0023
334,11418165013219,74.2296
335,7936107111189,74.4693
336,6495904711189,74.6967
337,5695702311189,74.9252
338,5535499911189,75.1552
339,5155899111189,75.3872
340,5010659370789,75.6156
341,4961437511189,75.8437
342,4961437511189,76.0707
343,4961437511189,76.2994
344,10218310695073,76.5384
345,10218310695073,76.7712
346,10218310695073,77.0018
347,10218310695073,77.2303
348,10218310695073,77.4578
349,10218310695073,77.6851
350,10218310695073,77.914
351,10218310695073,78.1408
352,10218310695073,78.3712
353,10218310695073,78.5975
354,10218310695073,78.8239
355,10218310695073,79.0502
356,10218310695073,79.2765
357,10218310695073,79.5033
358,10218310695073,79.7294
359,10218310695073,79.9555
360,10218310695073,80.1817
361,10218310695073,80.408
362,10218310695073,80.6341
363,10218310695073,80.8604
364,10218310695073,81.0872
365,8754937095073,81.3261
366,7356178612078,81.5569
367,7172805012078,81.7832
368,6953579192117,82.0096
369,6953579192117,82.2359
370,6953579192117,82.4625
371,6953579192117,82.6887
372,6953579192117,82.9151
373,6953579192117,83.1413
374,6953579192117,83.3677
375,6953579192117,83.5947
376,6953579192117,83.8225
377,6953579192117,84.0494
378,6953579192117,84.2777
379,6953579192117,84.5088
380,6953579192117,84.7353
381,6953579192117,84.9618
382,6953579192117,85.1882
383,6953579192117,85.4145
384,6953579192117,85.6409
385,6953579192117,85.8672
386,6953579192117,86.0936
387,6953579192117,86.32
388,6953579192117,86.5477
389,27582768704663,86.7043
390,463282305960552,86.8587
391,1317065372042605,87.013
392,463282305960552,87.2431
393,193307633960552,87.4743
394,51332961960552,87.7013
395,27582768704663,87.9288
396,22246055104663,88.1562
397,19149341504663,88.3841
398,16624696424429,88.6117
399,13847982824429,88.8397
400,13311269224429,89.0676
401,11748874024429,89.2956
402,11532160424429,89.5228
403,11493337199309,89.7516
404,11493337199309,89.9802
405,11493337199309,90.2081
406,11493337199309,90.4392
407,11493337199309,90.6671
408,11493337199309,90.8946
409,11493337199309,91.1224
410,11493337199309,91.35
411,11493337199309,91.5777
412,11493337199309,91.8053
413,11493337199309,92.033
414,11493337199309,92.2606
415,11493337199309,92.4884
416,11493337199309,92.7175
417,11493337199309,92.945
418,11493337199309,93.1725
419,11493337199309,93.4036
420,11493337199309,93.631
421,11493337199309,93.863
422,11493337199309,94.0924
423,11493337199309,94.3211
424,10990764062499,94.5541
425,10990764062499,94.7819
426,10990764062499,95.0094
427,8066114734073,95.2403
428,6625912334073,95.4686
429,6301443111189,95.7003
430,6301443111189,95.9316
431,6301443111189,96.1623
432,6301443111189,96.3958
433,6297152075153,96.6261
434,6297152075153,96.8576
435,6297152075153,97.0884
436,6297152075153,97.32
437,16720367659037,97.5496
438,16720367659037,97.7776
439,16720367659037,98.0061
440,16720367659037,98.2376
441,16720367659037,98.4653
442,16720367659037,98.6963
443,16720367659037,98.9278
444,16720367659037,99.1578
445,16720367659037,99.3905
446,16720367659037,99.652
447,16720367659037,99.8794
448,16720367659037,100.1113
449,16720367659037,100.3401
450,16720367659037,100.5691
451,16720367659037,100.7977
452,16720367659037,101.0277
453,16720367659037,101.2564
454,16720367659037,101.4878
455,16720367659037,101.7198
456,16720367659037,101.9508
457,16720367659037,102.1808
458,16720367659037,102.4123
459,13016994059037,102.6445
460,10593620459037,102.8736
461,9194861976042,103.1022
462,8051488376042,103.3302
463,7351887576042,103.606
464,7168513976042,103.9184
465,6949288156081,104.1559
466,6910464930961,104.3842
467,6910464930961,104.6464
468,6910464930961,104.8743
469,6910464930961,105.1338
470,6910464930961,105.3675
471,6910464930961,105.5986
472,6910464930961,105.8269
473,6910464930961,106.0573
474,6910464930961,106.2853
475,6910464930961,106.523
476,6910464930961,106.7545
477,6910464930961,106.9821
478,6910464930961,107.2112
479,6910464930961,107.4403
480,6910464930961,107.6833
481,6910464930961,107.9159
482,6910464930961,108.1448
483,6910464930961,108.3789
484,6910464930961,108.6115
485,6910464930961,108.8453
486,6910464930961,109.0749
487,27518199263327,109.2379
488,27518199263327,109.3973
489,31708870683269,109.5548
490,26372157083269,109.7901
491,22220308888447,110.0269
492,19123595288447,110.262
493,16598950208213,110.4968
494,13822236608213,110.7334
495,13285523008213,110.9664
496,11723127808213,111.1978
497,11506414208213,111.4385
498,11506414208213,111.6721
499,11506414208213,111.9049
500,11506414208213,112.1378
501,11506414208213,112.3692
502,11506414208213,112.6007
503,11506414208213,112.8348
504,11506414208213,113.0642
505,11506414208213,113.294
506,11506414208213,113.5235
507,11506414208213,113.7537
508,11506414208213,113.9882
509,11506414208213,114.2184
510,11506414208213,114.4527
511,11506414208213,114.6846
512,11506414208213,114.914
