1,4.192317808913779e+17,1.427
2,3.50093086553141e+17,3.6414
3,3.048759029722765e+17,5.5251
4,2.614008009230946e+17,7.1745
5,2.279655739347879e+17,8.7847
6,1.967562923604065e+17,10.4023
7,1.784940441172767e+17,12.0086
8,1.631396050009507e+17,13.628
9,1.493325091115697e+17,15.2391
10,1.35567156133621e+17,16.848
11,1.223368014647768e+17,18.4724
12,1.093308949201743e+17,20.0809
13,9.684661154817195e+16,21.6939
14,8.460986222719262e+16,23.3049
15,7.383739590863539e+16,24.9193
16,6.559935665000694e+16,26.5298
17,5.736461670621859e+16,28.1453
18,5.01761971165744e+16,29.7594
19,4.316508169070086e+16,31.373
20,3.714938715548614e+16,32.9801
21,3.137136984944457e+16,34.6052
22,2.608411356159023e+16,36.2152
23,2.326388883332651e+16,37.8297
24,2.107851291594548e+16,39.4418
25,1.969962265029524e+16,41.052
26,1.848082914152008e+16,42.6646
27,1.70548898869077e+16,44.2766
28,1.621164034115423e+16,45.8906
29,1.549742423538667e+16,47.5008
30,1.517615243455788e+16,49.1108
31,1.489152325782213e+16,50.7173
32,1.469078675207088e+16,52.327
33,1.456746432500008e+16,53.9375
34,1.446348057547029e+16,55.5519
35,1.439166298942862e+16,57.1612
36,1.433613343989082e+16,58.7765
37,1.429405379239082e+16,60.386
38,1.412803927700088e+16,62.0002
39,1.392311257406129e+16,63.6191
40,1.391635390871647e+16,65.2297
41,1.391352701435996e+16,66.8475
42,1.391352701435996e+16,68.4532
43,1.391352701435996e+16,70.0639
44,1.097985819352714e+16,71.7213
45,8064544152941499,73.3744
46,6525495889468593,75.0254
47,5226142758658147,76.6756
48,4426883063570122,78.3259
49,3693016896928902,79.98
50,3086326395922060,81.6141
51,2571746546306360,83.2511
52,2073698226306360,84.888
53,1688024938306360,86.5221
54,1307151205248498,88.1584
55,1059614512494745,89.7968
56,823220414374317.2,91.4334
57,607956865411014.8,93.0688
58,424165933697487.2,94.7043
59,319465528470951.8,96.3379
60,228954126435276.8,97.9749
61,181578237791407.3,99.6096
62,143363950071481.4,101.2458
63,111426819200997,102.8826
64,84586066016477,104.5167
65,62559886850699.41,106.1516
66,49200913706478.3,107.7867
67,39651020806044.7,109.4206
68,35705993812886.6,111.0547
69,33115746763743,112.6886
70,31201197073503,114.3221
71,30610545313503,115.9559
72,30029493553503,117.5904
73,29458041793503,119.2238
74,28896190033503,120.858
75,28343938273503,122.4926
76,27801286513503,124.1321
77,27268234753503,125.7684
78,26744782993503,127.4056
79,26230931233503,129.0412
80,25726679473503,130.6787
81,25232027713503,132.3162
82,24742358113503,133.9575
83,24257306353503,135.5989
84,23777236753503,137.2456
85,23301784993503,138.902
86,22831315393503,140.5585
87,22365463633503,142.2026
88,21904594033503,143.8508
89,21448342273503,145.4934
90,20997072673503,147.1459
91,20550420913503,148.7837
92,20108751313503,150.4389
93,19671699553503,152.1012
94,19239629953503,153.7466
95,18812178193503,155.3888
96,18389708593503,157.0353
97,17971856833503,158.6846
98,17558987233503,160.3544
99,17150735473503,161.9989
100,16747465873503,163.6452
101,16348814113503,165.2975
102,15955144513503,166.941
103,15566092753503,168.5805
104,15182023153503,170.221
105,14802571393503,171.8597
106,14428101793503,173.4997
107,14058250033503,175.1406
108,13693380433503,176.786
109,13333128673503,178.43
110,12977859073503,180.0724
111,12627207313503,181.7158
112,12281537713503,183.3548
113,11940485953503,184.9996
114,11604416353503,186.6405
115,11272964593503,188.2869
116,10946494993503,189.9369
117,10624643233503,191.6093
118,10307773633503,193.2595
119,9995521873503,194.9014
120,9688252273503,196.5638
121,9385600513503,198.2136
122,9087930913503,199.8733
123,8794879153503,201.5312
124,8506809553503,203.1898
125,8223357793503,204.8423
126,7944888193503,206.4931
127,7671036433503,208.1397
128,7402166833503,209.7826
129,7137915073503,211.4287
130,6878645473503,213.0739
131,6623993713503,214.7174
132,6374324113503,216.3571
133,6129272353503,218.0006
134,5889202753503,219.6449
135,5653750993503,221.2883
136,5423281393503,222.9353
137,5197429633503,224.5764
138,4976560033503,226.2201
139,4760308273503,227.8629
140,4549038673503,229.5125
141,4342386913503,231.157
142,4140717313503,232.8
143,4140717313503,234.4112
144,4140717313503,236.0206
145,4140717313503,237.6275
146,3943665553503,239.2724
147,3751595953503,240.9177
148,3564144193503,242.57
149,3381674593503,244.223
150,3203822833503,245.8761
151,3030953233503,247.5293
152,2862701473503,249.1815
153,2699431873503,250.8342
154,2540780113503,252.4909
155,2387110513503,254.1519
156,2238058753503,255.8109
157,2093989153503,257.4616
158,1954537393503,259.1144
159,1820067793503,260.7669
160,1690216033503,262.4224
161,1565346433503,264.084
162,1445094673503,265.7324
163,1329825073503,267.3803
164,1219173313503,269.0245
165,1113503713503,270.6702
166,1012451953503,272.3139
167,916382353503,273.9583
168,824930593503,275.602
169,738460993503,277.2484
170,656609233503,278.8929
171,579739633503,280.5377
172,507487873503,282.1876
173,440218273503,283.8328
174,377566513503,285.4745
175,319896913503,287.1164
176,266845153503,288.7611
177,218775553503,290.4081
178,175323793503,292.055
179,136854193503,293.6977
180,103002433503,295.3399
181,74132833503,296.9819
182,49881073503,298.6247
183,30611473503,300.2676
184,15959713503,301.9103
185,6290113503,303.553
186,1238353503,305.1971
187,3301203,306.84
188,0,308.4817
