1,1.520974938715384e+18,0.41297
2,1.164678868597045e+18,1.9323
3,8.999995095945555e+17,3.4604
4,6.195330834558326e+17,4.9656
5,5.018103820646265e+17,6.4811
6,4.373156987235876e+17,7.9934
7,3.643777449339549e+17,9.5047
8,3.168751353158842e+17,11.0141
9,2.697037989961356e+17,12.5226
10,2.415957646416007e+17,14.0276
11,2.21751272023936e+17,15.538
12,2.116784603855621e+17,17.0436
13,2.026476612010153e+17,18.5533
14,1.968530629851042e+17,20.058
15,1.868426850841496e+17,21.5685
16,1.815246034390192e+17,23.0748
17,1.801763516186605e+17,24.5866
18,1.797198461791642e+17,26.0923
19,1.794034724242869e+17,27.605
20,1.795240681856054e+17,29.1119
21,1.798404419404827e+17,30.6255
22,5.93815123474239e+16,32.1469
23,5.15584793074239e+16,33.6738
24,4.461178337694931e+16,35.2011
25,3.896832632514123e+16,36.7237
26,3.427712192545065e+16,38.2518
27,3.10319296852275e+16,39.7742
28,2.800768524393762e+16,41.3066
29,2.50641569813696e+16,42.8297
30,2.263761282498819e+16,44.3582
31,2.065037669665732e+16,45.8806
32,1.876492935249464e+16,47.4164
33,1.458412915091361e+16,48.9636
34,1.264677108485512e+16,50.5122
35,1.126001920419358e+16,52.065
36,9599945757397852,53.7198
37,8307632455714919,55.2631
38,7244795028078562,56.7911
39,6404004059906497,58.3138
40,5684543638233522,59.8437
41,5095184274933643,61.3666
42,4627612764525056,62.942
43,4203373025381216,64.4703
44,3882263265381216,65.9985
45,3603336531392040,67.5207
46,3436934035392040,69.0487
47,3306661185789224,70.5729
48,3131742021024103,72.1257
49,3005017509024103,73.6542
50,2886545816003182,75.1821
51,2780525064003182,76.7066
52,2680894497576309,78.2353
53,2615406048085952,79.7565
54,2563452326586503,81.2847
55,2513597286154270,82.8087
56,2472242299184771,84.338
57,2329879979184771,85.8607
58,2287834928784771,87.3887
59,2249147807336796,88.912
60,2221924087755530,90.4396
61,2196123610695641,91.9627
62,2174064418436060,93.4905
63,2152677974755292,95.0128
64,2134521564355292,96.541
65,2117325153955292,98.0636
66,2101088743555292,99.5912
67,2085812333155292,101.1134
68,2071495922755292,102.6462
69,2058139512355292,104.1762
70,2045743101955292,105.7004
71,2034172627583692,107.2287
72,2022736217183692,108.7523
73,2012259806783692,110.2819
74,2002743396383692,111.8054
75,1993274490100164,113.3327
76,1984718079700164,114.8823
77,1976314133810228,116.4179
78,1968717723410228,117.941
79,1961820287478019,119.4691
80,1955183877078019,120.9922
81,1948790132981140,122.5218
82,1943028558581140,124.0602
83,1937352148181140,125.589
84,1914143673072675,127.1121
85,1893980175472675,128.6403
86,1888639516366590,130.1633
87,1883837941966590,131.6935
88,1879676367566590,133.2211
89,1876154793166590,134.7509
90,1872500918863469,136.2734
91,1867930135663469,137.8012
92,1864238421037421,139.3246
93,1861470506710396,140.853
94,1858381814710396,142.4027
95,1855933122710396,143.9308
96,1853658247334035,145.4433
97,1851849555334035,146.9625
98,1850680863334035,148.4747
99,1849556875334035,150.0034
100,1848581507747586,151.521
101,1847859623747586,153.0328
102,1847300555173634,154.5445
103,1843928840547586,156.0563
104,1843369771973634,157.5675
105,1840318057347586,159.086
106,1839758988773634,160.6066
107,1837027274147586,162.1187
108,1836468205573634,163.6299
109,1834056490947586,165.1416
110,1833497422373634,166.6528
111,1831475251284662,168.1636
112,1830916182710710,169.6748
113,1829761759284662,171.1861
114,1829202690710710,172.697
115,1828673998710710,174.2087
116,1828236741910710,175.7193
117,1827874891539110,177.2435
118,1827039236113062,178.7885
119,1826423176913062,180.3132
120,1825864108339110,181.8353
121,1825348452913062,183.3594
122,1824732393713062,184.8827
123,1824173325139110,186.4056
124,1823877265939110,187.9271
125,1823365852039191,189.4515
126,1822806783465239,190.973
127,1822510724265239,192.4978
128,1822346736265239,194.0198
129,1822226624807198,195.5498
130,1822147595465239,197.0716
131,1821991583465239,198.5951
132,1821871472007198,200.117
133,1821800048910197,201.6403
134,1821795807384068,203.165
135,1821604393484149,204.6873
136,1821045324910197,206.2099
137,1820782504834053,207.7312
138,1820749265710197,209.2561
139,1820745024184068,210.7781
140,1820745024184068,212.3032
141,1820745024184068,213.8256
142,1820745024184068,215.3496
143,1820745024184068,216.8715
144,1820745024184068,218.3972
145,1820745024184068,219.9184
146,1820745024184068,221.4399
147,1820745024184068,222.9612
148,1820745024184068,224.4838
149,1820745024184068,226.0066
150,1820745024184068,227.5298
151,1820745024184068,229.0515
152,1820745024184068,230.5744
153,1820745024184068,232.0957
154,1820745024184068,233.6191
155,1820745024184068,235.1402
156,1820745024184068,236.6631
157,1820745024184068,238.1839
158,1820745024184068,239.706
159,1820745024184068,241.229
160,9138427199324048,242.7396
161,8986913792081632,244.2571
162,1.113623297353288e+16,245.7643
163,1.118542100449275e+16,247.2706
164,2653573285968341,248.7941
165,1797234309968341,250.3159
166,1302509130484900,251.8381
167,891827151700800,253.3598
168,546320338858575,254.8842
169,308833677168575,256.4058
170,133789678528099,257.9296
171,87312306428143,259.4576
172,26949456067067,260.9804
173,12421310525000,262.5022
174,28925165476,264.0285
175,0,265.5506
