1,2.23644719915564e+18,2.6242
2,2.067573392727068e+18,9.5495
3,1.911716128707205e+18,12.4295
4,1.788862408163143e+18,14.8774
5,1.681307490349247e+18,17.2371
6,1.585914306272535e+18,19.7043
7,1.503274366440252e+18,22.0255
8,1.424744366892412e+18,24.3839
9,1.361926329280189e+18,26.9541
10,1.299939812461642e+18,29.2927
11,1.243940640580006e+18,31.6884
12,1.192736196549345e+18,34.0947
13,1.143053967436726e+18,36.4151
14,1.095011915388372e+18,38.7374
15,1.052491624179794e+18,41.0635
16,1.01287282327449e+18,43.393
17,9.793997673645789e+17,45.7145
18,9.493478393282843e+17,48.0367
19,9.211919002406764e+17,50.3632
20,8.917274968059837e+17,52.6962
21,8.639255968970022e+17,55.0294
22,8.36970882300121e+17,57.3529
23,8.119887883714743e+17,59.6816
24,7.872626802997316e+17,62.0175
25,7.646560821588369e+17,64.3429
