1,4.76084631587134e+17,0.53254
2,4.618052927748606e+16,1.8052
3,2.413099606322212e+16,2.4467
4,1.421024945600416e+16,2.7531
5,6583186721618121,3.0205
6,4480123519463047,3.2994
7,2821221055927331,3.5642
8,2810620414871019,3.8299
9,2815534975768828,4.0943
10,2813886095536632,4.3609
11,1244073543973153,4.6386
12,691515265853923.6,4.9115
13,458160533764622.3,5.18
14,347132325140649.3,5.4501
15,173036865772882.5,5.7189
16,114534787995094,5.9875
17,76002726678378.3,6.2575
18,43408034447137.26,6.5269
19,16537783245440.32,6.7965
20,3704242198579.357,7.0666
21,175423273568.1784,7.3341
22,0,7.6051
