1,79212597379,4.4155
2,12053369712.0593,8.2884
3,10750544824.9419,9.4564
4,9457548198.1366,10.1606
5,8426302055.5859,10.8163
6,7608925142.1253,11.5899
7,7135761870.3286,12.2651
8,6956278002.1523,12.9448
9,6776901783.593,13.5982
10,6597550196.6784,14.2337
11,6276808547.9056,14.8676
12,5920385667.2015,15.5033
13,5575177929.1951,16.1378
14,5200323908.3094,16.7858
15,4959680812.507,17.4175
16,4761481644.6038,18.0485
17,4582207036.4403,18.6799
18,4402371465.7987,19.3126
19,4046786919.1181,19.9793
20,3895412963.0737,20.6133
21,3769865085.7651,21.2437
22,3643104625.5692,21.8717
23,3514400788.8092,22.5046
24,3395427232.7936,23.1418
25,3288893555.3701,23.7739
26,2851829475.0805,24.4014
27,2821505154.339,25.0324
28,2703385988.8302,25.6639
29,2484527052.2511,26.2974
30,2390601407.2994,26.932
31,2374996653.4595,27.5613
32,2357903873.5073,28.1875
33,2287534746.1699,28.8197
34,2217618896.4315,29.4501
35,2214916357.0739,30.0799
36,2216339513.0016,30.712
37,2209077179.382,31.3571
38,2216314262.3035,31.9907
39,2141563541.5307,32.6293
40,2073942394.6406,33.2554
41,2019024201.8733,33.8931
42,1983008223.2779,34.5375
43,1933604117.8624,35.1725
44,1992631110.5706,35.8061
45,2061571488.1841,36.4365
46,2112310484.4882,37.0607
47,2116829022.1315,37.6999
48,1892296742.4398,38.4846
49,1801089685.7008,39.2564
50,1648096983.3731,40.0249
51,1554650242.2005,40.7951
52,1490461932.8033,41.572
53,1417032328.0549,42.34
54,1334789624.2379,43.108
55,1252900356.539,43.876
56,1177379204.5376,44.6401
57,1101609628.4987,45.4011
58,1053273832.3325,46.1726
59,1011914832.1086,46.9403
60,968873145.1537,47.7088
61,918671896.6885,48.4726
62,890162588.3975,49.259
63,860878702.0508,50.0262
64,829266768.7131,50.7846
65,796893474.3985,51.5465
66,764705976.8275,52.3272
67,733369739.9744,53.0953
68,702718230.5024,53.8615
69,672970844.8012,54.6296
70,645456387.6866,55.3947
71,623976379.3175,56.162
72,602853272.6383,56.9304
73,581888122.5748,57.7077
74,563813943.9177,58.5025
75,546060121.9295,59.2687
76,528767871.6864,60.0321
77,511938177.4801,60.7925
78,495671076.184,61.578
79,479776109.5452,62.3731
80,465353574.2363,63.1539
81,451453821.7255,63.921
82,435224782.2538,64.724
83,424567992.0758,65.4926
84,412656294.1945,66.2646
85,397667386.1667,67.0318
86,385562083.0884,67.8037
87,373361447.3911,68.5668
88,361421243.8211,69.3303
89,349789696.5932,70.1307
90,338185011.8054,70.9333
91,326978946.5555,71.6955
92,315127863.9602,72.4581
93,304115515.8796,73.2229
94,292839967.1193,73.9903
95,282871072.7396,74.7494
96,265293942.6992,75.5096
97,270238352.71,76.2691
98,259719720.9868,77.0324
99,245079019.606,77.796
100,231941378.4906,78.5553
101,223448387.4754,79.3164
102,218415102.0829,80.0786
103,209719155.3726,80.8439
104,201305308.251,81.607
105,194096179.0291,82.3695
106,186055184.8039,83.1372
107,180350704.4089,83.8973
108,173656241.3098,84.6581
109,166400014.602,85.4214
110,158839365.6618,86.1995
111,151631472.2107,86.961
112,145162048.5452,87.7235
113,138851852.4083,88.4846
114,132500863.9171,89.2489
115,126341260.6575,90.0114
116,120169773.4654,90.7739
117,114535331.956,91.5379
118,108949753.323,92.3064
119,103498371.9976,93.0651
120,98989864.0299,93.8219
121,94705575.7053,94.5905
122,91117621.3746,95.3572
123,88095978.2462,96.1159
124,85279682.1098,96.8768
125,82502697.0276,97.6695
126,80283528.4081,98.4619
127,78216975.8019,99.2234
128,76492501.707,99.9873
129,75056279.4558,100.7525
130,72963472.1332,101.515
131,69219476.1344,102.27
132,66596287.5156,103.0258
133,65680330.5785,103.7899
134,65034625.42,104.5501
135,59436760.5057,105.3094
136,59417459.8273,106.069
137,59946345.8438,106.8358
138,60751370.0727,107.5995
139,62923716.5925,108.367
140,65245386.1767,109.1329
141,64418772.0562,109.901
142,67425119.3848,110.6664
143,70404376.9677,111.4861
144,72799802.6905,112.2584
145,74627205.7257,113.0608
146,59219725.489,114.2873
147,55903353.4744,115.0643
148,58077762.6005,115.9125
149,61098657.5823,116.7306
150,67454746.0755,117.5358
151,67159186.9345,118.3434
152,65163145.312,119.1139
153,54021761.2911,119.8994
154,57904640.2855,120.7071
155,61784691.0658,121.4877
156,65661763.0557,122.2833
157,64198388.6243,123.1103
158,65726172.3781,123.9305
159,66763450.478,124.7284
160,67388706.4685,125.5138
161,67298132.9044,126.3116
162,53833207.0371,127.1501
163,52739519.4063,127.9167
164,52269458.4665,128.6826
165,51925885.1812,129.469
166,51756765.2467,130.2505
167,51823063.6476,131.0301
168,52195729.9902,131.9294
169,53228946.6288,132.7192
170,54581376.7057,133.4828
171,56218303.3142,134.2487
172,56801688.0597,135.0172
173,49936671.0211,135.7949
174,49929441.8528,136.5611
175,46893200.8754,137.3543
176,45444691.5796,138.1087
177,44856862.7837,138.8601
178,44277565.3738,139.5986
179,43960203.9183,140.4373
180,43687886.3759,141.1531
181,43444435.7158,141.8676
182,43219759.1882,142.5861
183,43017316.1265,143.3093
184,42840811.5954,144.0305
185,42694125.5421,144.7502
186,42581186.075,145.4784
187,42505774.0089,146.2138
188,42213156.6993,146.9327
189,42353350.3275,147.6561
190,42182501.2243,148.3707
191,42117531.8485,149.0988
192,41965756.7879,149.8284
193,42025593.0882,150.5453
194,41585486.0218,151.2613
195,41568478.9422,151.986
196,41558613.3311,152.714
197,41555848.7754,153.4399
198,41091191.6108,154.1819
199,41141421.2949,154.9234
200,40785532.3282,155.6509
201,40757657.9499,156.3726
202,40690056.0965,157.0918
203,40585165.0568,157.8127
204,40446097.671,158.5305
205,40276352.177,159.2509
206,40079579.8016,159.9685
207,39859414.4672,160.689
208,39619360.6272,161.4054
209,39362730.3311,162.1223
210,39092619.071,162.8402
211,38811910.5003,163.5572
212,38523301.7084,164.2739
213,38229342.661,164.9899
214,37932485.2313,165.7056
215,37635138.7378,166.4217
216,37339729.9557,167.1396
217,37048766.1455,167.8543
218,36764899.686,168.5702
219,36490992.3503,169.2846
220,36230176.011,170.0004
221,35985904.4604,170.7135
222,35761987.9774,171.4279
223,35590551.7843,172.142
224,35418057.8171,172.8594
225,35311405.0642,173.5763
226,35250838.4344,174.2913
227,35221500.2483,175.0097
228,35157288.792,175.7291
229,35117889.4742,176.4458
230,35038934.4448,177.1606
231,34922997.7221,177.8761
232,34773495.0513,178.5969
233,34594244.3647,179.3161
234,34389211.2899,180.0316
235,34162330.0867,180.7483
236,33917393.5039,181.4666
237,33657999.7705,182.1883
238,33387543.6758,182.9055
239,33109239.8967,183.6281
240,32826168.9855,184.343
241,32541338.8201,185.0906
242,32334770.6139,185.8185
243,32056659.0171,186.5339
244,31891831.6828,187.2493
245,31741261.9872,188.0364
246,31626335.1469,188.7523
247,31534317.8481,189.4858
248,31438162.1317,190.2044
249,31336410.6402,190.9319
250,31245268.5276,191.662
251,31147511.3298,192.3917
252,31050019.5911,193.1093
253,30957423.0891,193.8264
254,30865012.9839,194.5594
255,30782075.2698,195.2759
256,30710727.775,195.9896
257,30646709.2388,196.7054
258,30576495.9684,197.4191
259,30519705.3982,198.134
260,30458733.4137,198.8477
261,30412799.7313,199.576
262,30370727.4988,200.296
263,30334587.9343,201.0112
264,30291248.4755,201.7262
265,30265086.497,202.4391
266,30246598.4256,203.154
267,30192513.3324,203.8674
268,30193078.0602,204.5808
269,28471869.1639,205.2932
270,24591804.1342,206.0074
271,15494245.9032,206.7211
272,16145528.644,207.4351
273,22951041.2439,208.1474
274,23907314.4126,208.8628
275,25310044.1528,209.5758
276,26725584.8591,210.2893
277,28139027.0627,211.0025
278,29295719.3712,211.7192
279,30115316.8519,212.4325
280,30706887.3973,213.1467
281,31081783.0817,213.8591
282,31307891.5672,214.5746
283,14939964.1566,215.2939
284,12854659.6772,216.0118
285,38388110.2783,216.7264
286,67890539.6578,217.4408
287,75016269.3195,218.1575
288,76018366.5575,218.8711
289,76070901.5573,219.5853
290,75106304.3382,220.2982
291,75104812.3411,221.0177
292,75104810.0037,221.7307
293,75019853.09,222.4443
294,74793904.2686,223.1561
295,74480187.6643,223.8722
296,74391127.5193,224.5844
297,74387130.763,225.2959
298,74387124.0114,226.0083
299,74308647.7977,226.7242
300,73909191.4532,227.4374
301,73908516.1502,228.1498
302,73908515.002,228.8637
303,73908515,229.5789
304,73908515,230.2945
305,19388239.1877,231.0071
306,8453157.2963,231.7214
307,3145859.3754,232.4346
308,10251429.6543,233.1494
309,18637072.1888,233.8616
310,23388575.9932,234.5751
311,24568642.4686,235.2872
312,24824343.4559,236.0046
313,24838880.4328,236.7201
314,24838905.9551,237.4342
315,24838905.9999,238.1478
316,24441899.2623,238.8645
317,24438911.6181,239.5789
318,24438906.0105,240.2919
319,24438906,241.0041
320,24438906,241.7191
321,24434906,242.4318
322,24438899.145,243.1453
323,24438905.9883,243.8593
324,24438906,244.5743
325,24438906,245.2893
326,4505869.2519,246.0011
327,18693517.6728,246.7158
328,71176531.2152,247.428
329,73729253.6977,248.1438
330,74222570.7863,248.8567
331,74308467.8625,249.5701
332,74308514.9742,250.2824
333,74308515,251.0004
334,74308515,251.7155
335,74308515,252.4442
336,74308515,253.1699
337,74308515,253.8978
338,74308515,254.6139
339,74308515,255.344
340,74308515,256.077
341,74308515,256.8094
