1,2.640927268453851e+18,0.92706
2,2.111808397563071e+18,4.5353
3,1.714588298746854e+18,5.4545
4,1.398145269126018e+18,6.238
5,1.152208575629433e+18,7.0331
6,9.945411604038026e+17,7.8749
7,8.648349764164476e+17,8.6563
8,7.583625271013112e+17,9.4365
9,6.679111677622048e+17,10.2228
10,5.99087081970108e+17,11.0036
11,5.344554184606026e+17,11.7745
12,4.779399143645928e+17,12.5545
13,4.534792172810719e+17,13.3339
14,4.308575601440652e+17,14.111
15,3.784004137455758e+17,14.8889
16,3.548006075061786e+17,15.669
17,3.368337775310241e+17,16.4496
18,3.24361144465292e+17,17.2302
19,3.135509275340392e+17,18.0108
20,3.052207476607567e+17,18.7933
21,2.978315467795046e+17,19.563
22,2.91095978672432e+17,20.3436
23,2.907932322013472e+17,21.1322
24,2.91095978672432e+17,21.916
25,2.914092169126168e+17,24.6981
26,2.91095978672432e+17,25.3343
27,2.689513275983426e+17,26.1747
28,2.490643186039084e+17,27.0139
29,2.318674311107608e+17,27.8535
30,2.157418993176563e+17,28.6932
31,1.9963925426804e+17,29.5229
32,1.864353010407178e+17,30.3615
33,1.739486083612769e+17,31.2024
34,1.646074981029292e+17,32.0391
35,1.556092499183787e+17,32.8775
36,1.472164121343272e+17,33.7144
37,1.396769756659361e+17,34.5634
38,1.330451400341247e+17,35.442
39,1.267924495447044e+17,36.2982
40,1.206321018712646e+17,37.1412
41,1.149270877926236e+17,37.9764
42,1.09578303001163e+17,38.8218
43,1.045691947253607e+17,39.6668
44,9.870541528050101e+16,40.511
45,9.371636943289888e+16,41.3714
46,8.884641024460731e+16,42.2624
47,8.400628394892424e+16,43.1221
48,8.017145893094642e+16,44.103
49,7.665745069211539e+16,45.0734
50,7.312017371530195e+16,45.9632
51,6.987791186877029e+16,46.916
52,6.675557075883786e+16,47.815
53,6.373750723392347e+16,48.7039
54,6.085346219392347e+16,49.6087
55,5.812301113938384e+16,50.4673
56,5.560767511709747e+16,51.3713
57,5.34875045452769e+16,52.2382
58,5.147220183401678e+16,53.0866
59,4.94849594774301e+16,53.9343
60,4.759271196359813e+16,54.7927
61,4.583983887244138e+16,55.6336
62,4.411300297469195e+16,56.4795
63,4.235494766539892e+16,57.3243
64,4.073490821293912e+16,58.2488
65,3.80479137908257e+16,59.1056
66,3.61340094708257e+16,59.975
67,3.445992113891438e+16,60.8423
68,3.289313619619793e+16,61.7118
69,3.136206907736265e+16,62.5621
70,3.016248767243914e+16,63.4114
71,2.896781546594922e+16,64.2502
72,2.793321194594922e+16,65.0953
73,2.69188602518693e+16,65.9398
74,2.575238840790712e+16,66.7816
75,2.480529791924774e+16,67.6279
76,2.362767073014739e+16,68.4706
77,2.268237606787539e+16,69.3121
78,2.183717328872362e+16,70.1572
79,2.103664779129803e+16,71.0053
80,1.998352676544773e+16,71.8504
81,1.92406152216937e+16,72.6982
