1,2.617368678343166e+17,0.66848
2,2.000980586109523e+17,0.85098
3,1.433633302344964e+17,1.0325
4,1.08379139685618e+17,1.2143
5,7.861016188286602e+16,1.3958
6,6.442510048741844e+16,1.5771
7,5.313381898741844e+16,1.7582
8,4.740539398741844e+16,1.9397
9,4.209751281874964e+16,2.1244
10,3.74900551811481e+16,2.3087
11,3.317471800776502e+16,2.4901
12,2.98397239107233e+16,2.6717
13,2.658795751246797e+16,2.853
14,2.391865429469901e+16,3.0343
15,2.154587153080429e+16,3.2156
16,1.988033462602418e+16,3.3979
17,1.844834620388334e+16,3.5792
18,1.711441265735032e+16,3.7624
19,1.590438889620427e+16,3.9468
20,1.475719350310974e+16,4.1287
21,1.364106970263557e+16,4.3099
22,1.254392276843499e+16,4.4913
23,1.152108845809379e+16,4.6725
24,9605362449066364,4.8535
25,8870788701739924,5.0362
26,8166935377235778,5.2202
27,8014525389678642,5.4022
28,7897694695300553,5.5843
29,7822362840624747,5.7656
30,7779816912244571,5.9469
31,7726787056451536,6.1279
32,7694706624897855,6.309
33,7678828551724955,6.49
34,7678828551724955,6.671
35,7460141337659855,6.8518
36,7252424063899855,7.0332
37,7252424063899855,7.2144
38,7252424063899855,7.3954
39,3885109140626705,7.6674
40,2481283819127248,7.9414
41,1884564207783223,8.2139
42,1500198497852214,8.485
43,1153933390612214,8.7561
44,818071042282749,9.0274
45,561244882282749,9.2982
46,346647575605074,9.5692
47,222823737761618,9.8399
48,138751893096718,10.1115
49,62927339172418,10.3824
50,47569248448818,10.6536
51,41383586848818,10.9242
52,36157925248818,11.1972
53,31290125248818,11.468
54,27024463648818,11.7391
55,22963593823218,12.01
56,19055793823218,12.2807
57,15750132223218,12.5529
58,12802332223218,12.8238
59,10041024223218,13.0949
60,7695362623218,13.3659
61,5707562623218,13.6365
62,3906254623218,13.9076
63,2551291567318,14.1804
64,1523491567318,14.4511
65,682183567318,14.7218
66,525889379818,14.9926
67,398857935175,15.2632
68,67991391075,15.5341
69,0,15.8048
