1,3.763581698786844e+17,0.42907
2,3.125241505101629e+17,0.7526
3,2.714176199821043e+17,1.0756
4,2.318728577793242e+17,1.4013
5,2.02871491540785e+17,1.7257
6,1.75020629262951e+17,2.0488
7,1.584185854055603e+17,2.3719
8,1.444600043907185e+17,2.6949
9,1.319080990367357e+17,3.0175
10,1.193941417840551e+17,3.3406
11,1.07570590379871e+17,3.6632
12,9.622124185986885e+16,3.9856
13,8.5276984653984e+16,4.31
14,7.448181042502189e+16,4.6326
15,6.468865922633349e+16,4.9553
16,5.719953262758035e+16,5.2778
17,4.971340540595458e+16,5.6004
18,4.333966410970592e+16,5.9228
19,3.733315906799244e+16,6.2456
20,3.186434585416087e+16,6.5681
21,2.661160284866854e+16,6.8906
22,2.180500622334641e+16,7.2132
23,1.924116556128848e+16,7.5376
24,1.725446018185118e+16,7.8618
25,1.60009235767146e+16,8.1845
26,1.48929294778281e+16,8.5071
27,1.359662106454411e+16,8.8296
28,1.283003056840459e+16,9.152
29,1.2180743199525e+16,9.4747
30,1.188867792604428e+16,9.797
31,1.165148694543115e+16,10.1196
32,1.153937564809406e+16,10.4437
33,1.144484496670334e+16,10.7663
34,1.135905389782544e+16,11.0886
35,1.130857248915471e+16,11.4112
36,1.127031826415471e+16,11.7334
37,1.112014595557484e+16,12.056
38,1.093384895290249e+16,12.3787
39,1.092770471167992e+16,12.7013
40,1.092513480771946e+16,13.0236
41,1.092513480771946e+16,13.3476
42,1.092513480771946e+16,13.6705
43,9505476639926666,14.1547
44,6539574858973064,14.6402
45,4928698447003061,15.124
46,3486494672351447,15.6078
47,2757540179499475,16.0908
48,2411291331265055,16.5764
49,2108147715265055,17.0599
50,1814501106610655,17.5437
51,1537392626610655,18.0268
52,1319292082610655,18.5105
53,1123597947189471,18.9933
54,948454331189471,19.4783
55,773480150853605,19.9611
56,624371670853605,20.4444
57,481554934853605,20.9272
58,378684365423566,21.4113
59,288172963387891,21.8939
60,200576227387891,22.379
61,152322698569315,22.8617
62,117582437005746,23.3448
63,88548681668942,23.8275
64,60253941950542,24.311
65,35988012756426,24.7949
66,20773363601210,25.28
67,12667413662185,25.7632
68,5170304194960,26.2464
69,2995280953344,26.7292
70,1770730553344,27.2137
71,866180153344,27.6962
72,281629753344,28.1792
73,17079353344,28.6646
74,0,29.1472
