1,4.089248285848888e+17,0.03175
2,5.943194689399261e+16,0.043927
3,4.38850931634125e+16,0.055337
4,2.568825510677085e+16,0.065897
5,1.363838733002763e+16,0.076363
6,8479428841889005,0.086835
7,3853856793586900,0.097271
8,3867784198113258,0.10767
9,3839005628990886,0.11815
10,3849767607587084,0.12965
11,3839914595505863,2.1415
12,2887616300717468,2.1578
13,1940228905691634,2.1714
14,1511381507945378,2.1849
15,1200778457758464,2.1983
16,891598672633247.4,2.2117
17,599085251633418.1,2.2251
18,443901712951547.1,2.2385
19,292770674432022.7,2.2521
20,220737980146065,2.2656
21,190965673085001.8,2.2789
22,137105985116780.5,2.2922
23,113201455087173,2.3057
24,57000496729149.2,2.3192
25,25540935737392.1,2.3327
26,1865553860942.245,2.3463
27,1642309904500,2.3597
28,73433412196,2.3732
29,0,2.3866
