1,4.240090258816636e+18,0.62399
2,3.668053839483438e+18,3.4703
3,3.161286684610732e+18,4.38
4,2.715229543027127e+18,5.0963
5,2.349026204279122e+18,5.7801
6,2.002485408945281e+18,6.4749
7,1.714008834189692e+18,7.1474
8,1.477412581603086e+18,7.8203
9,1.312721759263653e+18,8.4925
10,1.182764737195172e+18,9.1892
11,1.064098467685099e+18,9.8798
12,9.717392921332063e+17,10.5688
13,8.936384919069147e+17,11.2361
14,8.267570039795636e+17,11.9034
15,7.653170921725368e+17,12.5822
16,7.187354772747155e+17,13.245
17,6.755403667237394e+17,13.9166
18,6.38020263217167e+17,14.5872
19,6.093935390008891e+17,15.2511
20,5.842589873822401e+17,15.9179
21,5.621671704290152e+17,16.5989
22,5.42610905548501e+17,17.2818
23,5.24006064588501e+17,17.9457
24,5.055410761528081e+17,18.6125
25,4.872076157830711e+17,19.2807
26,4.695502283661743e+17,19.9522
27,4.527861110757224e+17,20.6345
28,4.373510507960102e+17,21.3026
29,4.233030561960102e+17,21.9659
30,4.100249587222947e+17,22.6281
31,3.972843414827665e+17,23.2939
32,3.847381721093053e+17,23.9584
33,3.732328563374259e+17,24.6298
34,3.618351924540545e+17,25.293
35,3.505192097781818e+17,25.96
36,3.291341725681954e+17,26.623
37,3.184610767101078e+17,27.286
38,3.077927217177229e+17,27.9529
39,2.976110423829773e+17,28.6189
40,2.877224466978065e+17,29.2863
41,2.780460867709339e+17,29.9556
42,2.694700723634068e+17,30.6309
43,2.610329381634068e+17,31.3028
44,2.528222887634068e+17,31.9712
45,2.447742941634068e+17,32.6667
46,2.367804399548759e+17,33.3348
47,2.292713394453784e+17,34.0007
48,1.441713729755817e+17,34.6944
49,1.336616762509162e+17,35.3719
50,1.25808860389678e+17,36.0411
51,1.193454176721981e+17,36.7123
52,1.134753589055999e+17,37.3836
53,1.079474015653581e+17,38.0853
54,1.026826563666071e+17,38.7493
55,9.776741904585507e+16,39.409
56,9.307094563785507e+16,40.0703
57,8.952433742539384e+16,40.7312
58,8.412432539238387e+16,41.3913
59,8.049181287603168e+16,42.0527
60,7.734821174399576e+16,42.7147
61,7.449613961905714e+16,43.3834
62,7.165857836457027e+16,44.0631
63,6.886208775958467e+16,44.7499
64,6.613805740515378e+16,45.4313
65,6.346525847233706e+16,46.0961
66,6.097814611548443e+16,46.7631
67,5.856645448921933e+16,47.4232
68,5.616592015321933e+16,48.0856
69,5.378603479657027e+16,48.7468
70,5.146421038057027e+16,49.4073
71,4.922808873448939e+16,50.0753
72,4.701210513472443e+16,50.7362
73,4.500057889878498e+16,51.3978
74,4.306834733325099e+16,52.0613
75,4.126786927122181e+16,52.7276
76,3.956139231122181e+16,53.3922
77,3.785889807122181e+16,54.0526
78,3.631259880722181e+16,54.7171
79,3.49680404712218e+16,55.3788
80,3.36268508712218e+16,56.0405
81,3.23617044728539e+16,56.7031
82,2.996086907704779e+16,57.3625
83,2.870621941582494e+16,58.0253
84,2.747980943559288e+16,58.6856
85,2.627729553860278e+16,59.3523
86,2.521545158111711e+16,60.0253
87,2.205197062154224e+16,60.6903
88,2.098238419852132e+16,61.3554
89,2.002640440518353e+16,62.0152
90,1.910142755195995e+16,62.675
91,1.819752412991981e+16,63.3334
92,1.733298979391981e+16,63.9993
93,1.647849809731031e+16,64.6641
94,1.572127730630396e+16,65.3293
95,1.49956782669273e+16,65.9897
96,1.42952142669273e+16,66.6511
97,1.360913783178327e+16,67.3191
98,1.299183430774433e+16,67.9844
99,1.241527597174433e+16,68.6654
100,1.184208637174433e+16,69.3572
101,1.129291337974433e+16,70.0504
102,1.075585252438193e+16,70.7375
103,1.02352946201224e+16,71.4115
104,9729806044122402,72.0792
105,9041100391716732,72.7511
106,8535611815716731,73.4312
107,8050522628058395,74.1266
108,7613672228058395,74.8365
109,7185347749974149,75.5301
110,6759668799516365,76.213
111,6378615558573365,76.8944
112,6047365158573365,77.5506
113,5737434321592559,78.2049
114,5511783921592559,78.8733
115,5291038750161791,79.555
116,5070301449177504,80.2212
117,4878800099035506,80.8979
118,4687593187035506,81.5528
119,4500227577494905,82.2065
120,4273438895225184,82.8865
121,3874628898070464,83.5813
122,3694736318816052,84.2657
123,3525230046795198,84.9654
124,3376408789604151,85.6623
125,3229571895011409,86.3497
126,3083429548377195,87.0284
127,2730214263011409,87.7112
128,2436568384312875,88.4203
129,2293184091012213,89.121
130,2165496841330197,89.8088
131,2041465338130197,90.5106
132,1920371671834431,91.1658
133,1819853469369177,91.8182
134,1722783772153257,92.4736
135,1639918948564131,93.1278
136,1559087445364131,93.7833
137,1485023483682507,94.4363
138,1413215098835781,95.0893
139,1344737763512076,95.7419
140,1198595416877862,96.395
141,1133393943377862,97.0489
142,1070184574391238,97.7031
143,1009773497348454,98.3561
144,957579169348454,99.0081
145,905822225287334,99.6617
146,861336154887334,100.3143
147,819122863588180,100.9678
148,782402815358830,101.6219
149,746466910192630,102.284
150,718884391424566,102.9397
151,692832389167837,103.6191
152,668692602212701,104.2891
153,644814920612701,104.9617
154,621544067520607,105.6432
155,599586385920607,106.3269
156,579548704320607,107
157,559692647164107,107.6573
158,541574965564107,108.3272
159,523813170455883,109.0043
160,507479926724910,109.6702
161,491282245124910,110.3444
162,477004563524910,111.002
163,462961365644676,111.6894
164,450603684044676,112.3784
165,438431436044676,113.0557
166,426638565644676,113.7425
167,415423021661214,114.4311
168,398258091866894,115.1194
169,387816018266894,115.7744
170,377378336666894,116.445
171,367126088666894,117.1088
172,357253218266894,117.7796
173,347644185650678,118.4344
174,339126504050678,119.0866
175,330794256050678,119.74
176,322725069608278,120.3926
177,314772199208278,121.0489
178,307932852008278,121.7013
179,301330778408278,122.3543
180,294733096808278,123.0089
181,288320848808278,123.662
182,282287978408278,124.3143
183,277134584853334,124.9698
184,268610260053334,125.6458
185,262005935253334,126.3269
186,256993761653334,127.0085
187,252074414453334,127.6802
188,247266532853334,128.3622
189,242485828853334,129.0289
190,237793655253334,129.7016
191,233109330453334,130.3605
192,228431648853334,131.0132
193,223799574919184,131.666
194,219307326919184,132.3276
195,214935153319184,132.9837
196,210822282919184,133.6365
197,206980031719184,134.2922
198,203204785160560,134.9491
199,199192661319184,135.6039
200,195737414760560,136.2571
201,192738067560560,136.9102
202,189850185960560,137.5622
203,186989481960560,138.2143
204,184225157160560,138.8672
205,181467475560560,139.5225
206,178895227560560,140.1756
207,176446451625560,140.8301
208,174116918025560,141.4853
209,167851730867960,142.1378
210,115700291997631,142.7901
211,109435104840031,143.4431
212,107152522257319,144.0953
213,87707714229130,144.7501
214,85514843829130,145.404
215,83592592629130,146.0576
216,82264892629130,146.7097
217,81183293760626,147.3613
218,80103946560626,148.0144
219,79096246560626,148.6678
220,78128364960626,149.3196
221,77187563998226,149.972
222,76339754627420,150.6464
223,75498176727686,151.3058
224,74674355145536,151.9643
225,73932311596640,152.6224
226,73244611596640,153.2803
227,72567699197290,153.9432
228,72078597755914,154.6024
229,71615183942500,155.26
230,71219358571876,155.9175
231,70851658571876,156.5774
232,70486694511332,157.2347
233,70245567591566,157.8949
234,70108120345190,158.5525
235,70040715204565,159.2104
236,70034900743165,159.8743
237,70030647355641,160.5348
238,70026938044665,161.1941
239,70026921867681,161.8531
240,70026921867681,162.5269
241,70026921867681,163.1849
242,70026921867681,163.8428
243,70026921867681,164.5038
244,70026921867681,165.1636
245,70026921867681,165.8237
246,70026921867681,166.4831
247,70026921867681,167.1481
248,70026921867681,167.8054
249,70026921867681,168.4638
250,70026921867681,169.1217
251,70026921867681,169.7791
252,70026921867681,170.4387
253,70026921867681,171.0984
254,70026921867681,171.7604
255,70026921867681,172.4189
256,70026921867681,173.0793
257,70026921867681,173.739
258,70026921867681,174.4022
259,70026921867681,175.0672
260,70026921867681,175.7363
261,70026921867681,176.4005
262,70026921867681,177.0598
263,70026921867681,177.7366
264,70026921867681,178.3981
265,70026921867681,179.0595
266,210080765603043,179.7287
267,210080765603043,180.3897
268,210080765603043,181.0486
269,210080765603043,181.7063
270,210080765603043,182.3649
271,210080765603043,183.0235
272,210080765603043,183.6824
273,210080765603043,184.3409
274,210080765603043,185.004
275,210080765603043,185.6616
276,210080765603043,186.3203
277,210080765603043,186.9801
278,210080765603043,187.6382
279,210080765603043,188.2959
280,210080765603043,188.9558
281,210080765603043,189.6137
282,210080765603043,190.272
283,210080765603043,190.9336
284,210080765603043,191.5912
285,210080765603043,192.2564
286,210080765603043,192.917
287,210080765603043,193.5848
288,210080765603043,194.2476
289,210080765603043,194.9114
290,210080765603043,195.5728
291,210080765603043,196.2317
292,210080765603043,196.8906
293,210080765603043,197.5508
294,210080765603043,198.2091
295,210080765603043,198.8706
296,210080765603043,199.5288
297,210080765603043,200.1881
298,210080765603043,200.848
299,210080765603043,201.508
300,210080765603043,202.1674
301,210080765603043,202.826
302,210080765603043,203.4832
303,210080765603043,204.1406
304,210080765603043,204.8033
305,210080765603043,205.4683
306,210080765603043,206.1293
307,210080765603043,206.7877
308,140053843735362,207.449
309,140053843735362,208.1101
310,140053843735362,208.7705
311,70026921867681,209.4309
312,70026921867681,210.0912
313,70026921867681,210.7515
314,70026921867681,211.4108
315,70026921867681,212.0702
316,70026921867681,212.7301
317,70026921867681,213.3896
318,70026921867681,214.0501
319,70026921867681,214.7104
320,70026921867681,215.3693
321,70026921867681,216.0279
322,70026921867681,216.6933
323,70026921867681,217.3529
324,70026921867681,218.0137
325,70026921867681,218.6737
326,70026921867681,219.3328
327,70026921867681,219.9932
328,70026921867681,220.6544
329,70026921867681,221.3136
330,70026921867681,221.9729
331,70026921867681,222.6479
332,70026921867681,223.3105
333,70026921867681,223.9699
334,70026921867681,224.6326
335,70026921867681,225.2923
336,70026921867681,225.9576
337,70026921867681,226.6171
338,70026921867681,227.2783
339,70026921867681,227.9373
340,70026921867681,228.5989
341,70026921867681,229.2582
342,70026921867681,229.9183
343,70026921867681,230.5781
344,70026921867681,231.2373
345,70026921867681,231.8979
346,70026921867681,232.5586
347,70026921867681,233.2189
348,70026921867681,233.8783
349,70026921867681,234.5401
350,70026921867681,235.2006
351,70026921867681,235.8607
352,70026921867681,236.5242
353,70026921867681,237.1863
354,70026921867681,237.8475
355,70026921867681,238.508
356,70026921867681,239.1678
357,70026921867681,239.8287
358,70026921867681,240.491
359,70026921867681,241.1512
360,70026921867681,241.8104
361,70026921867681,242.4746
362,70026921867681,243.135
363,70026921867681,243.7958
364,70026921867681,244.459
365,70026921867681,245.1215
366,70026921867681,245.7827
367,70026921867681,246.4528
368,70026921867681,247.1137
369,70026921867681,247.7753
370,70026921867681,248.4355
371,70026921867681,249.0959
372,70026921867681,249.756
373,70026921867681,250.4167
374,70026921867681,251.078
375,70026921867681,251.739
376,70026921867681,252.4107
377,70026921867681,253.0713
378,70026921867681,253.7306
379,70026921867681,254.3909
380,70026921867681,255.0542
381,70026921867681,255.7161
382,70026921867681,256.3835
383,70026921867681,257.0446
384,70026921867681,257.7034
385,70026921867681,258.3628
386,70026921867681,259.0239
387,70026921867681,259.6842
388,70026921867681,260.3437
389,70026921867681,261.0057
390,70026921867681,261.667
391,70026921867681,262.3265
392,70026921867681,262.9863
393,70026921867681,263.6469
394,70026921867681,264.3073
395,70026921867681,264.9729
396,70026921867681,265.6342
397,70026921867681,266.2946
398,70026921867681,266.9559
399,70026921867681,267.6172
400,70026921867681,268.2772
401,70026921867681,268.938
402,70026921867681,269.5973
403,70026921867681,270.2568
404,70026921867681,270.9169
405,70026921867681,271.576
406,70026921867681,272.2359
407,70026921867681,272.8996
408,70026921867681,273.5596
409,70026921867681,274.222
410,70026921867681,274.8926
411,70026921867681,275.5524
412,70026921867681,276.2148
413,70026921867681,276.8762
414,70026921867681,277.5379
415,70026921867681,278.1997
416,70026921867681,278.8616
417,70026921867681,279.5227
418,70026921867681,280.1852
419,70026921867681,280.8462
420,70026921867681,281.5074
421,70026921867681,282.1731
422,70026921867681,282.8424
423,70026921867681,283.5034
424,70026921867681,284.1639
425,70026921867681,284.8291
426,70026921867681,285.4897
427,70026921867681,286.1501
428,70026921867681,286.811
429,70026921867681,287.4722
430,70026921867681,288.1372
431,70026921867681,288.7994
432,70026921867681,289.4595
433,70026921867681,290.1204
434,70026921867681,290.7809
435,70026921867681,291.4417
436,70026921867681,292.1035
437,70026921867681,292.7661
438,70026921867681,293.4258
439,70026921867681,294.0858
440,70026921867681,294.7464
441,70026921867681,295.4093
442,70026921867681,296.0703
443,70026921867681,296.7313
444,70026921867681,297.3906
445,70026921867681,298.0537
446,70026921867681,298.7133
447,70026921867681,299.3728
448,70026921867681,300.0365
449,70026921867681,300.6979
450,70026921867681,301.3572
451,70026921867681,302.0163
452,70026921867681,302.6771
453,70026921867681,303.3374
454,70026921867681,303.9998
455,70026921867681,304.6636
456,70026921867681,305.3249
457,70026921867681,305.9853
458,70026921867681,306.6476
459,70026921867681,307.3068
460,70026921867681,307.9667
461,70026921867681,308.6276
462,70026921867681,309.2866
463,70026921867681,309.9487
464,70026921867681,310.6286
465,70026921867681,311.3222
466,70026921867681,311.9858
467,70026921867681,312.6627
468,70026921867681,313.3276
469,70026921867681,313.989
470,70026921867681,314.6556
471,70026921867681,315.318
472,70026921867681,315.9799
473,70026921867681,316.6422
474,70026921867681,317.3138
475,70026921867681,317.9936
476,70026921867681,318.6699
477,70026921867681,319.33
478,70026921867681,319.9906
479,70026921867681,320.6545
480,70026921867681,321.3175
481,70026921867681,321.9785
482,70026921867681,322.639
483,70026921867681,323.2994
484,70026921867681,323.959
485,70026921867681,324.6222
486,70026921867681,325.2883
487,70026921867681,325.9492
488,70026921867681,326.6104
489,70026921867681,327.2705
490,70026921867681,327.9328
491,70026921867681,328.5947
492,70026921867681,329.2554
493,70026921867681,329.9157
494,70026921867681,330.5785
495,70026921867681,331.2388
496,70026921867681,331.8989
497,70026921867681,332.5605
498,70026921867681,333.2226
499,70026921867681,333.8846
500,70026921867681,334.546
501,70026921867681,335.2092
502,70026921867681,335.8705
503,70026921867681,336.5339
504,70026921867681,337.1944
505,70026921867681,337.8592
506,70026921867681,338.5198
507,70026921867681,339.1806
508,70026921867681,339.8419
509,70026921867681,340.5046
510,70026921867681,341.1648
511,70026921867681,341.8276
512,70026921867681,342.5102
513,70026921867681,343.1715
514,70026921867681,343.833
515,70026921867681,344.4996
516,70026921867681,345.1633
517,70026921867681,345.8243
518,70026921867681,346.4867
519,70026921867681,347.1492
520,70026921867681,347.8109
521,70026921867681,348.4742
522,70026921867681,349.1362
523,70026921867681,349.7964
524,70026921867681,350.4594
525,70026921867681,351.1185
526,70026921867681,351.7811
527,70026921867681,352.4432
528,70026921867681,353.1029
529,70026921867681,353.7641
530,70026921867681,354.4242
531,70026921867681,355.0904
532,210080765603043,355.7536
533,210080765603043,356.4151
534,210080765603043,357.0751
535,210080765603043,357.7355
536,210080765603043,358.4008
537,210080765603043,359.0616
538,210080765603043,359.7218
539,210080765603043,360.3812
540,210080765603043,361.0414
541,210080765603043,361.7016
542,210080765603043,362.3633
543,210080765603043,363.0225
544,210080765603043,363.6877
545,210080765603043,364.3484
546,210080765603043,365.0116
547,210080765603043,365.6798
548,210080765603043,366.3392
549,210080765603043,366.9995
550,210080765603043,367.6587
551,210080765603043,368.3189
552,210080765603043,368.9794
553,210080765603043,369.6392
554,210080765603043,370.3403
555,210080765603043,371.0043
556,210080765603043,371.6661
557,210080765603043,372.3409
558,210080765603043,373.0033
559,210080765603043,373.663
560,210080765603043,374.3235
561,210080765603043,374.9857
562,210080765603043,375.65
563,210080765603043,376.3203
564,210080765603043,376.9841
565,210080765603043,377.6437
566,210080765603043,378.3039
567,210080765603043,378.9643
568,210080765603043,379.6249
569,210080765603043,380.2842
570,210080765603043,380.9461
571,210080765603043,381.6069
572,210080765603043,382.2702
573,210080765603043,382.9302
574,210080765603043,383.5928
575,210080765603043,384.2539
576,140053843735362,384.9166
577,140053843735362,385.5815
578,140053843735362,386.2452
579,70026921867681,386.9069
580,70026921867681,387.5678
581,70026921867681,388.2282
582,70026921867681,388.8924
583,70026921867681,389.5527
584,70026921867681,390.215
585,70026921867681,390.8775
586,70026921867681,391.538
587,70026921867681,392.1978
588,70026921867681,392.8579
589,70026921867681,393.5182
590,70026921867681,394.1794
591,70026921867681,394.8399
592,70026921867681,395.5004
593,70026921867681,396.1602
594,70026921867681,396.8217
595,70026921867681,397.483
596,70026921867681,398.1492
597,70026921867681,398.8093
598,70026921867681,399.4696
599,70026921867681,400.1293
600,70026921867681,400.7896
601,70026921867681,401.4489
602,70026921867681,402.1171
603,70026921867681,402.7864
604,70026921867681,403.4466
605,70026921867681,404.1067
606,70026921867681,404.7676
607,70026921867681,405.4277
608,70026921867681,406.0895
609,70026921867681,406.7502
610,70026921867681,407.4115
611,70026921867681,408.0714
612,70026921867681,408.7359
613,70026921867681,409.3962
614,70026921867681,410.0576
615,70026921867681,410.7174
616,70026921867681,411.3786
617,70026921867681,412.0604
618,70026921867681,412.7297
619,70026921867681,413.3942
620,70026921867681,414.0615
621,70026921867681,414.7281
622,70026921867681,415.3942
623,70026921867681,416.0608
624,70026921867681,416.728
625,70026921867681,417.3948
626,70026921867681,418.0659
627,70026921867681,418.7311
628,70026921867681,419.3978
629,70026921867681,420.0628
630,70026921867681,420.7311
631,70026921867681,421.3989
632,70026921867681,422.0638
633,70026921867681,422.7281
634,70026921867681,423.3938
635,70026921867681,424.063
636,70026921867681,424.7323
637,70026921867681,425.4016
638,70026921867681,426.0662
639,70026921867681,426.7326
640,70026921867681,427.3985
641,70026921867681,428.0628
642,70026921867681,428.7317
643,70026921867681,429.398
644,70026921867681,430.0633
645,70026921867681,430.7302
646,70026921867681,431.3979
647,70026921867681,432.0665
648,70026921867681,432.7462
649,70026921867681,433.4101
650,70026921867681,434.0731
651,70026921867681,434.7446
652,70026921867681,435.4125
653,70026921867681,436.0793
654,70026921867681,436.7453
655,70026921867681,437.4098
656,70026921867681,438.0736
657,70026921867681,438.7376
658,70026921867681,439.4006
659,70026921867681,440.0638
660,70026921867681,440.7296
661,70026921867681,441.3956
662,70026921867681,442.0627
663,70026921867681,442.7309
664,70026921867681,443.3945
665,70026921867681,444.0582
666,70026921867681,444.7243
667,70026921867681,445.39
668,70026921867681,446.0562
669,70026921867681,446.722
670,70026921867681,447.3859
671,70026921867681,448.0511
672,70026921867681,448.7158
673,70026921867681,449.3789
674,70026921867681,450.0423
675,70026921867681,450.707
676,70026921867681,451.3731
677,70026921867681,452.0367
678,70026921867681,452.7013
679,70026921867681,453.3647
680,70026921867681,454.0292
681,70026921867681,454.6935
682,70026921867681,455.3594
683,70026921867681,456.023
684,70026921867681,456.6921
685,70026921867681,457.3562
686,70026921867681,458.0217
687,70026921867681,458.6847
688,70026921867681,459.3476
689,70026921867681,460.0176
690,70026921867681,460.6806
691,70026921867681,461.3437
692,70026921867681,462.0072
693,70026921867681,462.6912
694,70026921867681,463.3541
695,70026921867681,464.017
696,70026921867681,464.6851
697,70026921867681,465.3502
698,70026921867681,466.0134
699,70026921867681,466.6783
700,70026921867681,467.3455
701,70026921867681,468.0092
702,70026921867681,468.6741
703,70026921867681,469.3374
704,70026921867681,470.0018
705,70026921867681,470.6681
706,70026921867681,471.3352
707,70026921867681,471.9995
708,70026921867681,472.6641
709,70026921867681,473.3267
710,70026921867681,473.9895
711,70026921867681,474.6545
712,70026921867681,475.3185
713,70026921867681,475.9837
714,70026921867681,476.6485
715,70026921867681,477.3112
716,70026921867681,477.9784
717,70026921867681,478.6433
718,70026921867681,479.3063
719,70026921867681,479.9699
720,70026921867681,480.6342
721,70026921867681,481.2982
722,70026921867681,481.9616
723,70026921867681,482.6248
724,70026921867681,483.2886
725,70026921867681,483.9549
726,70026921867681,484.6199
727,70026921867681,485.2859
728,70026921867681,485.9492
729,70026921867681,486.6149
730,70026921867681,487.279
731,70026921867681,487.9415
732,70026921867681,488.6061
733,70026921867681,489.269
734,70026921867681,489.9347
735,70026921867681,490.5982
736,70026921867681,491.2646
737,70026921867681,491.9318
738,70026921867681,492.6148
739,70026921867681,493.2796
740,70026921867681,493.9443
741,70026921867681,494.6092
742,70026921867681,495.2775
743,70026921867681,495.9415
744,70026921867681,496.6138
745,70026921867681,497.2802
746,70026921867681,497.9469
747,70026921867681,498.6104
748,70026921867681,499.2757
749,70026921867681,499.9373
750,70026921867681,500.6014
751,70026921867681,501.2773
752,70026921867681,501.94
753,70026921867681,502.603
754,70026921867681,503.2692
755,70026921867681,503.931
756,70026921867681,504.5973
757,70026921867681,505.2655
758,70026921867681,505.9301
759,70026921867681,506.5942
760,70026921867681,507.2579
761,70026921867681,507.9227
762,70026921867681,508.5866
763,70026921867681,509.2523
764,70026921867681,509.9153
765,70026921867681,510.5796
766,70026921867681,511.243
767,70026921867681,511.9067
768,70026921867681,512.5732
769,70026921867681,513.2372
770,70026921867681,513.9022
771,70026921867681,514.5657
772,70026921867681,515.2306
773,70026921867681,515.894
774,70026921867681,516.5578
775,70026921867681,517.2217
776,70026921867681,517.8875
777,70026921867681,518.5504
778,70026921867681,519.213
779,70026921867681,519.8765
780,70026921867681,520.5396
781,70026921867681,521.2022
782,70026921867681,521.8643
783,70026921867681,522.5482
784,70026921867681,523.2112
785,70026921867681,523.8752
786,70026921867681,524.5383
787,70026921867681,525.2021
788,70026921867681,525.8668
789,70026921867681,526.5306
790,70026921867681,527.1973
791,70026921867681,527.8612
792,70026921867681,528.5295
793,70026921867681,529.1921
794,70026921867681,529.8551
795,70026921867681,530.5187
796,70026921867681,531.1824
797,70026921867681,531.848
798,70026921867681,532.5149
799,70026921867681,533.1793
800,210080765603043,533.8445
801,210080765603043,534.5077
802,210080765603043,535.1748
803,210080765603043,535.8385
804,210080765603043,536.5049
805,210080765603043,537.1684
806,210080765603043,537.8344
807,210080765603043,538.4977
808,210080765603043,539.1621
809,210080765603043,539.8259
810,210080765603043,540.4906
811,210080765603043,541.1541
812,210080765603043,541.8232
813,210080765603043,542.4854
814,210080765603043,543.149
815,210080765603043,543.816
816,210080765603043,544.484
817,210080765603043,545.1484
818,210080765603043,545.8137
819,210080765603043,546.4782
820,210080765603043,547.142
821,210080765603043,547.8083
822,210080765603043,548.4724
823,210080765603043,549.1386
824,210080765603043,549.8021
825,210080765603043,550.4649
826,210080765603043,551.1291
827,210080765603043,551.7916
828,210080765603043,552.476
829,210080765603043,553.1394
830,210080765603043,553.8046
831,210080765603043,554.4699
832,210080765603043,555.1343
833,210080765603043,555.8072
834,210080765603043,556.4813
835,210080765603043,557.1523
836,210080765603043,557.8174
837,210080765603043,558.4793
838,210080765603043,559.1395
839,210080765603043,559.8002
840,210080765603043,560.4622
841,210080765603043,561.1235
842,210080765603043,561.7869
843,210080765603043,562.4477
844,140053843735362,563.1077
845,140053843735362,563.7692
846,140053843735362,564.4308
847,70026921867681,565.1042
848,70026921867681,565.7687
849,70026921867681,566.4291
850,70026921867681,567.089
851,70026921867681,567.7492
852,70026921867681,568.4091
853,70026921867681,569.0689
854,70026921867681,569.7278
855,70026921867681,570.3902
856,70026921867681,571.0508
857,70026921867681,571.712
858,70026921867681,572.3731
859,70026921867681,573.035
860,70026921867681,573.6963
861,70026921867681,574.3569
862,70026921867681,575.017
863,70026921867681,575.6771
864,70026921867681,576.3368
865,70026921867681,576.9981
866,70026921867681,577.6617
867,70026921867681,578.3226
868,70026921867681,578.9831
869,70026921867681,579.6441
870,70026921867681,580.3053
871,70026921867681,580.9656
872,70026921867681,581.6252
873,70026921867681,582.2936
874,70026921867681,582.9554
875,70026921867681,583.6153
876,70026921867681,584.2768
877,70026921867681,584.9368
878,70026921867681,585.6092
879,70026921867681,586.2705
880,70026921867681,586.9318
881,70026921867681,587.5921
882,70026921867681,588.2533
883,70026921867681,588.9158
884,70026921867681,589.5772
885,70026921867681,590.2383
886,70026921867681,590.8989
887,70026921867681,591.5606
888,70026921867681,592.2242
889,70026921867681,592.8906
890,70026921867681,593.5515
891,70026921867681,594.2133
892,70026921867681,594.8767
893,70026921867681,595.5394
894,70026921867681,596.2041
895,70026921867681,596.8674
896,70026921867681,597.5296
897,70026921867681,598.1932
898,70026921867681,598.8543
899,70026921867681,599.5157
900,70026921867681,600.1777
901,70026921867681,600.8398
902,70026921867681,601.5014
903,70026921867681,602.1626
904,70026921867681,602.8235
905,70026921867681,603.4846
906,70026921867681,604.146
907,70026921867681,604.8096
908,70026921867681,605.4703
909,70026921867681,606.1303
910,70026921867681,606.7927
911,70026921867681,607.4544
912,70026921867681,608.1145
913,70026921867681,608.7757
914,70026921867681,609.4355
915,70026921867681,610.0964
916,70026921867681,610.7565
917,70026921867681,611.4188
918,70026921867681,612.0806
919,70026921867681,612.7539
920,70026921867681,613.4142
921,70026921867681,614.0757
922,70026921867681,614.7367
923,70026921867681,615.4038
924,70026921867681,616.0658
925,70026921867681,616.7293
926,70026921867681,617.391
927,70026921867681,618.0512
928,70026921867681,618.7125
929,70026921867681,619.3727
930,70026921867681,620.0334
931,70026921867681,620.6955
932,70026921867681,621.3592
933,70026921867681,622.0207
934,70026921867681,622.6818
935,70026921867681,623.3428
936,70026921867681,624.0036
937,70026921867681,624.6676
938,70026921867681,625.3332
939,70026921867681,625.9994
940,70026921867681,626.6615
941,70026921867681,627.3228
942,70026921867681,627.9864
943,70026921867681,628.6489
944,70026921867681,629.31
945,70026921867681,629.9727
946,70026921867681,630.6368
947,70026921867681,631.2979
948,70026921867681,631.9599
949,70026921867681,632.6233
950,70026921867681,633.2847
951,70026921867681,633.9488
952,70026921867681,634.6101
953,70026921867681,635.2741
954,70026921867681,635.9338
955,70026921867681,636.5962
956,70026921867681,637.2558
957,70026921867681,637.9185
958,70026921867681,638.5788
959,70026921867681,639.2385
960,70026921867681,639.9004
961,70026921867681,640.5616
962,70026921867681,641.2224
963,70026921867681,641.8829
964,70026921867681,642.5609
965,70026921867681,643.2214
966,70026921867681,643.8852
967,70026921867681,644.5457
968,70026921867681,645.2123
969,70026921867681,645.8751
970,70026921867681,646.5366
971,70026921867681,647.1998
972,70026921867681,647.8658
973,70026921867681,648.5304
974,70026921867681,649.191
975,70026921867681,649.851
976,70026921867681,650.5112
977,70026921867681,651.1716
978,70026921867681,651.8344
979,70026921867681,652.4968
980,70026921867681,653.1578
981,70026921867681,653.8178
982,70026921867681,654.4789
983,70026921867681,655.1413
984,70026921867681,655.8021
985,70026921867681,656.4652
986,70026921867681,657.1258
987,70026921867681,657.7884
988,70026921867681,658.4497
989,70026921867681,659.11
990,70026921867681,659.771
991,70026921867681,660.4339
992,70026921867681,661.0962
993,70026921867681,661.7567
994,70026921867681,662.4165
995,70026921867681,663.0769
996,70026921867681,663.7397
997,70026921867681,664.4036
998,70026921867681,665.0641
999,70026921867681,665.7267
1000,70026921867681,666.387
1001,70026921867681,667.0483
1002,70026921867681,667.7106
1003,70026921867681,668.3707
1004,70026921867681,669.0327
1005,70026921867681,669.6934
1006,70026921867681,670.354
1007,70026921867681,671.0152
1008,70026921867681,671.6764
1009,70026921867681,672.3452
1010,70026921867681,673.009
1011,70026921867681,673.6731
1012,70026921867681,674.3356
1013,70026921867681,674.9972
1014,70026921867681,675.6607
1015,70026921867681,676.3246
1016,70026921867681,676.9901
1017,70026921867681,677.6518
1018,70026921867681,678.3125
1019,70026921867681,678.9745
1020,70026921867681,679.6355
1021,70026921867681,680.2958
1022,70026921867681,680.9594
1023,70026921867681,681.6222
1024,70026921867681,682.2831
1025,70026921867681,682.9441
1026,70026921867681,683.6052
1027,70026921867681,684.2662
1028,70026921867681,684.9287
1029,70026921867681,685.5917
1030,70026921867681,686.254
1031,70026921867681,686.9154
1032,70026921867681,687.5801
1033,70026921867681,688.2425
1034,70026921867681,688.9048
1035,70026921867681,689.5652
1036,70026921867681,690.2277
1037,70026921867681,690.8897
1038,70026921867681,691.5498
1039,70026921867681,692.2115
1040,70026921867681,692.875
1041,70026921867681,693.5362
1042,70026921867681,694.1967
1043,70026921867681,694.8571
1044,70026921867681,695.518
1045,70026921867681,696.1779
1046,70026921867681,696.8404
1047,70026921867681,697.5046
1048,70026921867681,698.1719
1049,70026921867681,698.8321
1050,70026921867681,699.4928
1051,70026921867681,700.1546
1052,70026921867681,700.8163
1053,70026921867681,701.4764
1054,70026921867681,702.1417
1055,70026921867681,702.8169
1056,70026921867681,703.4797
1057,70026921867681,704.1482
1058,70026921867681,704.8152
1059,70026921867681,705.487
1060,70026921867681,706.158
1061,70026921867681,706.8238
1062,70026921867681,707.4923
1063,70026921867681,708.1582
1064,70026921867681,708.8278
1065,70026921867681,709.5017
1066,70026921867681,710.1686
1067,70026921867681,710.8338
1068,210080765603043,711.503
1069,210080765603043,712.1718
1070,210080765603043,712.839
1071,210080765603043,713.5014
1072,210080765603043,714.1648
1073,210080765603043,714.8291
1074,210080765603043,715.4936
1075,210080765603043,716.16
1076,210080765603043,716.8238
1077,210080765603043,717.4875
1078,210080765603043,718.1541
1079,210080765603043,718.8178
1080,210080765603043,719.4815
1081,210080765603043,720.1446
1082,210080765603043,720.809
1083,210080765603043,721.4736
1084,210080765603043,722.1374
1085,210080765603043,722.802
1086,210080765603043,723.4652
1087,210080765603043,724.1324
1088,210080765603043,724.7985
1089,210080765603043,725.461
1090,210080765603043,726.1265
1091,210080765603043,726.7906
1092,210080765603043,727.4529
1093,210080765603043,728.1181
1094,210080765603043,728.7822
1095,210080765603043,729.4473
1096,210080765603043,730.1116
1097,210080765603043,730.7756
1098,210080765603043,731.4387
1099,210080765603043,732.105
1100,210080765603043,732.779
1101,210080765603043,733.4416
1102,210080765603043,734.1043
1103,210080765603043,734.7682
1104,210080765603043,735.4343
1105,210080765603043,736.0998
1106,210080765603043,736.7685
1107,210080765603043,737.4319
1108,210080765603043,738.095
1109,210080765603043,738.7591
1110,210080765603043,739.4215
1111,210080765603043,740.0853
1112,140053843735362,740.7496
1113,140053843735362,741.417
1114,140053843735362,742.0812
1115,70026921867681,742.7454
1116,70026921867681,743.4094
1117,70026921867681,744.0736
1118,70026921867681,744.7391
1119,70026921867681,745.4051
1120,70026921867681,746.0696
1121,70026921867681,746.7324
1122,70026921867681,747.3946
1123,70026921867681,748.058
1124,70026921867681,748.7222
1125,70026921867681,749.3851
1126,70026921867681,750.0504
1127,70026921867681,750.7151
1128,70026921867681,751.3777
1129,70026921867681,752.04
1130,70026921867681,752.7063
1131,70026921867681,753.3683
1132,70026921867681,754.0318
1133,70026921867681,754.6958
1134,70026921867681,755.3588
1135,70026921867681,756.0247
1136,70026921867681,756.6903
1137,70026921867681,757.3528
1138,70026921867681,758.0188
1139,70026921867681,758.6854
1140,70026921867681,759.3477
1141,70026921867681,760.0105
1142,70026921867681,760.6758
1143,70026921867681,761.3444
1144,70026921867681,762.0096
1145,70026921867681,762.6939
1146,70026921867681,763.358
1147,70026921867681,764.0217
1148,70026921867681,764.6861
1149,70026921867681,765.3498
1150,70026921867681,766.0141
1151,70026921867681,766.6799
1152,70026921867681,767.345
1153,70026921867681,768.0087
1154,70026921867681,768.6734
1155,70026921867681,769.3373
1156,70026921867681,770.0008
1157,70026921867681,770.6648
1158,70026921867681,771.3279
1159,70026921867681,771.9929
1160,70026921867681,772.6574
1161,70026921867681,773.3202
1162,70026921867681,773.9852
1163,70026921867681,774.6503
1164,70026921867681,775.3151
1165,70026921867681,775.9795
1166,70026921867681,776.6478
1167,70026921867681,777.311
1168,70026921867681,777.9772
1169,70026921867681,778.6413
1170,70026921867681,779.3082
1171,70026921867681,779.9718
1172,70026921867681,780.636
1173,70026921867681,781.3024
1174,70026921867681,781.9666
1175,70026921867681,782.6294
1176,70026921867681,783.293
1177,70026921867681,783.9562
1178,70026921867681,784.62
1179,70026921867681,785.2856
1180,70026921867681,785.9477
1181,70026921867681,786.6123
1182,70026921867681,787.2758
1183,70026921867681,787.9386
1184,70026921867681,788.6015
1185,70026921867681,789.2652
1186,70026921867681,789.9296
1187,70026921867681,790.5925
1188,70026921867681,791.2572
1189,70026921867681,791.9221
1190,70026921867681,792.6048
1191,70026921867681,793.2702
1192,70026921867681,793.9344
1193,70026921867681,794.5994
1194,70026921867681,795.265
1195,70026921867681,795.9293
1196,70026921867681,796.5932
1197,70026921867681,797.257
1198,70026921867681,797.921
1199,70026921867681,798.5849
1200,70026921867681,799.2477
1201,70026921867681,799.9109
1202,70026921867681,800.5747
1203,70026921867681,801.2389
1204,70026921867681,801.9031
1205,70026921867681,802.566
1206,70026921867681,803.229
1207,70026921867681,803.8946
1208,70026921867681,804.5587
1209,70026921867681,805.2223
1210,70026921867681,805.8872
1211,70026921867681,806.5506
1212,70026921867681,807.2185
1213,70026921867681,807.8835
1214,70026921867681,808.5468
1215,70026921867681,809.2119
1216,70026921867681,809.8766
1217,70026921867681,810.5408
1218,70026921867681,811.204
1219,70026921867681,811.8672
1220,70026921867681,812.5308
1221,70026921867681,813.196
1222,70026921867681,813.8608
1223,70026921867681,814.5236
1224,70026921867681,815.1872
1225,70026921867681,815.8494
1226,70026921867681,816.5141
1227,70026921867681,817.1776
1228,70026921867681,817.8424
1229,70026921867681,818.5065
1230,70026921867681,819.1711
1231,70026921867681,819.8377
1232,70026921867681,820.5017
1233,70026921867681,821.1652
1234,70026921867681,821.8284
1235,70026921867681,822.5071
1236,70026921867681,823.1697
1237,70026921867681,823.8333
1238,70026921867681,824.4981
1239,70026921867681,825.1614
1240,70026921867681,825.8305
1241,70026921867681,826.4967
1242,70026921867681,827.1612
1243,70026921867681,827.8254
1244,70026921867681,828.4919
1245,70026921867681,829.1553
1246,70026921867681,829.8201
1247,70026921867681,830.4833
1248,70026921867681,831.1463
1249,70026921867681,831.811
1250,70026921867681,832.479
1251,70026921867681,833.1425
1252,70026921867681,833.8056
1253,70026921867681,834.4708
1254,70026921867681,835.1346
1255,70026921867681,835.7981
1256,70026921867681,836.4653
1257,70026921867681,837.1308
1258,70026921867681,837.7962
1259,70026921867681,838.4592
1260,70026921867681,839.1227
1261,70026921867681,839.7865
1262,70026921867681,840.4506
1263,70026921867681,841.1151
1264,70026921867681,841.7787
1265,70026921867681,842.4422
1266,70026921867681,843.1055
1267,70026921867681,843.7703
1268,70026921867681,844.4375
1269,70026921867681,845.1005
1270,70026921867681,845.7638
1271,70026921867681,846.4285
1272,70026921867681,847.0939
1273,70026921867681,847.757
1274,70026921867681,848.4207
1275,70026921867681,849.0835
1276,70026921867681,849.748
1277,70026921867681,850.4168
1278,70026921867681,851.0808
1279,70026921867681,851.7448
1280,70026921867681,852.4207
1281,70026921867681,853.0858
1282,70026921867681,853.749
1283,70026921867681,854.4118
1284,70026921867681,855.0764
1285,70026921867681,855.7451
1286,70026921867681,856.4141
1287,70026921867681,857.0839
1288,70026921867681,857.7492
1289,70026921867681,858.4118
1290,70026921867681,859.0755
1291,70026921867681,859.7383
1292,70026921867681,860.4011
1293,70026921867681,861.0668
1294,70026921867681,861.7318
1295,70026921867681,862.3951
1296,70026921867681,863.0583
1297,70026921867681,863.7241
1298,70026921867681,864.389
1299,70026921867681,865.0559
1300,70026921867681,865.7231
1301,70026921867681,866.3894
1302,70026921867681,867.0541
1303,70026921867681,867.7187
1304,70026921867681,868.3831
1305,70026921867681,869.0474
1306,70026921867681,869.7108
1307,70026921867681,870.3759
1308,70026921867681,871.0392
1309,70026921867681,871.7033
1310,70026921867681,872.3681
1311,70026921867681,873.0345
1312,70026921867681,873.6991
1313,70026921867681,874.3626
1314,70026921867681,875.0252
1315,70026921867681,875.704
1316,70026921867681,876.369
1317,70026921867681,877.0382
1318,70026921867681,877.7046
1319,70026921867681,878.3683
1320,70026921867681,879.0311
1321,70026921867681,879.6942
1322,70026921867681,880.3587
1323,70026921867681,881.0229
1324,70026921867681,881.6866
1325,70026921867681,882.3624
1326,70026921867681,883.0263
1327,70026921867681,883.6913
1328,70026921867681,884.3545
1329,70026921867681,885.0185
1330,70026921867681,885.6829
1331,70026921867681,886.3468
1332,70026921867681,887.0106
1333,70026921867681,887.6733
1334,70026921867681,888.3366
1335,70026921867681,889.0029
1336,210080765603043,889.6685
1337,210080765603043,890.3316
1338,210080765603043,890.9954
1339,210080765603043,891.6594
1340,210080765603043,892.3262
1341,210080765603043,892.9914
1342,210080765603043,893.6537
1343,210080765603043,894.3174
1344,210080765603043,894.9813
1345,210080765603043,895.6492
1346,210080765603043,896.3158
1347,210080765603043,896.981
1348,210080765603043,897.6506
1349,210080765603043,898.3154
1350,210080765603043,898.9788
1351,210080765603043,899.6415
1352,210080765603043,900.3057
1353,210080765603043,900.9718
1354,210080765603043,901.6365
1355,210080765603043,902.3025
1356,210080765603043,902.9666
1357,210080765603043,903.63
1358,210080765603043,904.303
1359,210080765603043,904.9685
1360,210080765603043,905.6319
1361,210080765603043,906.2948
1362,210080765603043,906.9601
1363,210080765603043,907.6235
1364,210080765603043,908.2869
1365,210080765603043,908.9511
1366,210080765603043,909.6157
1367,210080765603043,910.2825
1368,210080765603043,910.9462
1369,210080765603043,911.6107
1370,210080765603043,912.2824
1371,210080765603043,912.9501
1372,210080765603043,913.6133
1373,210080765603043,914.2766
1374,210080765603043,914.9407
1375,210080765603043,915.609
1376,210080765603043,916.277
1377,210080765603043,916.9439
1378,210080765603043,917.6125
1379,210080765603043,918.2756
1380,140053843735362,918.94
1381,140053843735362,919.6043
1382,140053843735362,920.2681
1383,70026921867681,920.9355
1384,70026921867681,921.5999
1385,70026921867681,922.2639
1386,70026921867681,922.9278
1387,70026921867681,923.5907
1388,70026921867681,924.2536
1389,70026921867681,924.9186
1390,70026921867681,925.5845
1391,70026921867681,926.2497
1392,70026921867681,926.914
1393,70026921867681,927.5819
1394,70026921867681,928.2452
1395,70026921867681,928.9096
1396,70026921867681,929.5768
1397,70026921867681,930.2409
1398,70026921867681,930.9107
1399,70026921867681,931.5748
1400,70026921867681,932.2397
1401,70026921867681,932.9041
1402,70026921867681,933.5683
1403,70026921867681,934.2307
1404,70026921867681,934.8942
1405,70026921867681,935.5578
1406,70026921867681,936.2222
1407,70026921867681,936.8893
1408,70026921867681,937.5538
1409,70026921867681,938.219
1410,70026921867681,938.8822
1411,70026921867681,939.5459
1412,70026921867681,940.2092
1413,70026921867681,940.8734
1414,70026921867681,941.5364
1415,70026921867681,942.2059
1416,70026921867681,942.876
1417,70026921867681,943.5406
1418,70026921867681,944.2054
1419,70026921867681,944.8703
1420,70026921867681,945.5341
1421,70026921867681,946.1975
1422,70026921867681,946.8619
1423,70026921867681,947.5267
1424,70026921867681,948.2095
1425,70026921867681,948.8942
1426,70026921867681,949.5588
1427,70026921867681,950.2234
1428,70026921867681,950.8923
1429,70026921867681,951.5587
1430,70026921867681,952.2256
1431,70026921867681,952.8927
1432,70026921867681,953.5562
1433,70026921867681,954.221
1434,70026921867681,954.8951
1435,70026921867681,955.58
1436,70026921867681,956.2599
1437,70026921867681,956.9284
1438,70026921867681,957.597
1439,70026921867681,958.2693
1440,70026921867681,958.9372
1441,70026921867681,959.6039
1442,70026921867681,960.2734
1443,70026921867681,960.9519
1444,70026921867681,961.6161
1445,70026921867681,962.2864
1446,70026921867681,962.95
1447,70026921867681,963.6139
1448,70026921867681,964.2782
1449,70026921867681,964.9416
1450,70026921867681,965.6077
1451,70026921867681,966.2728
1452,70026921867681,966.9384
1453,70026921867681,967.6014
1454,70026921867681,968.2652
1455,70026921867681,968.9314
1456,70026921867681,969.5978
1457,70026921867681,970.2615
1458,70026921867681,970.9282
1459,70026921867681,971.5976
1460,70026921867681,972.2706
1461,70026921867681,972.96
1462,70026921867681,973.6236
1463,70026921867681,974.2869
1464,70026921867681,974.9548
1465,70026921867681,975.6271
1466,70026921867681,976.2912
1467,70026921867681,976.9645
1468,70026921867681,977.6271
1469,70026921867681,978.2907
1470,70026921867681,978.9555
1471,70026921867681,979.6213
1472,70026921867681,980.2841
1473,70026921867681,980.9488
1474,70026921867681,981.6139
1475,70026921867681,982.2782
1476,70026921867681,982.9439
1477,70026921867681,983.6094
1478,70026921867681,984.2748
1479,70026921867681,984.9417
1480,70026921867681,985.607
1481,70026921867681,986.2731
1482,70026921867681,986.9391
1483,70026921867681,987.6037
1484,70026921867681,988.2673
1485,70026921867681,988.931
1486,70026921867681,989.5943
1487,70026921867681,990.2576
1488,70026921867681,990.9227
1489,70026921867681,991.5883
1490,70026921867681,992.2521
1491,70026921867681,992.917
1492,70026921867681,993.5826
1493,70026921867681,994.2485
1494,70026921867681,994.9108
1495,70026921867681,995.5748
1496,70026921867681,996.2391
1497,70026921867681,996.9056
1498,70026921867681,997.5689
1499,70026921867681,998.2327
1500,70026921867681,998.8962
1501,70026921867681,999.5617
