1,1.559091291591636e+18,0.51579
2,1.171430292895076e+18,1.9593
3,8.512716448892241e+17,2.4772
4,6.195217515009996e+17,2.9272
5,4.035324685693852e+17,3.3664
6,3.227468534810756e+17,3.8192
7,2.599651029097799e+17,4.2466
8,2.026440107479997e+17,4.6874
9,1.711431372566679e+17,5.1568
10,1.528514102006138e+17,5.7409
11,1.384127120280211e+17,6.2577
12,1.25677493791012e+17,6.6869
13,1.173863467899855e+17,7.1201
14,1.15088582631826e+17,7.5549
15,1.145487930489884e+17,8.0114
16,1.145487930489884e+17,8.4405
17,1.148862473315124e+17,8.8658
18,1.021797032964271e+17,9.3196
19,8.997031129642707e+16,9.7725
20,8.052498188842707e+16,10.2241
21,7.225690507248301e+16,10.677
22,6.502142149158483e+16,11.1332
23,5.790226671228551e+16,11.592
24,5.120378132045709e+16,12.0454
25,4.516039200817157e+16,12.5487
26,4.042055282081474e+16,13.112
27,3.634310147376678e+16,13.589
28,3.253965718575775e+16,14.0726
29,2.942356849083613e+16,14.58
30,2.640204116946371e+16,15.0318
31,2.359133732710889e+16,15.4823
32,2.109355835710262e+16,15.932
33,1.862634954614098e+16,16.3822
34,1.671962627483129e+16,16.8345
35,1.522247335486269e+16,17.2845
36,1.376085863655867e+16,17.7364
37,1.240456138334899e+16,18.1858
38,1.138751278818911e+16,18.6361
39,1.038576294620193e+16,19.0858
40,9438118535669260,19.5362
41,8756589298345420,19.986
42,8157194406149951,20.4365
43,7678530928849966,20.8889
44,7241418813670702,21.338
45,6522910469783578,21.7878
46,6160053812297958,22.2368
47,5822221584728742,22.6871
48,5364198597167537,23.1368
49,5117309277177742,23.5857
50,4887219437177742,24.0345
51,4668966441879742,24.4831
52,4153524079240342,24.9328
53,3935271083942342,25.3827
54,3767313355942342,25.8326
55,3648192039247342,26.2815
56,3574294300667057,26.7309
57,3501640249042557,27.1793
58,3445639797474152,27.6291
59,3389980634692902,28.078
60,3335705632144902,28.5277
61,3283817608134697,28.9765
62,3226854910432169,29.425
63,3194955900262524,29.8743
64,3165729359512524,30.33
65,3146122013148024,30.7849
66,3134536021948024,31.2461
67,3123110030748024,31.7026
68,3111844039548024,32.1562
69,3100738048348024,32.6061
70,3089792057148024,33.0557
71,3079006065948024,33.5052
72,3068380074748024,33.9557
73,3057914083548024,34.4055
74,3047608092348024,34.8562
75,3037462101148024,35.3058
76,3027476109948024,35.7553
77,3017650118748024,36.2045
78,3007984127548024,36.6544
79,2998478136348024,37.1035
80,2989132145148024,37.5542
81,2979946153948024,38.0041
82,2970920162748024,38.4538
83,2962054171548024,38.9041
84,2953348180348024,39.3534
85,2944802189148024,39.8031
86,2936331935548024,40.2526
87,2927945944348024,40.7036
88,2919719953148024,41.154
89,2911653961948024,41.6045
90,2903747970748024,42.0548
91,2896001979548024,42.5052
92,2888415988348024,42.9556
93,2880989997148024,43.4068
94,2873724005948024,43.858
95,2866618014748024,44.3128
96,2859574961148024,44.7764
97,2852628969948024,45.2295
98,2845842978748024,45.698
99,2839216987548024,46.1583
100,2832750996348024,46.6253
101,2826445005148024,47.0787
102,2932877343163404,47.5034
