1,2.640927268453851e+18,0.21084
2,3.781692377854195e+17,0.35182
3,3.027703622582551e+17,0.49192
4,2.440003135723049e+17,0.63219
5,1.956957508378404e+17,0.77392
6,1.65167079945502e+17,0.91387
7,1.400008379880748e+17,1.0602
8,1.221899532295197e+17,1.1999
9,1.105372151167583e+17,1.3399
10,9.996983737450085e+16,1.4803
11,8.989098746248981e+16,1.6123
12,7.76611241129893e+16,1.7532
13,7.332518181862866e+16,1.8939
14,6.718347485299436e+16,2.0346
15,6.234953815998322e+16,2.1763
16,5.930798707566533e+16,2.3192
17,5.662004250627023e+16,2.461
18,5.437507119467093e+16,2.6022
19,5.235534337335398e+16,2.7445
20,5.09598446233625e+16,2.8856
21,4.981960652632118e+16,3.0173
22,4.89081638261507e+16,3.1597
23,4.874489250215636e+16,3.3014
24,4.86685491660819e+16,3.443
25,4.859290121504734e+16,3.5846
26,4.861686930671673e+16,3.7265
27,4.859757034610418e+16,3.8698
28,4.381108522736866e+16,4.0808
29,4.164893309383678e+16,4.2884
30,3.890358676278072e+16,4.4932
31,3.628451559513947e+16,4.6891
32,3.381081384575316e+16,4.8935
33,3.13216218938888e+16,5.0982
34,2.884580418705527e+16,5.3025
35,2.688083671333838e+16,5.5067
36,2.508591473284528e+16,5.7112
37,2.371773990332992e+16,5.9156
38,2.252873354041232e+16,6.1202
39,2.177387575088807e+16,6.3253
40,2.078214466049275e+16,6.5301
41,1.953475008989072e+16,6.726
42,1.881483595474084e+16,6.9307
43,1.795389243139188e+16,7.1396
44,1.700208295534852e+16,7.3454
45,1.612257306721452e+16,7.5555
46,1.518522934212587e+16,7.7608
47,1.441211545277537e+16,7.9659
48,1.367494067383929e+16,8.1875
49,1.308806725191009e+16,8.3981
50,1.254605057570585e+16,8.606
51,1.196684652426771e+16,8.8018
52,1.144431424125955e+16,9.0069
53,1.099617921346285e+16,9.2122
54,1.055363979497962e+16,9.4179
55,1.011380293555327e+16,9.6236
56,9713224335325736,9.8299
57,9297733919950622,10.0357
58,8905303119665732,10.245
59,8541734044388345,10.451
60,8230131854513712,10.6567
61,7928525393371334,10.8524
62,7636270401978786,11.058
63,7353857547363314,11.2633
64,7037177457220086,11.469
65,6787749250823302,11.6744
66,6547160621731698,11.8801
67,6319265722355992,12.0856
68,6057155712434200,12.2915
69,5841409023067110,12.4973
70,5650435725776298,12.703
71,5481649505682304,12.8983
72,5269463056961680,13.1072
73,5105294368577454,13.3111
74,4775735398389156,13.5151
75,4423071182933822,13.7187
76,3654932028157406,13.9227
77,2867983929674248,14.1268
78,3491203574861789,14.3308
79,3624409348482352,14.534
80,3804952459949571,14.6734
81,3796505352400548,14.8046
82,3824762298955996,14.9462
83,3797230008678472,15.0887
84,3824949835148046,15.2317
85,3797231288231638,15.3739
86,3824951532837434,15.5192
87,3797231299814344,15.6618
88,3824951548205164,15.8055
89,3797231299919192,15.9499
90,3824951548344276,16.0983
91,3797231299920140,16.2328
92,3824951548345535,16.3778
93,3797231299920149,16.5214
94,3824951548345546,16.6653
95,3797231299920150,16.8096
96,3824951548345546,16.9539
97,3797231299920150,17.0984
98,3824951548345546,17.2427
99,3797231299920150,17.3877
100,3824951548345546,17.5325
101,3797231299920150,17.6682
102,3824951548345546,17.8134
103,3797231299920150,17.9588
104,3824951548345546,18.1041
105,3797231299920150,18.2503
106,3824951548345546,18.397
107,3518416446290510,18.6006
108,3296287390910332,18.8047
109,3046812109239696,19.0088
110,2891948919897371,19.2161
111,2911937742329804,19.4119
112,2608723861132031,19.6151
113,2493904110157988,19.8188
114,2376658734504914,20.0221
115,2260747116413436,20.2258
116,2143270598918475,20.4292
117,2021078958954370,20.6328
118,1846026480459602,20.8365
119,1801909251900290,21.0399
120,1727852468585452,21.2435
121,1624054334696628,21.4386
122,1510436839995852,21.6416
123,1407946794609234,21.8456
124,1326044400890947,22.0523
125,1244868195787481,22.2569
126,1174242315469780,22.4614
127,1081383797144852,22.6657
128,1011162306521857,22.8699
129,955797836767132.5,23.0733
130,882634558981352.4,23.2767
131,894111481400346.6,23.4718
132,836406316709080.8,23.6749
133,784096099918663.5,23.8799
134,754941211896893.8,24.0841
135,687305602216277.4,24.2887
136,620162768896349.4,24.4939
137,604397559315219.8,24.6975
138,580839049218655.2,24.9016
139,546779571672728.3,25.11
140,516869398242128.4,25.3161
141,487079618020858,25.5123
142,457280946211217.3,25.72
143,428334331500456.3,25.9279
144,403437696621289.1,26.1355
145,382047671462294.3,26.3433
146,359533978979405.3,26.5512
147,336741243199706.1,26.7627
148,314839994801400.6,26.9745
149,296427234566185.8,27.1836
150,278763150426576.4,27.3919
151,261858361419447.4,27.5868
152,250311349020912.3,27.7954
153,262690004861188.1,28.0297
154,252110141605895.2,28.2428
155,293090359157837.2,28.3893
156,250703486822615.2,28.5478
157,671238941971629.9,28.6944
158,250955149560679.2,28.8392
159,594976495176060.2,28.979
160,252742220162537.8,29.1233
161,495715848199349.8,29.2563
162,251221965737508.4,29.3997
163,564738791747101.2,29.5406
164,250904487766753.4,29.6825
165,627939667976402.9,29.8233
166,250988280280937,29.9649
167,673563100764265.1,30.1065
168,251053319519102.5,30.2799
169,581042998687450,30.4212
170,252691864478971.5,30.5645
171,499770271911865.6,30.7016
172,251199521797732.7,30.8486
173,568932802819228.2,30.9969
174,250884205584953.8,31.1546
175,631300981038373.4,31.2968
176,251022539717435,31.4406
177,675717395430554,31.5828
178,251054160217171.5,31.7265
179,567625563968505.8,31.867
180,252640529277192.9,32.0109
181,503863916206660.6,32.1472
182,249335939972430.9,32.3505
183,238755262528825.6,32.5541
184,223584014070609,32.7593
185,216130353817743,32.9672
186,206458501341778.2,33.1723
187,197486930883621.8,33.3763
188,164493721843491.8,33.5808
189,155531215737477.3,33.7854
190,147224801181506.4,33.99
191,139820152431119.2,34.1898
192,134107273085822.1,34.3946
193,129453755177051.1,34.5988
194,125016287297652.9,34.8029
195,119771892532355.4,35.0066
196,113447313134947.4,35.2244
197,109581031447706.3,35.4378
198,105666972146980.5,35.6466
199,102054554100069.9,35.8619
200,98354060181815.86,36.0659
201,94706083815453.78,36.2619
202,91358814503667.22,36.4659
203,88192228231278.61,36.6695
204,85349001619815.84,36.8967
205,83159458843374.05,37.1332
206,82090626371590.25,37.3435
207,82394908987424.7,37.5646
208,82132219577820.31,37.7861
209,1277637207306614,37.931
210,75822647895105.78,38.079
211,269069852494960.3,38.2266
212,101938606299756.2,38.3711
213,790581425462425.4,38.5114
214,77857212095914.73,38.6521
215,440157204246425.6,38.7928
216,106044747799293.6,38.9334
217,479601637816390.4,39.0741
218,81423004416861.33,39.2151
219,710243126813259,39.3554
220,108487511822000,39.4968
221,303484790958346.9,39.629
222,86891821683570.95,39.7717
223,1065136233760158,39.9242
224,109988880726805,40.0739
225,211668481828145.5,40.2158
226,92805709634384.52,40.3606
227,1437448088078638,40.5048
228,110690177650658.6,40.6477
229,162957101547402.2,40.7877
230,98648663042398.45,40.9311
231,1047345161253230,41.0648
232,76508984244512.05,41.211
233,331478521903179.2,41.3527
234,103938661441365.5,41.4966
235,637149540090489.5,41.638
236,74443943953767.7,41.8416
237,71261897289609.02,42.0457
238,69064489679905.41,42.2556
239,67590027986661.54,42.4619
240,67215048168781.82,42.6663
241,68556490569387.82,42.8639
242,71833248102662.14,43.0775
243,75481922182516.75,43.296
244,80063698979813.25,43.5058
245,83202105455872.77,43.7158
246,83388257179972.86,43.9256
247,81603919844997.03,44.1347
248,78884709074281.44,44.3427
249,76062802827352.28,44.5522
250,73277071893508.03,44.7636
251,71013258892854.12,44.9586
252,69389028618884.73,45.1699
253,68519199195018.78,45.3744
254,68492318079473.62,45.5783
255,68876705304800.84,45.7822
256,68698332240807.42,45.9891
257,67858149684987.95,46.2103
258,66698939268510.62,46.4214
259,65315452836849.91,46.6373
260,64007141824382.28,46.8475
261,62787365997171.58,47.0426
262,61880976487234.07,47.2557
263,61256587623171.45,47.4666
264,60183231892594.97,47.6796
265,59363848869636.08,47.8962
266,58627191862346.91,48.1023
267,57959246079841.45,48.3063
268,57275149610415.64,48.5109
269,56739176898177.69,48.7156
270,56250117856826.61,48.9209
271,55477098527219.48,49.1233
272,54777670707031.98,49.3317
273,54091208665856.92,49.5366
274,53447869099355.33,49.7413
275,52859416974488.36,49.9491
276,52046742197375.2,50.1597
277,51567299832757.17,50.3708
278,51036609811017.75,50.5802
279,50458870274918.89,50.7901
280,49860595486902.19,51.0014
281,49391669804155.52,51.2003
282,48740813877155.55,51.4108
283,48143933395481.94,51.6221
284,47648803642587.5,51.8338
285,47227215468763.92,52.0501
286,46894828550226.22,52.2602
287,46206508957642.69,52.4663
288,45545687184189.05,52.6781
289,45326505899366.16,52.8908
290,44921350800811.62,53.1033
291,44346147238967,53.301
292,43795180197258.62,53.5064
293,43247174545992.52,53.7211
294,40144250543861.25,53.933
295,39666390700865.44,54.1397
296,39320254285680.9,54.3461
297,39079836109393.3,54.5519
298,38617216082617.97,54.7584
299,38123352720023.53,54.9662
300,37628976124732.7,55.1895
301,37170664740235.52,55.3854
302,36752926930644.05,55.5921
303,36406359813758.38,55.7964
304,35981990942315.97,56.0006
305,35624601034258.98,56.205
306,35007238501174.1,56.4098
307,34428037140313.02,56.615
308,34659605943471.92,56.8196
309,34154959060429.34,57.0234
310,33686097210612.06,57.2283
311,32688211558823.27,57.4249
312,32372534286420.17,57.6334
313,32061732461099.86,57.8551
314,31599927269228.35,58.0943
315,31239798362174.13,58.3264
316,30846946012789.17,58.536
317,30580470364738.52,58.7503
318,30001603064202.54,58.9634
319,29634276129184.44,59.1751
320,29266012801549,59.3868
321,28940289530698.52,59.5864
322,28600606395042.07,59.7928
323,28154787084433.28,59.9997
324,28152904498373.2,60.2038
325,28025314613268.75,60.4111
326,27516517733431.29,60.617
327,27473841629390.86,60.8217
328,28212947453149.33,61.026
329,27937094471476.66,61.24
330,592177821342398.4,61.3799
331,29588860540774.38,61.5115
332,97240609973255.61,61.6513
333,2543971961616883,63.7917
334,1418216641081530,65.9423
335,2268066560174994,68.0893
336,2217465744333114,70.2454
337,2285310749999450,72.3913
338,2217723147143480,74.5461
339,2285314096828202,76.7067
340,2217723196724320,78.8632
341,2285314097472793,81.0034
342,2217723196733870,83.1554
343,2285314097472917,85.307
344,2217723196733871,87.4628
345,2285314097472917,89.6174
346,2217723196733871,91.7643
347,2285314097472917,93.9136
348,2217723196733871,96.0665
349,2285314097472917,98.2159
350,2217723196733871,100.3674
351,2285314097472917,102.5107
352,2217723196733871,104.6667
353,2285314097472917,106.8176
354,2217723196733871,108.9698
355,2285314097472917,111.1364
356,2217723196733871,113.2883
357,76124220089017.23,113.4975
358,25624616565463.41,113.705
359,8300863281167.738,113.9124
360,26890767199499.34,114.1212
361,26541917626925.68,114.3232
362,27307411720122.39,114.5305
363,27367405426308.38,114.738
364,26782266118270.55,114.9454
365,26576973948611.54,115.1669
366,26392084802278.94,115.3759
367,26312543198443.58,115.5867
368,26038821556185.33,115.7971
369,25794510696011.56,116.0081
370,25575342790216.35,116.2184
371,25234621186188.35,116.4144
372,24960493227903.06,116.6258
373,24702889454782.45,116.8371
374,24479063591576.85,117.0482
375,24215211113902.57,117.2584
376,23984092681443.3,117.4695
377,24149170332278.06,117.6806
378,23974775904386.23,117.8928
379,23825527365813.58,118.1058
380,23714998883201.21,118.3174
381,23768069032259.44,118.5149
382,23653227293477.98,118.7264
383,23581071520116.67,118.9365
384,85047445771112.64,119.076
385,25264967120887.8,119.2166
386,814070086070676.5,119.3561
387,26016353435999.3,119.497
388,413821389389712.1,119.6373
389,4075157862178322,121.7775
390,4166756715897681,123.9248
391,4320785583374021,126.0596
392,58226193969887.25,126.2054
393,3047663986890862,128.3466
394,900517132750419.4,128.4929
395,26432989487730.32,128.6332
396,117979305608075,128.779
397,3184275078025005,130.9248
398,4126301888361310,133.0755
399,4320573165970916,135.2314
400,58226184942833.7,135.3797
401,3047664392895668,137.5158
402,900517143045660.1,137.66
403,26432989537730.52,137.8011
404,117979270651575.4,137.9425
405,3184274708796035,140.0862
406,4126301866903793,142.2414
407,4320573165857144,144.3963
408,58226184942828.86,144.537
409,3047664392895886,146.6787
410,900517143045665.5,146.8287
411,26015341146674.59,147.0278
412,24692621867652.29,147.2342
413,23030756612066.64,147.4401
414,21931191836308.31,147.6465
415,22705063509947.67,147.8521
416,23372848557492.1,148.0576
417,24068973623389.37,148.2689
418,23624919308737.95,148.473
419,23026529470812.3,148.6771
420,22604795303214.44,148.8809
421,23086950175952.09,149.0761
422,24913118019957.18,149.2801
423,23978976428468.02,149.4843
424,22563042427495.22,149.6888
425,23466816656999.2,149.8932
426,22660716883091.76,150.0971
427,21854929059127.08,150.3011
428,21706585897134.55,150.5054
429,23093104517319.83,150.7109
430,23286507815551,150.9154
431,22761824562676.81,151.1138
432,23156930787294.27,151.3214
433,22952629567067.82,151.5255
434,22716216144320.97,151.7297
435,22613069812640.3,151.9367
436,22386571698333.48,152.1416
437,22590985969380.79,152.3482
438,64374129198518.24,152.4896
439,21948131375612.12,152.6315
440,568588921672173.1,152.7742
441,1042325447467761,154.9082
442,263912484904639.7,155.0602
443,25048503943689.29,155.2056
444,79068920814517.03,155.3497
445,1786211165252348,157.4946
446,399746542045672.9,157.6405
447,1095072540841936,159.7835
448,494305260183562.9,159.9311
449,25248442744885.02,160.0776
450,51894577374753.53,160.2312
451,22428626549128.01,160.3712
452,473784883330445.9,160.5233
453,1066361556626744,162.6717
454,372019000056652.9,162.8166
455,25173159095474.59,162.9586
456,62075958822425,163.1076
457,22022020796271.21,163.2519
458,553724994192817.2,163.3957
459,1045549906520520,165.5381
460,278703730302688.4,165.6889
461,25071269876294.42,165.8265
462,75952861694653.67,165.9721
463,1821659619847460,168.1326
464,385354500416890.9,168.28
465,20070534913924.66,168.4848
466,10113964063796.91,168.6914
467,23534344268640.7,168.896
468,21706418674634.49,169.1034
469,20378825009728.43,169.3124
470,21138504461282.65,169.5188
471,23110449304355.98,169.7158
472,22722792629604.39,169.9207
473,21713743606340.16,170.1273
474,21608567665344.43,170.3311
475,22268871535743.79,170.5367
476,22281329997307.84,170.7424
477,22212414077595.39,170.9465
478,22187905598024.26,171.1504
479,21978053988163.77,171.3552
480,21883453939914,171.5592
481,21744788089233.81,171.7543
482,21348133935520.65,171.9589
483,21773789523944.69,172.1702
484,21598907335685.24,172.3772
485,21616205287194.72,172.5807
486,21538462342104.45,172.7848
487,21242068724215.77,172.989
488,20713620353585.35,173.193
489,21351169830465.84,173.3974
490,21268814622415.44,173.6028
491,20662075809666.92,173.7981
492,1222849408848893,173.9383
493,21633148103594.56,174.0784
494,927385354138593.2,174.2185
495,4267013486382238,176.3591
496,98977466779563.08,176.5065
497,21650761015696.68,176.6569
498,793967192581943,176.8001
499,4263229304776672,178.9432
500,4171741910107676,181.0936
501,4319281721091654,183.2417
502,56656757861968.68,183.3967
503,3600439492874202,185.5484
504,1414235189130660,185.7042
505,22006206377386.2,185.8502
506,200122105674531.9,185.9912
507,880373796463152,188.1359
508,1554838004171730,190.2866
509,1183081979793204,190.4358
510,1326833020495202,192.5797
511,821565001482161.1,194.7233
512,902609553687870.5,196.8753
513,446884546614660.3,197.0252
514,22009687759554.35,197.1711
515,176529373067469.8,197.3174
516,889652931019500,199.4671
517,1649824644283996,201.6272
518,1206430109934551,201.7762
519,21025812080641.18,201.988
520,19958960240692.73,202.211
521,20194147494621.18,202.4074
522,20874344816551.21,202.623
523,20771467750010.09,202.8331
524,20533213042051.88,203.0425
525,20866004219263.37,203.2484
526,20577070773526.83,203.4537
527,20260050552804.24,203.6579
528,20824569130083.36,203.8626
529,20693030203829.33,204.0672
530,20763317950024.42,204.2723
531,20470377361992.28,204.4693
532,20783805641806.77,204.6729
533,20643312240230.68,204.8783
534,20179096552894.59,205.0885
535,20533347272054.88,205.2971
536,20452188205189.83,205.5009
537,20391415753184.23,205.7062
538,20153253066266.59,205.9108
539,20243182177032.34,206.1154
540,20176616819835.54,206.3188
541,20394048391982.6,206.5149
542,19989483013421.58,206.7197
543,20242387609367.25,206.925
544,20197787012956.24,207.1285
545,20162219998612.78,207.3343
546,376597448732614.3,207.4772
547,20028808149442.52,207.6203
548,175739393231909.5,207.7619
549,22387168453637.91,207.9048
550,115105737282864.1,208.0477
551,20378531483795.73,208.1892
552,735832229915593.1,208.3314
553,22634129977997.19,208.4752
554,41074607206716.66,208.6173
555,21286324635938.84,208.7605
556,434731351261018,208.9028
557,1071162665422800,211.0456
558,391461026529669.7,211.2077
559,22565289731889.18,211.3508
560,61556196375619.8,211.4939
561,20816688654586,211.6288
562,618408784193665.4,211.7729
563,1029159880389995,213.9171
564,201399387069786.6,214.0813
565,22427193157096.71,214.24
566,103013379666527.3,214.3957
567,20437655419945.34,214.5439
568,772806665979393.2,214.689
569,20029623877709.16,214.832
570,61062718180041.84,214.9731
571,21777829922292.18,215.1094
572,304948221272072.6,215.2521
573,19901627143282.25,215.4555
574,8058949425407.359,215.6597
575,21343386662150.52,215.8643
576,19953032181448.82,216.0678
577,18656963590532.32,216.2716
578,18629598383234.57,216.4764
579,20341083608018.79,216.6805
580,20158140936860.19,216.8847
581,20119909448705.79,217.0868
582,19994533041867.24,217.2951
583,19630808054866.08,217.499
584,20107818664581.92,217.7043
585,20071643414272.51,217.9083
586,20056183724491.2,218.1144
587,19933459597733.76,218.321
588,19894200375610.05,218.5257
589,19881720774901,218.7297
590,19762561593948.87,218.9335
591,19733037094456.1,219.1295
592,19709080640406.54,219.3332
593,19755807679421.25,219.537
594,19475122223079.31,219.7448
595,19588435083172.91,219.9509
596,19656309507773.56,220.1715
597,19544248428773.01,220.3841
598,19501185293565.7,220.5938
599,19545968453771.97,220.8005
600,1248684182645591,220.9449
601,19078400713068.73,221.0764
602,880123428834809.4,221.2208
603,19848403489400.47,221.3661
604,112239498084205.5,221.5082
605,4176612756792572,223.6541
606,763036847532681,223.8106
607,19844494762733.91,223.9673
608,132028432429608.7,224.1286
609,4175521081496204,226.2877
610,649764248112513.1,226.4339
611,19837283174449.86,226.5681
612,155904619042070,226.7094
613,4174571685163220,228.8524
614,551324692794966.6,228.9954
615,19828609287303.63,229.1395
616,184645203694029.8,229.2819
617,4173754524184798,231.4259
618,466560293056761.2,231.5668
619,19818207555507.35,231.7083
620,219144108083183.9,231.8498
621,4173056699210898,233.9864
622,394148380758923.6,234.1296
623,19805778163802.32,234.2734
624,260415571757364.2,234.4163
625,4172464780378668,236.566
626,332707152419651.8,236.7093
627,765691731641773.5,236.9148
628,20681508047402.58,237.1219
629,9406934534660.918,237.3278
630,22364075513287.91,237.5347
631,14665104669932.79,237.7342
632,14214935087782.64,237.9394
633,19902423175359.6,238.1585
634,19282166549232.48,238.3669
635,18768003626958.76,238.5745
636,19577363657995.61,238.783
637,19565420673052.94,238.9897
638,19446759725147.59,239.1981
639,19423528406930.25,239.4033
640,19507866159868.25,239.6092
641,19312011855782,239.8066
642,19376116636857.27,240.0123
643,19478725306685.07,240.2192
644,19138748888985.86,240.4255
645,19337210416264.54,240.6322
646,19142302842591.09,240.8388
647,19505759412671.12,241.0464
648,18961627953117.01,241.2658
649,19318058272735.44,241.4741
650,18998165289362.88,241.6802
651,18936758088148.27,241.8765
652,19023630381202.18,242.0819
653,18661925224739.11,242.2886
654,283495366028358.3,242.431
655,19700666791116.04,242.5723
656,273847210395520.5,242.7146
657,4126874236621014,244.8583
658,234822088063532.9,245.0053
659,3692738484223440,247.1482
660,380367039353584.6,247.3006
661,4137348654940261,249.4385
662,170690256656655.5,249.5957
663,3707872320260955,251.7492
664,523106123799421.6,251.8949
665,4144828199456645,254.0386
666,125059107104169,254.1927
667,3728091354788578,256.3485
668,711999314581446.8,256.4945
669,4150115960828768,258.6416
670,92898814228192.78,258.7917
671,3754274243512984,260.9335
672,953585571962284.6,261.0818
673,4153825824099634,263.2302
674,70384210735716.02,263.3722
675,3636253316463492,265.5127
676,884300623430534,265.6643
677,1674711929974620,267.8112
678,1204030168346652,267.9614
679,1199150350415925,270.1122
680,19723799110427.58,270.2638
681,18615147022141.52,270.4602
682,18679005728643.84,270.664
683,18708349039475.89,272.8703
684,19552664590451.25,273.0818
685,18981022849731.74,273.2891
686,18340114525517.55,275.4939
687,18692645795929.59,275.713
688,18769921435630.66,275.9177
689,19176942738571.03,276.1229
690,18620416249883.11,276.3269
691,18956808036361.57,278.5244
692,18379055244052.99,278.7373
693,18248950579709.41,278.9433
694,18002727484672.41,279.1485
695,18909412968655.15,279.3548
696,18679252038151.28,279.5595
697,18312014053580,279.7666
698,18677487423368.2,279.9718
699,18581361412320.09,280.1841
700,18707414231418.01,280.3895
701,18612150783229.57,280.5876
702,18703316602194.87,280.7924
703,18870132165802.26,280.9975
704,18269203292410.55,281.2027
705,18376811335708.65,281.4067
706,19152269616028.6,281.6125
707,18190094574064.88,281.8185
708,66562839462736.77,281.9584
709,19271317861713.86,282.0998
710,1093021431112831,282.2412
711,19720371590897.76,282.3727
712,68265266423999.2,282.5142
713,4012598210283782,284.6566
714,955308838623121.1,284.8067
715,19718528058661.27,284.9494
716,78716295723913.08,285.0918
717,4032766319716646,287.2372
718,824879385999282.2,287.3853
719,19716284206390.5,287.5276
720,91373452190064.62,287.6698
721,4051014603947820,289.8063
722,707984803032541.8,289.9503
723,19713570687587.8,290.0946
724,106683759981687.1,290.2396
725,4067301418246528,292.3865
726,604540829871277.6,292.5311
727,19710294200543.57,292.6771
728,125176084427915.6,292.8219
729,4081661020095463,294.9701
730,514022127078562.4,295.1211
731,19706345231722.54,296.7324
732,147472033406858.5,296.8794
733,4094185667281642,299.0265
734,435588870295050.4,299.1791
735,430301443830535.2,299.3831
736,19993103035904.95,299.5871
737,5533425973649.764,299.7947
738,19249253020455.28,299.9992
739,18468835575326.77,300.2029
740,18097345004142.81,300.4067
741,18080275715791.73,300.6015
742,18715932223778.93,300.8057
743,18857927502169.66,301.0094
744,18049566322085.88,301.2181
745,18265711872470.45,301.4243
746,18741724216529.91,301.6279
747,18668239975481.42,301.8324
748,18226924276938.72,302.0368
749,18180685677638.79,302.2404
750,18770709324101.54,302.4448
751,18317421307899.42,302.6421
752,18083244712071.78,302.8464
753,18681334243470.18,303.0535
754,18309312029808.56,303.2579
755,18547929239886.18,303.4628
756,18525261117756.82,303.6672
757,18442318310057.8,303.874
758,18511002656112.12,304.0787
759,18415513988931.6,304.2887
760,18403337158179.28,304.494
761,18482514175834.13,304.6903
762,395926758816675.6,304.8303
763,18701334341336.5,304.9702
764,164742625014931.5,305.1098
765,4027291448463436,307.2516
766,267329245955042.5,307.4128
767,3065551443956618,309.5552
768,353908558832664,309.6969
769,4114984763902402,311.8404
770,135223660421112.6,311.9849
771,18856861082510.84,312.1183
772,489890461819130.3,312.2593
773,4116615389154838,314.4059
774,95007057622348.66,314.5498
775,19006760561285.38,314.6922
776,693224245393640.8,314.8347
777,4128714060091198,316.9832
778,69477305042906.45,317.1341
779,19191963111311.18,317.2788
780,814149237714221.2,317.4212
781,2626981229885004,320.5561
782,18876537117627.66,320.7094
783,60028031997212.35,320.857
784,3818892615970831,323.0072
785,768429814343583.5,323.1662
786,3068273908684617,325.3306
787,114444896798014.2,325.479
788,3989802281248014,327.6294
789,1868621094371204,327.8404
790,1760348896954347,328.0504
791,51741597403708.6,328.2643
792,37409228353275.42,328.4779
793,20724333916632.64,328.6883
794,13562901644960.02,328.8972
795,19672418690898.33,329.1072
796,18392163651966.17,329.3139
797,17756546617443.88,329.5229
798,17990605770675.53,329.7317
799,18651383225427.83,329.9407
800,18088362911930.07,330.1494
801,18090018839200.48,330.3456
802,18161370181805.46,330.5573
803,17955082552874.57,330.7657
804,18074743672105.34,330.9758
805,18103268275603.54,331.2082
806,18008409762414.7,331.4266
807,18163793846888,331.6439
808,17909807870690.42,331.8579
809,18094232305370.33,332.0699
810,18042740477900.46,332.2787
811,18042643000567.54,332.4797
812,17855204278053.54,332.6868
813,18134228611668.04,332.8969
814,18344203746674.28,333.1026
815,17649906613760.42,333.3085
816,590524458061704.5,333.4481
817,18614599344062.45,333.5904
818,104431565358003.4,333.7324
819,4040240829186477,335.8765
820,506317125818470.8,336.0267
821,3436819493337850,338.1626
822,161607640162313.6,338.313
823,4094092536845143,340.4602
824,329030369495732.4,340.6118
825,3449577278588276,342.7594
826,251163388577112.5,342.921
827,4127814903575984,345.0723
828,211669185003109.3,345.2178
829,3469779001193570,347.3663
830,391626244988339.2,347.513
831,4149641005320064,349.6531
832,136726415142634.7,349.801
833,3500822968533284,351.9499
834,604315739563179.1,352.1031
835,4163376779640946,354.2566
836,89965692854398.36,354.4035
837,3546396155162370,356.5581
838,909802775918067.6,356.7098
839,4171869061964266,358.8608
840,61209436593442.06,359.0059
841,3454221874564714,361.1397
842,886245114181226.4,361.2888
843,17448439970098.78,361.4932
844,16085332262313.16,361.6967
845,16776488653093.35,361.9031
846,18946193612560.45,362.1107
847,18661578689397.28,362.318
848,17481380909771.91,362.5237
849,16835693089325.46,362.7303
850,17599934387751.35,362.9357
851,18044300939917.71,363.1317
852,18250745112154.15,363.3373
853,18165208582370.46,363.5433
854,17574197128107.78,363.7485
855,17333820570936.54,363.9541
856,18116945051319.86,364.164
857,17789496981586.08,364.375
858,18054539684938.83,364.5799
859,17802575414652.92,364.7841
860,17704075454984.96,364.9878
861,17987739007769.86,365.1836
862,17757138601384.59,365.388
863,17944032654304.24,365.5925
864,17883544271291.7,365.7976
865,17915666143279.12,366.0021
866,17805536429105.11,366.2062
867,18066937740132.65,366.4093
868,18110311326838.61,366.6147
869,17523539757934.89,366.8198
870,440303191074447.9,366.9594
871,16756148046305.95,367.092
872,56447508021323.02,367.2347
873,17954174560139.12,367.3753
874,729368095817659,367.5154
875,18708283602464.04,367.6554
876,60196315951863.2,367.7951
877,17188998214659.56,367.9356
878,328726778620830.2,368.0757
879,18564985095587.07,368.2168
880,141181666947957.1,368.3566
881,16900929287188.88,368.4926
882,149222622784993.1,368.6345
883,18401175537453.85,368.7777
884,366611666021996.6,368.9203
885,16769816795439.14,369.0635
886,65315452190710.89,369.2066
887,18020450915498.94,369.353
888,767709882078359.1,369.4971
889,18731487065250.01,369.6422
890,60196391720105.83,369.7842
891,17189134089826.78,369.9212
892,328732825715813.4,370.0691
893,18564987856369.92,370.2204
894,141178268084253.2,370.3644
895,16900934421235.18,370.5101
896,149225882503968.6,370.6551
897,18574737246408.7,370.8604
898,6196097678141.515,371.066
899,17543325701573.5,371.2725
900,16843575287677.92,371.4774
901,17055227134851.22,371.6732
902,17853621105739.2,371.8784
903,17868911879645.34,372.086
904,17963751481672.25,372.2981
905,17851031820072.11,372.5059
906,17788521648140.93,372.7108
907,18089902384454.58,372.9182
908,17610297097742.82,373.1254
909,17911569353705.48,373.3326
910,17737913938072.42,373.5366
911,17781839916823.52,373.7315
912,17978592081789.46,373.9357
913,17555343748385.72,374.1402
914,17869347639927.27,374.3457
915,17691220680094.37,374.5495
916,17717333190757.6,374.7533
917,17956578047130.29,374.9577
918,17523814530638.48,375.1633
919,17856672079781.75,375.3669
920,17751372498591.4,375.5713
921,17549117851630.07,375.7662
922,17827047864701.59,375.9696
923,17947603150209.24,376.1797
924,497337629856603.1,376.3226
925,18706040036279.64,376.4635
926,141729345041931,376.6051
927,4085828023372247,378.7476
928,378599432983121.9,378.9004
929,3448711672292306,381.0475
930,233459395821618.7,381.2024
931,4126373936341930,383.3406
932,231072105992002.6,383.4943
933,3471574592067127,385.6395
934,385206960181896,385.7944
935,4151387299272761,387.9488
936,141462175948032.2,388.1086
937,3508741375935996,390.2578
938,627672792523420.6,390.4124
939,4166252779938680,392.5688
940,88716607720604.78,392.7131
941,3565722027960873,394.8539
942,989583970680058.1,395.0039
943,4174889958132727,397.1489
944,58242772276923.42,397.2941
945,3365084683131319,399.4354
946,898713498808775,399.586
947,1850123515354352,401.7319
948,1237818718769264,401.8864
949,1009276422082911,404.0408
950,18719019589603.7,404.192
951,17748750769401.74,406.3931
952,17691270356830.33,406.6055
953,18240022982108.98,406.817
954,17549781050953.98,409.0267
955,17658533422128.52,409.2443
956,17910417036667.96,409.4497
957,17680556160144.51,409.6569
958,17913471209542.38,411.8668
959,17686089937857.58,412.0866
960,17696831033267.41,412.2965
961,17744579812356.68,412.4952
962,17805131915204.84,412.6996
963,17867133126341.96,412.9037
964,17834033389353.09,413.1082
965,17604280437670,415.3134
966,17985693814112.89,415.5193
967,17959611674987.47,415.7248
968,18084069622232.02,417.9303
969,16995422646891.26,418.1453
970,16971442254572.47,418.3559
971,17607561578419.1,418.554
972,17956315049277.09,418.7609
973,17583077752220.52,418.9669
974,17887668733078.84,419.1747
975,17716632850314.86,419.3828
976,17540176363331.37,419.5893
977,17902318843575.48,419.7956
978,96848374710705.14,419.9365
979,21259139949820.28,420.0797
980,409341123214945.1,420.2228
981,3450189534365578,422.3554
982,258231371494452.4,422.5082
983,21940195317296.45,422.662
984,158256751213661.1,422.8178
985,3515896499198240,424.9675
986,683244908283552.9,425.1182
987,22197026806826.95,425.2619
988,67551851102810.25,425.4074
989,3315542738152444,427.5546
990,903400752865882.4,427.699
991,1927479543190678,429.833
992,1253943014887954,429.9768
993,933419749976554.6,432.1223
994,822014474689255.6,434.2765
995,971762207903516,436.4252
996,829071180207132.1,436.5686
997,22224483597787.96,436.7109
998,57978933346348.16,436.8557
999,3165218808884752,438.9986
1000,924381497701492.4,439.1518
1001,2146776445136308,441.2882
1002,1286815880927786,441.4364
1003,772286104011438.9,443.5816
1004,825271277492197.4,445.7353
1005,19543306693321.65,445.9442
1006,18199048738461.64,446.1509
1007,16936557913999.88,446.3573
1008,16238900193172.56,446.564
1009,17439405036994.08,446.7706
1010,19334624034571.52,446.9764
1011,18349200124387.91,447.1729
1012,17715900925691.76,447.3795
1013,16394628812356.59,447.5859
1014,16025226578059.12,447.7911
1015,17608956212150.67,447.9976
1016,18157911743561.16,448.2167
1017,17277896811014.15,448.4237
1018,17113353349898.56,448.6298
1019,17802638858537.47,448.8359
1020,17937448562588.84,449.0423
1021,17517158383872.13,449.2414
1022,17450281898815.46,449.4477
1023,17415283113425.24,449.653
1024,18300660238520.77,449.8607
1025,17988355051658.56,450.0671
1026,17016944393466.42,450.2743
1027,17330725952008.01,450.4804
1028,17910272974516.48,450.6877
1029,17754830999548.34,450.8945
1030,17462992536135.21,451.1087
1031,17810722879378.69,451.3128
1032,155632432634587.4,451.4546
1033,21672312180733.34,451.5977
1034,88700429337005.53,451.7399
1035,1728583780444280,453.884
1036,444357553376397.7,454.0391
1037,1077556328583864,456.1943
1038,472787900260771.2,456.3382
1039,22127614618906.81,456.4825
1040,42224688524807.16,456.626
1041,2118089917287906,458.7615
1042,982768533069237.8,458.9109
1043,1029397604678545,461.0564
1044,185592548221023.5,461.2083
1045,21778734685530.19,461.3533
1046,77670083757344.55,461.4993
1047,1844251496040455,463.6479
1048,398924793732702.5,463.7925
1049,1096155429660479,465.9392
1050,558068393818232.7,466.0873
1051,22162067022513.01,466.2252
1052,38784947873644.19,466.3686
1053,1908006139587916,468.5124
1054,981621457924629,468.6659
1055,1029397017153053,470.8171
1056,185592645224014.9,470.9742
1057,21778734985804.37,471.125
1058,77670052761284.66,471.2708
1059,15689421795101.82,471.4787
1060,7620929068664.771,471.6883
1061,20299595019335.85,471.8855
1062,18089536754905.76,472.1019
1063,15983613376701.87,472.3158
1064,15437686376452.15,472.5264
1065,16165301060387.04,472.7351
1066,18343692769469.37,472.9436
1067,18746896281663.68,473.1525
1068,16902634061749.65,473.3622
1069,16730503436740.19,473.5706
1070,17535202179408.43,473.7776
1071,17811082622634.09,473.9737
1072,17609658646982.8,474.1825
1073,17614511760671.3,474.3914
1074,17672487977041.54,474.6014
1075,17754428532270.2,474.8097
1076,17744196306747.38,475.0183
1077,17641034612399.6,475.2401
1078,17779130894776.71,475.4527
1079,17863615736778.75,475.658
1080,17372499495618.21,475.8641
1081,17508529730071.08,476.0611
1082,17745417853896.66,476.2673
1083,17309540891345.16,476.472
1084,17268968162063.14,476.6766
1085,17413860818660.33,476.8813
1086,177593587929166.7,477.0224
1087,16119111115366.42,477.1625
1088,514844327778086.4,477.3028
1089,19239283311297.14,477.4438
1090,90653110254695.56,477.5848
1091,16454474338442.71,477.7183
1092,951377322940846.6,477.8578
1093,17073462503489.43,478.0008
1094,1062503543745869,478.1513
1095,17769582903439.34,478.2989
1096,1189663005339431,478.4505
1097,18406878240500.86,478.601
1098,771690280722596.5,478.7448
1099,3427069730978846,480.8884
1100,112175667951356.3,481.0346
1101,18822355298469.36,481.1786
1102,398098749849024.8,481.3235
1103,3443467787366169,483.4669
1104,228587141571624.8,483.6145
1105,19096422376500.16,483.757
1106,197223544008870.8,483.8986
1107,3477982488416864,486.0467
1108,469927317663945.9,486.1902
1109,19232053287891.98,486.3345
1110,99931694651223.44,486.4779
1111,16390909422113.19,486.6169
1112,909395894932438.6,486.7597
1113,867661756847335.4,486.9661
1114,86380539927757.38,487.1773
1115,24291279084479.28,487.3822
1116,12350342420291.22,487.588
1117,9472352596565.803,487.7931
1118,17065692049316.48,487.9979
1119,16182670315374.89,488.2027
1120,13756349656776.69,488.408
1121,11681938237842.03,488.6036
1122,11149883929508.43,488.8084
1123,15078144737430.26,489.013
1124,20617961661967.49,489.2172
1125,20703996114902.27,489.4214
1126,18453167923504.64,489.6258
1127,13401836362138.86,489.8307
1128,13120807352349.2,490.036
1129,15533269609841.62,490.2458
1130,17869098077141.54,490.4499
1131,17816096805202.28,490.6457
1132,17042123292763.43,490.8518
1133,16957873466915.66,491.0565
1134,16982474897842.04,491.2607
1135,17718503015487.72,491.4665
1136,17484362392978.4,491.6716
1137,17389451263162.11,491.8764
1138,17097233011783.72,492.0807
1139,17418575055888.73,492.2852
1140,839972573238081.2,492.4257
1141,15426096651317.27,492.5572
1142,87947704377291.44,492.6973
1143,18213934120500.29,492.8386
1144,644694857367777.2,492.9794
1145,15451964608034.31,493.3191
1146,115853494659192.8,493.4612
1147,18379517435220.03,493.602
1148,485633360474516,493.7422
1149,15482187390388.59,493.8973
1150,154024222410149.7,494.0376
1151,18508828384745.88,494.172
1152,363378130019244.4,494.3123
1153,15523400185774.2,494.4541
1154,205835592057112.7,494.5945
1155,18607619661733.93,494.7365
1156,271122255224148.9,494.8774
1157,15579106189010.05,495.0198
1158,275431672663599.8,495.1604
1159,18681828127693.61,495.3033
1160,202464683005995.3,495.4446
1161,15653511839687.66,495.5809
1162,367617417453378.9,495.7225
1163,18736865391344.54,495.8658
1164,151895526961427.7,496.0077
1165,15751330872792.12,496.1513
1166,487486311583139.2,496.2974
1167,351918249406599.1,496.5031
1168,24273218638860.78,496.708
1169,9637974116395.402,496.9137
1170,21983962089664.27,497.1199
1171,18323693490178.4,497.3184
1172,16451952439697.84,497.5239
1173,15293405664389.13,497.729
1174,15506061625348.58,497.935
1175,17474847229744.29,498.1404
1176,17685673689817.83,498.3473
1177,17306952780125.38,498.5524
1178,17164653071141.58,498.7575
1179,17468321028812.63,498.9636
1180,17351593077992.76,499.1693
1181,17583878641950.63,499.3747
1182,17510904160261.3,499.581
1183,17123101827603.11,499.7857
1184,17448314085268.84,499.9897
1185,17313819729759.05,500.1947
1186,17505461566337.47,500.3992
1187,17654483430637.09,500.6035
1188,17506025642762.15,500.8082
1189,17014264055277,501.0138
1190,17304816399155.98,501.2168
1191,17535174405064.24,501.4116
1192,17495839313012.18,501.6163
1193,17267139394815.42,501.8193
1194,453304761759665.6,501.9594
1195,15896156347667.96,502.0991
1196,213249457759031.2,502.2404
1197,18996935895913.96,502.384
1198,229369416410451.5,502.5271
1199,16035164230590.74,502.6682
1200,433561790267852.8,502.809
1201,19143195948144.3,502.9432
1202,116487402998698.8,503.0835
1203,16290126605517.77,503.2264
1204,851881466262633.6,503.3668
1205,19212707211925.05,503.5099
1206,63435059386543.2,503.6517
1207,16723400014134.43,503.7943
1208,1014448933829611,503.9338
1209,17452044468645.79,504.0776
1210,1138712336115514,504.2178
1211,18118890973489.4,504.3549
1212,1079316332556386,504.4963
1213,3781573377923886,506.6368
1214,84404125362227.09,506.7828
1215,18583473657887.55,506.9249
1216,587764277422867.9,507.0665
1217,3792417057182671,509.2092
1218,164883307835708.9,509.3556
1219,18925638132756.18,509.4992
1220,299827324953729.2,509.6426
1221,473531513017022.7,509.8401
1222,15845042501826.77,510.0442
1223,5313906543336.516,510.249
1224,18365695003901.3,510.4623
1225,17689584948908.98,510.6662
1226,16282982937697.66,510.8718
1227,16427624086430.66,511.0763
1228,17404057560557.99,511.2851
1229,17526292874422.82,511.4897
1230,17422251349559.33,511.6938
1231,17255025788267.83,511.8903
1232,17480667495074.53,512.0946
1233,17224358353650.51,512.2986
1234,17466575170317.38,512.5025
1235,17590262785680.01,512.7063
1236,17176663432133.59,512.9105
1237,17455473914709.16,513.1146
1238,17551750688924.82,513.321
1239,17220738266612.59,513.5267
1240,17310388028013.71,513.7324
1241,17402734595702.46,513.9311
1242,17486369129634.8,514.1374
1243,17565238004259.33,514.3452
1244,17394398019902.93,514.5553
1245,17087733099865.26,514.7617
1246,17412811608184.82,514.9644
1247,17401578528807.76,515.1673
1248,273411834991202.2,515.3064
1249,18637405599650.77,515.4454
1250,261166485809659.3,515.5843
1251,4486740246917211,517.7155
1252,168654441516853.2,517.8628
1253,3320762685752046,520.0055
1254,631573499297039.4,520.1603
1255,4545795666454430,522.3089
1256,74149910929060.25,522.4529
1257,3398411493997199,524.5942
1258,876366737488688.5,524.7435
1259,1665195225154938,526.8855
1260,1196144375271236,527.0315
1261,1232468202750111,529.1635
1262,18711745066275.57,529.3406
1263,64274756941144.05,529.5073
1264,3692152896766947,531.6636
1265,4352520345842830,533.8128
1266,4612901070849411,535.9597
1267,49143031150697.45,536.108
1268,3091752572291056,538.2554
1269,919405607446689.1,538.3997
1270,2149127014868317,540.542
1271,1178065504599254,540.6763
1272,1072645653928764,542.8194
1273,18708619981051.29,542.9648
1274,69904055524935.84,543.1069
1275,1034140661854148,543.3125
1276,15570079919658.7,543.517
1277,13131693722079.34,543.7219
1278,10872835244602.97,543.9283
1279,9530171287174.145,544.1393
1280,11128621446609.66,544.3472
1281,18346715969927.79,544.5478
1282,21883068983005.13,544.7523
1283,20661123926636.1,544.9552
1284,11980497281950.95,545.159
1285,12416658745158.44,545.3627
1286,17550385724459.62,545.5675
1287,19273169633169.15,545.7712
1288,18310902932131.61,545.975
1289,16841204995022.81,546.1775
1290,16555673839901.34,546.3809
1291,17715953828262,546.5762
1292,17722529118515.04,546.7785
1293,16535536489470.66,546.9819
1294,16256756994921.76,547.1853
1295,17490163706850.93,547.3955
1296,17495879600057.59,547.5999
1297,17414789213631.57,547.8038
1298,17290297136355.83,548.007
1299,17158787742237.42,548.2114
1300,17467133700728.67,548.4138
1301,17460172983254.28,548.6082
1302,59280034667915.24,548.7477
1303,17719172836367.7,548.8893
1304,1048189263065239,549.0322
1305,18709091096990.77,549.1751
1306,58177490245858.73,549.3175
1307,17727078445769.17,549.4602
1308,1067588432714644,549.6026
1309,18709561552554.61,549.7496
1310,57758450465758.56,549.8956
1311,17730234117013.09,550.0329
1312,1075315485184983,550.1787
1313,18709744216592.94,550.3315
1314,57760437583510.12,550.4779
1315,17730268418412.59,550.6227
1316,1075391634987182,550.7674
1317,18709746003654.8,550.9132
1318,57760457023911.34,551.0569
1319,17730268753978.92,551.203
1320,1075392379949772,551.3474
1321,18709746021136.12,551.4845
1322,57760457214080.39,551.6302
1323,17730268757261.48,551.7759
1324,1075392387237110,551.9217
1325,18709746021307.12,552.0712
1326,57760457215940.65,552.2159
1327,17730268757293.59,552.3603
1328,1075392387308396,552.5028
1329,283239028864242.8,552.7061
1330,37306062360009.28,552.9156
1331,18763918161381.98,553.1117
1332,4378507118534.66,553.3195
1333,17706064281682.62,553.5228
1334,16940863553866.18,553.7261
1335,16815668837782.87,553.9287
1336,17765951650044.67,554.1323
1337,17336526048097.23,554.3424
1338,16790460478696.41,554.5465
1339,17445228624158.67,554.7524
1340,17444108804819.23,554.9577
1341,17311832765307.55,555.1569
1342,17342366656814.68,555.5489
1343,17534692970979.95,555.7552
1344,17145147344247.38,555.9626
1345,17349591203466.93,556.1695
1346,17268727787631.3,556.3802
1347,17218297952847.17,556.5846
1348,17404438995450.69,556.7897
1349,17104164177359.34,556.9951
1350,17277140445285.8,557.2032
1351,17480391989096.88,557.4089
1352,17165228164154.71,557.6129
1353,17255993668000.23,557.8167
1354,17316417092898.85,558.0291
1355,17176606755930.34,558.2388
1356,1188750972888832,558.381
1357,16063945448408.29,558.5204
1358,1081777977713778,558.6592
1359,18852691710878.8,558.799
1360,57867707540726.45,558.9384
1361,16183558986895.71,559.0749
1362,1201380406649475,559.2182
1363,1090248965892899,561.362
1364,18841857344883.14,561.5063
1365,57864000030634.31,561.648
1366,16183320893121.65,561.7903
1367,1201411828270013,561.9319
1368,1090074939883064,564.0747
1369,18841848345603.56,564.2251
1370,57863968130743.94,564.369
1371,16183319349515.14,564.5045
1372,1201412086515636,564.6464
1373,1090073512320322,566.792
1374,18841848271768.72,566.9405
1375,57863967869020.11,567.0851
1376,16183319336850.55,567.2317
1377,1201412088634422,567.4976
1378,1090073500607827,569.6423
1379,18841848271162.93,569.7912
1380,57863967866872.8,569.9364
1381,16183319336746.64,570.0716
1382,1201412088651806,570.2141
1383,16396873738156.14,570.419
1384,15805968085286.32,570.6217
1385,17143599700284.07,570.8253
1386,17323733774726.91,571.0281
1387,17383737227989,571.2334
1388,17290811118501.45,571.4401
1389,17160819962515.05,571.6432
1390,17385207222537.63,571.8468
1391,17134236369144.22,572.0437
1392,17291733090652.67,572.2481
1393,17529338971753.62,572.4525
1394,17125229053536.51,572.6561
1395,17211422086827.37,572.86
1396,17324926607948.04,573.0638
1397,17218605783315.7,573.269
1398,17243322742031.5,573.4846
1399,17441264681413.67,573.6916
1400,17268130991709.38,573.9001
1401,16929468816045.81,574.095
1402,17059098989295.95,574.3061
1403,17208290668283.13,574.5321
1404,17151430457191.68,574.7417
1405,17133916985618.16,574.9528
1406,17342876167897.53,575.1601
1407,17217690705658.97,575.3696
1408,16920060433131,575.5769
1409,17219967658469.49,575.7841
1410,397008693497064.6,575.9258
1411,18668404762305.21,576.0566
1412,107135442839056,576.2014
1413,3430518045948834,578.3475
1414,64533247179932.82,578.4954
1415,1710957786867286,580.6395
1416,439715917381366.1,580.7968
1417,18676887247191.73,580.9474
1418,93913548013317.2,581.0939
1419,3358071113913398,583.2388
1420,72589892815766,583.3983
1421,1625461304152370,585.5421
1422,479597228898422.1,585.7031
1423,18684027784752.36,585.8578
1424,82633575540205.22,586.0018
1425,3277938214496996,588.1479
1426,81916078636725.41,588.2975
1427,1547494018498131,590.4518
1428,519808140054543.4,590.5983
1429,18690118026066.52,590.741
1430,73019576245018.59,590.8833
1431,3190097503353621,593.0227
1432,92677632464145.58,593.1685
1433,1477027217321567,595.3113
1434,559803001193687.4,595.4751
1435,18695307654004.11,595.6324
1436,64832219845695.01,595.7931
1437,771012912275955.8,596.0118
1438,1006532624506645,596.2271
1439,10547586307585.54,596.4433
1440,3347950049816.734,596.6573
1441,7586675667429.552,596.8529
1442,14266436705910.04,597.0615
1443,18205791497412.73,597.2694
1444,19581307473543.14,597.478
1445,18233951946059.61,597.6824
1446,16385569143949.4,597.8986
1447,15364689542574.64,598.1029
1448,16351312466334.46,598.3143
1449,16993131226579.98,598.5187
1450,17503044503555.71,598.7231
1451,18389969156547.58,598.9182
1452,17403888090758.84,599.1218
1453,16651470322729.82,599.326
1454,15838053809921.18,599.5295
1455,16205160838981.45,599.7344
1456,17514455756651.05,599.9382
1457,17209659553474.54,600.1431
1458,16925664909975.62,600.3468
1459,17019416162153.67,600.5507
1460,17221993532543.33,600.7538
1461,17276376161144.52,600.9487
1462,16891641356603.17,601.1523
1463,17079633303602.06,601.363
1464,83216800110362.72,601.5034
1465,19906432264822.81,601.6481
1466,158657337630295.1,601.7879
1467,1358409354460835,603.9284
1468,644361491417351,604.0791
1469,1025745707094802,606.2212
1470,223300520348423.9,606.3724
1471,20533814532592.82,606.5071
1472,69374388631198.72,606.6503
1473,1927468180550796,608.7967
1474,374258809849680.1,608.9478
1475,1104697463436885,611.0919
1476,608786813729569.6,611.2465
1477,20772119656106.98,611.3999
1478,36866382762730.88,611.5528
1479,1995941255680448,613.7055
1480,982387286870784.4,613.8626
1481,1030698743032569,616.0036
1482,195983626326306,616.147
1483,20481356685310.93,616.2914
1484,76631933743527.34,616.4348
1485,1831698344169000,618.5775
1486,407970240889176.8,618.7192
1487,1089133823263603,620.8684
1488,537219158425903.5,621.0157
1489,20753729751725.05,621.158
1490,39348429178209.97,621.3018
1491,15652571435998.21,621.4988
1492,6357970748713.566,621.7058
1493,18948470936698.27,621.9132
1494,17043442656088.11,622.1199
1495,15550233017556.26,622.3327
1496,15701314597029.74,622.5368
1497,16976721142948.13,622.7404
1498,16769113775678.48,622.9443
1499,16984051575213.63,623.1479
1500,17250568080751.45,623.3519
1501,17299735597348.63,623.5465
1502,17190511524775.06,623.7503
1503,16642416677201.43,623.9542
1504,16872471489803.13,624.1579
1505,17054909086360.28,624.3615
1506,16787412121519.99,624.5651
1507,17044753582989.34,624.7694
1508,16828189796457.18,624.9737
1509,16943707820947.32,625.1782
1510,16882539654385.35,625.3871
1511,17120402437978.93,625.5894
1512,16918666901431.84,625.7955
1513,16657530215534.41,625.9986
1514,16995364810585.79,626.2028
1515,17031673860965.54,626.4077
1516,16831641569920.91,626.6122
1517,16802117905678.68,626.8161
1518,93165135995919.08,626.9557
1519,18284559737125.16,627.0952
1520,653659820317208,627.2362
1521,4295182918294200,629.3679
1522,86051092429506.22,629.5178
1523,3673410946810222,631.6651
1524,943855330096441.4,631.8093
1525,4302130778604649,633.9524
1526,60959995483697.06,634.0956
1527,3573469624386052,636.237
1528,881666763198391.5,636.3879
1529,1684295790312621,638.5301
1530,1202429443183006,638.682
1531,1193418986096558,640.8163
1532,18705514575890.55,640.9643
1533,61613946665185.11,641.107
1534,3867501735390002,643.2487
1535,4064744641596946,645.41
1536,4348763248832066,647.5605
1537,51412336308455.77,647.7059
1538,3429096458880094,649.8489
1539,898286113994157.5,649.9963
1540,1874656251572856,652.14
1541,1239329820198814,652.2879
1542,994429757298786.6,654.4358
1543,18696147902085.86,654.5776
1544,65131558359864.47,654.7194
1545,913845956605348.8,654.9238
1546,17617504020351.83,655.1267
1547,15195447042091.79,655.3358
1548,12368702948622.68,655.5397
1549,9950553802600.238,655.7427
1550,8807909105765.799,655.9459
1551,11796847545492.07,656.1401
1552,20763679377562.19,656.3443
1553,21857165227985.96,656.5472
1554,9060676248674.852,656.7521
1555,12723803678542.29,656.9545
1556,19798068764131.64,657.1579
1557,20713483323707.72,657.3607
1558,17526866472054.41,657.564
1559,13440469638594.28,657.7704
1560,13594267813935.62,657.9736
1561,13995870684846.1,658.1697
1562,16962558056960.04,658.3782
1563,17325954848420.68,658.5819
1564,16608385137338.53,658.7852
1565,16549565924885.15,658.9894
1566,16680845716875.05,659.1938
1567,17245252724465.73,659.3976
1568,16934110583702.07,659.5998
1569,16477939016091.32,659.8056
1570,16908909488885.15,660.0081
1571,17084154670276.69,660.2023
1572,81973163150116.41,660.3416
1573,19527968159982.66,660.4825
1574,538690805387449.8,660.6242
1575,3568890065634858,662.766
1576,214849832047467.9,662.9174
1577,20103421638453.63,663.059
1578,208161424594247,663.2007
1579,3639285650216598,665.3442
1580,577467311593688,665.5003
1581,20328589205557.89,665.6399
1582,83890017787409.27,665.794
1583,3642298154632452,667.9439
1584,871998982051186.9,668.0862
1585,1665600924298450,670.2286
1586,1196627959651458,670.3842
1587,1229164054096152,672.5273
1588,817505932967529.6,674.6844
1589,924485181020326.5,676.8323
1590,688590744166394,676.9785
1591,20350127575927.21,677.1139
1592,72146836119695.75,677.258
1593,3528380425441638,679.4031
1594,884730737290987.1,679.5619
1595,1825745006347425,681.7146
1596,1228735457267178,681.8617
1597,1056099368252101,684.0064
1598,819277608369346,686.1559
1599,18241608808712.7,686.3647
1600,17091452890181.36,686.5703
1601,16100000537960.06,686.7662
1602,15880646828949.98,686.972
1603,17193080218685.07,687.179
1604,16962779358306.07,687.3826
1605,16437236787389.86,687.5867
1606,16921439335735.08,687.7906
1607,16973892797457.49,687.9945
1608,16845065672110.07,688.1998
1609,16799331963537.07,688.4185
1610,16990136843225.75,688.623
1611,16881126251304.03,688.8197
1612,16770416003000.51,689.0235
1613,16957357569078.99,689.2274
1614,17036786992082.79,689.4312
1615,16803675475948.79,689.6347
1616,16719448943692.16,689.8385
1617,17002027770752.23,690.0427
1618,16987855992581.56,690.248
1619,16901199590563.28,690.4515
1620,16560184803138.6,690.6542
1621,16894121706785.96,690.8487
1622,17059336081953.36,691.0527
1623,16889179130798.22,691.2579
1624,16681415201904.24,691.4714
1625,16763326437553.43,691.6794
1626,93521301346633.08,691.8182
1627,17615621599098.81,691.96
1628,155578154896922.2,692.1008
1629,1344487090195657,694.2431
1630,659102676665479.5,694.4013
1631,1025645469755467,696.5368
1632,232156364737575.7,696.6838
1633,17894123898735.27,696.8263
1634,71879659597745.84,696.9683
1635,1816988892869675,699.1103
1636,502833549933366.4,699.2564
1637,1044374552434042,701.402
1638,358211396515005.9,701.5483
1639,17954622845368.36,701.6902
1640,51883694356930.11,701.833
1641,2057995040374978,703.9684
1642,390555232960642.2,704.1185
1643,1079710726304920,706.2664
1644,548975725843338.1,706.4155
1645,17993340650465.23,706.559
1646,39157348151348.28,706.7023
1647,2290055998259906,708.8447
1648,376713003142052.9,709.0075
1649,1098122234537407,711.166
1650,617605942783521.4,711.315
1651,18001419531470.55,711.449
1652,36508768566429.36,711.5942
1653,15776433055730.27,711.8073
1654,5538134635434.135,712.0122
1655,17548897263678.15,712.219
1656,16832153597283.75,712.4293
1657,15955995428461.82,712.6352
1658,16312405784041.72,712.8404
1659,17108813817300.06,713.0462
1660,16897886934891.99,713.2514
1661,16690459741623.95,713.4466
1662,16671450810502.39,713.6491
1663,17415534771720.03,713.8536
1664,16665030416753.3,714.057
1665,16581930795608.13,714.2609
1666,16625672458504.28,714.4635
1667,16895603404663,714.668
1668,17034318217968.96,714.8723
1669,16837084323101.5,715.0775
1670,16722447691229.02,715.2829
1671,17036229045104.17,715.4867
1672,17026033030690.71,715.6919
1673,16784622678498.12,715.8952
1674,16601587342681.35,716.0998
1675,16922226099618.37,716.305
1676,17043749779115.32,716.5094
1677,16964192417869.4,716.7146
1678,16554710581429.74,716.9181
1679,16827162404901.54,717.1213
1680,75611863128226.27,717.2602
1681,16211625750686.57,717.3908
1682,960657261833294.5,717.5314
1683,16667877382548.86,717.6729
1684,1063849324281301,717.8138
1685,17086903672678.92,717.9554
1686,1180079808147108,718.0967
1687,17471459985300.98,718.2401
1688,872242310772522.9,718.3852
1689,3548159841847822,720.5285
1690,110845103445490,720.6761
1691,17752925983232.82,720.8094
1692,440011996021992.9,720.9525
1693,3570396176137956,723.0966
1694,234142555513095,723.2408
1695,17946714690776.77,723.3837
1696,210319991831458.4,723.5268
1697,3619419259802145,725.6751
1698,500540668651192.7,725.8258
1699,18039436661195.91,725.972
1700,102164884075080.5,726.1173
1701,3718837175352854,728.2541
1702,1019226538234338,728.3967
1703,18080909671101.89,728.5391
1704,54147928637342.06,728.6804
1705,16432985166786.51,728.8252
1706,1025326252722970,728.9656
1707,17079529470047.3,729.1688
1708,15971109438495.12,729.3722
1709,15998296297422.23,729.5758
1710,17303752477693.89,729.7805
1711,16890087034872.88,729.9768
1712,16489931397779.17,730.1804
1713,16719479476359.05,730.3915
1714,16870196967900.12,730.5969
1715,16699232190295.66,730.8007
1716,16844297749465.96,731.0044
1717,16781688614983.54,731.2081
1718,16722025739889.34,731.4129
1719,16730529136989.4,731.6167
1720,16850447960779.14,731.8213
1721,16862318927773.23,732.0187
1722,16698228274145.56,732.2226
1723,16739555609461.62,732.4271
1724,16730397129856.64,732.6417
1725,16860365508213.33,732.8488
1726,16895354263183.81,733.0546
1727,16730396952577.24,733.2647
1728,16623637211587.4,733.4766
1729,16743667983998.27,733.6825
1730,16876790695537.36,733.8872
1731,16705542665794.27,734.0835
1732,16596464889970.31,734.2918
1733,16615272827497.61,734.4988
1734,603665551175895,734.6378
1735,15780686413027.8,734.7772
1736,71289136236784.06,734.9167
1737,17153413241707.29,735.0569
1738,203868082660171.6,735.1966
1739,15864662667041.33,735.338
1740,364664901674866.7,735.4778
1741,17556064466205.4,735.6112
1742,51033463548378.95,735.751
1743,16257663739345.5,735.8917
1744,633046209280263.9,736.0319
1745,15793139477405.36,736.173
1746,67484020259720.79,736.3204
1747,17125277562888.1,736.4638
1748,214851108247134.8,736.6069
1749,15858936220438.66,736.7507
1750,342209441171027.4,736.892
1751,17549645022824.5,737.0286
1752,53415442928480.7,737.1713
1753,16223895308583.76,737.3154
1754,648983797552484.6,737.459
1755,15804619470724.37,737.6033
1756,67446284530132.97,737.7465
1757,17125053782580.66,737.8907
1758,214967947825282.9,738.0357
1759,15858878659523.24,738.1812
1760,341982829898978.4,738.3241
1761,1083055706350437,738.5225
1762,19438198273713.32,738.7284
1763,16589291490375.8,738.9333
1764,14610265330203.04,739.1393
1765,12150266896398.37,739.3479
1766,10073907840881.61,739.5547
1767,9204915470455.482,739.7585
1768,12006215210190.48,739.9625
1769,17616118957844.57,740.1662
1770,19557255140586.64,740.3704
1771,18392068488210.89,740.5653
1772,16340058580516,740.7694
1773,14680199961649.16,740.9731
1774,14780951537610.35,741.1768
1775,17507745449837.1,741.3805
1776,18517513580752.69,741.5845
1777,16949682830770.16,741.7998
1778,15156988666179.13,742.0053
1779,14889675697749.24,742.2121
1780,16676469333225.85,742.4259
1781,17418465721529.43,742.625
1782,16772858405682.96,742.8309
1783,16542581523315.14,743.0365
1784,16285404371795.71,743.2418
1785,16877618826994.05,743.4557
1786,16976313318849.23,743.661
1787,16813213643145.13,743.8661
1788,364344352436934.7,744.0067
1789,19485048949823.18,744.1474
1790,49453800176589.56,744.2892
1791,2153197142859090,746.4226
1792,292215327634402,746.5671
1793,1134705408409977,748.7106
1794,711045833416867.5,748.8596
1795,19569736969311.1,749.0017
1796,33618868334089.59,749.1428
1797,1910539426671019,751.2836
1798,982284461894048.1,751.45
1799,1028116261886214,753.5968
1800,175324745297401.2,753.7488
1801,3796402840001770,755.8867
1802,41249206940808.98,756.0369
1803,2347671593239896,758.179
1804,358631943241390.9,758.3398
1805,1096051056141212,760.4981
1806,546244037219021.7,760.6472
1807,19542371371516.26,760.7892
1808,38728093216550.86,760.9323
1809,2264618646154834,763.0756
1810,983871377416804.1,763.2223
1811,1028117026165899,765.3646
1812,175324626585367.6,765.5189
1813,3796402653444430,767.6788
1814,41249223162852.64,767.8284
1815,15621142715033.63,768.0394
1816,7676967419766.327,768.2554
1817,18371578521175.79,768.4659
1818,16272563323968.66,768.6724
1819,14810873606242.11,768.8806
1820,15227827052946.24,769.0851
1821,16621661331847.64,769.2871
1822,16462621168470.41,769.503
1823,16575522283501.09,769.7147
1824,16723327487501.75,769.9292
1825,16673086807671.51,770.1415
1826,16613961918661.57,770.3582
1827,16648241436052.95,770.5697
1828,16644740380632.79,770.7835
1829,16545877205189.11,770.9951
1830,16691756132132.89,771.1986
1831,16839692998572.04,771.3934
1832,16213980173938.76,771.5971
1833,16055902979963.04,771.801
1834,16360189446700.14,772.006
1835,16585372172696.09,772.2135
1836,16341595287002.4,772.4319
1837,16208849463943.76,772.64
1838,16343725356507.04,772.8466
1839,16391720406109.16,773.0559
1840,16378941959165.34,773.2654
1841,16492978026712.99,773.4638
1842,122290338630938.4,773.6078
1843,18235975288713.78,773.7543
1844,305818162539045.8,773.8995
1845,4019787618064314,776.0453
1846,185730575575744.3,776.1952
1847,18479819815629.24,776.338
1848,205468676624713,776.4796
1849,4002282622461784,778.6225
1850,278191409308457.9,778.7796
1851,18620697164939.34,778.9172
1852,139040485101305.5,779.062
1853,3976783545021072,781.2125
1854,414262885828314.8,781.3888
1855,18713648973071.57,781.5384
1856,95758382177037.8,781.6815
1857,3941134392015500,783.8267
1858,607450088519285.8,783.9685
1859,18774085877798.02,784.1096
1860,67846452514877.62,784.2514
1861,3894020947831396,786.3879
1862,868190088978888.9,786.5339
1863,18813007660551.43,786.6783
1864,59107915380985.85,786.8232
1865,3869777271836569,788.9767
1866,1005264479509938,789.1245
1867,18835265085835.23,789.2661
1868,59124238248460.86,789.4081
1869,826830682104523.6,789.6116
1870,428327338276563.9,789.8156
1871,25061940398418.3,790.0105
1872,3787523546218.86,790.2153
1873,16408809666683.28,790.4271
1874,13056827059678.04,790.6315
1875,11844713287794.42,790.8371
1876,11610915747345.66,791.0424
1877,13631876299884.43,791.2478
1878,18377244335112.23,791.4528
1879,18152130862984.81,791.6576
1880,16845544843570.19,791.8626
1881,16535469806484.88,792.0586
1882,16025485978873.92,792.2649
1883,15696027223469.96,792.4708
1884,16241454390000.94,792.678
1885,16283789742140.08,792.8841
1886,16526638888204.33,793.1011
1887,16137575822530.02,793.3165
1888,16470889564242.7,793.5235
1889,16525280596484.83,793.7291
1890,16177279203104.26,793.9353
1891,16277622584713.33,794.133
1892,16352965150360.13,794.3372
1893,16286208135869.57,794.5431
1894,16091388470292.61,794.7497
1895,16197903104844.85,794.9555
1896,63066609377160.14,795.0967
1897,14452016089740.1,795.238
1898,1191750430166338,795.3779
1899,1122750301907818,797.5206
1900,18851159043417.91,797.6682
1901,63032457003506.98,797.8016
1902,14487115530461.74,797.9446
1903,1191044579085768,798.0865
1904,1126979687945555,800.2318
1905,18851957433398.27,800.3805
1906,63032458147602.09,800.5227
1907,14487120004276.23,800.6659
1908,1191044455137656,800.8084
1909,1126980417163884,802.953
1910,18851957570546.54,803.1006
1911,63032458147798.61,803.2357
1912,14487120005044.71,803.3813
1913,1191044455116364,803.5252
1914,1126980417289144,805.6716
1915,18851957570570.09,805.8297
1916,63032458147798.64,805.9747
1917,14487120005044.84,806.1277
1918,1191044455116361,806.2751
1919,1126980417289166,808.427
1920,18851957570570.09,808.5766
1921,63032458147798.64,808.7127
1922,14487120005044.84,808.8599
1923,16923143274083.61,811.0662
1924,16497605442652.84,811.2871
1925,15518846881086.86,811.5024
1926,15427853178156.75,811.7066
1927,16390661764631.68,811.911
1928,16142749380689.66,812.1151
1929,16120304037789.88,812.3195
1930,16328196862277.42,812.5231
1931,16111534335157.04,812.7193
1932,16081632192801.31,812.9238
1933,16208042423495.51,813.1283
1934,16666376312334.61,813.3335
1935,16010107248881.36,813.5395
1936,15756946497265.78,813.7439
1937,16193160240758.17,813.9484
1938,16389540421989.59,814.1533
1939,16221222068012.2,814.3732
1940,15897247502610.37,814.5847
1941,16115413004337.84,814.7804
1942,16694039248993.02,814.9886
1943,16019847918127.51,815.1926
1944,15504638514911.66,815.3982
1945,16260792736327.34,815.6026
1946,16274569993898.18,815.8069
1947,16138006556806.23,816.0106
1948,16187824611873.87,816.2152
1949,16164865232936.06,816.4198
1950,998445008139823.4,816.5592
1951,15787631081214.91,816.6899
1952,67000205272100.89,816.8313
1953,16122470424694.55,816.9741
1954,779637713013199.4,817.1297
1955,15788389222463.93,817.2926
1956,87201859199861.34,817.4378
1957,16175018713232.4,817.5803
1958,598138173858858.4,817.7224
1959,15789458898383.29,817.8649
1960,115174085458147.7,818.0069
1961,16217346032585.95,818.1411
1962,452796961455327.3,818.2968
1963,15790933772060.32,818.444
1964,153736092696311.9,818.5924
1965,16250444148282.2,818.7398
1966,339673980758157.1,818.8887
1967,15792955190045.2,819.0371
1968,206576332093508.1,819.1864
1969,16275730293335.57,819.3353
1970,253560827166232.4,819.4838
1971,15795703059670.47,819.6228
1972,278384463524748.8,819.7718
1973,16294707064442.53,819.9188
1974,189110093367015.6,820.0668
1975,15799397103700.93,820.2181
1976,374878940900139.3,820.3824
1977,978374930845381.8,820.5992
1978,19502122505239.71,820.8108
1979,16002612136903.28,821.0211
1980,14201185414750.73,821.2295
1981,11856763717317.05,821.4249
1982,9863479819271.24,821.6331
1983,9141197891203.57,821.8413
1984,11739201422293.57,822.0496
1985,17756059170847.55,822.2582
1986,19409391312993.43,822.4667
1987,17927889898930.98,822.6747
1988,15635098258265.93,822.8835
1989,13614944546868.49,823.0922
1990,12943285428076.73,823.3059
1991,15274456520205.88,823.5044
1992,16994732175965.65,823.7131
1993,16136663281858.53,823.9173
1994,15004793953427.99,824.1214
1995,15668734603605.53,824.3254
1996,17199322701597.39,824.5308
1997,17197167689072.68,824.7346
1998,15792952160878.5,824.9387
1999,14677309458061.65,825.144
2000,15278915115320.45,825.3478
2001,15895904367885.37,825.5439
2002,17298480037316.98,825.7512
2003,16987950005821.54,825.9631
2004,408748736645139.7,826.1061
2005,16302214946254.89,826.2525
2006,129649562562758.7,826.4019
2007,3665579820473612,828.5466
2008,742854543776354.9,828.7057
2009,16331895180445.38,828.8518
2010,75420501539609.08,828.9928
2011,3711246568909590,831.1256
2012,862591763875745.8,831.2713
2013,1550075158610074,833.4132
2014,1166769017634608,833.5636
2015,1385079478675568,835.7065
2016,817872905708117.6,837.8623
2017,905826057418984.6,840.012
2018,594834898271553.1,840.1692
2019,16327603283446.26,840.3253
2020,92874667995090.7,840.479
2021,3720873440098206,842.6188
2022,1026675320201251,842.7782
2023,16336666633287.96,842.9291
2024,56020286476015.73,843.0725
2025,3493910887298738,845.2169
2026,885706526284111.1,845.3589
2027,1846755491463775,847.503
2028,1229503993947807,847.6492
2029,1036999876665102,849.7935
2030,817424786079116,851.9577
2031,16162200211367.87,852.1598
2032,14176441337733.9,852.3727
2033,13954087751719.49,852.5861
2034,16244350926818.41,852.7986
2035,16446894265142.28,853.0093
2036,16066824406577.49,853.2157
2037,16021909134793.36,853.4283
2038,15944366211358.91,853.6358
2039,16536337444779.48,853.8471
2040,16015411334452.34,854.0505
2041,15919204052700.33,854.2474
2042,16283257382748.17,854.4511
2043,16425726323041.83,854.6554
2044,15793900422545.76,854.8594
2045,16150361709913.07,855.0618
2046,16180810449683.75,855.2656
2047,16283932659167.8,855.4692
2048,16188274522387.57,855.6753
2049,16189161067633.19,855.878
2050,16191021342500.05,856.081
2051,16034880029153.55,856.2779
2052,16104582711866.34,856.4857
2053,16155608429945.63,856.6902
2054,16117404104358.39,856.8942
2055,16284992293293.75,857.0987
2056,16128273483731.87,857.3034
2057,16241925929586.95,857.5067
2058,66103449346539.82,857.6454
2059,14346658652754.58,857.7866
2060,363309976166119.7,857.9272
2061,18711403211985.08,858.0582
2062,86149750993089.34,858.1996
2063,3943435751864190,860.3412
2064,64556966503025.25,860.4911
2065,17630328570641.42,860.6327
2066,629799601413317.4,860.7748
2067,4655303631119806,862.9194
2068,22725577470776.64,863.0666
2069,15393057209525.53,863.212
2070,529616244958926.4,863.3617
2071,18771110690235.32,863.4988
2072,66122238981574.64,863.6413
2073,14347773666017.34,863.7841
2074,363532261696427.7,863.9275
2075,18711558805865.07,864.0717
2076,86083575623081.41,864.2154
2077,3942801803511822,866.3589
2078,64605753029833.97,866.5102
2079,17631333696736.35,866.6564
2080,629271179529292.9,866.8018
2081,4655208904391839,868.9426
2082,22725510867292.02,869.1014
2083,15393065821738.65,869.258
2084,529617471300569.7,869.4181
2085,18722113012903.57,869.6373
2086,4436453128735.845,869.8477
2087,16292027691401.42,870.0566
2088,16022595188960.96,870.2628
2089,15959371649060.11,870.4708
2090,16191770465889.85,870.6812
2091,16081525347133.86,870.8775
2092,16201705740135.68,871.0862
2093,16212772855634.67,871.2968
2094,16209066294763.53,871.5126
2095,16327932415075.89,871.717
2096,16206351322328.39,871.9211
2097,15974027792005.46,872.1255
2098,16094238021656.67,872.3303
2099,16699847508369.98,872.536
2100,15963960079105.73,872.7409
2101,15488319140080.74,872.9387
2102,16151185501007.51,873.1438
2103,16334298631824.72,873.3488
2104,16159660919366.33,873.5541
2105,16104214696004.18,873.7587
2106,16220260929031.79,873.9627
2107,16078955300892.18,874.1683
2108,16078413236450.3,874.377
2109,16200751114031.64,874.5896
2110,16091877128279.95,874.7981
2111,16283478464588.39,874.9947
2112,1056741602551173,875.1349
2113,16082659117877.24,875.2755
2114,1191520328604344,875.416
2115,16165748332192.88,875.5559
2116,882201275983951.6,875.6954
2117,3546458113742255,877.8362
2118,101143053411537.5,877.9822
2119,16185246854090.92,878.1227
2120,524930377403793.8,878.2629
2121,3560369503572587,880.405
2122,178361249845973.3,880.5508
2123,16237154566335.53,880.6959
2124,298991186281341.7,880.836
2125,3586341685882880,882.9821
2126,320857488807540.4,883.1251
2127,16267349878003.23,883.2693
2128,168223115157414.4,883.4139
2129,3633248358384570,885.5575
2130,573048481530104.5,885.6995
2131,16283983040370.85,885.8346
2132,96396349346753.41,885.9754
2133,3713161281877768,888.1259
2134,988021457539080.6,888.2734
2135,16292871180126.56,888.4154
2136,58074933783582.23,888.5581
2137,3525860694144876,890.7008
2138,882107306219950.1,890.8494
2139,16065830096278.23,891.0519
2140,15152961519545.43,891.2566
2141,15766327776161.56,891.4508
2142,16999568941304.3,891.6545
2143,16621222697336.33,891.8573
2144,15750891448113.79,892.0607
2145,15124572079984.88,892.2655
2146,15899993771458.18,892.4732
2147,16192844593781.59,892.6772
2148,16157365858028.37,892.8808
2149,16145631803931.17,893.0856
2150,16032950661826.12,893.2902
2151,16111467152646.32,893.4876
2152,16152873312839.55,893.691
2153,16123082989960.92,893.8949
2154,16281151406504.42,894.0993
2155,16132652130247.21,894.3032
2156,16222079068897.8,894.5071
2157,16322745249405.96,894.7104
2158,16032579579678.72,894.9146
2159,16050817250812.41,895.1194
2160,16046917469696.72,895.3338
2161,16614230342788.88,895.532
2162,15915037581568.3,895.7366
2163,15812809007275.68,895.9406
2164,16278919639355.64,896.1431
2165,16367317173441.93,896.3462
2166,621336291310924.1,896.4888
2167,18227483484955.12,896.6323
2168,36267380097504.9,896.7738
2169,2273869902241932,898.9145
2170,984186835463222.6,899.0736
2171,1035376937990452,901.2129
2172,235992492842906.9,901.3609
2173,4544370567966573,903.506
2174,31688669475682.45,903.6573
2175,1925388752251524,905.8014
2176,982750498471138.8,905.958
2177,1035376266686841,908.106
2178,235992635717288.3,908.2545
2179,4544370720973721,910.3982
2180,31688660605664.53,910.5543
2181,1925388006959377,912.6901
2182,982750494844082.8,912.8368
2183,1035376266685143,914.9825
2184,235992635717649.6,915.1258
2185,4544370720974108,917.2722
2186,31688660605642.09,917.4171
2187,1925388006957492,919.5598
2188,982750494844073.6,919.7205
2189,1035376266685143,921.8668
2190,235992635717649.6,922.0081
2191,4544370720974108,924.1466
2192,31688660605642.09,924.2898
2193,15640407163983.27,924.4945
2194,5293534893951.189,924.6996
2195,17015435004360.65,924.9057
2196,15740871932790.63,925.1103
2197,15164239081781.81,925.318
2198,15473391727251.63,925.5244
2199,16840479707456.57,925.7275
2200,17192864292117.3,925.9314
2201,14961456302383.34,926.1266
2202,15133261124202.88,926.3289
2203,16575620737188.48,926.5329
2204,15894462860866.75,926.737
2205,15539256086404.17,926.9403
2206,16362742645778.25,927.144
2207,16145590129604.23,927.3482
2208,15991830350163.83,927.5512
2209,16184957338669.25,927.7545
2210,16268136873586.55,927.958
2211,15903081873290.05,928.1556
2212,16214630410570.25,928.3754
2213,16081419532850.55,928.5831
2214,16274578354099.05,928.7891
2215,16151565359582.24,928.9938
2216,16123932770835.24,929.1986
2217,16312724937034.73,929.4029
2218,16219125866571.11,929.6084
2219,15874241570453.34,929.8134
2220,59010672152518.41,929.9547
2221,16394034999957.33,930.0859
2222,1022738092999144,930.2262
2223,16879284564136,930.3675
2224,1139784991552616,930.5092
2225,17352805624172.27,930.6503
2226,1090404010373809,930.7912
2227,3545495021360788,932.9333
2228,89403554081769.28,933.0804
2229,17778880719644.59,933.2215
2230,542830953100501.2,933.3618
2231,3566186512306376,935.496
2232,196324748355691.5,935.6429
2233,18038493560680.57,935.7833
2234,248278231444070.3,935.9236
2235,3615070552834263,938.0672
2236,444066454968855.6,938.2178
2237,18159600299624.25,938.362
2238,113753135323555.6,938.5059
2239,3721609547585064,940.6567
2240,961451498546295.1,940.814
2241,18211245590034.73,940.9501
2242,56929850000850.02,941.0933
2243,16422457400385.96,941.2435
2244,1030460852513514,941.3859
2245,16913846900109.58,941.5282
2246,1148342829926277,941.6685
2247,16859604266874.09,941.8728
2248,15929147305014.91,942.0765
2249,15365049536084.72,942.2818
2250,16272575410347.65,942.4864
2251,16298249233752.07,942.6824
2252,15981450826321.08,942.8876
2253,15913395197792.45,943.0928
2254,16096167592157.44,943.3
2255,15950177770213.17,943.508
2256,16135047197664.85,943.7109
2257,15936331152101.99,943.914
2258,16134866191103.22,944.1174
2259,16003720907485.33,944.3208
2260,16137074929628.8,944.5242
2261,15920877808222.48,944.7185
2262,15816436317970.79,944.9222
2263,16058870918091.46,945.1252
2264,16156632443118.23,945.3288
2265,15636496648449.22,945.5327
2266,15709457335240.67,945.7356
2267,16248672547685.92,945.9405
2268,15829259023942.61,946.1465
2269,15704823076926.64,946.3592
2270,16166712659481.61,946.5713
2271,15973196983795.5,946.7717
2272,15831830222139.82,946.9768
2273,15821074842470.46,947.181
2274,367993952373718.5,947.3206
2275,13212529687547.77,947.4604
2276,247321370994231.6,947.5995
2277,19450644813445.28,947.7403
2278,50274661141418.86,947.8811
2279,15430787638700.18,948.0273
2280,512229210886110.7,948.17
2281,1052162599271702,950.3048
2282,403569253345363.8,950.4516
2283,19607309454125.43,950.5936
2284,38082046168712.49,950.7355
2285,16331104027559.09,950.8788
2286,387903846660246.3,951.0209
2287,1096911597916590,953.1681
2288,638315976087079.2,953.3154
2289,19691181928994.38,953.4586
2290,30720628411589.12,953.6018
2291,17220782822389.85,953.7371
2292,277824943468576.3,953.8804
2293,13293558897070.01,954.0231
2294,361887673309116.1,954.1652
2295,19572580522908.99,954.3089
2296,39989768481569.17,954.4525
2297,16154078949745.61,954.5951
2298,411259951360183.6,954.7383
2299,1086437803320475,956.886
2300,585112290684660.1,957.0377
2301,534112488122433,957.2348
2302,21154290942857.87,957.447
2303,18362029229669.32,957.6512
2304,16325133482279.93,957.8563
2305,13539189389623.86,958.0605
2306,10983891779053.36,958.2673
2307,9142707393690.643,958.4833
2308,8908835064873.625,958.6884
2309,12831765529277.77,958.8931
2310,19400277958639.21,959.0974
2311,20547414274209.86,959.2931
2312,14608051874987.24,959.4976
2313,12221080192196.15,959.7032
2314,13078239734331.85,959.9125
2315,15876557930439.3,960.1215
2316,16128686879074.22,960.3346
2317,15944433167586.95,960.542
2318,16026971501070.5,960.7506
2319,16099962380165.54,960.9571
2320,15657687920234.12,961.1663
2321,15954525932058.56,961.3673
2322,16053600941294.49,961.5713
2323,15716715517174.3,961.7802
2324,15808777769395.14,961.9846
2325,16042936269430.06,962.1892
2326,15768251562969.18,962.3937
2327,16151484363946.35,962.5982
2328,305043767253072.3,962.738
2329,12322389012754.62,962.8775
2330,99461841025239.17,963.0165
2331,18461525407592.64,963.1479
2332,268498894617503.5,963.2881
2333,12384137076529.46,963.4287
2334,111866281559657.2,963.5683
2335,18578310889312.24,963.7104
2336,236359981672851,963.8517
2337,12454446388307.79,963.9936
2338,125808807085350.5,964.1337
2339,18682088874813.71,964.2766
2340,208138328006139.1,964.4223
2341,12534090665841.45,964.5592
2342,141413530892120.9,964.7034
2343,18773970381982.57,964.8481
2344,183412238901926.8,964.9901
2345,12624014162167.34,965.1363
2346,158795607038486.8,965.2786
2347,18855056448411.45,965.4251
2348,161791469283009.9,965.5694
2349,12725168694399.68,965.7148
2350,178055022123534.8,965.8598
2351,18926411449400.27,965.9974
2352,142918632500594.9,966.1422
2353,12838484591466.48,966.2882
2354,199269497546801.5,966.4326
2355,19326713679907.82,966.6391
2356,4887488991560.746,966.8445
2357,16562131461209.86,967.0509
2358,16465658730778.36,967.2575
2359,15831973237603.82,967.4669
2360,15031760909640.57,967.6719
2361,15547444193196.95,967.8674
2362,16070506408391.79,968.0722
2363,15879617881316.26,968.278
2364,16028031483839.7,968.4824
2365,15864909464816.59,968.6886
2366,16013159678535.21,968.8941
2367,15886082127835.73,969.0997
2368,15998203458009.11,969.3073
2369,15907333586448.76,969.5142
2370,15983169554896.28,969.7206
2371,15928653276037.12,969.9191
2372,15968064600432.56,970.1284
2373,15950030819164.21,970.338
2374,15952895102879.95,970.5472
2375,15971456058717.46,970.7552
2376,15933177558426.77,970.9634
2377,16126994948254.78,971.169
2378,16047073710323.36,971.3791
2379,15459877207847.61,971.5844
2380,15774934531787.42,971.7904
2381,16048679564942.89,971.9896
2382,719658477336655.8,972.1303
2383,16285538025651.54,972.2714
2384,71014777808361.34,972.4248
2385,3728356612773180,974.5675
2386,746107628996785.8,974.7125
2387,16299386481116.17,974.8562
2388,70823017324439.94,974.9966
2389,3728146178654744,977.1392
2390,748176538088018.8,977.2927
2391,16299468399590.6,977.4274
2392,70631308278115.44,977.5765
2393,3727916988645150,979.7303
2394,750249757318721.1,979.8806
2395,16299550035519.12,980.0242
2396,70440262370210.8,980.168
2397,3727687350369935,982.3143
2398,752327287179065.4,982.4677
2399,16299631389845.56,982.6111
2400,70249877376491.4,982.7583
2401,3727457263979713,984.8986
2402,754409127852464.1,985.0479
2403,16299712463508.96,985.1895
2404,70060151079694.72,985.3367
2405,3727226729631402,987.4856
2406,756495279468060.5,987.6299
2407,16299793257445.46,987.7734
2408,69871081269511.83,987.9181
2409,303650231123001.9,988.1259
2410,36523594531979.48,988.3386
2411,16818509831419.83,988.5352
2412,14989629018445.05,988.7388
2413,12633874030707.79,988.942
2414,10327731352840.6,989.1457
2415,8782808263284.638,989.3488
2416,9349212940594.678,989.552
2417,14230984651967,989.7553
2418,21577220521984.35,989.9584
2419,20172155088856.53,990.1621
2420,11006376262564.67,990.3661
2421,12854650264785.13,990.5618
2422,17263072353687.91,990.7655
2423,17732590353892.7,990.9686
2424,16335632115962.91,991.1723
2425,15080594051225.96,991.3865
2426,15307664348549.09,991.592
2427,15434300772167.52,991.796
2428,16296419839835.74,991.9995
2429,16288284473464.96,992.2032
2430,15566016457069.76,992.4075
2431,15461527388461.52,992.6052
2432,15985595695509.22,992.8104
2433,15907187859473.76,993.0156
2434,15969373477373,993.2207
2435,15929895814741.38,993.4268
2436,72838723534844.72,993.5684
2437,15243903221663.38,993.7097
2438,801606017140859.2,993.8521
2439,16298267662953.01,993.994
2440,72195266861611.34,994.1369
2441,15296651867109.64,994.2751
2442,813609204045985.9,994.4345
2443,16298749500499.99,994.578
2444,71124206829365.38,994.7245
2445,15299381714104.49,994.8664
2446,825695508937232.5,995.009
2447,16299193890091.36,995.1522
2448,70073378226582.02,995.2948
2449,15302140940022.53,995.4374
2450,837908188011788.6,995.5844
2451,16299629904274.18,995.7256
2452,69042410074342.38,995.873
2453,15304929642087,996.0295
2454,850246857897987,996.1815
2455,16300057696515.19,996.3366
2456,68030936546354.62,996.4883
2457,15307747752437.96,996.645
2458,862711078376842.6,996.796
2459,16300477417555.14,996.9415
2460,67038598192953.09,997.0875
2461,15310595190392.32,997.2267
2462,875300351642951,997.374
2463,387320648964468.7,997.5831
2464,18129522048328.05,997.7878
2465,6700346584983.802,997.9976
2466,17252964547730.68,998.2042
2467,16518449061701.25,998.4096
2468,15478261589639.98,998.615
2469,15086414668042.66,998.82
2470,15918255006613.84,999.027
2471,16277479076107.84,999.2225
2472,15771166885045.64,999.4273
2473,15491073676974.17,999.6336
2474,16063036382234.79,999.8388
2475,15995419854552.94,1000.0457
2476,15788495207897.12,1000.2526
2477,15882531733084.19,1000.4624
2478,16200587061420.12,1000.6676
2479,15827727512267.2,1000.8723
2480,15632821346061.69,1001.0768
2481,16015396994320.5,1001.2726
2482,16272482760408.18,1001.476
2483,15537718209536.21,1001.6808
2484,15746487634805.75,1001.8855
2485,16194230217759.37,1002.0906
2486,15820288390538.26,1002.3001
2487,15729223304884.57,1002.5067
2488,15881962588360.23,1002.7129
2489,15871223524021.83,1002.9189
2490,683063127708906.1,1003.0603
2491,13175335204663.51,1003.1926
2492,175984099186347.3,1003.3385
2493,19608342498741.52,1003.4842
2494,193156722973479.8,1003.6246
2495,13718377007798.2,1003.7671
2496,660731184643257.1,1003.9118
2497,20023981264613.45,1004.055
2498,60669628176765.61,1004.197
2499,15351439078400.91,1004.3388
2500,1080866878581486,1004.4794
2501,17234798282197.86,1004.6146
2502,1188586242997476,1004.7584
2503,3898229621474286,1006.9027
2504,72175008260210.41,1007.058
2505,18837455116951.45,1007.2023
2506,477941727798256.9,1007.3464
2507,13272828080302.85,1007.4903
2508,262301806278164.9,1007.6322
2509,19794785422432.78,1007.7762
2510,133042540249530,1007.9204
2511,14056276003760.56,1008.0575
2512,932789538075344.2,1008.1994
2513,15397626307723.51,1008.3459
2514,1078044292543572,1008.4904
2515,17203602050952.79,1008.6373
2516,1203241478750986,1008.7807
2517,535028270963191.8,1008.9836
2518,13598883347349.15,1009.1868
2519,7785756274300.729,1009.3979
2520,20038728327433.49,1009.603
2521,15681669904586.21,1009.8031
2522,15273494538786.37,1010.0113
2523,13752352663620.41,1010.217
2524,12617579235728.92,1010.4215
2525,13741928698016.97,1010.6268
2526,16954343583564.22,1010.8321
2527,17085466883319.75,1011.0374
2528,15735273740143.74,1011.243
2529,14580209583592.39,1011.448
2530,15020784228152.4,1011.6565
2531,15513639504034.4,1011.8536
2532,16735038379928.59,1012.06
2533,16597924242234.68,1012.2661
2534,15606410372726.87,1012.4754
2535,15019291539353.5,1012.6792
2536,15396034701781.72,1012.8824
2537,16032832870915.59,1013.0848
2538,16019815159171.16,1013.2873
2539,15761380408009.71,1013.4897
2540,16027813663903.18,1013.6935
2541,15707272041266.69,1013.8889
2542,15508030534486.76,1014.0917
2543,15332924244032.63,1014.442
2544,1150328743510577,1014.5824
2545,16270724570917.71,1014.7231
2546,59711104121009.24,1014.8642
2547,4073257632940034,1017.0064
2548,714976706364695.5,1017.1537
2549,3313629847112881,1019.2961
2550,99808813370192.67,1019.4353
2551,4195453986729182,1021.5692
2552,421243846603617.8,1021.7133
2553,3326904272018054,1023.8567
2554,173558453266284.8,1024.0031
2555,4272858128840379,1026.1516
2556,239717932262687.2,1026.2956
2557,3351371972956409,1028.4427
2558,307964470977484.8,1028.5884
2559,4318576556673490,1030.7367
2560,135557191864821.2,1030.8834
2561,3395000403993333,1033.0269
2562,542817204623785,1033.1689
2563,4344118877779712,1035.3285
2564,78318473205613.92,1035.4766
2565,3468382776805459,1037.6247
2566,924509494566591.4,1037.7699
2567,4357947132427090,1039.9198
2568,47610187205256.76,1040.0655
2569,3352608706352889,1042.2057
2570,887408701474873.5,1042.3575
2571,14695937839014.86,1042.5542
2572,14049670466469.02,1042.7582
2573,14565594522413.02,1042.9654
2574,15632152046475.28,1043.1727
2575,15664609373770.32,1043.3762
2576,14794521430126.93,1043.5799
2577,14281523057033.13,1043.7831
2578,14605507665532.27,1043.9865
2579,15131929487784.44,1044.1896
2580,14767760388732.85,1044.3929
2581,14374230610631.05,1044.5878
2582,14795618676440.66,1044.7917
2583,14219816808532.91,1044.9947
2584,14360386497891.63,1045.2044
2585,14481817846653.04,1045.4183
2586,14568479090211.44,1045.6248
2587,14386180041237.8,1045.8312
2588,14460003180943,1046.0383
2589,14744664655028.73,1046.2453
2590,14539723847487.3,1046.4575
2591,13922522832968.7,1046.6547
2592,14329766062275.38,1046.8615
2593,14750223309999.89,1047.069
2594,14288775055109.71,1047.2793
2595,14036840058574.64,1047.491
2596,14576566030101.26,1047.7006
2597,14334437275520,1047.905
2598,480979162572765.1,1048.0441
2599,13473796998909.12,1048.1833
2600,41918907469086.27,1048.3332
2601,14410041822225.54,1048.4656
2602,687258618137398.2,1048.6056
2603,14907951422175.28,1048.7462
2604,58420017832701.85,1048.8872
2605,13699898113060.93,1049.0278
2606,267370631381288.7,1049.1691
2607,14789639692795.05,1049.3136
2608,153130427325106.6,1049.455
2609,13540399211901.06,1049.5975
2610,109339929993214.4,1049.7389
2611,14622989685555.66,1049.8731
2612,433810772675721.8,1050.0137
2613,13477081635396.76,1050.1557
2614,45354979463072.99,1050.2967
2615,14428128000480.33,1050.4393
2616,711219889172021.2,1050.5814
2617,14919943399080.98,1050.7256
2618,58419973096941.52,1050.8666
2619,13699984773377.31,1051.0101
2620,267374644789117.1,1051.1523
2621,14789641680194.65,1051.2958
2622,153127563574982.3,1051.4395
2623,13540401042810,1051.5828
2624,109341770843223.5,1051.7249
2625,14827516587935.86,1051.9292
2626,3718101443938.974,1052.1323
2627,15075995635113.99,1052.3362
2628,13893859826982.52,1052.541
2629,13348427426891.11,1052.7445
2630,13919140868882.08,1052.9492
2631,14456369916812.48,1053.1441
2632,14482576612273.16,1053.3473
2633,14585837120423.02,1053.5512
2634,14167822047765.34,1053.7548
2635,14493312841250.88,1053.9581
2636,14725868178310.51,1054.1619
2637,14154536623035.65,1054.3747
2638,14345259317395.98,1054.5824
2639,14474944411604.72,1054.7901
2640,14504926715157.08,1054.9991
2641,14405399031726.47,1055.1957
2642,14477811758727.03,1055.4066
2643,14644904969083.17,1055.6157
2644,14139238489445.03,1055.8209
2645,14327865939857.76,1056.0244
2646,14396671511407.51,1056.2285
2647,14520354851872.2,1056.432
2648,14439874405396.2,1056.6355
2649,14517343624895.11,1056.8401
2650,14306759454407.95,1057.0432
2651,14421097162901.4,1057.243
2652,267529826803605.4,1057.3911
2653,12809451478546.13,1057.5306
2654,306304198355975.8,1057.6701
2655,16159767837580.11,1057.8104
2656,109092936338991.4,1057.9502
2657,13119603026273.61,1058.0902
2658,765080052150518,1058.2301
2659,16263544558289.99,1058.3709
2660,49004714384680.25,1058.5109
2661,13720832868795.53,1058.6447
2662,1036258747765094,1058.7847
2663,14578037780077.32,1058.9265
2664,1171996474126436,1059.0667
2665,15299963466779.64,1059.2087
2666,750670532411442.1,1059.3496
2667,3311014056812884,1061.4907
2668,106397142671920.4,1061.6395
2669,15864830084860.62,1061.7814
2670,308147920932442.8,1061.9224
2671,3341383615522354,1064.0569
2672,279349442816794.4,1064.2145
2673,16154350824950.31,1064.3783
2674,120988467246599.3,1064.5362
2675,13071441546083.39,1064.6958
2676,691013810384682.4,1064.8378
2677,16256120322792.97,1064.9837
2678,53205581057940.16,1065.1264
2679,310496918445435.1,1065.3315
2680,23630812200395.11,1065.5383
2681,12610560408913.84,1065.7339
2682,5039152653783.37,1065.939
2683,15899743318774.81,1066.1454
2684,15272698802386.86,1066.36
2685,13971991407425.98,1066.5647
2686,12543894814638.08,1066.7692
2687,12809386054516.55,1066.9729
2688,14965809440541.83,1067.1773
2689,14739187359725.34,1067.3811
2690,13986567202837.98,1067.5936
2691,13953000307413.8,1067.7924
2692,14218030568491.57,1067.997
2693,15241158064420.29,1068.2039
2694,14596016160962.41,1068.4095
2695,14090871819535.93,1068.615
2696,13489161329769.1,1068.8215
2697,14415430163396.52,1069.026
2698,14644609226381.26,1069.2388
2699,14322556417006.01,1069.4497
2700,14234895410383.76,1069.6541
2701,14170823021017.73,1069.849
2702,14466901293721.56,1070.0535
2703,14430188727966.99,1070.2573
2704,14458202789900.03,1070.4617
2705,14379966443491.26,1070.666
2706,54483735314692.12,1070.8057
2707,14379906568120.7,1070.9454
2708,1073583934741596,1071.0858
2709,15783196171530.34,1071.2261
2710,1229501189850804,1071.3659
2711,17005032279420.71,1071.4993
2712,608799217470670.6,1071.6391
2713,3665482735167606,1073.7794
2714,142158430554233.8,1073.9269
2715,17799749631655.52,1074.0672
2716,231968516480678.6,1074.2068
2717,3699995262265816,1076.3478
2718,391829213956629.8,1076.4921
2719,18131592639094.8,1076.6324
2720,89853636548056.34,1076.7729
2721,3788183614117998,1078.9092
2722,1009137732803897,1079.053
2723,18253652288494.66,1079.1938
2724,54559623873218.08,1079.3344
2725,14385364761870.79,1079.4763
2726,1074256722336465,1079.6159
2727,15789230626348.34,1079.7585
2728,1230123700301244,1079.8986
2729,17009290156892.36,1080.0402
2730,606714167384046.8,1080.1809
2731,3665555747192850,1082.3167
2732,142691577135940.8,1082.4609
2733,463760531900757.6,1082.6634
2734,18784149297851.82,1082.8671
2735,16953837439693.08,1083.0717
2736,13936478420387.48,1083.2766
2737,10997399219216.21,1083.4843
2738,8667015520145.327,1083.6914
2739,7423083546871.471,1083.8993
2740,9182778314873.518,1084.1067
2741,16146129800524.34,1084.304
2742,18860224575984.39,1084.5111
2743,14797029071703.75,1084.7168
2744,9751199354238.168,1084.9264
2745,10799781076267.57,1085.1343
2746,15602603471945.48,1085.3431
2747,16457193136036.52,1085.558
2748,15017212284376.55,1085.7643
2749,13274665831204.16,1085.9695
2750,12580368124771.95,1086.1745
2751,13939872321290.41,1086.3705
2752,14598999095312.82,1086.576
2753,13885221576426.16,1086.7823
2754,14028335168708.08,1086.9877
2755,14775245461618.85,1087.1959
2756,14557004975126.95,1087.4042
2757,13788648531874.78,1087.6162
2758,14109605183077.84,1087.8222
2759,14513603239174.21,1088.0286
2760,220059467521191.6,1088.169
2761,17985132670436.45,1088.3004
2762,151919223178407.8,1088.4424
2763,3784312994034198,1090.5846
2764,726085354802274.1,1090.7317
2765,18216972562757.34,1090.8721
2766,54502773260572.92,1091.0128
2767,3432524354619305,1093.1539
2768,3523907701128218,1095.3041
2769,3695962551093196,1097.4476
2770,76161730457332.78,1097.5931
2771,3979907405502368,1099.7253
2772,18175270224321.17,1099.866
2773,72850658031251.61,1100.0061
2774,3706473594395229,1102.1464
2775,869799007432199.6,1102.2933
2776,1697529553567748,1104.4406
2777,1200855958207280,1104.5892
2778,1187437034486018,1106.7293
2779,813887124357398.8,1108.8839
2780,917313328965714.1,1111.0345
2781,683673424417637,1111.1683
2782,18210657578435.74,1111.3117
2783,56773866685136.61,1111.4567
2784,3493945116682698,1113.6012
2785,893025748380924.9,1113.7464
2786,1950055946628826,1115.8885
2787,1368391565044375,1116.1042
2788,302705912673885.7,1116.3121
2789,18685876494422.98,1116.5196
2790,15174773093236.79,1116.7311
2791,14383632824621.06,1116.9266
2792,21953482347878.15,1117.1342
2793,32167027827926.05,1117.3627
2794,36272479580547.82,1117.5747
2795,29513766044512.99,1117.783
2796,32718600416054.64,1117.9929
2797,34044481955212.43,1118.1989
2798,24279790081007.97,1118.4065
2799,30662124198904.15,1118.6155
2800,31116418210156.27,1118.8219
2801,21233344660342.91,1119.0173
2802,27215259828325.99,1119.2268
2803,27884733429157.05,1119.433
2804,20780432637863.32,1119.6415
2805,22528808584491.47,1119.85
2806,24107041515952.96,1120.0536
2807,23231149965346.14,1120.2634
2808,21139310655255.4,1120.4841
2809,18931438888734.26,1120.6919
2810,16785747876468.72,1120.9003
2811,14985021340693.02,1121.0955
2812,13694720323158.25,1121.3052
2813,13118684001584.23,1121.5135
2814,13587912222629.63,1121.7214
2815,14849109472514.8,1121.9301
2816,632850033743467.5,1122.0742
2817,10697554474974.44,1122.22
2818,112231107206233.8,1122.3653
2819,19570020299226.02,1122.5113
2820,65404575408179.89,1122.6564
2821,13418861568912.25,1122.7997
2822,539747149709471.4,1122.9448
2823,10751483163751.45,1123.0925
2824,162801289951670.2,1123.2383
2825,19883313417835.72,1123.3952
2826,50667255901739.5,1123.5633
2827,14324894690502.62,1123.7185
2828,441982217623464.1,1123.866
2829,10830461242288.46,1124.0142
2830,237342753543921.8,1124.1612
2831,20101676953497.12,1124.298
2832,40666775957367.2,1124.4467
2833,15353167375364.82,1124.5948
2834,347702266306155.8,1124.7403
2835,10944034112722.17,1124.8864
2836,345773841836250.6,1125.0309
2837,20251223549675.89,1125.1767
2838,33941869704070.05,1125.3187
2839,16385370931139.67,1125.4621
2840,264963022717675.7,1125.6057
2841,11110293525612.17,1125.7426
2842,500508264306462,1125.8834
2843,1085545349922005,1126.0868
2844,21325078496667.73,1126.2984
2845,18108725310270.94,1126.5088
2846,15721098351478.76,1126.722
2847,13491005842787.58,1126.9315
2848,10926027635779.99,1127.14
2849,8807154429873.574,1127.3487
2850,7802151157566.243,1127.5569
2851,9431515912821.35,1127.7523
2852,14281392913493.64,1127.9606
2853,19378508380502.19,1128.1687
2854,15783834764472,1128.3746
2855,10387353275889.24,1128.5835
2856,11214437073945.46,1128.7883
2857,14444932389374.29,1128.9923
2858,14786986601978.11,1129.1964
2859,14041043003442.68,1129.411
2860,13706612648884.61,1129.6204
2861,13579393634758.22,1129.8159
2862,14423103984223.83,1130.0295
2863,14082643044531.11,1130.2425
2864,13993242525713.02,1130.4577
2865,14192816820153.53,1130.6702
2866,14277251312682.21,1130.8889
2867,14391685602881.73,1131.1034
2868,13888982868417.39,1131.3177
2869,14009238217129.54,1131.5272
2870,485598012984538,1131.6715
2871,15089132604226.32,1131.8025
2872,33681902048529.2,1131.9455
2873,2219607816423724,1134.0873
2874,388233981075785.4,1134.237
2875,1059914506081668,1136.3813
2876,402082960777027.6,1136.5361
2877,15099981476286.97,1136.691
2878,39125343079528.05,1136.843
2879,2122586778100316,1138.9889
2880,450940207626455.6,1139.1405
2881,1042721377882712,1141.2761
2882,317758010817451.2,1141.4319
2883,4060956708942843,1143.577
2884,25060217297056.26,1143.7332
2885,1825578191185030,1145.8782
2886,980419976726773.2,1146.0384
2887,1026666904434612,1148.1964
2888,182981871805175.6,1148.3433
2889,3963320258479996,1150.4938
2890,31518693144714.36,1150.6437
2891,2294696474698885,1152.782
2892,356181316736073.8,1152.9297
2893,1071066004228934,1155.0793
2894,455327765460321.4,1155.228
2895,15108976159393.36,1155.3746
2896,36042245536860.65,1155.5219
2897,13061650472340.75,1155.7319
2898,5076560515322.753,1155.9433
2899,15094154569827.56,1156.1475
2900,14427420502943.92,1156.3608
2901,13515015599939.71,1156.5568
2902,12946788686231.72,1156.7609
2903,14165866343560.7,1156.9652
2904,14312754200035.49,1157.1686
2905,14357896264125.27,1157.3734
2906,13876266571004.79,1157.5773
2907,14050779830892.75,1157.7815
2908,14206226089427.18,1157.9859
2909,14191147892524.16,1158.1903
2910,14129175097442.62,1158.3953
2911,14305377246320.02,1158.5991
2912,13974306654835.81,1158.8152
2913,14086926844751.88,1159.0295
2914,14271595485352.67,1159.2404
2915,14267838704832.11,1159.4603
2916,14263813653969.71,1159.6677
2917,13928621505869.75,1159.8719
2918,14040692932948.92,1160.0772
2919,14136817216642.58,1160.2833
2920,14236069223413.81,1160.4882
2921,14332220176044.12,1160.6921
2922,13935861443406.3,1160.9008
2923,14071555083202.23,1161.1063
2924,81017950872443.09,1161.2461
2925,13313172084686.58,1161.3876
2926,833151744566402.2,1161.529
2927,15136225825569.53,1161.6714
2928,52125539860801.46,1161.8134
2929,13540194470395.26,1161.9555
2930,991981756885917.5,1162.0969
2931,14003705847495.2,1162.2328
2932,1105497348310371,1162.3862
2933,14390442390897.25,1162.5409
2934,1198481692079797,1162.696
2935,3659124495072334,1164.842
2936,60734680641746.98,1164.9885
2937,14667510175611.79,1165.1332
2938,675890225204226.9,1165.2798
2939,3655544402164190,1167.4287
2940,97394045796177.98,1167.5825
2941,14859246747030.19,1167.7195
2942,418230163389131.9,1167.8682
2943,3661306273018008,1170.0161
2944,161227217410248.8,1170.1582
2945,14985013167838.9,1170.2996
2946,252803274573674.8,1170.4405
2947,3671196721517964,1172.5842
2948,270331876315194.7,1172.7273
2949,15062458763124.99,1172.8692
2950,152309525991347.7,1173.0167
2951,423794894502402.8,1173.2128
2952,13280593453711.69,1173.4166
2953,5111807665491.24,1173.6193
2954,15077048587394.95,1173.8228
2955,14422372538088.57,1174.0255
2956,13587685045404.36,1174.2287
2957,13133568022889.27,1174.4349
2958,14269148237615.61,1174.6397
2959,14352914797794.52,1174.8435
2960,14176053326852.47,1175.0471
2961,14107466587034.85,1175.2427
2962,14152788317651.64,1175.454
2963,14170932418829.72,1175.6578
2964,14317973969939.49,1175.8629
2965,14276000449666.62,1176.0661
2966,14245212169641.05,1176.27
2967,13938818768223.27,1176.474
2968,14237455351695.08,1176.6785
2969,14270068248601.46,1176.8829
2970,14226948904481.04,1177.0878
2971,14285057864160.85,1177.2869
2972,14091031533464.92,1177.4952
2973,14070167454311.18,1177.7001
2974,14299663353890.56,1177.9049
2975,14354335076839.08,1178.1099
2976,14141729414221.76,1178.3148
2977,14073990780052.62,1178.5191
2978,200962748813136.9,1178.6577
2979,17167090928939.86,1178.7972
2980,159040852163045.2,1178.9367
2981,3968228389501968,1181.0677
2982,185574912388831.9,1181.2188
2983,3025046317084345,1183.3632
2984,343942252084434.8,1183.5062
2985,4138516385342730,1185.6483
2986,114554852051883.4,1185.7928
2987,3001330050968629,1187.9352
2988,569404157869921.5,1188.0757
2989,4158670273569192,1190.2217
2990,73196300156370.33,1190.3749
2991,2963115292556122,1192.5169
2992,905729281696856.9,1192.6593
2993,4170031518994984,1194.8073
2994,51529647387834.6,1194.9529
2995,2801472608749770,1197.0986
2996,832025918649078,1197.2513
2997,1755833732051811,1199.3952
2998,1216407167593627,1199.5413
2999,1089972678074830,1201.682
3000,818049099693553.4,1203.8307
3001,895359987919530.6,1205.9761
