1,7304367262,0.036727,5418992170,0,1885375092
2,5717577832,0.049974,4476720940,0,1240856892
3,4530232572,0.06287,3446356230,0,1083876342
4,3885006103,0.075741,2773200970,27928791,1083876342
5,3276564463,0.088522,2159044620,33643501,1083876342
6,2772386444,0.10151,1824349130,33643501,914393813
7,2259059128,0.11439,1671624390,33643501,553791237
8,1866606513,0.12721,1279171775,33643501,553791237
9,1506925099,0.14009,1279171775,33643501,194109823
10,1357488265,0.15287,1122147845,41230597,194109823
11,1211231720,0.16555,975891300,41230597,194109823
12,1043172216,0.17855,832398065,47201604,163572547
13,937466827,0.19123,796196620,47201604,94068603
14,842945100,0.20409,609770275,47201604,185973221
15,763249885,0.21679,530075060,47201604,185973221
16,712928780,0.22965,479753955,47201604,185973221
17,712928780,0.24241,479753955,47201604,185973221
18,571089210,0.25513,479753955,47201604,44133651
19,571089210,0.26794,479753955,47201604,44133651
20,585066908,0.28087,430559885,110373372,44133651
21,633627142,0.29378,462515595,126977896,44133651
22,664581222,0.30666,493469675,126977896,44133651
23,458866512,0.33805,293469675,121263186,44133651
24,293060582,0.36896,167663745,81263186,44133651
25,220220297,0.40034,94823460,81263186,44133651
26,166563949,0.43155,91271770,75292179,0
27,127313105,0.46328,68625450,58687655,0
28,98521215,0.49502,39833560,58687655,0
29,75090890,0.52766,16403235,58687655,0
30,66687655,0.5591,0,66687655,0
31,58687655,0.59046,0,58687655,0
32,51100559,0.62176,0,51100559,0
33,46255819,0.65275,3155260,43100559,0
34,44255819,0.68339,1155260,43100559,0
35,43100559,0.71557,0,43100559,0
36,42700559,0.7467,0,42700559,0
37,42300559,0.77757,0,42300559,0
38,41900559,0.80885,0,41900559,0
39,41500559,0.83997,0,41500559,0
40,41100559,0.87124,0,41100559,0
41,40700559,0.90204,0,40700559,0
42,40300559,0.93287,0,40300559,0
43,39900559,0.96356,0,39900559,0
44,39500559,0.99466,0,39500559,0
45,39100559,1.0259,0,39100559,0
46,38700559,1.0602,0,38700559,0
47,38300559,1.0928,0,38300559,0
48,37900559,1.1245,0,37900559,0
49,37900559,1.1561,0,37900559,0
50,12325597.47,1.1869,396806.47,11928791,0
51,795116.99,1.2191,795116.99,0,0
52,287968.04,1.2503,287968.04,0,0
53,207968.04,1.2819,207968.04,0,0
54,127968.04,1.3135,127968.04,0,0
55,60822.37,1.3453,60822.37,0,0
56,47968.04,1.3765,47968.04,0,0
57,12854.33,1.4072,12854.33,0,0
58,0,1.4382,0,0,0
