1,10478419705,0.028755,7653891805,0,2824527900
2,8196120814,0.042419,6153891805,0,2042229009
3,7210798780,0.055771,5280620095,0,1930178685
4,6076191696,0.06934,4751752815,70458996,1253979885
5,5244594335,0.082718,3596707565,70458996,1577427774
6,3821754051,0.095986,3240355265,70458996,510939790
7,3071754051,0.10935,2490355265,70458996,510939790
8,2646386775,0.12302,2067209400,111176009,468001366
9,2201416207,0.13643,1715784550,111176009,374455648
10,1804960368,0.14974,1764243355,40717013,0
11,1552078278,0.16319,1511361265,40717013,0
12,1235602118,0.17695,1194885105,40717013,0
13,1003876218,0.1904,963159205,40717013,0
14,820183673,0.20384,779466660,40717013,0
15,699709039,0.21719,605816505,93892534,0
16,635943434,0.2308,542050900,93892534,0
17,585098760,0.24422,444623375,140475385,0
18,585098760,0.25778,444623375,140475385,0
19,585098760,0.27144,444623375,140475385,0
20,589066686,0.28487,387410965,201655721,0
21,659986816,0.29855,398529105,261457711,0
22,569870396,0.3347,348412685,221457711,0
23,498950266,0.36798,337294545,161655721,0
24,456945711,0.40105,295289990,161655721,0
25,415595866,0.43437,293940145,121655721,0
26,375595866,0.46728,253940145,121655721,0
27,335595866,0.50016,213940145,121655721,0
28,295595866,0.53294,173940145,121655721,0
29,255595866,0.56593,173940145,81655721,0
30,222549741,0.59896,140894020,81655721,0
31,202193111,0.63228,120537390,81655721,0
32,182549741,0.66535,100894020,81655721,0
33,162731660,0.6982,80537390,82194270,0
34,143088290,0.73128,60894020,82194270,0
35,130731660,0.7639,40537390,90194270,0
36,120310025,0.7965,30115755,90194270,0
37,112310025,0.82928,30115755,82194270,0
38,104310025,0.86167,30115755,74194270,0
39,96310025,0.89482,30115755,66194270,0
40,88946850,0.92804,22752580,66194270,0
41,82363999,0.96125,22752580,59611419,0
42,80363999,0.99401,20752580,59611419,0
43,78363999,1.0275,18752580,59611419,0
44,76363999,1.0666,16752580,59611419,0
45,74363999,1.0991,14752580,59611419,0
46,72363999,1.1316,12752580,59611419,0
47,70363999,1.1641,10752580,59611419,0
48,68363999,1.1964,8752580,59611419,0
49,67254789,1.2285,7643370,59611419,0
50,33951201.231,1.2607,173730.6914,30928727.7196,2848742.82
51,26146665.8482,1.2944,4047345.1408,19250577.8874,2848742.82
52,18381212.447,1.3273,7964309.3568,7568160.2702,2848742.82
53,12005601.9235,1.3597,8679515.1022,477344.0013,2848742.82
54,8386241.7274,1.3927,5060154.906,477344.0013,2848742.82
55,7477057.9963,1.4255,4150971.1749,477344.0013,2848742.82
56,6567874.2651,1.458,3241787.4438,477344.0013,2848742.82
57,5658690.534,1.4909,2332603.7126,477344.0013,2848742.82
58,4749506.8028,1.5241,1423419.9815,477344.0013,2848742.82
59,4029506.8028,1.5577,1423419.9815,477344.0013,2128742.82
60,3309506.8028,1.5905,1423419.9815,477344.0013,1408742.82
61,2589506.8028,1.6258,1423419.9815,477344.0013,688742.82
62,1900763.9828,1.6588,1423419.9815,477344.0013,0
63,1591682.3559,1.6916,1468879.168,122803.1879,0
64,1294078.3361,1.7243,1171275.1481,122803.1879,0
65,1216734.3347,1.7571,1216734.3347,0,0
66,1149593.9574,1.7898,1149593.9574,0,0
67,307550.6036,1.822,307550.6036,0,0
68,262091.417,1.8546,262091.417,0,0
69,216632.2305,1.8874,216632.2305,0,0
70,171173.0439,1.9213,171173.0439,0,0
71,125713.8573,1.9543,125713.8573,0,0
72,80254.6708,1.9886,80254.6708,0,0
73,34795.4842,2.0214,34795.4842,0,0
74,25211.8922,2.054,25211.8922,0,0
75,23777.9958,2.0868,23777.9958,0,0
76,0,2.1192,0,0,0
