1,6750978555,0.039615,5817848055,0,933130500
2,4385615380,0.054001,3452484880,0,933130500
3,2893744785,0.067915,2339119005,0,554625780
4,2333606885,0.081672,1778981105,0,554625780
5,1915289750,0.095561,1360663970,0,554625780
6,1590921925,0.10931,1036296145,0,554625780
7,1080241570,0.12347,866954860,0,213286710
8,673797940,0.13733,673797940,0,0
9,365284557,0.15227,342048015,23236542,0
10,196693417,0.16612,173456875,23236542,0
11,123658322,0.17994,100421780,23236542,0
12,123658322,0.19394,100421780,23236542,0
13,123658322,0.20783,100421780,23236542,0
14,147485938,0.22173,100421780,47064158,0
15,189333836,0.23577,100421780,88912056,0
16,147485938,0.26977,100421780,47064158,0
17,107485938,0.30361,60421780,47064158,0
18,70610143,0.33713,23545985,47064158,0
19,46782527,0.37069,23545985,23236542,0
20,29203807,0.40422,5967265,23236542,0
21,21203807,0.43825,5967265,15236542,0
22,13203807,0.47265,5967265,7236542,0
23,5967265,0.50692,5967265,0,0
24,1615400,0.5405,1615400,0,0
25,0,0.57417,0,0,0
