1,11877003149,0.22272,10334251165,0,1542751984
2,9040574783,0.24446,7444353325,0,1596221458
3,6884900254,0.25842,6166975480,0,717924774
4,5022582820,0.27195,4358127520,0,664455300
5,3235179790,0.28483,2593368265,0,641811525
6,2118945446,0.29795,1540201550,0,578743896
7,1368945446,0.31097,790201550,0,578743896
8,1115403950,0.3242,790201550,0,325202400
9,900476425,0.33726,622952025,0,277524400
10,743380299,0.35023,448214040,0,295166259
11,660559918,0.36384,364426895,966764,295166259
12,577864878,0.37727,281731855,966764,295166259
13,505476308,0.3902,286211290,11899297,207365721
14,476981084,0.40287,238982065,30633298,207365721
15,460848499,0.4157,222849480,30633298,207365721
16,503682005,0.42872,222849480,73466804,207365721
17,555326560,0.44173,274494035,73466804,207365721
18,671875882,0.45498,233423325,143286298,295166259
19,794691852,0.46852,317210470,182315123,295166259
20,639568288,0.51605,435379965,182315123,21873200
21,516752318,0.55549,351592820,143286298,21873200
22,444303753,0.58786,279144255,143286298,21873200
23,398956233,0.61923,233796735,143286298,21873200
24,358956233,0.65203,193796735,143286298,21873200
25,318956233,0.68366,153796735,143286298,21873200
26,278956233,0.71484,153796735,103286298,21873200
27,238956233,0.74672,153796735,63286298,21873200
28,202157280,0.77909,113796735,66487345,21873200
29,174278535,0.81061,107791190,66487345,0
30,155544534,0.84249,107791190,47753344,0
31,139050584,0.8752,91297240,47753344,0
32,123933019,0.90774,76179675,47753344,0
33,109093659,0.93936,61340315,47753344,0
34,83933019,0.97036,36179675,47753344,0
35,49897939,1.0013,2144595,47753344,0
36,38965406,1.0322,2144595,36820811,0
37,30965406,1.063,2144595,28820811,0
38,22965406,1.0938,2144595,20820811,0
39,14965406,1.1271,2144595,12820811,0
40,12965406,1.1604,144595,12820811,0
41,11998642,1.1913,144595,11854047,0
42,11598642,1.2222,144595,11454047,0
43,11198642,1.2542,144595,11054047,0
44,10798642,1.2853,144595,10654047,0
45,10398642,1.3165,144595,10254047,0
46,9998642,1.3479,144595,9854047,0
47,9598642,1.3791,144595,9454047,0
48,9198642,1.4101,144595,9054047,0
49,8798642,1.4414,144595,8654047,0
50,5274133.9051,1.4756,125604.4291,5148529.476,0
51,3039697.6749,1.5067,257074.7174,2000087.7975,782535.16
52,1096451.1222,1.5382,313915.9622,0,782535.16
53,313915.9622,1.5693,313915.9622,0,0
54,188786.7818,1.6004,188786.7818,0,0
55,113577.7736,1.6319,113577.7736,0,0
56,56736.5288,1.6629,56736.5288,0,0
57,475.2487,1.6939,475.2487,0,0
58,0,1.7266,0,0,0
