1,8974631227,0.098266,6141306265,0,2833324962
2,7466963826,0.11806,4621767990,0,2845195836
3,5561847774,0.13699,3871767990,0,1690079784
4,4653200919,0.15501,2827414125,0,1825786794
5,3861603069,0.17304,2035816275,0,1825786794
6,3183129679,0.19109,2444615785,0,738513894
7,2794899909,0.209,2192093025,0,602806884
8,2477110214,0.22697,1874303330,0,602806884
9,2188573389,0.2448,1765706790,0,422866599
10,1930333059,0.26269,1448183985,0,482149074
11,1681686274,0.28052,1181378260,18158940,482149074
12,1542687069,0.29843,1407374775,18158940,117153354
13,1427878882,0.31611,1346883740,50498942,30496200
14,1321967118,0.33367,1183717815,107753103,30496200
15,1224036143,0.35155,1085786840,107753103,30496200
16,1224036143,0.36934,1085786840,107753103,30496200
17,1224036143,0.38746,1085786840,107753103,30496200
18,1224036143,0.40563,1085786840,107753103,30496200
19,1224036143,0.42332,1085786840,107753103,30496200
20,949304378,0.46614,811055075,107753103,30496200
21,749852688,0.50861,611603385,107753103,30496200
22,622103808,0.55088,483854505,107753103,30496200
23,507484663,0.59392,399731560,107753103,0
24,394795228,0.63633,327042125,67753103,0
25,314795228,0.67856,247042125,67753103,0
26,265126048,0.72077,197372945,67753103,0
27,225126048,0.76367,157372945,67753103,0
28,185126048,0.80614,117372945,67753103,0
29,146073483,0.84867,78320380,67753103,0
30,108523878,0.89219,40770775,67753103,0
31,76183876,0.93512,40770775,35413101,0
32,58785136,0.97783,23372035,35413101,0
33,43536956,1.0202,26282795,17254161,0
34,35536956,1.0625,26282795,9254161,0
35,32626196,1.1049,23372035,9254161,0
36,27934276,1.1473,18680115,9254161,0
37,25023516,1.1896,15769355,9254161,0
38,23023516,1.232,13769355,9254161,0
39,21023516,1.2744,11769355,9254161,0
40,21023516,1.317,11769355,9254161,0
41,21023516,1.3597,11769355,9254161,0
42,21023516,1.4022,11769355,9254161,0
43,21023516,1.4445,11769355,9254161,0
44,21023516,1.464,11769355,9254161,0
45,21023516,1.4819,11769355,9254161,0
46,21023516,1.5001,11769355,9254161,0
47,21023516,1.5181,11769355,9254161,0
48,21023516,1.536,11769355,9254161,0
49,21023516,1.5806,11769355,9254161,0
50,5256779.3748,1.6247,1093813.3005,4073509.6743,89456.4
51,5146888.0026,1.6674,1159994.4939,3897437.1087,89456.4
52,5042960.5682,1.7099,936067.0595,3897437.1087,209456.4
53,4939033.1338,1.7525,712139.6251,3897437.1087,329456.4
54,4835105.6994,1.7954,488212.1907,3897437.1087,449456.4
55,4731178.265,1.8383,264284.7563,3897437.1087,569456.4
56,4664997.0716,1.881,198103.5628,3897437.1087,569456.4
57,4555105.6994,1.9235,264284.7563,3721364.5431,569456.4
58,4488924.506,1.9661,198103.5628,3721364.5431,569456.4
59,4379033.1338,2.0085,264284.7563,3545291.9775,569456.4
60,4312851.9404,2.0509,198103.5628,3545291.9775,569456.4
61,4202960.5682,2.0937,264284.7563,3369219.4119,569456.4
62,4136779.3748,2.137,198103.5628,3369219.4119,569456.4
63,4026888.0026,2.1798,264284.7563,3193146.8463,569456.4
64,3960706.8092,2.2227,198103.5628,3193146.8463,569456.4
65,3850815.437,2.2653,264284.7563,3017074.2807,569456.4
66,3784634.2436,2.3077,198103.5628,3017074.2807,569456.4
67,3674742.8714,2.3502,264284.7563,2841001.7151,569456.4
68,3608561.678,2.3928,198103.5628,2841001.7151,569456.4
69,3498670.3058,2.4353,264284.7563,2664929.1495,569456.4
70,3432489.1124,2.4777,198103.5628,2664929.1495,569456.4
71,3322597.7402,2.5203,264284.7563,2488856.5839,569456.4
72,3256416.5468,2.5628,198103.5628,2488856.5839,569456.4
73,3146525.1746,2.6052,264284.7563,2312784.0183,569456.4
74,3080343.9812,2.6477,198103.5628,2312784.0183,569456.4
75,2970452.609,2.6902,264284.7563,2136711.4527,569456.4
76,2904271.4156,2.7327,198103.5628,2136711.4527,569456.4
77,2794380.0434,2.7754,264284.7563,1960638.8871,569456.4
78,2728198.85,2.8181,198103.5628,1960638.8871,569456.4
79,2618307.4778,2.8605,264284.7563,1784566.3215,569456.4
80,2552126.2844,2.9029,198103.5628,1784566.3215,569456.4
81,2442234.9122,2.9452,264284.7563,1608493.7559,569456.4
82,2376053.7188,2.9876,198103.5628,1608493.7559,569456.4
83,2266162.3466,3.03,264284.7563,1432421.1903,569456.4
84,2199981.1532,3.0725,198103.5628,1432421.1903,569456.4
85,2090089.781,3.1149,264284.7563,1256348.6247,569456.4
86,2023908.5876,3.1574,198103.5628,1256348.6247,569456.4
87,1914017.2154,3.1998,264284.7563,1080276.0591,569456.4
88,1847836.022,3.2423,198103.5628,1080276.0591,569456.4
89,1737944.6498,3.2849,264284.7563,904203.4936,569456.4
90,1671763.4564,3.3278,198103.5628,904203.4936,569456.4
91,1561872.0842,3.3705,264284.7563,728130.928,569456.4
92,1495690.8908,3.4132,198103.5628,728130.928,569456.4
93,1385799.5186,3.4557,264284.7563,552058.3624,569456.4
94,1319618.3252,3.4982,198103.5628,552058.3624,569456.4
95,1209726.953,3.5407,264284.7563,375985.7968,569456.4
96,1143545.7596,3.5832,198103.5628,375985.7968,569456.4
97,1033654.3874,3.6255,264284.7563,199913.2312,569456.4
98,967473.194,3.668,198103.5628,199913.2312,569456.4
99,857581.8218,3.7105,264284.7563,23840.6656,569456.4
100,2612386.851,3.753,2610881.1821,1505.6689,0
101,2593272.0262,3.7956,2591766.3573,1505.6689,0
102,2489117.0943,3.8379,2487611.4254,1505.6689,0
103,2489117.0943,3.8806,2487611.4254,1505.6689,0
104,2489117.0943,3.9234,2487611.4254,1505.6689,0
105,2489117.0943,3.9662,2487611.4254,1505.6689,0
106,2489117.0943,4.0091,2487611.4254,1505.6689,0
107,40414611,4.028,40360450,54161,0
108,40414611,4.0459,40360450,54161,0
109,40414611,4.0637,40360450,54161,0
110,40414611,4.0814,40360450,54161,0
111,40414611,4.0992,40360450,54161,0
112,2489117.0943,4.1431,2487611.4254,1505.6689,0
113,2489117.0943,4.1862,2487611.4254,1505.6689,0
114,2489117.0943,4.2294,2487611.4254,1505.6689,0
115,2489117.0943,4.2727,2487611.4254,1505.6689,0
116,2489117.0943,4.3162,2487611.4254,1505.6689,0
117,40414611,4.3351,40360450,54161,0
118,40414611,4.3531,40360450,54161,0
119,40414611,4.3712,40360450,54161,0
120,40414611,4.389,40360450,54161,0
121,57551201,4.407,40360450,17190751,0
122,2489117.0943,4.4514,2487611.4254,1505.6689,0
123,2489117.0943,4.495,2487611.4254,1505.6689,0
124,2489117.0943,4.5392,2487611.4254,1505.6689,0
125,2489117.0943,4.5847,2487611.4254,1505.6689,0
126,2489117.0943,4.6298,2487611.4254,1505.6689,0
127,40414611,4.6488,40360450,54161,0
128,40414611,4.6666,40360450,54161,0
129,40414611,4.6844,40360450,54161,0
130,104136646,4.7024,40360450,63776196,0
131,171476648,4.7204,40360450,131116198,0
132,4260581.562,4.764,2487611.4254,1772970.1365,0
133,2489117.0943,4.8076,2487611.4254,1505.6689,0
134,2452685.0259,4.8509,2451179.357,1505.6689,0
135,2452685.0259,4.8956,2451179.357,1505.6689,0
136,2329415.2692,4.939,2327909.6003,1505.6689,0
137,2310300.4444,4.982,2308794.7755,1505.6689,0
138,2206145.5126,5.0272,2204639.8437,1505.6689,0
139,2206145.5126,5.0713,2204639.8437,1505.6689,0
140,2206145.5126,5.1146,2204639.8437,1505.6689,0
141,2206145.5126,5.1578,2204639.8437,1505.6689,0
142,2206145.5126,5.2019,2204639.8437,1505.6689,0
143,35823516,5.2208,35769355,54161,0
144,35823516,5.2387,35769355,54161,0
145,35823516,5.2567,35769355,54161,0
146,115244236,5.275,115190075,54161,0
147,194826447,5.2935,120048895,74777552,0
148,4582919.0572,5.3378,2504112.6232,2078806.434,0
149,4582919.0572,5.3894,2504112.6232,2078806.434,0
150,38358862.3747,5.4332,4439856.9823,33919005.3924,0
151,38358862.3747,5.4766,4439856.9823,33919005.3924,0
152,3933451.2974,5.5189,3908883.9346,24567.3628,0
153,3933451.2974,5.5632,3908883.9346,24567.3628,0
154,3933451.2974,5.6077,3908883.9346,24567.3628,0
155,3933451.2974,5.652,3908883.9346,24567.3628,0
156,3933451.2974,5.6958,3908883.9346,24567.3628,0
157,35823516,5.7148,35769355,54161,0
158,35823516,5.733,35769355,54161,0
159,35823516,5.7509,35769355,54161,0
160,52960106,5.7688,35769355,17190751,0
161,116682141,5.787,35769355,80912786,0
162,32837687.8092,5.8591,3908883.9346,28928803.8746,0
163,32837687.8092,5.9186,3908883.9346,28928803.8746,0
164,3933451.2974,5.9611,3908883.9346,24567.3628,0
165,3933451.2974,6.0054,3908883.9346,24567.3628,0
166,3933451.2974,6.0491,3908883.9346,24567.3628,0
167,987914.8457,6.0923,33891.0829,24567.3628,929456.4
168,987914.8457,6.1377,33891.0829,24567.3628,929456.4
169,954023.7628,6.1803,0,24567.3628,929456.4
170,834023.7628,6.2247,0,24567.3628,809456.4
171,747914.8457,6.2675,33891.0829,24567.3628,689456.4
172,747914.8457,6.3104,33891.0829,24567.3628,689456.4
173,747914.8457,6.353,33891.0829,24567.3628,689456.4
174,747914.8457,6.3958,33891.0829,24567.3628,689456.4
175,747914.8457,6.4392,33891.0829,24567.3628,689456.4
176,69309931,6.458,310130,54161,68945640
177,69309931,6.4758,310130,54161,68945640
178,69309931,6.4951,310130,54161,68945640
179,136649933,6.5138,310130,67394163,68945640
180,136649933,6.5315,310130,67394163,68945640
181,747914.8457,6.5745,33891.0829,24567.3628,689456.4
182,747914.8457,6.6177,33891.0829,24567.3628,689456.4
183,747914.8457,6.6608,33891.0829,24567.3628,689456.4
184,747914.8457,6.7045,33891.0829,24567.3628,689456.4
185,747914.8457,6.7479,33891.0829,24567.3628,689456.4
186,69309931,6.7668,310130,54161,68945640
187,69309931,6.7848,310130,54161,68945640
188,69309931,6.8028,310130,54161,68945640
189,69309931,6.8207,310130,54161,68945640
190,69309931,6.8386,310130,54161,68945640
191,747914.8457,6.8825,33891.0829,24567.3628,689456.4
192,747914.8457,6.9262,33891.0829,24567.3628,689456.4
193,747914.8457,6.97,33891.0829,24567.3628,689456.4
194,747914.8457,7.0139,33891.0829,24567.3628,689456.4
195,747914.8457,7.0578,33891.0829,24567.3628,689456.4
196,69309931,7.0765,310130,54161,68945640
197,69309931,7.0945,310130,54161,68945640
198,69309931,7.1121,310130,54161,68945640
199,69309931,7.1298,310130,54161,68945640
200,68755791.473,7.148,620.26,171907.51,68583263.703
201,1284696.64,7.1658,1112789.13,171907.51,0
202,921446.22,7.1836,749538.71,171907.51,0
203,1124680.1,7.2016,952772.59,171907.51,0
204,1761900.45,7.2199,952772.59,809127.86,0
205,2463752.55,7.2382,952772.59,1510979.96,0
206,3180183.74,7.2568,1407324.76,1772858.98,0
207,125477138.4285,7.3007,76896398.3984,48580740.0302,0
208,96572901.9167,7.3435,76896398.3984,19676503.5184,0
209,85468177.6564,7.3862,65791674.138,19676503.5184,0
210,77695041.5605,7.4288,65791674.138,11903367.4224,0
211,77695041.5605,7.4731,65791674.138,11903367.4224,0
212,62351716.8304,7.5156,50448349.408,11903367.4224,0
213,55838992.2436,7.5581,43935624.8212,11903367.4224,0
214,55805101.1608,7.6011,43901733.7383,11903367.4224,0
215,19089514.4897,7.6437,19064947.1269,24567.3628,0
216,18904845.0794,7.6864,18880277.7166,24567.3628,0
217,18904845.0794,7.7292,18880277.7166,24567.3628,0
218,18904845.0794,7.7728,18880277.7166,24567.3628,0
219,18904845.0794,7.8159,18880277.7166,24567.3628,0
220,18904845.0794,7.8593,18880277.7166,24567.3628,0
221,346080.32,7.8783,345538.71,541.61,0
222,346080.32,7.8965,345538.71,541.61,0
223,346080.32,7.9144,345538.71,541.61,0
224,346080.32,7.9322,345538.71,541.61,0
225,346080.32,7.9502,345538.71,541.61,0
226,18904845.0794,7.9941,18880277.7166,24567.3628,0
227,18904845.0794,8.0374,18880277.7166,24567.3628,0
228,18904845.0794,8.0808,18880277.7166,24567.3628,0
229,18904845.0794,8.1245,18880277.7166,24567.3628,0
230,18904845.0794,8.1682,18880277.7166,24567.3628,0
231,346080.32,8.1871,345538.71,541.61,0
232,346080.32,8.2053,345538.71,541.61,0
233,346080.32,8.2233,345538.71,541.61,0
234,346080.32,8.2414,345538.71,541.61,0
235,730386.86,8.2595,729845.25,541.61,0
236,39903401.8069,8.3046,39878834.4441,24567.3628,0
237,39903401.8069,8.3495,39878834.4441,24567.3628,0
238,39903401.8069,8.3939,39878834.4441,24567.3628,0
239,39903401.8069,8.4388,39878834.4441,24567.3628,0
240,18904845.0794,8.4815,18880277.7166,24567.3628,0
241,18904845.0794,8.5266,18880277.7166,24567.3628,0
242,18904845.0794,8.5715,18880277.7166,24567.3628,0
243,8880639.4325,8.6144,6546615.6696,24567.3628,2309456.4
244,2367914.8457,8.6574,33891.0829,24567.3628,2309456.4
245,1649334.5057,8.7006,33891.0829,24567.3628,1590876.06
246,1649334.5057,8.7436,33891.0829,24567.3628,1590876.06
247,1543443.4228,8.7866,0,24567.3628,1518876.06
248,1529334.5057,8.83,33891.0829,24567.3628,1470876.06
249,1529334.5057,8.8729,33891.0829,24567.3628,1470876.06
250,141467462.0258,8.9163,1374.5379,870.047,141465217.4408
251,141467462.0258,8.9616,1374.5379,870.047,141465217.4408
252,141467462.0258,9.0061,1374.5379,870.047,141465217.4408
253,146315679.6516,9.0255,620.26,541.61,146314517.7816
254,146315679.6516,9.0438,620.26,541.61,146314517.7816
255,146952900.0016,9.0624,620.26,637761.96,146314517.7816
256,146952900.0016,9.0806,620.26,637761.96,146314517.7816
257,147540133.9216,9.0992,620.26,1224995.88,146314517.7816
258,142410799.7142,9.1429,1374.5379,944207.7355,141465217.4408
259,142410799.7142,9.1877,1374.5379,944207.7355,141465217.4408
260,141467462.0258,9.2318,1374.5379,870.047,141465217.4408
261,141467462.0258,9.2755,1374.5379,870.047,141465217.4408
262,141467462.0258,9.3194,1374.5379,870.047,141465217.4408
263,141467462.0258,9.3633,1374.5379,870.047,141465217.4408
264,141467462.0258,9.4083,1374.5379,870.047,141465217.4408
265,146315679.6516,9.4276,620.26,541.61,146314517.7816
266,146315679.6516,9.4463,620.26,541.61,146314517.7816
267,146315679.6516,9.4656,620.26,541.61,146314517.7816
268,146491784.7816,9.4841,176725.39,541.61,146314517.7816
269,60436006.4413,9.5021,1238894.26,541.61,59196570.5713
270,60541949.1013,9.5205,1344836.92,541.61,59196570.5713
271,1345378.53,9.5387,1344836.92,541.61,0
272,1663705.34,9.5569,1663163.73,541.61,0
273,1992784.6,9.5751,1981539.01,11245.59,0
274,2663283.87,9.5935,2470159.26,193124.61,0
275,3110449.67,9.6122,2917325.06,193124.61,0
276,6069792.2591,9.6577,5759555.2019,310237.0571,0
277,4121052.6783,9.7005,3828010.588,293042.0903,0
278,3943767.2891,9.7433,3650725.1988,293042.0903,0
279,3766481.9,9.7873,3473439.8097,293042.0903,0
280,3765611.853,9.8305,3473439.8097,292172.0433,0
281,3530835.7816,9.8732,3238663.7383,292172.0433,0
282,1839421.435,9.9155,1547249.3917,292172.0433,0
283,699488.0126,9.9582,699488.0126,0,0
284,699488.0126,10.0025,699488.0126,0,0
285,698113.4747,10.045,698113.4747,0,0
286,690623.7431,10.0876,690623.7431,0,0
287,690623.7431,10.1303,690623.7431,0,0
288,690623.7431,10.1739,690623.7431,0,0
289,690623.7431,10.2174,690623.7431,0,0
290,690623.7431,10.2607,690623.7431,0,0
291,311643.84,10.2799,311643.84,0,0
292,311643.84,10.2985,311643.84,0,0
293,311643.84,10.3174,311643.84,0,0
294,560537.56,10.3368,560537.56,0,0
295,560537.56,10.3574,560537.56,0,0
296,690623.7431,10.4016,690623.7431,0,0
297,690623.7431,10.4475,690623.7431,0,0
298,690623.7431,10.4917,690623.7431,0,0
299,690623.7431,10.5375,690623.7431,0,0
300,31164384,10.5819,31164384,0,0
301,311643.84,10.6009,311643.84,0,0
302,311643.84,10.6194,311643.84,0,0
303,311643.84,10.6383,311643.84,0,0
304,368413.78,10.6569,368413.78,0,0
305,368413.78,10.6753,368413.78,0,0
306,36841378,10.7215,36841378,0,0
307,36841378,10.7659,36841378,0,0
308,36841378,10.8108,36841378,0,0
309,29553871,10.8547,29553871,0,0
310,29553871,10.8997,29553871,0,0
311,29553871,10.9442,29553871,0,0
312,29553871,10.9898,29553871,0,0
313,3871482.4,11.0332,62026,0,3809456.4
314,3730820.81,11.0762,62026,351852.11,3316942.7
315,3690820.81,11.1197,62026,351852.11,3276942.7
316,3690820.81,11.1633,62026,351852.11,3276942.7
317,3628794.81,11.2066,0,351852.11,3276942.7
318,3610820.81,11.2497,62026,351852.11,3196942.7
319,3610820.81,11.2928,62026,351852.11,3196942.7
320,3610820.81,11.3359,62026,351852.11,3196942.7
321,3610820.81,11.3796,62026,351852.11,3196942.7
322,3610820.81,11.4234,62026,351852.11,3196942.7
323,318366438.4997,11.4434,620.26,351852.11,318013966.1297
324,318366438.4997,11.4618,620.26,351852.11,318013966.1297
325,318366438.4997,11.4799,620.26,351852.11,318013966.1297
326,318679688.9197,11.4984,313870.68,351852.11,318013966.1297
327,318679688.9197,11.5174,313870.68,351852.11,318013966.1297
328,3610820.81,11.5631,62026,351852.11,3196942.7
329,3291451.77,11.6059,62026,351852.11,2877573.66
330,3291451.77,11.6497,62026,351852.11,2877573.66
331,3291451.77,11.694,62026,351852.11,2877573.66
332,3291451.77,11.738,62026,351852.11,2877573.66
333,3291451.77,11.7818,62026,351852.11,2877573.66
334,286597393.9467,11.8028,620.26,351852.11,286244921.5767
335,286597393.9467,11.8213,620.26,351852.11,286244921.5767
336,286597393.9467,11.8413,620.26,351852.11,286244921.5767
337,286911720.7567,11.8603,314947.07,351852.11,286244921.5767
338,286911720.7567,11.8792,314947.07,351852.11,286244921.5767
339,3291451.77,11.9229,62026,351852.11,2877573.66
340,3291451.77,11.9668,62026,351852.11,2877573.66
341,3291451.77,12.0113,62026,351852.11,2877573.66
342,3291451.77,12.0562,62026,351852.11,2877573.66
343,3291451.77,12.1013,62026,351852.11,2877573.66
344,140756973.8774,12.1201,962789.13,351852.11,139442332.6374
345,137927766.8338,12.1385,2155951.31,1851852.11,133919963.4138
346,137927766.8338,12.157,2155951.31,1851852.11,133919963.4138
347,137927766.8338,12.1755,2155951.31,1851852.11,133919963.4138
348,66010600.5513,12.1942,4600551.61,1851852.11,59558196.8313
349,7125803.74,12.2124,4600551.61,2525252.13,0
350,365955511.5583,12.2307,276465279.2596,89490232.2986,0
351,345809728.1261,12.2493,234248608.5975,89490232.2986,22070887.23
352,303265483.3931,12.2677,199505567.4845,89490232.2986,14269683.61
353,300718970.1131,12.286,199505567.4845,89490232.2986,11723170.33
354,282385905.5406,12.3042,179281536.952,89490232.2986,13614136.29
355,282385905.5406,12.3224,179281536.952,89490232.2986,13614136.29
356,282385905.5406,12.3407,179281536.952,89490232.2986,13614136.29
357,299726793.753,12.3593,196622425.1644,89490232.2986,13614136.29
358,282385905.5406,12.3779,179281536.952,89490232.2986,13614136.29
359,304792708.4153,12.3969,179281536.952,112072134.7033,13439036.76
360,302727527.0894,12.415,170912890.8228,118375599.5066,13439036.76
361,302727527.0894,12.4335,170912890.8228,118375599.5066,13439036.76
362,302727527.0894,12.452,170912890.8228,118375599.5066,13439036.76
363,323538003.5128,12.4711,170912890.8228,139186075.93,13439036.76
364,347198232.7228,12.4901,190962717.3099,142796478.6529,13439036.76
365,271363000.3,12.5341,255782541,4029457.77,11551001.53
366,243453734.28,12.5773,230166495,3356057.75,9931181.53
367,217306600.23,12.6203,207085803,3356057.75,6864739.48
368,186149504.21,12.663,176030586,3254178.73,6864739.48
369,175463456.21,12.7068,165344538,3254178.73,6864739.48
370,168778480.21,12.7506,159699562,3254178.73,5824739.48
371,162970651.48,12.7938,155383344,1754178.73,5833128.75
372,154970651.48,12.8369,147383344,1754178.73,5833128.75
373,153370651.48,12.8801,147383344,1754178.73,4233128.75
374,152713258.24,12.9239,147383344,1116958.38,4212955.86
375,101374253.42,12.9682,95464036,1116958.38,4793259.04
376,101322253.42,13.0123,95464036,1116958.38,4741259.04
377,101282253.42,13.0565,95464036,1116958.38,4701259.04
378,101266253.42,13.1004,95464036,1116958.38,4685259.04
379,101266253.42,13.1446,95464036,1116958.38,4685259.04
380,100679019.5,13.1885,95464036,529724.46,4685259.04
381,100501147.15,13.233,95464036,351852.11,4685259.04
382,100501147.15,13.277,95464036,351852.11,4685259.04
383,100501147.15,13.321,95464036,351852.11,4685259.04
384,100501147.15,13.3654,95464036,351852.11,4685259.04
385,100501147.15,13.4101,95464036,351852.11,4685259.04
386,78787602.1308,13.429,61633359.6239,12468983.4669,4685259.04
387,78787602.1308,13.4475,61633359.6239,12468983.4669,4685259.04
388,75688025.6319,13.4654,58422997.1251,12468983.4669,4796045.04
389,75688025.6319,13.4839,58422997.1251,12468983.4669,4796045.04
390,75688025.6319,13.5026,58422997.1251,12468983.4669,4796045.04
391,79867653.5319,13.5217,58422997.1251,12468983.4669,8975672.94
392,84952399.2641,13.5405,63507742.8572,12468983.4669,8975672.94
393,99819024.05,13.5849,90491499,351852.11,8975672.94
394,95639396.15,13.6286,90491499,351852.11,4796045.04
395,84420455.15,13.6715,72383344,351852.11,11685259.04
396,83841221.24,13.7145,72383344,351852.11,11106025.13
397,72052815.24,13.7575,60594938,351852.11,11106025.13
398,32626993.29,13.8007,22949962,351852.11,9325179.18
399,21596339.29,13.8437,11919308,351852.11,9325179.18
400,347656565.6154,13.8869,6578425.2271,573244.871,340504895.5172
401,184995368.7405,13.93,22400685.4697,573244.871,162021438.3997
402,169173108.4979,13.9739,6578425.2271,573244.871,162021438.3997
403,129422659.3809,14.0168,0,573244.871,128849414.5099
404,123577976.6629,14.0602,0,573244.871,123004731.7919
405,122362435.3531,14.1041,0,566727.9868,121795707.3664
406,121153410.9276,14.1477,0,566727.9868,120586682.9408
407,121153410.9276,14.1912,0,566727.9868,120586682.9408
408,121153410.9276,14.2346,0,566727.9868,120586682.9408
409,121153410.9276,14.2786,0,566727.9868,120586682.9408
410,121153410.9276,14.3228,0,566727.9868,120586682.9408
411,15119918.1867,14.3418,0,12327230.9167,2792687.27
412,15119918.1867,14.3598,0,12327230.9167,2792687.27
413,15119918.1867,14.3778,0,12327230.9167,2792687.27
414,19879266.3215,14.396,4759348.1348,12327230.9167,2792687.27
415,24579234.9745,14.4144,9459316.7878,12327230.9167,2792687.27
416,125171224.7774,14.4584,4017813.8498,566727.9868,120586682.9408
417,124099131.9881,14.5029,2945721.0605,566727.9868,120586682.9408
418,121153410.9276,14.5471,0,566727.9868,120586682.9408
419,121153410.9276,14.5915,0,566727.9868,120586682.9408
420,121153410.9276,14.6355,0,566727.9868,120586682.9408
421,96012000.1663,14.6792,0,566727.9868,95445272.1795
422,96012000.1663,14.7239,0,566727.9868,95445272.1795
423,69825148.4123,14.7675,47411905.639,566727.9868,21846514.7866
424,65409841.5994,14.8107,42996598.8261,566727.9868,21846514.7866
425,52253591.6269,14.8562,29840348.8536,566727.9868,21846514.7866
426,52253591.6269,14.903,29840348.8536,566727.9868,21846514.7866
427,52253591.6269,14.9473,29840348.8536,566727.9868,21846514.7866
428,51735438.3017,14.9911,29840348.8536,566727.9868,21328361.4614
429,51735438.3017,15.0363,29840348.8536,566727.9868,21328361.4614
430,51217284.9765,15.0796,29840348.8536,566727.9868,20810208.1361
431,31992133.3918,15.1223,29840348.8536,0,2151784.5383
432,31992133.3918,15.1678,29840348.8536,0,2151784.5383
433,31992133.3918,15.2118,29840348.8536,0,2151784.5383
434,31992133.3918,15.2551,29840348.8536,0,2151784.5383
435,28481849.1257,15.2983,26330064.5875,0,2151784.5383
436,27576826.579,15.3435,25425042.0407,0,2151784.5383
437,27576826.579,15.3871,25425042.0407,0,2151784.5383
438,27576826.579,15.4313,25425042.0407,0,2151784.5383
439,27576826.579,15.4748,25425042.0407,0,2151784.5383
440,27576826.579,15.519,25425042.0407,0,2151784.5383
441,29791604.8265,15.5381,29741771.2865,0,49833.54
442,29791604.8265,15.5562,29741771.2865,0,49833.54
443,29791604.8265,15.574,29741771.2865,0,49833.54
444,29791604.8265,15.5923,29741771.2865,0,49833.54
445,48078779.4851,15.6112,48028945.9451,0,49833.54
446,27576826.579,15.6548,25425042.0407,0,2151784.5383
447,23161519.7661,15.6975,21009735.2279,0,2151784.5383
448,23161519.7661,15.7411,21009735.2279,0,2151784.5383
449,5267322.1622,15.7844,3115537.6239,0,2151784.5383
450,2035779.0459,15.8311,0,0,2035779.0459
451,0,15.8744,0,0,0
