1,11911142217,0.10216,10996406070,0,914736147
2,8219223945,0.11938,7253024290,0,966199655
3,5973664543,0.13624,5155243295,1178258,817242990
4,4716508960,0.15295,3959374900,1178258,755955802
5,3766732290,0.17008,3194610300,1178258,570943732
6,2994248956,0.18687,2462720900,1178258,530349798
7,2564540906,0.2035,2033012850,1178258,530349798
8,2141085493,0.22062,1571712565,39023130,530349798
9,1883994553,0.23738,1571712565,39023130,273258858
10,1663119965,0.25402,1571712565,39023130,52384270
11,1499453810,0.27074,1408046410,39023130,52384270
12,1360369285,0.28778,1268961885,39023130,52384270
13,1225757480,0.30445,1134350080,39023130,52384270
14,1161476060,0.32127,1070068660,39023130,52384270
15,1098252370,0.33829,1006844970,39023130,52384270
16,1069870500,0.35529,1030847370,39023130,0
17,920598680,0.37211,881575550,39023130,0
18,927707252,0.3907,881575550,46131702,0
19,953298677,0.40795,907166975,46131702,0
20,655922342,0.42658,609790640,46131702,0
21,596115127,0.44359,549983425,46131702,0
22,589006555,0.46064,549983425,39023130,0
23,624132970,0.47774,572248900,51884070,0
24,675047785,0.4947,595650905,79396880,0
25,736578725,0.51165,595650905,140927820,0
26,763123085,0.5289,622195265,140927820,0
27,581498860,0.57171,440571040,140927820,0
28,420384270,0.61238,279456450,140927820,0
29,324348420,0.65273,183420600,140927820,0
30,262817480,0.69332,183420600,79396880,0
31,211902665,0.73429,160018595,51884070,0
32,171902665,0.77498,120018595,51884070,0
33,131902665,0.81531,80018595,51884070,0
34,94057793,0.85632,80018595,14039198,0
35,58931378,0.89734,57753120,1178258,0
36,46174978,0.93795,44996720,1178258,0
37,28326028,0.98035,27147770,1178258,0
38,15569628,1.0218,14391370,1178258,0
39,8197278,1.0644,7019020,1178258,0
40,2266168,1.1048,1087910,1178258,0
41,778258,1.1464,0,778258,0
42,378258,1.1877,0,378258,0
43,0,1.2296,0,0,0
