1,18239525097,0.084493,16240693280,0,1998831817
2,14936354477,0.11278,13829230010,15825070,1091299397
3,12778565622,0.14118,10781107675,15825070,1981632877
4,9752968772,0.16934,8645844305,15825070,1091299397
5,7749112678,0.19758,6772203005,15825070,961084603
6,5755321139,0.22598,4983188250,15825070,756307819
7,4391673064,0.25429,3619540175,15825070,756307819
8,3606258294,0.28252,3284125405,15825070,306307819
9,3183031567,0.31069,2883730340,15825070,283476157
10,2815686822,0.33892,2516385595,15825070,283476157
11,2530050767,0.36711,2230749540,15825070,283476157
12,2264216347,0.39518,1964915120,15825070,283476157
13,2074859072,0.42334,1775557845,15825070,283476157
14,2026457515,0.45148,1701393185,41588173,283476157
15,2006816475,0.47981,1681752145,41588173,283476157
16,1715859168,0.50851,1146090890,41588173,528180105
17,1258644834,0.5368,1008147110,41588173,208909551
18,979922859,0.56489,745250205,25763103,208909551
19,754593919,0.59346,519921265,25763103,208909551
20,699782077,0.62162,519921265,28162206,151698606
21,758819569,0.64979,519921265,87199698,151698606
22,918327844,0.6783,647008290,119620948,151698606
23,1158497299,0.70728,887177745,119620948,151698606
24,1402199089,0.73658,1130879535,119620948,151698606
25,1128241314,0.80458,856921760,119620948,151698606
26,888071859,0.87232,616752305,119620948,151698606
27,701018834,0.9398,462120530,87199698,151698606
28,548776959,1.0073,309878655,87199698,151698606
29,397078353,1.075,309878655,87199698,0
30,265296673,1.1426,178096975,87199698,0
31,202038768,1.2101,114839070,87199698,0
32,143001276,1.2781,114839070,28162206,0
33,86689851,1.3456,58527645,28162206,0
34,46689851,1.4131,18527645,28162206,0
35,20926748,1.4808,18527645,2399103,0
36,14074278,1.549,11675175,2399103,0
37,7917193,1.6166,5518090,2399103,0
38,2399103,1.6842,0,2399103,0
39,0,1.7517,0,0,0
