1,13556211129,0.07763,11492033140,0,2064177989
2,9740913645,0.1011,8717818320,0,1023095325
3,5943354020,0.12447,4991896100,0,951457920
4,4486278460,0.14791,3534820540,0,951457920
5,3684795685,0.17118,3367723285,0,317072400
6,2995530920,0.19433,2678458520,0,317072400
7,2461796944,0.21762,2147782060,0,314014884
8,2121701389,0.24083,1807686505,0,314014884
9,1822673499,0.26406,1459508030,49150585,314014884
10,1570638249,0.28734,1207472780,49150585,314014884
11,1349249749,0.31086,986084280,49150585,314014884
12,1163643059,0.3342,720042515,49150585,394449959
13,1077597675,0.35756,664547265,95978010,317072400
14,1039664991,0.38088,573244305,149348286,317072400
15,1039664991,0.40444,573244305,149348286,317072400
16,1077820231,0.4282,580464245,180283586,317072400
17,994169181,0.45256,496813195,180283586,317072400
18,1073605316,0.47607,576249330,180283586,317072400
19,756586686,0.49937,576303100,180283586,0
20,672272561,0.52284,541139560,131133001,0
21,899986038,0.54675,694351555,205634483,0
22,1270178198,0.5708,1064543715,205634483,0
23,1471439033,0.5947,1265804550,205634483,0
24,1605691490,0.61862,1369544860,236146630,0
25,1309122538,0.6756,1103488055,205634483,0
26,960450978,0.73138,754816495,205634483,0
27,732737501,0.7869,601604500,131133001,0
28,521585216,0.84242,390452215,131133001,0
29,402130086,0.89801,270997085,131133001,0
30,343370621,0.95396,212237620,131133001,0
31,295370621,1.0128,172237620,123133001,0
32,255370621,1.0761,132237620,123133001,0
33,215370621,1.1317,132237620,83133001,0
34,175587806,1.1873,92454805,83133001,0
35,139433111,1.243,56300110,83133001,0
36,111084966,1.2988,27951965,83133001,0
37,83447261,1.3546,31249560,52197701,0
38,63429236,1.4103,19231535,44197701,0
39,51777381,1.466,7579680,44197701,0
40,48479786,1.5218,4282085,44197701,0
41,46479786,1.5776,2282085,44197701,0
42,44479786,1.6341,282085,44197701,0
43,44079786,1.6898,282085,43797701,0
44,43679786,1.7456,282085,43397701,0
45,43279786,1.8013,282085,42997701,0
46,42879786,1.8571,282085,42597701,0
47,42479786,1.913,282085,42197701,0
48,42079786,1.9687,282085,41797701,0
49,41679786,2.0244,282085,41397701,0
50,12766829.5487,2.0803,213829.44,6781217.6087,5771782.5
51,4420103.03,2.1367,213829.44,0,4206273.59
52,484796.78,2.1927,213829.44,0,270967.34
53,213829.44,2.249,213829.44,0,0
54,564.17,2.3051,564.17,0,0
55,129.8,2.361,129.8,0,0
56,0,2.417,0,0,0
