1,17291340406,0.11901,15369756170,22488705,1899095531
2,12199163298,0.15446,11090862295,22488705,1085812298
3,9731903983,0.18991,8623602980,22488705,1085812298
4,8246262523,0.22527,7137961520,22488705,1085812298
5,6877850293,0.2606,5769549290,22488705,1085812298
6,5611242088,0.29587,4724542765,22488705,864210618
7,4587825783,0.33129,4125674415,22488705,439662663
8,4011873075,0.36659,3542585010,24396704,444891361
9,3636873075,0.4019,3167585010,24396704,444891361
10,3285089008,0.43731,2798782810,41414837,444891361
11,3031018204,0.47273,1580006035,41414837,1409597332
12,1817685115,0.50816,1756581850,41414837,19688428
13,1807531455,0.54368,1273471830,41414837,492644788
14,1532269220,0.57915,1471165955,41414837,19688428
15,1532269220,0.61462,1471165955,41414837,19688428
16,1576869790,0.65038,1515766525,41414837,19688428
17,1579614632,0.68609,1453110440,106815764,19688428
18,1624672311,0.72157,1453110440,151873443,19688428
19,1393129526,0.80652,1221567655,151873443,19688428
20,1313129526,0.89146,1141567655,151873443,19688428
21,1233129526,0.97635,1061567655,151873443,19688428
22,1161479961,1.0612,989918090,151873443,19688428
23,1079107886,1.146,907546015,151873443,19688428
24,849192206,1.2307,677630335,151873443,19688428
25,650336186,1.3156,478774315,151873443,19688428
26,567748016,1.4003,418674850,129384738,19688428
27,497434816,1.4852,348361650,129384738,19688428
28,448580604,1.5701,308361650,129384738,10834216
29,403522925,1.6548,308361650,84327059,10834216
30,359772350,1.7395,264611075,84327059,10834216
31,319772350,1.8243,264611075,44327059,10834216
32,279772350,1.909,224611075,44327059,10834216
33,239772350,1.9937,184611075,44327059,10834216
34,199772350,2.0784,144611075,44327059,10834216
35,169775210,2.1631,114613935,44327059,10834216
36,140831530,2.2478,85670255,44327059,10834216
37,116182215,2.333,61020940,44327059,10834216
38,95640980,2.4178,40479705,44327059,10834216
39,77854295,2.5027,22693020,44327059,10834216
40,61232942,2.5875,23089800,27308926,10834216
41,45425032,2.6723,7281890,27308926,10834216
42,35517033,2.7556,7281890,25400927,2834216
43,28631923,2.8051,396780,25400927,2834216
44,25797707,2.8549,396780,25400927,0
45,25397707,2.9049,396780,25000927,0
46,24997707,2.9544,396780,24600927,0
47,24597707,3.004,396780,24200927,0
48,24197707,3.0532,396780,23800927,0
49,23797707,3.1155,396780,23400927,0
50,326967.7686,3.1653,326967.7686,0,0
51,1323.1054,3.2145,1323.1054,0,0
52,0,3.2637,0,0,0
