1,44787653455,0.21916,40457254860,0,4330398595
2,36561295581,0.28615,32263907825,0,4297387756
3,31537246663,0.35388,27344316525,0,4192930138
4,26654524571,0.42049,22441388330,0,4213136241
5,22735433956,0.48728,18610116915,0,4125317041
6,19508288453,0.55427,16383662210,36683898,3087942345
7,16925342087,0.62113,13743970250,36683898,3144687939
8,14640593456,0.6877,11629936095,36683898,2973973463
9,12525440464,0.7542,9176943185,36683898,3311813381
10,11365612584,0.82074,8500365805,36683898,2828562881
11,10451783015,0.8893,7847532825,36683898,2567566292
12,9931467565,0.9562,7327217375,36683898,2567566292
13,9415933387,1.0229,6307002880,36683898,3072246609
14,8742819974,1.0902,5621037700,36683898,3085098376
15,8272402964,1.157,5616047685,36683898,2619671381
16,7900956017,1.2235,5218692330,36683898,2645579789
17,7640146222,1.29,4957882535,36683898,2645579789
18,7443118095,1.3566,4716108905,81429401,2645579789
19,7327867234,1.4231,4550993785,131293660,2645579789
20,7224596274,1.4899,4447722825,131293660,2645579789
21,7123972533,1.5569,4502863620,131293660,2489815253
22,7037162832,1.625,4957590690,157065290,1922506852
23,6778260779,1.6917,5126457345,187984513,1463818921
24,6473786511,1.7584,5126457345,222748595,1124580571
25,6278137772,1.8249,4950282460,228850621,1099004691
26,6200152183,1.8913,4843608970,257538522,1099004691
27,6213412830,1.9581,4849905175,264502964,1099004691
28,6229649220,2.0247,4849905175,280739354,1099004691
29,6250484124,2.0928,4849905175,301574258,1099004691
30,6301707269,2.16,4861645760,341056818,1099004691
31,5826649696,2.3218,4906501690,341056818,579091188
32,5422521583,2.4824,4451774620,315285188,655461775
33,5118996224,2.6453,4196837405,315285188,606873631
34,4835872599,2.8125,3913713780,315285188,606873631
35,4560774774,2.9733,3766615955,315285188,478873631
36,4371181659,3.1338,3577022840,315285188,478873631
37,4198366181,3.294,3425017165,275285188,498063828
38,4029246741,3.4553,3375897725,275285188,378063828
39,3891621521,3.6159,3246272505,267285188,378063828
40,3763621521,3.7761,3126272505,259285188,378063828
41,3642970086,3.9361,3013621070,251285188,378063828
42,3522839346,4.0967,3013490330,251285188,258063828
43,3414472766,4.2574,2913123750,243285188,258063828
44,3303433521,4.4177,2802084505,243285188,258063828
45,3197032594,4.5778,2688351050,250617716,258063828
46,3106324904,4.7395,2597643360,250617716,258063828
47,3018992376,4.8997,2517643360,243285188,258063828
48,2931962641,5.0613,2430613625,243285188,258063828
49,2845860615,5.2223,2350613625,237183162,258063828
50,416014936.1195,5.3837,370601134.2872,22012466.2324,23401335.5999
51,402799314.1731,5.544,357385512.3408,22012466.2324,23401335.5999
52,390480078.9541,5.7145,345066277.1219,22012466.2324,23401335.5999
53,377407888.8621,5.8758,328486192.4052,21345720.5436,27575975.9133
54,367587705.2357,6.0365,319332754.4676,20678974.8548,27575975.9133
55,355749801.7698,6.197,310785454.3346,17388371.5219,27575975.9133
56,342543253.7837,6.3586,298245652.0373,16721625.8331,27575975.9133
57,333434255.0269,6.5196,289136653.2805,16721625.8331,27575975.9133
58,309556526.9987,6.6803,265258925.2523,16721625.8331,27575975.9133
59,300780695.7231,6.8405,256483093.9768,16721625.8331,27575975.9133
60,292247822.0934,7.0011,247950220.347,16721625.8331,27575975.9133
61,284268637.5865,7.1618,230680450.3159,16721625.8331,36866561.4375
62,270386269.9513,7.3223,217464828.3695,16054880.1443,36866561.4375
63,256921044.1136,7.4827,217464828.3695,16054880.1443,23401335.5999
64,249082315.0168,7.6447,217134437.8208,16054880.1443,15892997.0517
65,241806798.5145,7.7562,206731096.9207,16054880.1443,19020821.4495
66,234271291.2198,7.8539,212282807.0713,16054880.1443,5933604.0042
67,218317374.8981,7.9519,200123285.9475,16054880.1443,2139208.8063
68,211042818.2361,8.0497,193515474.9743,15388134.4555,2139208.8063
69,204428221.8753,8.1486,187477548.8766,14811464.1923,2139208.8063
70,197820410.9021,8.2464,180869737.9034,14811464.1923,2139208.8063
71,191212599.9289,8.3437,174261926.9302,14811464.1923,2139208.8063
72,184604788.9557,8.441,167654115.957,14811464.1923,2139208.8063
73,177996977.9825,8.539,161046304.9838,14811464.1923,2139208.8063
74,171473207.6272,8.6368,154522534.6285,14811464.1923,2139208.8063
75,165019434.6395,8.7351,148068761.6408,14811464.1923,2139208.8063
76,159803812.6931,8.8328,141460950.6676,15478209.8812,2864652.1443
77,154854171.3712,8.9304,137178055.0346,14811464.1923,2864652.1443
78,150285359.8872,9.028,132609243.5506,14811464.1923,2864652.1443
79,146037403.6982,9.1255,119393621.6042,14811464.1923,11832317.9017
80,135716545.0615,9.2232,119393621.6042,13458271.3131,2864652.1443
81,122500923.1151,9.3208,106177999.6578,13458271.3131,2864652.1443
82,112137823.7839,9.4185,95814900.3265,13458271.3131,2864652.1443
83,106647107.8584,9.5165,90324184.401,13458271.3131,2864652.1443
84,102445041.647,9.6142,90324184.401,11721823.5107,399033.7353
85,98499146.0256,9.7119,86378288.7796,11721823.5107,399033.7353
86,94553688.4134,9.8101,83013270.1272,11141384.5509,399033.7353
87,87279131.7514,9.9077,76405459.154,10474638.8621,399033.7353
88,80280616.0555,10.0062,69797648.1808,10083934.1394,399033.7353
89,74689971.0307,10.1036,64207003.156,10083934.1394,399033.7353
90,71245678.4701,10.201,60762710.5953,10083934.1394,399033.7353
91,67949294.5099,10.2982,60762710.5953,7186583.9146,0
92,65551978.427,10.3957,57698648.8236,7853329.6034,0
93,63252308.2287,10.4931,55398978.6253,7853329.6034,0
94,58944167.4538,10.5904,51090837.8504,7853329.6034,0
95,56792675.7646,10.6878,48939346.1612,7853329.6034,0
96,48676057.8832,10.7851,40822728.2798,7853329.6034,0
97,46814502.8979,10.8826,38961173.2945,7853329.6034,0
98,42506362.123,10.9801,34653032.5196,7853329.6034,0
99,40658792.5697,11.0788,32805462.9663,7853329.6034,0
100,39887649.7389,11.1768,23232381.9614,16655267.7775,0
101,38210408.9388,11.274,21555141.1613,16655267.7775,0
102,35130202.3858,11.3743,18474934.6083,16655267.7775,0
103,33028536.1715,11.4788,16373268.394,16655267.7775,0
104,31483319.6794,11.5762,16373268.394,15110051.2854,0
105,29938103.1873,11.6737,16373268.394,13564834.7933,0
106,28392886.6952,11.7718,16373268.394,12019618.3012,0
107,26847670.2032,11.8693,16373268.394,10474401.8092,0
108,25302453.7111,11.9676,16373268.394,8929185.3171,0
109,23812886.5483,12.0652,14883701.2313,8929185.3171,0
110,22492858.6311,12.1627,14468377.8686,8024480.7625,0
111,21244642.5266,12.261,12547230.1641,8024480.7625,672931.6
112,19603613.6208,12.3587,11579132.8583,8024480.7625,0
113,18574017.5582,12.4564,10549536.7957,8024480.7625,0
114,17621987.8222,12.5541,9597507.0597,8024480.7625,0
115,16718646.5182,12.6516,8694165.7557,8024480.7625,0
116,14487308.5443,12.7497,6462827.7819,8024480.7625,0
117,12901573.9826,12.8472,4877093.2202,8024480.7625,0
118,11356357.4906,12.9445,4877093.2202,6479264.2704,0
119,10439753.8032,13.0421,4877093.2202,5562660.583,0
120,9789520.6975,13.1399,4226860.1145,5562660.583,0
121,9144042.3467,13.2376,3581381.7637,5562660.583,0
122,8498563.9959,13.3349,2935903.4129,5562660.583,0
123,7856781.8155,13.4323,2294121.2325,5562660.583,0
124,7534042.6401,13.53,1971382.0571,5562660.583,0
125,7211303.4647,13.6274,1648642.8817,5562660.583,0
126,6888564.2893,13.7256,1325903.7063,5562660.583,0
127,6565825.114,13.8249,1003164.5309,5562660.583,0
128,6243085.9386,13.922,680425.3556,5562660.583,0
129,5920346.7632,14.0193,357686.1802,5562660.583,0
130,5767209.445,14.1168,204548.862,5562660.583,0
131,5624895.185,14.2142,62234.602,5562660.583,0
132,5547634.3604,14.3172,62234.602,5485399.7584,0
133,5470373.5358,14.4146,62234.602,5408138.9338,0
134,5393112.7112,14.512,62234.602,5330878.1092,0
135,5315851.8866,14.6093,62234.602,5253617.2846,0
136,5238591.062,14.7065,62234.602,5176356.46,0
137,5161330.2374,14.8039,62234.602,5099095.6354,0
138,5084069.4128,14.9016,62234.602,5021834.8108,0
139,5006808.5882,14.999,62234.602,4944573.9862,0
140,4929547.7636,15.0963,62234.602,4867313.1616,0
141,4852286.939,15.1937,62234.602,4790052.337,0
142,4775026.1144,15.2907,62234.602,4712791.5124,0
143,4697765.2898,15.3879,62234.602,4635530.6878,0
144,4620504.4652,15.4853,62234.602,4558269.8631,0
145,4543243.6406,15.5828,62234.602,4481009.0385,0
146,4465982.816,15.6802,62234.602,4403748.2139,0
147,4388721.9914,15.7785,62234.602,4326487.3893,0
148,4326487.3893,15.8762,0,4326487.3893,0
149,4326487.3893,15.974,0,4326487.3893,0
150,22399385,16.0721,0,22399385,0
151,22399385,16.1698,0,22399385,0
152,22399385,16.2677,0,22399385,0
153,35034110,16.3102,12634725,22399385,0
154,51270500,16.3507,12634725,38635775,0
155,95345606,16.3919,12634725,59470679,23240202
156,359124269,16.4325,240463940,95420127,23240202
157,650347414,16.4732,492204525,134902687,23240202
158,96133456.9,16.5716,480927.88,95420127,232402.02
159,59728350.47,16.6692,25269.45,59470679,232402.02
160,38661044.45,16.7673,25269.45,38635775,0
161,22424654.45,16.8649,25269.45,22399385,0
162,22399385,16.9627,0,22399385,0
163,14477787.36,17.06,78402.36,14399385,0
164,1010624.6,17.1583,475498.6,535126,0
165,555498.6,17.256,555498.6,0,0
166,475498.6,17.3535,475498.6,0,0
167,395498.6,17.4511,395498.6,0,0
168,315498.6,17.549,315498.6,0,0
169,235498.6,17.6466,235498.6,0,0
170,157096.24,17.7445,157096.24,0,0
171,110179.42,17.8425,110179.42,0,0
172,106179.42,17.9401,106179.42,0,0
173,102179.42,18.0382,102179.42,0,0
174,98179.42,18.1362,98179.42,0,0
175,94179.42,18.2343,94179.42,0,0
176,90179.42,18.3322,90179.42,0,0
177,86179.42,18.4297,86179.42,0,0
178,82179.42,18.527,82179.42,0,0
179,78179.42,18.6243,78179.42,0,0
180,74179.42,18.723,74179.42,0,0
181,73448.92,18.821,73448.92,0,0
182,70179.42,18.9187,70179.42,0,0
183,60365.74,19.0162,60365.74,0,0
184,37605.93,19.1138,37605.93,0,0
185,16352.68,19.2112,16352.68,0,0
186,12352.68,19.3086,12352.68,0,0
187,8352.68,19.406,8352.68,0,0
188,4352.68,19.5036,4352.68,0,0
189,1083.18,19.6011,1083.18,0,0
190,0,19.6984,0,0,0
