1,52892190157,0.13179,47629673640,0,5262516517
2,48007665345,0.19355,43032066855,0,4975598490
3,43441671946,0.25511,38780780200,0,4660891746
4,39640032636,0.31684,34793256870,0,4846775766
5,36555736359,0.37892,31793256870,0,4762479489
6,33644126201,0.44043,29009968985,0,4634157216
7,30817483379,0.50209,26022612435,0,4794870944
8,28372693124,0.56373,24314901930,0,4057791194
9,25933149318,0.62501,21903290875,0,4029858443
10,23683149318,0.68629,19653290875,0,4029858443
11,21601093838,0.74761,17571235395,0,4029858443
12,19771828248,0.80923,16058342085,0,3713486163
13,18352638741,0.87078,14650781495,0,3701857246
14,16283201395,0.93292,13143962715,0,3139238680
15,14873646430,0.9945,11734407750,0,3139238680
16,13860335024,1.0564,10813444315,0,3046890709
17,12879109426,1.1039,9894265325,0,2984844101
18,11959576701,1.1607,8974732600,0,2984844101
19,11153404961,1.2223,8168560860,0,2984844101
20,10504630065,1.2836,7493346020,26439944,2984844101
21,9886918930,1.3448,6875634885,26439944,2984844101
22,9371123520,1.4064,5889239975,26439944,3455443601
23,8468511560,1.4676,6348055865,26439944,2094015751
24,8023077516,1.5292,5939977425,26439944,2056660147
25,7605639453,1.5904,5692853835,26439944,1886345674
26,7247575360,1.6518,5438798715,26439944,1782336701
27,6657301330,1.713,4811224275,26439944,1819637111
28,6376436690,1.7736,4652247175,26439944,1697749571
29,6222711940,1.8354,4498522425,26439944,1697749571
30,6071903430,1.8968,4485698135,26439944,1559765351
31,5982437869,1.958,4457544090,26439944,1498453835
32,5955515927,2.0193,4513769740,26439944,1415306243
33,5491239206,2.0799,4045543940,30389023,1415306243
34,5502868123,2.142,4045543940,30389023,1426935160
35,5541018194,2.2047,4057207020,56876014,1426935160
36,5581082678,2.2665,4057207020,96940498,1426935160
37,5661256629,2.3301,4101659190,132662279,1426935160
38,5195699614,2.4846,3998506780,132662279,1064530555
39,4842083544,2.6398,3998565345,132662279,710855920
40,4497947814,2.7889,3654429615,132662279,710855920
41,4160667705,2.9363,3343589450,106222335,710855920
42,3872392535,3.0836,3055314280,106222335,710855920
43,3594863405,3.2318,3055314280,106222335,433326790
44,3338594290,3.3794,2979263505,121814799,237515986
45,3112107299,3.5267,2779263505,95327808,237515986
46,2896250877,3.6738,2551360025,95327808,249563044
47,2693151284,3.8207,2360307490,95327808,237515986
48,2492495084,3.9678,2159651290,95327808,237515986
49,2310236609,4.1151,1977392815,95327808,237515986
50,317939905.6558,4.2624,289587296.954,3933532.5839,24419076.1179
51,297663380.0895,4.4099,269310771.3877,3933532.5839,24419076.1179
52,281287512.8844,4.5578,252934904.1825,3933532.5839,24419076.1179
53,265679927.9045,4.7055,237327319.2027,3933532.5839,24419076.1179
54,251822151.6231,4.853,223632494.648,3770580.8572,24419076.1179
55,238546411.8098,5.0005,210356754.8348,3770580.8572,24419076.1179
56,225702753.9824,5.149,197513097.0073,3770580.8572,24419076.1179
57,215192205.525,5.2991,187002548.5499,3770580.8572,24419076.1179
58,204272415.4814,5.4479,176082758.5063,3770580.8572,24419076.1179
59,194764440.3078,5.5963,166574783.3327,3770580.8572,24419076.1179
60,186294792.2107,5.7453,143882126.9461,3770580.8572,38642084.4074
61,147652707.8033,5.8948,143882126.9461,3770580.8572,0
62,132127789.0641,6.0442,128357208.2069,3770580.8572,0
63,124028077.5213,6.1925,120257496.6642,3770580.8572,0
64,113745406.6649,6.3412,109974825.8077,3770580.8572,0
65,105783173.9492,6.4896,98834793.8838,3770580.8572,3177799.2083
66,98935761.6719,6.6386,91987381.6064,3770580.8572,3177799.2083
67,92088349.3946,6.788,85139969.3291,3770580.8572,3177799.2083
68,85240937.1172,6.9369,78292557.0518,3770580.8572,3177799.2083
69,78455252.5706,7.086,65693234.5807,3770580.8572,8991437.1328
70,72240126.9193,7.2349,59478108.9293,3770580.8572,8991437.1328
71,66264775.3918,7.386,53502757.4019,3770580.8572,8991437.1328
72,60451137.4673,7.5352,53502757.4019,3770580.8572,3177799.2083
73,55559025.1639,7.6844,48610645.0985,3770580.8572,3177799.2083
74,50730697.0422,7.8334,48610645.0985,2120051.9437,0
75,46283768.652,7.9824,44493822.4909,1789946.161,0
76,42199896.6483,8.1309,40409950.4872,1789946.161,0
77,38996071.1889,8.2799,37206125.0279,1789946.161,0
78,36041134.6151,8.4286,34251188.4541,1789946.161,0
79,32875055.516,8.5779,31085109.355,1789946.161,0
80,30100021.005,8.7267,28310074.8439,1789946.161,0
81,23527317.493,8.8755,21737371.332,1789946.161,0
82,21007361.9282,9.0244,19217415.7672,1789946.161,0
83,16679905.2157,9.1742,14889959.0546,1789946.161,0
84,13852819.2443,9.3233,12062873.0833,1789946.161,0
85,11332863.6795,9.4716,9542917.5185,1789946.161,0
86,9377563.7056,9.6203,7587617.5445,1789946.161,0
87,8419188.7562,9.7687,6629242.5951,1789946.161,0
88,7035432.8698,9.9183,5245486.7088,1789946.161,0
89,6398313.6826,10.0672,4608367.5216,1789946.161,0
90,5880282.9779,10.2156,4090336.8169,1789946.161,0
91,5465117.5241,10.3639,3675171.3631,1789946.161,0
92,5068800.4285,10.513,3278854.2675,1789946.161,0
93,4726429.8147,10.6619,2936483.6536,1789946.161,0
94,4384059.2008,10.8102,2594113.0398,1789946.161,0
95,4041688.5869,10.9589,2251742.4259,1789946.161,0
96,3699317.9731,11.1076,1909371.812,1789946.161,0
97,3356947.3592,11.2573,1567001.1982,1789946.161,0
98,3014576.7453,11.4056,1224630.5843,1789946.161,0
99,2672206.1315,11.5539,882259.9704,1789946.161,0
100,11208500.1796,11.7022,994077.7521,5128917.4576,5085504.97
101,6122776.5786,11.8514,994077.7521,43193.8565,5085504.97
102,383513.254,12.0007,340319.3975,43193.8565,0
103,251448.5963,12.1496,208254.7398,43193.8565,0
104,157229.3774,12.2978,114035.5208,43193.8565,0
105,107694.5655,12.4466,64500.709,43193.8565,0
106,62023.9656,12.5961,18830.1091,43193.8565,0
107,18830.1091,12.7446,18830.1091,0,0
108,0,12.8928,0,0,0
