1,31283028902,0.12648,26681518670,0,4601510232
2,27843400555,0.17522,22382890345,0,5460510210
3,24973484314,0.22401,19558380435,46023835,5369080044
4,22263278964,0.2726,17283892825,46023835,4933362304
5,19574813489,0.32103,14595427350,46023835,4933362304
6,18046937333,0.36933,13845427350,46023835,4155486148
7,16559715102,0.41782,13302798270,46023835,3210892997
8,15178516950,0.46627,11802798270,46023835,3329694845
9,13951740783,0.51535,10582758315,46023835,3322958633
10,12839979293,0.56424,9621641725,46023835,3172313733
11,11792074683,0.61396,9651812010,111404087,2028858586
12,10849635651,0.66247,9056404040,148840830,1644390781
13,9910747641,0.71102,8440303090,148840830,1321603721
14,8781610988,0.75951,7484749975,148840830,1148020183
15,7701389289,0.80898,6520524430,187081860,993782999
16,6832309872,0.85754,5876284925,187081860,768943087
17,5968892517,0.90631,5012867570,187081860,768943087
18,5127138807,0.95487,4167546150,187081860,772510797
19,4781867922,1.0032,3822275265,187081860,772510797
20,4624843442,1.0515,3665250785,187081860,772510797
21,4047251002,1.1001,3087658345,187081860,772510797
22,3951947131,1.1582,3087658345,203474320,660814466
23,3760945954,1.2068,2940107945,166037577,654800432
24,3673307839,1.2554,2940107945,166037577,567162317
25,3624577956,1.3038,3122347100,166037577,336193279
26,3610745371,1.3524,3108514515,166037577,336193279
27,3610745371,1.4008,3108514515,166037577,336193279
28,3616759405,1.4492,3108514515,166037577,342207313
29,3600366945,1.4977,3108514515,149645117,342207313
30,3637426340,1.5462,3145573910,149645117,342207313
31,3664592710,1.595,3108514515,213870882,342207313
32,3703504310,1.6375,3205260625,213870882,284372803
33,3748154428,1.6664,2849384745,148490630,750279053
34,3282248178,1.737,2849384745,148490630,284372803
35,2903670578,1.8068,2470807145,148490630,284372803
36,2595144778,1.8754,2162281345,148490630,284372803
37,2355581468,1.944,1922718035,148490630,284372803
38,2128956428,2.0127,1696092995,148490630,284372803
39,1963668168,2.0813,1530804735,148490630,284372803
40,1846526428,2.15,1493662995,148490630,204372803
41,1750740453,2.2193,1397877020,148490630,204372803
42,1644152499,2.2883,1338947450,148490630,156714419
43,1560223974,2.3571,1335018925,148490630,76714419
44,1512223974,2.4255,1295018925,148490630,68714419
45,1464223974,2.4942,1255018925,148490630,60714419
46,1424223974,2.563,1215018925,148490630,60714419
47,1384223974,2.6316,1175018925,148490630,60714419
48,1344223974,2.7002,1135018925,148490630,60714419
49,1304223974,2.7686,1095018925,148490630,60714419
50,196839994.2978,2.8376,170896163.2848,16906196.8169,9037634.1961
51,184850291.4574,2.9066,158906460.4443,16906196.8169,9037634.1961
52,176234376.2945,2.9754,150290545.2815,16906196.8169,9037634.1961
53,169517622.4435,3.0441,143573791.4304,16906196.8169,9037634.1961
54,162800868.5924,3.1128,136857037.5794,16906196.8169,9037634.1961
55,156084114.7413,3.1814,130140283.7283,16906196.8169,9037634.1961
56,149390658.0957,3.251,123423529.8773,16906196.8169,9060931.4015
57,143584733.2615,3.3197,116706776.0262,17817025.8338,9060931.4015
58,137953512.6217,3.3886,111075555.3864,17817025.8338,9060931.4015
59,133399367.5374,3.4577,111075555.3864,13262880.7495,9060931.4015
60,129045487.5676,3.5283,111075555.3864,8909000.7797,9060931.4015
61,124990406.1133,3.6014,107020473.9321,8909000.7797,9060931.4015
62,121478955.2071,3.6703,103509023.0259,8909000.7797,9060931.4015
63,119828215.3529,3.7391,90075515.3238,8909000.7797,20843699.2494
64,108045447.505,3.8112,90075515.3238,8909000.7797,9060931.4015
65,106394707.6508,3.88,76642007.6217,8909000.7797,20843699.2494
66,99242704.1546,3.9489,81272771.9734,8909000.7797,9060931.4015
67,94611939.8029,4.0177,76642007.6217,8909000.7797,9060931.4015
68,93222673.723,4.0868,76642007.6217,8909000.7797,7671665.3216
69,92259726.3071,4.1557,75679060.2058,8909000.7797,7671665.3216
70,91348897.2903,4.2252,75679060.2058,7998171.7628,7671665.3216
71,90438068.2734,4.294,75679060.2058,7087342.746,7671665.3216
72,89527239.2566,4.3632,75679060.2058,6176513.7291,7671665.3216
73,88855563.8715,4.4322,75007384.8207,6176513.7291,7671665.3216
74,88183888.4864,4.5011,74335709.4356,6176513.7291,7671665.3216
75,87586622.9796,4.5704,73738443.9289,6176513.7291,7671665.3216
76,87006595.6484,4.6393,79369664.5687,6176513.7291,1460417.3506
77,81375375.0086,4.7082,73738443.9289,6176513.7291,1460417.3506
78,80653282.5828,4.777,73738443.9289,6176513.7291,738324.9248
79,80317444.8902,4.8459,73402606.2363,6176513.7291,738324.9248
80,79981607.1977,4.9146,73066768.5438,6176513.7291,738324.9248
81,79645769.5051,4.9938,72730930.8512,6176513.7291,738324.9248
82,79309931.8126,5.0624,72395093.1587,6176513.7291,738324.9248
83,78974094.12,5.1311,72059255.4661,6176513.7291,738324.9248
84,78638256.4274,5.2003,71723417.7735,6176513.7291,738324.9248
85,78302418.7349,5.2693,71387580.081,6176513.7291,738324.9248
86,77966581.0423,5.3382,71051742.3884,6176513.7291,738324.9248
87,77630743.3498,5.4072,70715904.6959,6176513.7291,738324.9248
88,77294905.6572,5.4764,70380067.0033,6176513.7291,738324.9248
89,76959067.9647,5.5452,70044229.3108,6176513.7291,738324.9248
90,76623230.2721,5.6138,69708391.6182,6176513.7291,738324.9248
91,76287392.5796,5.6825,69372553.9257,6176513.7291,738324.9248
92,75951554.887,5.7512,69036716.2331,6176513.7291,738324.9248
93,75615717.1945,5.8201,68700878.5406,6176513.7291,738324.9248
94,75279879.5019,5.889,68365040.848,6176513.7291,738324.9248
95,74944041.8094,5.9581,68029203.1555,6176513.7291,738324.9248
96,74608204.1168,6.027,67693365.4629,6176513.7291,738324.9248
97,74272366.4243,6.0964,67357527.7704,6176513.7291,738324.9248
98,73936528.7317,6.1653,67021690.0778,6176513.7291,738324.9248
99,73600691.0392,6.2349,66685852.3853,6176513.7291,738324.9248
100,71927038.8432,6.304,65569553.4407,4552584.9617,1804900.4408
101,70376533.5396,6.3729,58321159.2809,4552584.9617,7502789.2969
102,67009380.2831,6.4417,56059933.9299,4552584.9617,6396861.3914
103,61767285.0164,6.5108,48811539.7702,4552584.9617,8403160.2844
104,58176233.5016,6.5799,43214189.3624,4552584.9617,10409459.1774
105,52871700.8804,6.6487,40316706.3144,4552584.9617,8002409.6042
106,48108145.2637,6.7175,29161994.8894,4552584.9617,14393565.4126
107,42759769.4762,6.7862,25819917.9949,4552584.9617,12387266.5196
108,38025214.5089,6.8552,14665206.5699,4552584.9617,18807422.9772
109,33915572.8981,6.9241,14665206.5699,4552584.9617,14697781.3664
110,30278516.7457,6.9933,7416812.4102,4552584.9617,18309119.3738
111,28327310.4185,7.0621,5157693.6237,4552584.9617,18617031.833
112,27064115.3885,7.1307,4636600.2253,4552584.9617,17874930.2015
113,26305248.8709,7.2001,266395.7003,4552584.9617,21486268.2089
114,24514506.5759,7.2713,266395.7003,7032030.7225,17216080.1531
115,21034334.2412,7.3401,266395.7003,6360676.838,14407261.7029
116,17554161.9065,7.4089,266395.7003,5689322.9535,11598443.2527
117,16841753.2577,7.4784,266395.7003,5689322.9535,10886034.6039
118,16667744.641,7.5478,266395.7003,5655755.2593,10745593.6814
119,16366757.2735,7.6164,266395.7003,5655755.2593,10444606.3139
120,16052307.7343,7.6852,266395.7003,5622187.565,10163724.4689
121,15737858.195,7.754,266395.7003,5588619.8708,9882842.6239
122,15423408.6558,7.8228,266395.7003,5555052.1766,9601960.7789
123,15108959.1165,7.8917,266395.7003,5521484.4824,9321078.9339
124,14794509.5773,7.9605,266395.7003,5487916.7881,9040197.0888
125,14480060.038,8.0292,266395.7003,5454349.0939,8759315.2438
126,14165610.4988,8.0979,266395.7003,5420781.3997,8478433.3988
127,13851160.9595,8.1666,266395.7003,5387213.7055,8197551.5538
128,13678254.0281,8.2362,266395.7003,5387213.7055,8024644.6223
129,13453548.5521,8.3055,266395.7003,5387213.7055,7799939.1463
130,13228843.076,8.3743,266395.7003,5387213.7055,7575233.6703
131,13004137.6,8.4431,266395.7003,5387213.7055,7350528.1943
132,12779432.124,8.5118,266395.7003,5387213.7055,7125822.7182
133,12554726.648,8.5806,266395.7003,5387213.7055,6901117.2422
134,12330021.172,8.6493,266395.7003,5387213.7055,6676411.7662
135,12105315.696,8.7182,266395.7003,5387213.7055,6451706.2902
136,11880610.2199,8.787,266395.7003,5387213.7055,6227000.8142
137,11655904.7439,8.8558,266395.7003,5387213.7055,6002295.3382
138,11431199.2679,8.9245,266395.7003,5387213.7055,5777589.8621
139,11206493.7919,8.9932,266395.7003,5387213.7055,5552884.3861
140,10981788.3159,9.0622,266395.7003,5387213.7055,5328178.9101
141,10716321.3869,9.1312,266395.7003,5387213.7055,5062711.9811
142,10560796.2176,9.2007,110870.531,5387213.7055,5062711.9811
143,10449925.6866,9.2695,0,5387213.7055,5062711.9811
144,10377698.9264,9.3383,0,5387213.7055,4990485.221
145,10305472.1663,9.4069,0,5387213.7055,4918258.4608
146,10233245.4061,9.4757,0,5387213.7055,4846031.7007
147,10161018.646,9.5473,0,5387213.7055,4773804.9405
148,10088791.8858,9.6163,0,5387213.7055,4701578.1804
149,10048665.908,9.6849,0,5387213.7055,4661452.2025
150,104335489.299,9.7537,780384.58,34415848.5105,69139256.2085
151,76405560.6164,9.8227,1813300.02,5453004.3879,69139256.2085
152,65569305.0206,9.8919,1813300.02,1164105.7382,62591899.2624
153,65339587.5106,9.9619,1583582.51,1164105.7382,62591899.2624
154,65218552.1101,10.0311,1583582.51,1043070.3377,62591899.2624
155,65138552.1101,10.1005,1503582.51,1043070.3377,62591899.2624
156,65058552.1101,10.1698,1423582.51,1043070.3377,62591899.2624
157,64978552.1101,10.24,1343582.51,1043070.3377,62591899.2624
158,64969672.5601,10.3094,1334702.96,1043070.3377,62591899.2624
159,64969672.5601,10.3796,1334702.96,1043070.3377,62591899.2624
160,64969672.5601,10.4493,1334702.96,1043070.3377,62591899.2624
161,64969672.5601,10.5194,1334702.96,1043070.3377,62591899.2624
162,64969672.5601,10.5893,1334702.96,1043070.3377,62591899.2624
163,804226099,10.6195,667351480,1945619,134929000
164,804226099,10.6482,667351480,1945619,134929000
165,804226099,10.6778,667351480,1945619,134929000
166,820618559,10.7064,667351480,18338079,134929000
167,820618559,10.7351,667351480,18338079,134929000
168,69468973.8553,10.8044,1334702.96,5542371.6329,62591899.2624
169,69468973.8553,10.8751,1334702.96,5542371.6329,62591899.2624
170,69468973.8553,10.9454,1334702.96,5542371.6329,62591899.2624
171,21013019.0787,11.0145,1413279.43,5542371.6329,14057368.0158
172,8294885.485,11.0832,1413279.43,5542371.6329,1339234.422
173,4005986.8353,11.1518,1413279.43,1253472.9832,1339234.422
174,2666752.4132,11.2212,1413279.43,1253472.9832,0
175,1623682.0755,11.2901,1413279.43,210402.6455,0
176,1413279.43,11.3588,1413279.43,0,0
177,1253279.43,11.4276,1253279.43,0,0
178,1173279.43,11.4964,1173279.43,0,0
179,1093279.43,11.5647,1093279.43,0,0
180,1039659.94,11.6333,1039659.94,0,0
181,1031659.94,11.7019,1031659.94,0,0
182,1027659.94,11.7704,1027659.94,0,0
183,1023659.94,11.8391,1023659.94,0,0
184,1019659.94,11.9077,1019659.94,0,0
185,1015659.94,11.9766,1015659.94,0,0
186,1011659.94,12.0452,1011659.94,0,0
187,1007659.94,12.114,1007659.94,0,0
188,1003659.94,12.1827,1003659.94,0,0
189,999659.94,12.2521,999659.94,0,0
190,995659.94,12.3206,995659.94,0,0
191,991659.94,12.389,991659.94,0,0
192,987659.94,12.4575,987659.94,0,0
193,983659.94,12.5293,983659.94,0,0
194,979659.94,12.598,979659.94,0,0
195,975659.94,12.6667,975659.94,0,0
196,971659.94,12.7366,971659.94,0,0
197,967659.94,12.8052,967659.94,0,0
198,963659.94,12.8737,963659.94,0,0
199,959659.94,12.9427,959659.94,0,0
200,87328757.54,13.0118,72730970,0,14597787.54
201,79187934.82,13.0806,72730970,536257.64,5920707.18
202,78227934.82,13.1494,72730970,536257.64,4960707.18
203,77769038.07,13.219,21307607,536257.64,55925173.43
204,7453559.07,13.2879,992128,536257.64,5925173.43
205,7010073.87,13.3581,992128,536257.64,5481688.23
206,6749047.27,13.4269,992128,536257.64,5220661.63
207,6606694.27,13.4959,849775,536257.64,5220661.63
208,6349047.27,13.565,592128,536257.64,5220661.63
209,6233047.27,13.6341,592128,536257.64,5104661.63
210,6136617.27,13.7035,495698,536257.64,5104661.63
211,6136617.27,13.7726,495698,536257.64,5104661.63
212,6136617.27,13.8419,495698,536257.64,5104661.63
213,6136617.27,13.9115,495698,536257.64,5104661.63
214,6136617.27,13.9813,495698,536257.64,5104661.63
215,566570417,14.0116,2478490,53625764,510466163
216,566570417,14.0402,2478490,53625764,510466163
217,566570417,14.0742,2478490,53625764,510466163
218,627509288,14.1029,2478490,114564635,510466163
219,705172914,14.1315,69441400,125265351,510466163
220,6746005.98,14.2002,495698,1145646.35,5104661.63
221,6136617.27,14.2699,495698,536257.64,5104661.63
222,6018125.79,14.3389,495698,536257.64,4986170.15
223,5946125.79,14.4079,495698,536257.64,4914170.15
224,5946125.79,14.4775,495698,536257.64,4914170.15
225,5570125.79,14.5468,95698,536257.64,4938170.15
226,1866376.07,14.6154,95698,536257.64,1234420.43
227,1191280.06,14.6988,95698,0,1095582.06
228,689757.61,14.8143,95698,0,594059.61
229,412753.43,14.9299,95698,0,317055.43
230,159268.97,15.0456,95698,0,63570.97
231,63570.97,15.1613,0,0,63570.97
232,28869.8,15.277,0,0,28869.8
233,0,15.3926,0,0,0
