1,3346562122,0.077601,2543078240,0,803483882
2,2712862501,0.11138,1893665215,0,819197286
3,2090591546,0.1437,1271039455,354805,819197286
4,1691731402,0.17962,970622055,354805,720754542
5,1399533334,0.20975,970622055,354805,428556474
6,1126477344,0.23919,697566065,354805,428556474
7,870252629,0.26829,854372930,15879699,0
8,781430239,0.29786,765550540,15879699,0
9,741401029,0.32793,725521330,15879699,0
10,741401029,0.35724,725521330,15879699,0
11,741401029,0.38655,725521330,15879699,0
12,761638562,0.41646,700366420,61272142,0
13,787297725,0.44659,700366420,86931305,0
14,597005835,0.51716,510074530,86931305,0
15,424674076,0.58887,353267665,71406411,0
16,261692056,0.65937,190285645,71406411,0
17,197967371,0.7297,134560960,63406411,0
18,137888276,0.8008,74481865,63406411,0
19,85665401,0.87116,22258990,63406411,0
20,60006238,0.94111,22258990,37747248,0
21,44239603,1.0114,6492355,37747248,0
22,29747248,1.0827,0,29747248,0
23,21747248,1.153,0,21747248,0
24,13747248,1.2239,0,13747248,0
25,5747248,1.2944,0,5747248,0
26,5347248,1.3655,0,5347248,0
27,4947248,1.4366,0,4947248,0
28,4547248,1.5078,0,4547248,0
29,4192443,1.5784,0,4192443,0
30,4164393,1.6491,371950,3792443,0
31,3792443,1.7192,0,3792443,0
32,3764393,1.7909,371950,3392443,0
33,3392443,1.8612,0,3392443,0
34,3364393,1.9315,371950,2992443,0
35,2992443,2.0026,0,2992443,0
36,2964393,2.0731,371950,2592443,0
37,2592443,2.1455,0,2592443,0
38,2564393,2.2157,371950,2192443,0
39,2192443,2.286,0,2192443,0
40,2164393,2.3563,371950,1792443,0
41,1792443,2.427,0,1792443,0
42,1764393,2.4976,371950,1392443,0
43,1392443,2.5693,0,1392443,0
44,1364393,2.6404,371950,992443,0
45,992443,2.7112,0,992443,0
46,964393,2.7831,371950,592443,0
47,592443,2.8539,0,592443,0
48,564393,2.9245,371950,192443,0
49,192443,2.9948,0,192443,0
50,743.9,3.066,743.9,0,0
51,0,3.1468,0,0,0
