1,8808391278,0.21742,7748486815,0,1059904463
2,7601709158,0.2605,6097665605,0,1504043553
3,6793604658,0.30366,5253862280,35698825,1504043553
4,6017638145,0.34662,4531048195,35698825,1450891125
5,5399886790,0.39047,3794072335,106579785,1499234670
6,4843346942,0.43433,3331371035,106579785,1405396122
7,4291676508,0.4774,2805984935,106579785,1379111788
8,3773499053,0.52027,2261567630,132819635,1379111788
9,3260923733,0.56364,1875363620,132819635,1252740478
10,2775154840,0.60686,1405127575,132819635,1237207630
11,2376161751,0.64981,1286412575,132819635,956929541
12,2001161751,0.69301,911412575,132819635,956929541
13,1718646256,0.7362,628897080,132819635,956929541
14,1544404596,0.78038,454655420,132819635,956929541
15,1379006526,0.82366,326223370,132819635,919963521
16,1337769950,0.85182,200835780,132819635,1004114535
17,1330592643,0.87806,200835780,132819635,996937228
18,1330592643,0.90388,200835780,132819635,996937228
19,1330592643,0.92941,200835780,132819635,996937228
20,1330592643,0.95493,200835780,132819635,996937228
21,1304352793,0.98054,200835780,106579785,996937228
22,1304352793,1.006,200835780,106579785,996937228
23,1304352793,1.0317,200835780,106579785,996937228
24,1304352793,1.0573,200835780,106579785,996937228
25,1268653968,1.0829,200835780,70880960,996937228
26,1268653968,1.1087,200835780,70880960,996937228
27,1268653968,1.1347,200835780,70880960,996937228
28,1268653968,1.1607,200835780,70880960,996937228
29,1268653968,1.1868,200835780,70880960,996937228
30,1028653968,1.2519,200835780,70880960,756937228
31,900653968,1.3139,200835780,70880960,628937228
32,792352468,1.3762,92534280,70880960,628937228
33,719742152,1.4376,292534280,70880960,356326912
34,669329157,1.4993,242121285,70880960,356326912
35,621329157,1.5618,242121285,70880960,308326912
36,577013019,1.6239,242121285,70880960,264010774
37,537013019,1.6878,202121285,70880960,264010774
38,505623335,1.7804,162121285,70880960,272621090
39,481623335,1.8779,162121285,70880960,248621090
40,457623335,1.9685,162121285,70880960,224621090
41,440800642,2.0304,162121285,70880960,207798397
42,429912997,2.0942,151233640,70880960,207798397
43,423512997,2.1608,151233640,70880960,201398397
44,419112997,2.2222,151233640,71280960,196598397
45,414919925,2.2838,151233640,71680960,192005325
46,411319925,2.345,151233640,71680960,188405325
47,407719925,2.4064,151233640,71680960,184805325
48,404119925,2.4694,151233640,71680960,181205325
49,400519925,2.5351,151233640,71680960,177605325
50,64014292.225,2.5966,25641238.7624,12828725.129,25544328.3336
51,49794015.2875,2.6577,11420961.8249,12828725.129,25544328.3336
52,41288820.3774,2.7216,13558253.1781,12828725.129,14901842.0703
53,29385445.5994,2.7835,13558253.1781,12828725.129,2998467.2923
54,27248154.2462,2.8452,11420961.8249,12828725.129,2998467.2923
55,25119656.9935,2.9063,11420961.8249,12828725.129,869970.0396
56,24464345.9018,2.9673,11420961.8249,12828725.129,214658.9479
57,24249686.9539,3.0288,11420961.8249,12828725.129,0
58,24152255.7996,3.0902,11323530.6706,12828725.129,0
59,24098649.6341,3.1519,11269924.5051,12828725.129,0
60,24001218.4798,3.2139,11172493.3508,12828725.129,0
61,23947612.3143,3.275,11118887.1853,12828725.129,0
62,23850181.16,3.3362,11021456.031,12828725.129,0
63,23796574.9945,3.3974,10967849.8655,12828725.129,0
64,23699143.8402,3.4586,10870418.7112,12828725.129,0
65,23645537.6747,3.5205,10816812.5457,12828725.129,0
66,23548106.5204,3.5822,10719381.3914,12828725.129,0
67,23494500.3549,3.6439,10665775.2259,12828725.129,0
68,23397069.2006,3.7055,10568344.0716,12828725.129,0
69,23343463.0351,3.7668,10514737.9061,12828725.129,0
70,23246031.8808,3.8288,10417306.7518,12828725.129,0
71,23192425.7153,3.8907,10363700.5863,12828725.129,0
72,23094994.561,3.9526,10266269.432,12828725.129,0
73,23041388.3955,4.0147,10212663.2665,12828725.129,0
74,22943957.2412,4.0758,10115232.1122,12828725.129,0
75,22890351.0757,4.1375,10061625.9466,12828725.129,0
76,22792919.9214,4.1991,9964194.7924,12828725.129,0
77,22739313.7559,4.2605,9910588.6268,12828725.129,0
78,22641882.6016,4.3219,9813157.4726,12828725.129,0
79,22588276.4361,4.3833,9759551.307,12828725.129,0
80,22490845.2818,4.4448,9662120.1528,12828725.129,0
81,22437239.1163,4.5071,9608513.9872,12828725.129,0
82,22339807.962,4.5688,9511082.833,12828725.129,0
83,22286201.7965,4.6309,9457476.6674,12828725.129,0
84,22188770.6422,4.6927,9360045.5132,12828725.129,0
85,22135164.4767,4.7542,9306439.3476,12828725.129,0
86,22037733.3224,4.8157,9209008.1934,12828725.129,0
87,21984127.1568,4.8815,9155402.0278,12828725.129,0
88,21886696.0026,4.9489,9057970.8736,12828725.129,0
89,21833089.837,5.012,9004364.708,12828725.129,0
90,21735658.6828,5.0731,8906933.5538,12828725.129,0
91,21682052.5172,5.1424,8853327.3882,12828725.129,0
92,21584621.363,5.2043,8755896.234,12828725.129,0
93,21531015.1974,5.2658,8702290.0684,12828725.129,0
94,21433584.0432,5.3279,8604858.9142,12828725.129,0
95,21379977.8776,5.3895,8551252.7486,12828725.129,0
96,21282546.7234,5.4514,8453821.5944,12828725.129,0
97,21228940.5578,5.5175,8400215.4288,12828725.129,0
98,21131509.4036,5.5793,8302784.2745,12828725.129,0
99,21077903.238,5.6412,8249178.109,12828725.129,0
100,46642337.4426,5.7047,11367130.79,19282104.2527,15993102.4
101,22200149.9304,5.7661,2918045.6777,19282104.2527,0
102,18572692.1876,5.8278,18572692.1876,0,0
103,100984.9937,5.8895,100984.9937,0,0
104,0,5.9508,0,0,0
