1,17825338248,0.12987,14988173405,0,2837164843
2,15808494157,0.17186,14259383115,0,1549111042
3,14192564147,0.21384,12575947940,0,1616616207
4,12692564147,0.25594,11075947940,0,1616616207
5,11362050727,0.29797,9740923390,0,1621127337
6,9690936317,0.3399,8387286750,24608060,1279041507
7,8547573871,0.38181,6887286750,24608060,1635679061
8,7495189552,0.42388,6887286750,25843381,582059421
9,6516196446,0.4658,5952101590,25843381,538251475
10,5679362296,0.50772,5202101590,25843381,451417325
11,4929362296,0.54947,4452101590,25843381,451417325
12,4318863136,0.59132,3841602430,25843381,451417325
13,3767048356,0.63325,3289787650,25843381,451417325
14,3327822493,0.6752,2797851445,78553723,451417325
15,2952822493,0.71709,2422851445,78553723,451417325
16,2530198312,0.7589,1950948820,78553723,500695769
17,2226347852,0.8009,1647098360,78553723,500695769
18,1923056675,0.84304,1298653425,78553723,545849527
19,1622151775,0.88511,997748525,78553723,545849527
20,1380790875,0.92717,756387625,78553723,545849527
21,1179373095,0.96933,539894040,93629528,545849527
22,990351212,1.0113,396025915,93629528,500695769
23,879272613,1.0532,313902420,106395052,458975141
24,764055180,1.0955,313902420,106395052,343757708
25,611128723,1.1374,171886770,106395052,332846901
26,408550666,1.1793,171886770,106395052,130268844
27,298421074,1.221,52728325,115423905,130268844
28,256306066,1.263,52728325,115423905,88153836
29,220654266,1.3048,17076525,115423905,88153836
30,220654266,1.3467,17076525,115423905,88153836
31,220654266,1.389,17076525,115423905,88153836
32,219418945,1.4308,17076525,114188584,88153836
33,219418945,1.473,17076525,114188584,88153836
34,219418945,1.5154,17076525,114188584,88153836
35,219418945,1.5581,17076525,114188584,88153836
36,219418945,1.6008,17076525,114188584,88153836
37,131265109,1.7019,17076525,114188584,0
38,91265109,1.8023,17076525,74188584,0
39,59112779,1.9027,0,59112779,0
40,46347255,1.986,0,46347255,0
41,38347255,2.0475,0,38347255,0
42,30347255,2.1099,0,30347255,0
43,22347255,2.1712,0,22347255,0
44,14347255,2.2292,0,14347255,0
45,6347255,2.2874,0,6347255,0
46,5739195,2.3506,0,5739195,0
47,5339195,2.4087,0,5339195,0
48,4939195,2.4667,0,4939195,0
49,4539195,2.525,0,4539195,0
50,1084725.41,2.5833,55872.41,1028853,0
51,172474.65,2.6427,55872.41,0,116602.24
52,55872.41,2.7043,55872.41,0,0
53,0,2.7691,0,0,0
