1,10412774682,0.10692,8430822405,0,1981952277
2,8700254302,0.14789,7068357625,0,1631896677
3,7760999018,0.18829,6318357625,0,1442641393
4,6981872825,0.22917,5598264325,0,1383608500
5,6228205115,0.26995,4844596615,0,1383608500
6,5508626340,0.31057,4125017840,0,1383608500
7,4885325070,0.35159,3501716570,0,1383608500
8,4458922562,0.39206,3085780830,0,1373141732
9,3409500167,0.43259,2838267045,0,571233122
10,2979310072,0.4735,2385923500,22153450,571233122
11,2656902297,0.51404,2063515725,22153450,571233122
12,2351429940,0.55468,1941146470,22153450,388130020
13,1640534240,0.59564,1618380790,22153450,0
14,1357623735,0.63602,1335470285,22153450,0
15,1089083340,0.67659,1066929890,22153450,0
16,863823650,0.70152,841670200,22153450,0
17,712073385,0.72736,689919935,22153450,0
18,619949895,0.75615,597796445,22153450,0
19,529596905,0.77989,507443455,22153450,0
20,449495180,0.80339,427341730,22153450,0
21,378094095,0.82682,355940645,22153450,0
22,362170330,0.85041,340016880,22153450,0
23,362170330,0.87386,340016880,22153450,0
24,362170330,0.89763,340016880,22153450,0
25,362170330,0.92129,340016880,22153450,0
26,362170330,0.94499,340016880,22153450,0
27,235572845,1.0026,190481525,45091320,0
28,138304665,1.0591,93213345,45091320,0
29,86070345,1.1155,40979025,45091320,0
30,51495105,1.1718,6403785,45091320,0
31,29341655,1.2284,6403785,22937870,0
32,21341655,1.285,6403785,14937870,0
33,14937870,1.3416,0,14937870,0
34,14537870,1.3985,0,14537870,0
35,14137870,1.4597,0,14137870,0
36,13737870,1.5161,0,13737870,0
37,13337870,1.5731,0,13337870,0
38,12937870,1.631,0,12937870,0
39,12937870,1.6875,0,12937870,0
40,12937870,1.7458,0,12937870,0
41,12937870,1.8125,0,12937870,0
42,12937870,1.8696,0,12937870,0
43,12937870,1.8952,0,12937870,0
44,12937870,1.9188,0,12937870,0
45,12937870,1.9424,0,12937870,0
46,12937870,1.9661,0,12937870,0
47,12937870,1.9898,0,12937870,0
48,12937870,2.0543,0,12937870,0
49,12937870,2.1116,0,12937870,0
50,399070.71,2.1681,399070.71,0,0
51,319070.71,2.2247,319070.71,0,0
52,239070.71,2.2812,239070.71,0,0
53,159070.71,2.3376,159070.71,0,0
54,148772.92,2.4015,148772.92,0,0
55,79070.71,2.4587,79070.71,0,0
56,69702.21,2.5168,69702.21,0,0
57,0,2.573,0,0,0
