1,40761097994,0.21164,31525766705,0,9235331289
2,37977251408,0.3326,30025766705,0,7951484703
3,35823256608,0.43359,28996771905,0,6826484703
4,33768297908,0.53302,28621771905,0,5146526003
5,31723542788,0.63266,26577016785,0,5146526003
6,29729011348,0.73218,24582485345,0,5146526003
7,28065303796,0.8318,23082485345,0,4982818451
8,26481826178,0.93178,21582485345,0,4899340833
9,25132844422,1.0314,20113932865,0,5018911557
10,23804208413,1.1312,18444439955,0,5359768458
11,22674908762,1.2309,17694439955,0,4980468807
12,21614894123,1.3305,17046145305,0,4568748818
13,20639689615,1.4301,16741327745,0,3898361870
14,19646683570,1.5296,16607586320,0,3039097250
15,18674429465,1.6293,15310935295,0,3363494170
16,17877256998,1.7291,14352395455,8655533,3516206010
17,17089285103,1.8289,13564423560,8655533,3516206010
18,16313559085,1.9287,12817651940,8655533,3487251612
19,15578036800,2.0284,12067651940,23133248,3487251612
20,14887376787,2.128,12067651940,23133248,2796591599
21,14137376787,2.2277,11317651940,23133248,2796591599
22,13464762474,2.3275,10567651940,23133248,2873977286
23,12821077099,2.4273,9923966565,23133248,2873977286
24,12216239999,2.5278,9348304940,23133248,2844801811
25,11631906399,2.6274,8763971340,23133248,2844801811
26,11053741079,2.7273,8388971340,23133248,2641636491
27,10478425139,2.8266,7758502780,23133248,2696789111
28,9910256294,2.9261,7190333935,23133248,2696789111
29,9360928549,3.0256,6965403110,23133248,2372392191
30,8666411379,3.1254,6265821490,41592898,2358996991
31,8187956864,3.2252,5787366975,41592898,2358996991
32,7753158009,3.3249,5278765150,115395868,2358996991
33,7378158009,3.4245,4903765150,115395868,2358996991
34,7063973895,3.524,4811029985,115395868,2137548042
35,6672513535,3.6235,4467858345,115395868,2089259322
36,6362547242,3.723,4240747305,115395868,2006404069
37,5305939452,3.8226,3560157425,132465653,1613316374
38,4997019937,3.923,3251237910,132465653,1613316374
39,4759969412,4.0228,3000313180,146339858,1613316374
40,4534723522,4.1224,2775067290,146339858,1613316374
41,4317531752,4.2219,2557875520,146339858,1613316374
42,4115662487,4.3212,2356006255,146339858,1613316374
43,3928865057,4.4208,1966043505,146339858,1816481694
44,3435717204,4.5203,1966043505,176754949,1292918750
45,3198126324,4.62,1966043505,176754949,1055327870
46,3030977574,4.7194,1795388845,180260859,1055327870
47,2866246216,4.8189,1509691035,205164803,1151390378
48,2511466512,4.9184,1509691035,205164803,796610674
49,2349996775,5.018,1318888265,234497836,796610674
50,406848838.5079,5.1175,148039884.4849,23399706.6182,235409247.4047
51,376414229.0273,5.217,148039884.4849,26781836.8269,201592507.7155
52,301317102.137,5.3166,148039884.4849,26781836.8269,126495380.8252
53,283481550.1717,5.4172,130204332.5197,26781836.8269,126495380.8252
54,268307992.6169,5.5178,115030774.9649,26781836.8269,126495380.8252
55,253876996.0764,5.6174,115030774.9649,32117698.915,106728522.1965
56,215606453.4232,5.7171,149498821.0428,39190307.546,26917324.8344
57,181138407.3452,5.8165,115030774.9649,39190307.546,26917324.8344
58,165623773.0857,5.916,115030774.9649,44103178.6638,6489819.457
59,155645544.0995,6.0158,105052545.9787,44103178.6638,6489819.457
60,146507051.6461,6.1154,95341375.3958,44675856.7932,6489819.457
61,137457368.6973,6.215,92781511.9041,44675856.7932,0
62,130476210.7728,6.3147,85800353.9796,44675856.7932,0
63,127265915.5946,6.4143,82590058.8013,44675856.7932,0
64,124475183.482,6.514,79799326.6888,44675856.7932,0
65,121831114.752,6.6138,77155257.9587,44675856.7932,0
66,120094334.0761,6.7133,75418477.2829,44675856.7932,0
67,119100141.2681,6.8126,74424284.4749,44675856.7932,0
68,118649654.2903,6.9122,75418477.2829,43231177.0074,0
69,118649654.2903,7.0118,75418477.2829,43231177.0074,0
70,104542412.0651,7.1114,61311235.0577,43231177.0074,0
71,104542412.0651,7.2111,61311235.0577,43231177.0074,0
72,104542412.0651,7.3114,61311235.0577,43231177.0074,0
73,104542412.0651,7.411,61311235.0577,43231177.0074,0
74,104542412.0651,7.5105,61311235.0577,43231177.0074,0
75,840810822,7.758,407573875,433236947,0
76,800810822,8.0019,407573875,393236947,0
77,760810822,8.2515,407573875,353236947,0
78,720810822,8.5033,407573875,313236947,0
79,689950732,8.7473,416713785,273236947,0
80,660382932,8.9918,387145985,273236947,0
81,631018652,9.2389,357781705,273236947,0
82,611162882,9.4875,337925935,273236947,0
83,591648082,9.7326,318411135,273236947,0
84,578117819,9.9837,334213905,243903914,0
85,562315049,10.2296,318411135,243903914,0
86,553457779,10.4743,309553865,243903914,0
87,544802246,10.7183,309553865,235248381,0
88,536345274,10.9635,306835930,229509344,0
89,528345274,11.2097,306835930,221509344,0
90,520345274,11.4617,306835930,213509344,0
91,512345274,11.7093,306835930,205509344,0
92,504345274,11.9531,306835930,197509344,0
93,496345274,12.1973,306835930,189509344,0
94,492839364,12.442,306835930,186003434,0
95,490839364,12.6856,304835930,186003434,0
96,488839364,12.9288,302835930,186003434,0
97,480839364,13.1728,302835930,178003434,0
98,472839364,13.4162,302835930,170003434,0
99,464839364,13.6597,302835930,162003434,0
100,88998823.6153,13.903,39458620.5909,47436273.5444,2103929.48
101,85209417.1152,14.1622,34246739.6109,47436273.5444,3526403.96
102,73422558.5088,14.5316,1413081.6545,47436273.5444,24573203.31
103,52375759.1588,14.9002,1413081.6545,47436273.5444,3526403.96
104,43383040.2302,15.2693,1413081.6545,38443554.6158,3526403.96
105,38604409.8363,15.6382,1413081.6545,30631561.9218,6559766.26
106,35816290.8163,16.0068,1413081.6545,27843442.9019,6559766.26
107,33496290.8163,16.3745,1413081.6545,27843442.9019,4239766.26
108,31449042.9804,16.7426,1413081.6545,25796195.0659,4239766.26
109,29541686.5766,17.1111,1413081.6545,23888838.6621,4239766.26
110,28044322.6994,17.4799,222178.5773,23888838.6621,3933305.46
111,26447106.7566,17.8544,1413081.6545,21100719.6422,3933305.46
112,25038817.5905,18.2239,2792911.5083,18312600.6222,3933305.46
113,23658987.7367,18.5904,1413081.6545,18312600.6222,3933305.46
114,22320302.2595,18.9581,222178.5773,18312600.6222,3785523.06
115,19532183.2395,19.3257,222178.5773,15524481.6022,3785523.06
116,16744064.2195,19.6917,222178.5773,12736362.5823,3785523.06
117,14347172.3179,20.0603,222178.5773,10339470.6806,3785523.06
118,13633810.0179,20.4285,222178.5773,10339470.6806,3072160.76
119,12843546.4179,20.7959,222178.5773,10339470.6806,2281897.16
120,12413531.3363,21.1725,222178.5773,9909455.599,2281897.16
121,12045817.5963,21.5392,222178.5773,9909455.599,1914183.42
122,10680367.8563,21.9072,222178.5773,9909455.599,548733.68
123,10131634.1763,22.2662,222178.5773,9909455.599,0
124,9909455.599,22.6344,0,9909455.599,0
125,7121336.579,23.003,0,7121336.579,0
126,4333217.5591,23.3738,0,4333217.5591,0
127,3475992.9406,23.7427,0,3475992.9406,0
128,3336586.9896,24.1202,0,3336586.9896,0
129,3197181.0386,24.4802,0,3197181.0386,0
130,3057775.0876,24.8495,0,3057775.0876,0
131,2918369.1366,25.2149,0,2918369.1366,0
132,2778963.1856,25.5712,0,2778963.1856,0
133,2639557.2346,25.94,0,2639557.2346,0
134,2545533.1484,26.3125,0,2545533.1484,0
135,2497049.7641,26.681,90922.5667,2406127.1974,0
136,2406127.1974,27.0603,0,2406127.1974,0
137,2357643.8131,27.4288,90922.5667,2266721.2464,0
138,2266721.2464,27.7968,0,2266721.2464,0
139,2218237.8621,28.1646,90922.5667,2127315.2954,0
140,2127315.2954,28.5325,0,2127315.2954,0
141,2078831.9111,28.9004,90922.5667,1987909.3444,0
142,1987909.3444,29.2709,0,1987909.3444,0
143,1939425.9601,29.64,90922.5667,1848503.3934,0
144,1848503.3934,30.0168,0,1848503.3934,0
145,1800020.0091,30.3846,90922.5667,1709097.4424,0
146,1709097.4424,30.7544,0,1709097.4424,0
147,1660614.0581,31.1226,90922.5667,1569691.4914,0
148,1569691.4914,31.4904,0,1569691.4914,0
149,1521208.1071,31.8584,90922.5667,1430285.5404,0
150,486501.3966,32.2282,486501.3966,0,0
151,8341.6169,32.5901,8341.6169,0,0
152,0,32.9683,0,0,0
