1,6875191630,0.12416,6362098590,0,513093040
2,6012732300,0.18075,5499639260,0,513093040
3,5213783535,0.23665,4700690495,0,513093040
4,4534410005,0.29295,3798639385,0,735770620
5,3954121730,0.34878,3925765020,28356710,0
6,3394091515,0.40534,3365734805,28356710,0
7,2993467370,0.46142,2958733380,34733990,0
8,2595341599,0.51767,2558937685,36403914,0
9,2220953549,0.57422,2183937685,37015864,0
10,1876601499,0.63099,1839585635,37015864,0
11,1545235774,0.68667,1508219910,37015864,0
12,1282941714,0.74199,1245925850,37015864,0
13,1028018234,0.79759,989955705,38062529,0
14,822197749,0.85328,784135220,38062529,0
15,656252931,0.90967,604806800,51446131,0
16,516170031,0.96623,464723900,51446131,0
17,413943356,1.0222,362497225,51446131,0
18,324056021,1.0782,272609890,51446131,0
19,238379285,1.1339,156626110,81753175,0
20,238379285,1.1897,156626110,81753175,0
21,238379285,1.2452,156626110,81753175,0
22,238379285,1.3019,156626110,81753175,0
23,238379285,1.3575,156626110,81753175,0
24,142975915,1.4919,61222740,81753175,0
25,104306785,1.626,28930890,75375895,0
26,73999741,1.7612,28930890,45068851,0
27,56210706,1.896,11141855,45068851,0
28,45068851,2.0303,0,45068851,0
29,36013669,2.1646,4328420,31685249,0
30,31685249,2.2997,0,31685249,0
31,30015325,2.4328,0,30015325,0
32,28968660,2.5663,0,28968660,0
33,28356710,2.7012,0,28356710,0
34,27956710,2.8352,0,27956710,0
35,27556710,2.9693,0,27556710,0
36,27156710,3.1043,0,27156710,0
37,26756710,3.2383,0,26756710,0
38,26356710,3.3727,0,26356710,0
39,25956710,3.5068,0,25956710,0
40,25556710,3.6429,0,25556710,0
41,25156710,3.7774,0,25156710,0
42,24756710,3.9117,0,24756710,0
43,24356710,4.0466,0,24356710,0
44,23956710,4.1807,0,23956710,0
45,23556710,4.3143,0,23556710,0
46,23156710,4.4487,0,23156710,0
47,22756710,4.5835,0,22756710,0
48,22356710,4.7175,0,22356710,0
49,21956710,4.8512,0,21956710,0
50,10321706.2,4.9857,0,0,10321706.2
51,270806.74,5.1207,270806.74,0,0
52,266806.74,5.254,266806.74,0,0
53,262806.74,5.388,262806.74,0,0
54,258806.74,5.5227,258806.74,0,0
55,255390.44,5.6572,255390.44,0,0
56,254806.74,5.792,254806.74,0,0
57,254806.74,5.9267,254806.74,0,0
58,254806.74,6.0624,254806.74,0,0
59,254806.74,6.198,254806.74,0,0
60,254806.74,6.3334,254806.74,0,0
61,127403370,6.3908,127403370,0,0
62,127403370,6.4467,127403370,0,0
63,127403370,6.503,127403370,0,0
64,127403370,6.5599,127403370,0,0
65,127403370,6.6169,127403370,0,0
66,254806.74,6.7523,254806.74,0,0
67,254806.74,6.8877,254806.74,0,0
68,254806.74,7.0239,254806.74,0,0
69,254806.74,7.1612,254806.74,0,0
70,254806.74,7.2982,254806.74,0,0
71,127403370,7.3564,127403370,0,0
72,127403370,7.4124,127403370,0,0
73,127403370,7.4689,127403370,0,0
74,127403370,7.5253,127403370,0,0
75,127403370,7.5819,127403370,0,0
76,254806.74,7.72,254806.74,0,0
77,254806.74,7.8581,254806.74,0,0
78,254806.74,7.9785,254806.74,0,0
79,254806.74,8.0992,254806.74,0,0
80,254806.74,8.2392,254806.74,0,0
81,127403370,8.2977,127403370,0,0
82,127403370,8.3547,127403370,0,0
83,127403370,8.4119,127403370,0,0
84,127403370,8.4692,127403370,0,0
85,127403370,8.5265,127403370,0,0
86,254806.74,8.6666,254806.74,0,0
87,254806.74,8.8072,254806.74,0,0
88,254806.74,8.9382,254806.74,0,0
89,254806.74,9.0769,254806.74,0,0
90,254806.74,9.2169,254806.74,0,0
91,127403370,9.2748,127403370,0,0
92,127403370,9.3319,127403370,0,0
93,127403370,9.3883,127403370,0,0
94,127403370,9.4447,127403370,0,0
95,127403370,9.5001,127403370,0,0
96,254806.74,9.6496,254806.74,0,0
97,254806.74,9.7862,254806.74,0,0
98,254806.74,9.9194,254806.74,0,0
99,254806.74,10.0526,254806.74,0,0
100,10321706.2,10.186,0,0,10321706.2
101,446451520,10.2431,196251860,43315480,206884180
102,446451520,10.2986,196251860,43315480,206884180
103,446451520,10.3335,196251860,43315480,206884180
104,446451520,10.3672,196251860,43315480,206884180
105,446451520,10.4017,196251860,43315480,206884180
106,10321706.2,10.4831,0,0,10321706.2
107,8129196.94,10.5635,0,0,8129196.94
108,6769196.94,10.6436,0,0,6769196.94
109,6049196.94,10.7251,0,0,6049196.94
110,6045883.34,10.8088,64915,0,5980968.34
111,5165883.34,10.8889,64915,0,5100968.34
112,5100968.34,10.9692,0,0,5100968.34
113,5100968.34,11.0503,0,0,5100968.34
114,5100968.34,11.1311,0,0,5100968.34
115,5100968.34,11.2134,0,0,5100968.34
116,5100968.34,11.2949,0,0,5100968.34
117,510096834,11.3308,0,0,510096834
118,510096834,11.3645,0,0,510096834
119,510096834,11.3983,0,0,510096834
120,510096834,11.4318,0,0,510096834
121,510096834,11.4655,0,0,510096834
122,5100968.34,11.5472,0,0,5100968.34
123,5100968.34,11.6287,0,0,5100968.34
124,5100968.34,11.7124,0,0,5100968.34
125,5100968.34,11.7969,0,0,5100968.34
126,5100968.34,11.8797,0,0,5100968.34
127,510096834,11.9142,0,0,510096834
128,510096834,11.9479,0,0,510096834
129,510096834,11.9815,0,0,510096834
130,510096834,12.0157,0,0,510096834
131,510096834,12.0499,0,0,510096834
132,5100968.34,12.1329,0,0,5100968.34
133,5100968.34,12.2163,0,0,5100968.34
134,5100968.34,12.2984,0,0,5100968.34
135,5100968.34,12.3792,0,0,5100968.34
136,4620968.34,12.4596,0,0,4620968.34
137,4620968.34,12.5424,0,0,4620968.34
138,4584968.34,12.6226,0,0,4584968.34
139,4560968.34,12.7029,0,0,4560968.34
140,4524968.34,12.7841,0,0,4524968.34
141,3644968.34,12.8642,0,0,3644968.34
142,2764968.34,12.9444,0,0,2764968.34
143,2764968.34,13.0278,0,0,2764968.34
144,2764968.34,13.1086,0,0,2764968.34
145,2764968.34,13.1912,0,0,2764968.34
146,2764968.34,13.2817,0,0,2764968.34
147,276496834,13.3162,0,0,276496834
148,276496834,13.3517,0,0,276496834
149,276496834,13.3855,0,0,276496834
150,249606695.58,13.419,539711.58,0,249066984
151,240286314.1,13.453,1012215.3,433154.8,238840944
152,240019251.61,13.4866,745152.81,433154.8,238840944
153,240019251.61,13.5207,745152.81,433154.8,238840944
154,240019251.61,13.5564,745152.81,433154.8,238840944
155,240019251.61,13.5987,745152.81,433154.8,238840944
156,240019251.61,13.6439,745152.81,433154.8,238840944
157,23639985.74,13.7256,20544123,433154.8,2662707.94
158,2764968.34,13.8093,0,0,2764968.34
159,2764968.34,13.8917,0,0,2764968.34
160,2764968.34,13.9731,0,0,2764968.34
161,2764968.34,14.055,0,0,2764968.34
162,2764968.34,14.1381,0,0,2764968.34
163,275549110.95,14.1752,472468.95,0,275076642
164,275177187.7,14.2092,11775.25,88770.45,275076642
165,275177187.7,14.2432,11775.25,88770.45,275076642
166,275177187.7,14.2786,11775.25,88770.45,275076642
167,136068774.44,14.3126,696581.99,88770.45,135283422
168,136068774.44,14.3467,696581.99,88770.45,135283422
169,136068774.44,14.3805,696581.99,88770.45,135283422
170,136068774.44,14.4151,696581.99,88770.45,135283422
171,136068774.44,14.4491,696581.99,88770.45,135283422
172,63179576.47,14.5336,61658199,168543.25,1352834.22
173,61922051.47,14.6141,60480674,88543.25,1352834.22
174,61906051.47,14.6963,60480674,88543.25,1336834.22
175,61890051.47,14.7808,60480674,88543.25,1320834.22
176,2807309.67,14.8629,0,88543.25,2718766.42
177,2807309.67,14.944,0,88543.25,2718766.42
178,2752041.21,15.0259,0,88543.25,2663497.96
179,2728041.21,15.1082,0,88543.25,2639497.96
180,2728041.21,15.1907,0,88543.25,2639497.96
181,2700041.21,15.2722,0,88543.25,2611497.96
182,2672041.21,15.3555,0,88543.25,2583497.96
183,2672041.21,15.4393,0,88543.25,2583497.96
184,2672041.21,15.5198,0,88543.25,2583497.96
185,2672041.21,15.6006,0,88543.25,2583497.96
186,2672041.21,15.6832,0,88543.25,2583497.96
187,258438339.25,15.7209,0,88543.25,258349796
188,250797957.77,15.7561,552503.72,521698.05,249723756
189,250530895.28,15.7898,285441.23,521698.05,249723756
190,250530895.28,15.8234,285441.23,521698.05,249723756
191,250530895.28,15.8571,285441.23,521698.05,249723756
192,250530895.28,15.8906,285441.23,521698.05,249723756
193,250530895.28,15.9246,285441.23,521698.05,249723756
194,26958154.61,16.0071,23939219,521698.05,2497237.56
195,3537725.21,16.0889,865684,88543.25,2583497.96
196,2714104.65,16.1692,0,130606.69,2583497.96
197,2714104.65,16.2517,0,130606.69,2583497.96
198,2714104.65,16.3353,0,130606.69,2583497.96
199,2714104.65,16.4173,0,130606.69,2583497.96
200,235751414.5036,16.4986,302204.77,628498.5169,234820711.2167
201,247124697.46,16.5363,302204.77,130606.69,246691886
202,226481516.46,16.5717,302204.77,130606.69,226048705
203,226472746.01,16.6054,302204.77,121836.24,226048705
204,89684332.75,16.6391,907011.51,121836.24,88655485
205,89684332.75,16.6747,907011.51,121836.24,88655485
206,89684332.75,16.7088,907011.51,121836.24,88655485
207,89684332.75,16.7425,907011.51,121836.24,88655485
208,89684332.75,16.7769,907011.51,121836.24,88655485
209,78648281.7102,16.8592,907011.51,586293.8273,77154976.3729
210,78344403.3155,16.9398,987011.51,202415.4326,77154976.3729
211,78282991.4355,17.0217,925599.63,202415.4326,77154976.3729
212,77882991.4355,17.1021,525599.63,202415.4326,77154976.3729
213,77882991.4355,17.1842,525599.63,202415.4326,77154976.3729
214,77882991.4355,17.2657,525599.63,202415.4326,77154976.3729
215,77882991.4355,17.348,525599.63,202415.4326,77154976.3729
216,77882991.4355,17.4306,525599.63,202415.4326,77154976.3729
217,75344538.07,17.4673,525599.63,42063.44,74776875
218,75344538.07,17.5026,525599.63,42063.44,74776875
219,75344538.07,17.5367,525599.63,42063.44,74776875
220,75344538.07,17.5701,525599.63,42063.44,74776875
221,75344538.07,17.6037,525599.63,42063.44,74776875
222,71906517.3424,17.6888,525599.63,202415.4326,71178502.2798
223,71906517.3424,17.7718,525599.63,202415.4326,71178502.2798
224,71906517.3424,17.8534,525599.63,202415.4326,71178502.2798
225,71906517.3424,17.934,525599.63,202415.4326,71178502.2798
226,71906517.3424,18.015,525599.63,202415.4326,71178502.2798
227,75344538.07,18.0553,525599.63,42063.44,74776875
228,75344538.07,18.0897,525599.63,42063.44,74776875
229,75344538.07,18.1234,525599.63,42063.44,74776875
230,75344538.07,18.1579,525599.63,42063.44,74776875
231,75344538.07,18.1917,525599.63,42063.44,74776875
232,71906517.3424,18.2769,525599.63,202415.4326,71178502.2798
233,71906517.3424,18.3595,525599.63,202415.4326,71178502.2798
234,71906517.3424,18.4426,525599.63,202415.4326,71178502.2798
235,71712758.7498,18.5229,534256.47,0,71178502.2798
236,71704101.9098,18.6032,525599.63,0,71178502.2798
237,71704101.9098,18.685,525599.63,0,71178502.2798
238,71685513.7898,18.7657,507011.51,0,71178502.2798
239,284806.74,18.8454,284806.74,0,0
240,204806.74,18.9256,204806.74,0,0
241,200806.74,19.0055,200806.74,0,0
242,196806.74,19.0855,196806.74,0,0
243,192806.74,19.1655,192806.74,0,0
244,188806.74,19.2455,188806.74,0,0
245,184806.74,19.3257,184806.74,0,0
246,180806.74,19.4061,180806.74,0,0
247,176806.74,19.4877,176806.74,0,0
248,172806.74,19.5689,172806.74,0,0
249,168806.74,19.6505,168806.74,0,0
250,8960446.8,19.7319,8880674,79772.8,0
251,8960446.8,19.8161,8880674,79772.8,0
252,8960446.8,19.8976,8880674,79772.8,0
253,8960446.8,19.9778,8880674,79772.8,0
254,168579.54,20.0135,88806.74,79772.8,0
255,168579.54,20.0471,88806.74,79772.8,0
256,168579.54,20.0822,88806.74,79772.8,0
257,168579.54,20.1159,88806.74,79772.8,0
258,168579.54,20.1507,88806.74,79772.8,0
259,8960446.8,20.2324,8880674,79772.8,0
260,8960446.8,20.3132,8880674,79772.8,0
261,8960446.8,20.3954,8880674,79772.8,0
262,8960446.8,20.4784,8880674,79772.8,0
263,8960446.8,20.5595,8880674,79772.8,0
264,168579.54,20.5955,88806.74,79772.8,0
265,168579.54,20.6291,88806.74,79772.8,0
266,168579.54,20.6648,88806.74,79772.8,0
267,168579.54,20.6986,88806.74,79772.8,0
268,168579.54,20.734,88806.74,79772.8,0
269,8960446.8,20.8161,8880674,79772.8,0
270,8960446.8,20.8994,8880674,79772.8,0
271,8960446.8,20.9839,8880674,79772.8,0
272,8960446.8,21.0723,8880674,79772.8,0
273,8960446.8,21.1539,8880674,79772.8,0
274,168579.54,21.1884,88806.74,79772.8,0
275,168579.54,21.2221,88806.74,79772.8,0
276,168579.54,21.2556,88806.74,79772.8,0
277,168579.54,21.2907,88806.74,79772.8,0
278,168579.54,21.326,88806.74,79772.8,0
279,8960446.8,21.4132,8880674,79772.8,0
280,8960446.8,21.4972,8880674,79772.8,0
281,8960446.8,21.5795,8880674,79772.8,0
282,8960446.8,21.6635,8880674,79772.8,0
283,8960446.8,21.7478,8880674,79772.8,0
284,168579.54,21.7836,88806.74,79772.8,0
285,168579.54,21.8196,88806.74,79772.8,0
286,168579.54,21.8535,88806.74,79772.8,0
287,168579.54,21.8875,88806.74,79772.8,0
288,168579.54,21.923,88806.74,79772.8,0
289,8960446.8,22.0072,8880674,79772.8,0
290,2910153,22.0884,880674,79772.8,1949706.2
291,2514153,22.1699,480674,83772.8,1949706.2
292,2270101,22.2515,480674,83772.8,1705654.2
293,2190101,22.3343,480674,83772.8,1625654.2
294,2166101,22.4148,480674,83772.8,1601654.2
295,2166101,22.4967,480674,83772.8,1601654.2
296,2166101,22.5786,480674,83772.8,1601654.2
297,2166101,22.6616,480674,83772.8,1601654.2
298,2166101,22.7435,480674,83772.8,1601654.2
299,123639489.31,22.7792,307011.51,83772.8,123248705
300,123249940.1424,22.8136,307011.51,83772.8,122859155.8324
301,123249940.1424,22.8474,307011.51,83772.8,122859155.8324
302,123249940.1424,22.8813,307011.51,83772.8,122859155.8324
303,123249940.1424,22.9153,307011.51,83772.8,122859155.8324
304,123249940.1424,22.9509,307011.51,83772.8,122859155.8324
305,2166101,23.0353,480674,83772.8,1601654.2
306,2166101,23.116,480674,83772.8,1601654.2
307,2166101,23.1985,480674,83772.8,1601654.2
308,2166101,23.2794,480674,83772.8,1601654.2
309,2166101,23.3623,480674,83772.8,1601654.2
310,124799767.4924,23.3985,1856838.86,83772.8,122859155.8324
311,124497446.9524,23.4324,1554518.32,83772.8,122859155.8324
312,124497446.9524,23.4661,1554518.32,83772.8,122859155.8324
313,124497446.9524,23.5017,1554518.32,83772.8,122859155.8324
314,124497446.9524,23.5369,1554518.32,83772.8,122859155.8324
315,124497446.9524,23.5713,1554518.32,83772.8,122859155.8324
316,17607157,23.6532,15921730,83772.8,1601654.2
317,2166101,23.7359,480674,83772.8,1601654.2
318,2166101,23.8192,480674,83772.8,1601654.2
319,2166101,23.9012,480674,83772.8,1601654.2
320,2166101,23.983,480674,83772.8,1601654.2
321,2166101,24.0716,480674,83772.8,1601654.2
322,159747768.6142,24.1116,4806.74,83772.8,159659189.0742
323,118039171.9629,24.1455,754806.74,83772.8,117200592.4229
324,118039171.9629,24.1795,754806.74,83772.8,117200592.4229
325,838579.54,24.2132,754806.74,83772.8,0
326,838579.54,24.2468,754806.74,83772.8,0
327,838579.54,24.2849,754806.74,83772.8,0
328,838579.54,24.3201,754806.74,83772.8,0
329,838579.54,24.3545,754806.74,83772.8,0
330,75564446.8,24.4418,75480674,83772.8,0
331,2410153,24.5217,480674,83772.8,1845706.2
332,2014153,24.6019,80674,87772.8,1845706.2
333,1770101,24.6838,80674,87772.8,1601654.2
334,1690101,24.7662,80674,87772.8,1521654.2
335,1666101,24.8469,80674,87772.8,1497654.2
336,1666101,24.9297,80674,87772.8,1497654.2
337,1666101,25.0116,80674,87772.8,1497654.2
338,1666101,25.0922,80674,87772.8,1497654.2
339,1666101,25.1731,80674,87772.8,1497654.2
340,120462790.0339,25.2103,307011.51,87772.8,120068005.7239
341,120462790.0339,25.2442,307011.51,87772.8,120068005.7239
342,120462790.0339,25.2793,307011.51,87772.8,120068005.7239
343,120462790.0339,25.3132,307011.51,87772.8,120068005.7239
344,120462790.0339,25.3473,307011.51,87772.8,120068005.7239
345,1666101,25.4317,80674,87772.8,1497654.2
346,1666101,25.5127,80674,87772.8,1497654.2
347,1666101,25.6036,80674,87772.8,1497654.2
348,1666101,25.6963,80674,87772.8,1497654.2
349,1666101,25.778,80674,87772.8,1497654.2
350,122007572.6015,25.816,1542518.32,87772.8,120377281.4815
351,122007572.6015,25.8503,1542518.32,87772.8,120377281.4815
352,122007572.6015,25.8846,1542518.32,87772.8,120377281.4815
353,122007572.6015,25.9185,1542518.32,87772.8,120377281.4815
354,122007572.6015,25.9526,1542518.32,87772.8,120377281.4815
355,1666101,26.0355,80674,87772.8,1497654.2
356,1666101,26.1191,80674,87772.8,1497654.2
357,1666101,26.201,80674,87772.8,1497654.2
358,1666101,26.2824,80674,87772.8,1497654.2
359,1666101,26.3657,80674,87772.8,1497654.2
360,149765191.8334,26.402,806.74,87772.8,149676612.2934
361,149765191.8334,26.4363,806.74,87772.8,149676612.2934
362,110345805.5575,26.4702,750806.74,87772.8,109507226.0175
363,110345805.5575,26.5045,750806.74,87772.8,109507226.0175
364,838579.54,26.538,750806.74,87772.8,0
365,838579.54,26.5723,750806.74,87772.8,0
366,838579.54,26.6079,750806.74,87772.8,0
367,838579.54,26.6419,750806.74,87772.8,0
368,838579.54,26.6798,750806.74,87772.8,0
369,75168446.8,26.7621,75080674,87772.8,0
370,75168446.8,26.8452,75080674,87772.8,0
371,1910153,26.9266,80674,87772.8,1741706.2
372,1833479,27.0081,0,91772.8,1741706.2
373,1589427,27.0941,0,91772.8,1497654.2
374,1509427,27.1742,0,91772.8,1417654.2
375,1485427,27.2555,0,91772.8,1393654.2
376,1485427,27.3383,0,91772.8,1393654.2
377,1485427,27.4184,0,91772.8,1393654.2
378,1485427,27.4996,0,91772.8,1393654.2
379,1485427,27.5817,0,91772.8,1393654.2
380,117980919.3919,27.6162,310204.77,91772.8,117578941.8219
381,117980919.3919,27.6527,310204.77,91772.8,117578941.8219
382,117980919.3919,27.687,310204.77,91772.8,117578941.8219
383,117980919.3919,27.7208,310204.77,91772.8,117578941.8219
384,117980919.3919,27.7548,310204.77,91772.8,117578941.8219
385,1485427,27.8355,0,91772.8,1393654.2
386,1485427,27.9161,0,91772.8,1393654.2
387,1485427,27.9984,0,91772.8,1393654.2
388,1485427,28.081,0,91772.8,1393654.2
389,1485427,28.162,0,91772.8,1393654.2
390,119204426.2019,28.1967,1533711.58,91772.8,117578941.8219
391,119204426.2019,28.231,1533711.58,91772.8,117578941.8219
392,119204426.2019,28.2649,1533711.58,91772.8,117578941.8219
393,119204426.2019,28.3003,1533711.58,91772.8,117578941.8219
394,119204426.2019,28.3342,1533711.58,91772.8,117578941.8219
395,1485427,28.4173,0,91772.8,1393654.2
396,1485427,28.4991,0,91772.8,1393654.2
397,1485427,28.5831,0,91772.8,1393654.2
398,1485427,28.666,0,91772.8,1393654.2
399,1485427,28.7473,0,91772.8,1393654.2
400,139365426.0131,28.7848,0,91772.8,139273653.2131
401,139365426.0131,28.8186,0,91772.8,139273653.2131
402,102343898.1398,28.852,746806.74,91772.8,101505318.5998
403,102343898.1398,28.8877,746806.74,91772.8,101505318.5998
404,838579.54,28.9214,746806.74,91772.8,0
405,838579.54,28.9569,746806.74,91772.8,0
406,838579.54,28.9911,746806.74,91772.8,0
407,838579.54,29.0252,746806.74,91772.8,0
408,838579.54,29.059,746806.74,91772.8,0
409,74772446.8,29.1435,74680674,91772.8,0
410,74772446.8,29.2253,74680674,91772.8,0
411,1729479,29.3066,0,91772.8,1637706.2
412,1729479,29.3905,0,91772.8,1637706.2
413,1485427,29.4709,0,91772.8,1393654.2
414,1405427,29.553,0,91772.8,1313654.2
415,1381427,29.6346,0,91772.8,1289654.2
416,1381427,29.7146,0,91772.8,1289654.2
417,1381427,29.7968,0,91772.8,1289654.2
418,1381427,29.877,0,91772.8,1289654.2
419,1381427,29.9576,0,91772.8,1289654.2
420,115179059.1002,29.9952,314204.77,91772.8,114773081.5302
421,115179059.1002,30.0288,314204.77,91772.8,114773081.5302
422,115179059.1002,30.0652,314204.77,91772.8,114773081.5302
423,115179059.1002,30.0994,314204.77,91772.8,114773081.5302
424,115179059.1002,30.1334,314204.77,91772.8,114773081.5302
425,1381427,30.2178,0,91772.8,1289654.2
426,1381427,30.2996,0,91772.8,1289654.2
427,1381427,30.3831,0,91772.8,1289654.2
428,1381427,30.4645,0,91772.8,1289654.2
429,1381427,30.5464,0,91772.8,1289654.2
430,116390565.9102,30.5861,1525711.58,91772.8,114773081.5302
431,116390565.9102,30.62,1525711.58,91772.8,114773081.5302
432,116390565.9102,30.6579,1525711.58,91772.8,114773081.5302
433,116390565.9102,30.6918,1525711.58,91772.8,114773081.5302
434,116390565.9102,30.726,1525711.58,91772.8,114773081.5302
435,1381427,30.8102,0,91772.8,1289654.2
436,1381427,30.8942,0,91772.8,1289654.2
437,1381427,30.9764,0,91772.8,1289654.2
438,1381427,31.058,0,91772.8,1289654.2
439,1381427,31.1395,0,91772.8,1289654.2
440,128972274.0145,31.1779,0,91772.8,128880501.2145
441,128972274.0145,31.2124,0,91772.8,128880501.2145
442,94349165.8331,31.2461,746806.74,91772.8,93510586.2931
443,94349165.8331,31.28,746806.74,91772.8,93510586.2931
444,838579.54,31.3144,746806.74,91772.8,0
445,838579.54,31.3483,746806.74,91772.8,0
446,838579.54,31.3824,746806.74,91772.8,0
447,838579.54,31.4173,746806.74,91772.8,0
448,838579.54,31.4514,746806.74,91772.8,0
449,68925591.8,31.5359,68753819,171772.8,0
450,66686268.6682,31.6164,66514495.8682,171772.8,0
451,1705479,31.6965,0,171772.8,1533706.2
452,1705479,31.7787,0,171772.8,1533706.2
453,1461427,31.8596,0,171772.8,1289654.2
454,1381427,31.9402,0,171772.8,1209654.2
455,1381427,32.0234,0,171772.8,1209654.2
456,1357427,32.1038,0,171772.8,1185654.2
457,1357427,32.1841,0,171772.8,1185654.2
458,1357427,32.2649,0,171772.8,1185654.2
459,1357427,32.3456,0,171772.8,1185654.2
460,1357427,32.4264,0,171772.8,1185654.2
461,112456902.7928,32.4651,310204.77,171772.8,111974925.2228
462,112456902.7928,32.499,310204.77,171772.8,111974925.2228
463,112456902.7928,32.533,310204.77,171772.8,111974925.2228
464,112456902.7928,32.5671,310204.77,171772.8,111974925.2228
465,112456902.7928,32.6013,310204.77,171772.8,111974925.2228
466,1357427,32.6855,0,171772.8,1185654.2
467,1357427,32.7673,0,171772.8,1185654.2
468,1357427,32.849,0,171772.8,1185654.2
469,1357427,32.9319,0,171772.8,1185654.2
470,1357427,33.0146,0,171772.8,1185654.2
471,113664409.6028,33.0534,1517711.58,171772.8,111974925.2228
472,113664409.6028,33.0873,1517711.58,171772.8,111974925.2228
473,113664409.6028,33.1212,1517711.58,171772.8,111974925.2228
474,113664409.6028,33.1551,1517711.58,171772.8,111974925.2228
475,113664409.6028,33.1896,1517711.58,171772.8,111974925.2228
476,1357427,33.2738,0,171772.8,1185654.2
477,1357427,33.3583,0,171772.8,1185654.2
478,1357427,33.4414,0,171772.8,1185654.2
479,1357427,33.5235,0,171772.8,1185654.2
480,1277427,33.6037,0,91772.8,1185654.2
481,1277427,33.6858,0,91772.8,1185654.2
482,1277427,33.7681,0,91772.8,1185654.2
483,1277427,33.8507,0,91772.8,1185654.2
484,1197427,33.9308,0,91772.8,1105654.2
485,1117427,34.0111,0,91772.8,1025654.2
486,1117427,34.0933,0,91772.8,1025654.2
487,1093427,34.1809,0,91772.8,1001654.2
488,1093427,34.2628,0,91772.8,1001654.2
489,1093427,34.3449,0,91772.8,1001654.2
490,1093427,34.4268,0,91772.8,1001654.2
491,1093427,34.5073,0,91772.8,1001654.2
492,70364968.9132,34.5462,746806.74,91772.8,69526389.3732
493,70364968.9132,34.5799,746806.74,91772.8,69526389.3732
494,70364968.9132,34.6155,746806.74,91772.8,69526389.3732
495,70364968.9132,34.6493,746806.74,91772.8,69526389.3732
496,70364968.9132,34.685,746806.74,91772.8,69526389.3732
497,1093427,34.7686,0,91772.8,1001654.2
498,1093427,34.8517,0,91772.8,1001654.2
499,1093427,34.9327,0,91772.8,1001654.2
500,92528662.9283,35.0144,0,770261.4642,91758401.4642
501,92528662.9283,35.0964,0,770261.4642,91758401.4642
502,100191237.7105,35.1345,0,91772.8,100099464.9105
503,100191237.7105,35.1715,0,91772.8,100099464.9105
504,100191237.7105,35.2054,0,91772.8,100099464.9105
505,100191237.7105,35.2392,0,91772.8,100099464.9105
506,100191237.7105,35.2753,0,91772.8,100099464.9105
507,92528662.9283,35.3595,0,770261.4642,91758401.4642
508,92528662.9283,35.4416,0,770261.4642,91758401.4642
509,92528662.9283,35.5238,0,770261.4642,91758401.4642
510,92528662.9283,35.6058,0,770261.4642,91758401.4642
511,91934018.8993,35.6884,76806.74,98810.6952,91758401.4642
512,91934018.8993,35.7724,76806.74,98810.6952,91758401.4642
513,91934018.8993,35.8556,76806.74,98810.6952,91758401.4642
514,91934018.8993,35.9385,76806.74,98810.6952,91758401.4642
515,84605469.6683,36.0189,76806.74,98810.6952,84429852.2332
516,77276920.4373,36.103,76806.74,98810.6952,77101303.0022
517,77276920.4373,36.1853,76806.74,98810.6952,77101303.0022
518,49496766.0716,36.2675,225058.01,195894.9225,49075813.1391
519,49496766.0716,36.3516,225058.01,195894.9225,49075813.1391
520,49496766.0716,36.4319,225058.01,195894.9225,49075813.1391
521,49496766.0716,36.5127,225058.01,195894.9225,49075813.1391
522,49496766.0716,36.5955,225058.01,195894.9225,49075813.1391
523,53785322.6698,36.6313,225058.01,23339.9,53536924.7598
524,53785322.6698,36.6666,225058.01,23339.9,53536924.7598
525,53785322.6698,36.7002,225058.01,23339.9,53536924.7598
526,53785322.6698,36.734,225058.01,23339.9,53536924.7598
527,53785322.6698,36.7678,225058.01,23339.9,53536924.7598
528,49492766.0716,36.8495,221058.01,195894.9225,49075813.1391
529,49492766.0716,36.9305,221058.01,195894.9225,49075813.1391
530,49492766.0716,37.0117,221058.01,195894.9225,49075813.1391
531,49492766.0716,37.0927,221058.01,195894.9225,49075813.1391
532,49492766.0716,37.1757,221058.01,195894.9225,49075813.1391
533,53781322.6698,37.2115,221058.01,23339.9,53536924.7598
534,53781322.6698,37.2473,221058.01,23339.9,53536924.7598
535,53781322.6698,37.281,221058.01,23339.9,53536924.7598
536,53781322.6698,37.3148,221058.01,23339.9,53536924.7598
537,53781322.6698,37.349,221058.01,23339.9,53536924.7598
538,49492766.0716,37.4341,221058.01,195894.9225,49075813.1391
539,49492766.0716,37.5159,221058.01,195894.9225,49075813.1391
540,49492766.0716,37.5997,221058.01,195894.9225,49075813.1391
541,49492766.0716,37.682,221058.01,195894.9225,49075813.1391
542,49463193.5332,37.7649,225058.01,162322.3841,49075813.1391
543,49463193.5332,37.8474,225058.01,162322.3841,49075813.1391
544,49463193.5332,37.9304,225058.01,162322.3841,49075813.1391
545,49389225.9732,38.0109,151090.45,162322.3841,49075813.1391
546,313412.8341,38.0925,151090.45,162322.3841,0
547,313412.8341,38.1765,151090.45,162322.3841,0
548,281717.2441,38.2566,119394.86,162322.3841,0
549,248144.7056,38.337,119394.86,128749.8456,0
550,6540595.863,38.417,5744685.3671,795910.4959,0
551,6540595.863,38.4974,5744685.3671,795910.4959,0
552,6540595.863,38.5799,5744685.3671,795910.4959,0
553,6540595.863,38.6615,5744685.3671,795910.4959,0
554,92146.64,38.6989,76806.74,15339.9,0
555,92146.64,38.7323,76806.74,15339.9,0
556,92146.64,38.7659,76806.74,15339.9,0
557,92146.64,38.7996,76806.74,15339.9,0
558,92146.64,38.8334,76806.74,15339.9,0
559,2329616.6959,38.9174,0,795910.4959,1533706.2
560,2329616.6959,38.9994,0,795910.4959,1533706.2
561,2329616.6959,39.0824,0,795910.4959,1533706.2
562,2329616.6959,39.1747,0,795910.4959,1533706.2
563,2329616.6959,39.2562,0,795910.4959,1533706.2
564,116230082.7057,39.2956,222204.77,15339.9,115992538.0357
565,116230082.7057,39.3295,222204.77,15339.9,115992538.0357
566,116230082.7057,39.3635,222204.77,15339.9,115992538.0357
567,116230082.7057,39.3973,222204.77,15339.9,115992538.0357
568,116230082.7057,39.4313,222204.77,15339.9,115992538.0357
569,2329616.6959,39.5128,0,795910.4959,1533706.2
570,2329616.6959,39.5977,0,795910.4959,1533706.2
571,2329616.6959,39.6819,0,795910.4959,1533706.2
572,2329616.6959,39.766,0,795910.4959,1533706.2
573,2160893.0585,39.8471,38816.3064,588370.5521,1533706.2
574,2160893.0585,39.93,38816.3064,588370.5521,1533706.2
575,2160893.0585,40.0146,38816.3064,588370.5521,1533706.2
576,2160893.0585,40.0968,38816.3064,588370.5521,1533706.2
577,1516841.0585,40.1792,38816.3064,588370.5521,889654.2
578,1436841.0585,40.2603,38816.3064,588370.5521,809654.2
579,1436841.0585,40.3431,38816.3064,588370.5521,809654.2
580,1253301.1148,40.4231,38816.3064,380830.6083,833654.2
581,1253301.1148,40.5056,38816.3064,380830.6083,833654.2
582,1253301.1148,40.5885,38816.3064,380830.6083,833654.2
583,1253301.1148,40.6701,38816.3064,380830.6083,833654.2
584,1253301.1148,40.7523,38816.3064,380830.6083,833654.2
585,46300339.0932,40.7905,750806.74,7339.9,45542192.4532
586,46300339.0932,40.8259,750806.74,7339.9,45542192.4532
587,46300339.0932,40.8602,750806.74,7339.9,45542192.4532
588,46300339.0932,40.8939,750806.74,7339.9,45542192.4532
589,46300339.0932,40.9279,750806.74,7339.9,45542192.4532
590,1253301.1148,41.0118,38816.3064,380830.6083,833654.2
591,1253301.1148,41.093,38816.3064,380830.6083,833654.2
592,1253301.1148,41.1756,38816.3064,380830.6083,833654.2
593,1253301.1148,41.2584,38816.3064,380830.6083,833654.2
594,1253301.1148,41.3414,38816.3064,380830.6083,833654.2
595,83318673.7065,41.3788,806.74,7339.9,83310527.0665
596,83318673.7065,41.4129,806.74,7339.9,83310527.0665
597,83318673.7065,41.447,806.74,7339.9,83310527.0665
598,83318673.7065,41.4815,806.74,7339.9,83310527.0665
599,83318673.7065,41.5182,806.74,7339.9,83310527.0665
600,55677433.795,41.6054,2498.5749,223031.684,55451903.5361
601,55677433.795,41.6871,2498.5749,223031.684,55451903.5361
602,55677433.795,41.7708,2498.5749,223031.684,55451903.5361
603,55677433.795,41.8535,2498.5749,223031.684,55451903.5361
604,55575181.2335,41.9347,14887.0763,108390.6211,55451903.5361
605,55575181.2335,42.0175,14887.0763,108390.6211,55451903.5361
606,55575181.2335,42.104,14887.0763,108390.6211,55451903.5361
607,55575181.2335,42.19,14887.0763,108390.6211,55451903.5361
608,50253847.4204,42.2723,14887.0763,108390.6211,50130569.723
609,44932513.6073,42.3531,14887.0763,108390.6211,44809235.9099
610,44932513.6073,42.4365,14887.0763,108390.6211,44809235.9099
611,22683770.0957,42.5167,474039.8416,2539286.7807,19670443.4734
612,22683770.0957,42.5989,474039.8416,2539286.7807,19670443.4734
613,22683770.0957,42.6806,474039.8416,2539286.7807,19670443.4734
614,22683770.0957,42.7613,474039.8416,2539286.7807,19670443.4734
615,22683770.0957,42.8424,474039.8416,2539286.7807,19670443.4734
616,29789352.9499,42.8811,153058.01,83567.1,29552727.8399
617,29789352.9499,42.9149,153058.01,83567.1,29552727.8399
618,29789352.9499,42.9484,153058.01,83567.1,29552727.8399
619,29789352.9499,42.9822,153058.01,83567.1,29552727.8399
620,29789352.9499,43.0179,153058.01,83567.1,29552727.8399
621,22671381.5943,43.1022,461651.3402,2539286.7807,19670443.4734
622,22671381.5943,43.185,461651.3402,2539286.7807,19670443.4734
623,22671381.5943,43.2666,461651.3402,2539286.7807,19670443.4734
624,22671381.5943,43.3477,461651.3402,2539286.7807,19670443.4734
625,22671381.5943,43.4297,461651.3402,2539286.7807,19670443.4734
626,29785352.9499,43.4669,149058.01,83567.1,29552727.8399
627,29785352.9499,43.5008,149058.01,83567.1,29552727.8399
628,29785352.9499,43.5348,149058.01,83567.1,29552727.8399
629,29785352.9499,43.5687,149058.01,83567.1,29552727.8399
630,29785352.9499,43.6043,149058.01,83567.1,29552727.8399
631,22671381.5943,43.6912,461651.3402,2539286.7807,19670443.4734
632,22671381.5943,43.7727,461651.3402,2539286.7807,19670443.4734
633,22671381.5943,43.856,461651.3402,2539286.7807,19670443.4734
634,22671381.5943,43.9384,461651.3402,2539286.7807,19670443.4734
635,22671381.5943,44.0225,461651.3402,2539286.7807,19670443.4734
636,29785352.9499,44.0605,149058.01,83567.1,29552727.8399
637,29785352.9499,44.0944,149058.01,83567.1,29552727.8399
638,29785352.9499,44.1281,149058.01,83567.1,29552727.8399
639,232625.11,44.162,149058.01,83567.1,0
640,232625.11,44.1958,149058.01,83567.1,0
641,232625.11,44.2297,149058.01,83567.1,0
642,232625.11,44.2641,149058.01,83567.1,0
643,232625.11,44.2984,149058.01,83567.1,0
644,3000938.1209,44.3838,461651.3402,2539286.7807,0
645,3000938.1209,44.4684,461651.3402,2539286.7807,0
646,2771851.3163,44.5504,232564.5357,2539286.7807,0
647,2771851.3163,44.6348,232564.5357,2539286.7807,0
648,2771851.3163,44.7175,232564.5357,2539286.7807,0
649,2541785.3556,44.7994,2498.5749,2539286.7807,0
650,2098872.2941,44.8805,806.74,356359.3541,1741706.2
651,1054820.2941,44.9622,806.74,356359.3541,697654.2
652,974820.2941,45.0455,806.74,356359.3541,617654.2
653,974820.2941,45.128,806.74,356359.3541,617654.2
654,974820.2941,45.2087,806.74,356359.3541,617654.2
655,652888.0941,45.2888,80806.74,356359.3541,215722
656,652888.0941,45.3696,80806.74,356359.3541,215722
657,652888.0941,45.4521,80806.74,356359.3541,215722
658,652888.0941,45.5352,80806.74,356359.3541,215722
659,652888.0941,45.6165,80806.74,356359.3541,215722
660,84373.84,45.6545,80806.74,3567.1,0
661,84373.84,45.6887,80806.74,3567.1,0
662,84373.84,45.7226,80806.74,3567.1,0
663,84373.84,45.7563,80806.74,3567.1,0
664,84373.84,45.7913,80806.74,3567.1,0
665,80806.74,45.8757,80806.74,0,0
666,76806.74,45.9577,76806.74,0,0
667,72806.74,46.0403,72806.74,0,0
668,72806.74,46.1211,72806.74,0,0
669,72806.74,46.2029,72806.74,0,0
670,72806.74,46.285,72806.74,0,0
671,72806.74,46.3663,72806.74,0,0
672,72806.74,46.4034,72806.74,0,0
673,72806.74,46.4378,72806.74,0,0
674,72806.74,46.4733,72806.74,0,0
675,72806.74,46.5071,72806.74,0,0
676,72806.74,46.5413,72806.74,0,0
677,72806.74,46.6269,72806.74,0,0
678,72806.74,46.7083,72806.74,0,0
679,72806.74,46.7902,72806.74,0,0
680,72806.74,46.8729,72806.74,0,0
681,72806.74,46.9563,72806.74,0,0
682,72806.74,46.9909,72806.74,0,0
683,72806.74,47.0247,72806.74,0,0
684,72806.74,47.0601,72806.74,0,0
685,72806.74,47.094,72806.74,0,0
686,72806.74,47.1281,72806.74,0,0
687,72806.74,47.2103,72806.74,0,0
688,72806.74,47.2924,72806.74,0,0
689,72806.74,47.3721,72806.74,0,0
690,72806.74,47.4521,72806.74,0,0
691,72806.74,47.5358,72806.74,0,0
692,72806.74,47.5701,72806.74,0,0
693,72806.74,47.605,72806.74,0,0
694,72806.74,47.6387,72806.74,0,0
695,72806.74,47.6721,72806.74,0,0
696,72806.74,47.7057,72806.74,0,0
697,72806.74,47.7858,72806.74,0,0
698,72806.74,47.868,72806.74,0,0
699,72806.74,47.9504,72806.74,0,0
700,79772.8,48.0342,0,79772.8,0
701,79772.8,48.1159,0,79772.8,0
702,79772.8,48.1516,0,79772.8,0
703,79772.8,48.1886,0,79772.8,0
704,79772.8,48.224,0,79772.8,0
705,79772.8,48.2579,0,79772.8,0
706,79772.8,48.2936,0,79772.8,0
707,79772.8,48.3762,0,79772.8,0
708,79772.8,48.4613,0,79772.8,0
709,79772.8,48.5455,0,79772.8,0
710,79772.8,48.6264,0,79772.8,0
711,79772.8,48.7074,0,79772.8,0
712,79772.8,48.743,0,79772.8,0
713,79772.8,48.7766,0,79772.8,0
714,79772.8,48.8115,0,79772.8,0
715,79772.8,48.8452,0,79772.8,0
716,79772.8,48.879,0,79772.8,0
717,79772.8,48.9611,0,79772.8,0
718,79772.8,49.0438,0,79772.8,0
719,79772.8,49.1262,0,79772.8,0
720,79772.8,49.2077,0,79772.8,0
721,79772.8,49.2908,0,79772.8,0
722,79772.8,49.3286,0,79772.8,0
723,79772.8,49.3623,0,79772.8,0
724,79772.8,49.396,0,79772.8,0
725,79772.8,49.43,0,79772.8,0
726,79772.8,49.4638,0,79772.8,0
727,79772.8,49.5478,0,79772.8,0
728,79772.8,49.6304,0,79772.8,0
729,79772.8,49.7121,0,79772.8,0
730,79772.8,49.7946,0,79772.8,0
731,79772.8,49.8743,0,79772.8,0
732,79772.8,49.91,0,79772.8,0
733,79772.8,49.9433,0,79772.8,0
734,79772.8,49.9765,0,79772.8,0
735,79772.8,50.0102,0,79772.8,0
736,79772.8,50.0439,0,79772.8,0
737,79772.8,50.1274,0,79772.8,0
738,79772.8,50.2073,0,79772.8,0
739,79772.8,50.2869,0,79772.8,0
740,79772.8,50.3682,0,79772.8,0
741,75772.8,50.4488,0,75772.8,0
742,75772.8,50.5316,0,75772.8,0
743,75772.8,50.6139,0,75772.8,0
744,75772.8,50.6986,0,75772.8,0
745,75772.8,50.7811,0,75772.8,0
746,75772.8,50.8199,0,75772.8,0
747,75772.8,50.8557,0,75772.8,0
748,75772.8,50.8895,0,75772.8,0
749,75772.8,50.9231,0,75772.8,0
750,7577280,50.9573,0,7577280,0
751,75772.8,51.0428,0,75772.8,0
752,75772.8,51.1238,0,75772.8,0
753,75772.8,51.2049,0,75772.8,0
754,75772.8,51.2873,0,75772.8,0
755,75772.8,51.3704,0,75772.8,0
756,7577280,51.4105,0,7577280,0
757,7577280,51.4445,0,7577280,0
758,7577280,51.4781,0,7577280,0
759,7577280,51.5141,0,7577280,0
760,7577280,51.5482,0,7577280,0
761,75772.8,51.6331,0,75772.8,0
762,75772.8,51.7144,0,75772.8,0
763,75772.8,51.7962,0,75772.8,0
764,75772.8,51.8792,0,75772.8,0
765,75772.8,51.9626,0,75772.8,0
766,7577280,51.9997,0,7577280,0
767,7577280,52.035,0,7577280,0
768,7577280,52.0703,0,7577280,0
769,7577280,52.1039,0,7577280,0
770,7577280,52.1372,0,7577280,0
771,75772.8,52.2217,0,75772.8,0
772,75772.8,52.3012,0,75772.8,0
773,75772.8,52.3834,0,75772.8,0
774,75772.8,52.463,0,75772.8,0
775,75772.8,52.5454,0,75772.8,0
776,7577280,52.5832,0,7577280,0
777,746806.74,52.6177,746806.74,0,0
778,746806.74,52.6541,746806.74,0,0
779,746806.74,52.6877,746806.74,0,0
780,746806.74,52.7211,746806.74,0,0
781,746806.74,52.7544,746806.74,0,0
782,19473706.2,52.8389,0,0,19473706.2
783,4709654.2,52.919,0,0,4709654.2
784,4629654.2,53.0002,0,0,4629654.2
785,4629654.2,53.0822,0,0,4629654.2
786,4629654.2,53.1645,0,0,4629654.2
787,4629654.2,53.2462,0,0,4629654.2
788,4629654.2,53.3268,0,0,4629654.2
789,4629654.2,53.3649,0,0,4629654.2
790,4629654.2,53.3985,0,0,4629654.2
791,4629654.2,53.4322,0,0,4629654.2
792,4629654.2,53.4658,0,0,4629654.2
793,4629654.2,53.4996,0,0,4629654.2
794,4629654.2,53.586,0,0,4629654.2
795,4629654.2,53.667,0,0,4629654.2
796,4629654.2,53.751,0,0,4629654.2
797,4629654.2,53.8331,0,0,4629654.2
798,4629654.2,53.916,0,0,4629654.2
799,4629654.2,53.9543,0,0,4629654.2
800,15945977.02,53.9878,1624209.92,749567.1,13572200
801,15814018.37,54.0215,1492251.27,749567.1,13572200
802,15814018.37,54.0551,1492251.27,749567.1,13572200
803,15814018.37,54.0892,1492251.27,749567.1,13572200
804,15814018.37,54.123,1492251.27,749567.1,13572200
805,15814018.37,54.1571,1492251.27,749567.1,13572200
806,4629654.2,54.2419,0,0,4629654.2
807,4629654.2,54.3237,0,0,4629654.2
808,4629654.2,54.407,0,0,4629654.2
809,4629654.2,54.4906,0,0,4629654.2
810,4629654.2,54.5707,0,0,4629654.2
811,359921976.03,54.6085,349441.23,433154.8,359139380
812,359921976.03,54.644,349441.23,433154.8,359139380
813,359921976.03,54.6778,349441.23,433154.8,359139380
814,359921976.03,54.7113,349441.23,433154.8,359139380
815,61073302.77,54.746,1096247.97,433154.8,59543900
816,60677000.28,54.7807,624172.68,508927.6,59543900
817,60402268.83,54.8141,349441.23,508927.6,59543900
818,60402268.83,54.8475,349441.23,508927.6,59543900
819,60402268.83,54.8823,349441.23,508927.6,59543900
820,60402268.83,54.9177,349441.23,508927.6,59543900
821,60402268.83,54.9515,349441.23,508927.6,59543900
822,211494.8,55.0351,0,75772.8,135722
823,211494.8,55.1153,0,75772.8,135722
824,211494.8,55.1954,0,75772.8,135722
825,211494.8,55.2786,0,75772.8,135722
826,211494.8,55.3608,0,75772.8,135722
827,75772.8,55.3976,0,75772.8,0
828,75772.8,55.4326,0,75772.8,0
829,75772.8,55.4661,0,75772.8,0
830,75772.8,55.4994,0,75772.8,0
831,75772.8,55.5329,0,75772.8,0
832,75772.8,55.6159,0,75772.8,0
833,75772.8,55.6982,0,75772.8,0
834,75772.8,55.7784,0,75772.8,0
835,75772.8,55.8598,0,75772.8,0
836,75772.8,55.9411,0,75772.8,0
837,75772.8,55.9767,0,75772.8,0
838,75772.8,56.0131,0,75772.8,0
839,75772.8,56.0466,0,75772.8,0
840,75772.8,56.0804,0,75772.8,0
841,75772.8,56.1155,0,75772.8,0
842,75772.8,56.199,0,75772.8,0
843,75772.8,56.2811,0,75772.8,0
844,75772.8,56.3643,0,75772.8,0
845,75772.8,56.4476,0,75772.8,0
846,75772.8,56.5301,0,75772.8,0
847,75772.8,56.5675,0,75772.8,0
848,75772.8,56.6013,0,75772.8,0
849,75772.8,56.6364,0,75772.8,0
850,746806.74,56.6701,746806.74,0,0
851,746806.74,56.7037,746806.74,0,0
852,75772.8,56.7863,0,75772.8,0
853,75772.8,56.8693,0,75772.8,0
854,75772.8,56.9519,0,75772.8,0
855,75772.8,57.0354,0,75772.8,0
856,75772.8,57.1185,0,75772.8,0
857,7577280,57.1568,0,7577280,0
858,7577280,57.1903,0,7577280,0
859,7577280,57.2241,0,7577280,0
860,7577280,57.2588,0,7577280,0
861,7577280,57.2921,0,7577280,0
862,75772.8,57.3755,0,75772.8,0
863,75772.8,57.4608,0,75772.8,0
864,75772.8,57.5415,0,75772.8,0
865,75772.8,57.6259,0,75772.8,0
866,75772.8,57.7071,0,75772.8,0
867,7577280,57.7454,0,7577280,0
868,7577280,57.7805,0,7577280,0
869,7577280,57.8142,0,7577280,0
870,7577280,57.8475,0,7577280,0
871,7577280,57.881,0,7577280,0
872,75772.8,57.9683,0,75772.8,0
873,75772.8,58.0519,0,75772.8,0
874,75772.8,58.1376,0,75772.8,0
875,75772.8,58.2179,0,75772.8,0
876,75772.8,58.2984,0,75772.8,0
877,7577280,58.3362,0,7577280,0
878,7577280,58.3698,0,7577280,0
879,7577280,58.4035,0,7577280,0
880,7577280,58.4369,0,7577280,0
881,7577280,58.471,0,7577280,0
882,75772.8,58.5557,0,75772.8,0
883,75772.8,58.6372,0,75772.8,0
884,75772.8,58.7196,0,75772.8,0
885,75772.8,58.8012,0,75772.8,0
886,75772.8,58.8824,0,75772.8,0
887,7577280,58.9181,0,7577280,0
888,746806.74,58.9515,746806.74,0,0
889,746806.74,58.9851,746806.74,0,0
890,746806.74,59.019,746806.74,0,0
891,746806.74,59.0528,746806.74,0,0
892,746806.74,59.0867,746806.74,0,0
893,19473706.2,59.1676,0,0,19473706.2
894,4629654.2,59.2489,0,0,4629654.2
895,4549654.2,59.3288,0,0,4549654.2
896,4549654.2,59.4108,0,0,4549654.2
897,4549654.2,59.492,0,0,4549654.2
898,4529221.3,59.5715,0,3567.1,4525654.2
899,4529221.3,59.6514,0,3567.1,4525654.2
900,351136687.1961,59.7315,636503.72,436721.9,350063461.5761
901,350857624.7061,59.8121,357441.23,436721.9,350063461.5761
902,350799564.9961,59.8945,299381.52,436721.9,350063461.5761
903,350753515.9561,59.9746,253332.48,436721.9,350063461.5761
904,350731575.6661,60.0546,231392.19,436721.9,350063461.5761
905,350727575.6661,60.1347,227392.19,436721.9,350063461.5761
906,350727575.6661,60.215,227392.19,436721.9,350063461.5761
907,350727575.6661,60.2954,227392.19,436721.9,350063461.5761
908,350727575.6661,60.3759,227392.19,436721.9,350063461.5761
909,350727575.6661,60.4566,227392.19,436721.9,350063461.5761
910,47402975.99,60.4938,227392.19,43672190,3503393.8
911,47402975.99,60.5275,227392.19,43672190,3503393.8
912,47402975.99,60.561,227392.19,43672190,3503393.8
913,47402975.99,60.5948,227392.19,43672190,3503393.8
914,45169827.93,60.6296,974198.93,43672190,523439
915,45169827.93,60.6634,974198.93,43672190,523439
916,45169827.93,60.6971,974198.93,43672190,523439
917,45169827.93,60.7309,974198.93,43672190,523439
918,45169827.93,60.7648,974198.93,43672190,523439
919,53042562.1599,60.8483,227392.19,512494.7,52302675.2699
920,53042562.1599,60.9295,227392.19,512494.7,52302675.2699
921,53042562.1599,61.0123,227392.19,512494.7,52302675.2699
922,53042562.1599,61.0939,227392.19,512494.7,52302675.2699
923,53042562.1599,61.1765,227392.19,512494.7,52302675.2699
924,52000301.19,61.2151,227392.19,51249470,523439
925,52000301.19,61.2491,227392.19,51249470,523439
926,52000301.19,61.283,227392.19,51249470,523439
927,52000301.19,61.3168,227392.19,51249470,523439
928,52000301.19,61.3508,227392.19,51249470,523439
929,53042562.1599,61.436,227392.19,512494.7,52302675.2699
930,53042562.1599,61.5194,227392.19,512494.7,52302675.2699
931,53042562.1599,61.604,227392.19,512494.7,52302675.2699
932,53042562.1599,61.6861,227392.19,512494.7,52302675.2699
933,53038995.0599,61.7675,227392.19,508927.6,52302675.2699
934,53038995.0599,61.8479,227392.19,508927.6,52302675.2699
935,5648241.1164,61.9277,4656.84,75772.8,5567811.4764
936,80429.64,62.0082,4656.84,75772.8,0
937,80429.64,62.0895,4656.84,75772.8,0
938,75772.8,62.1707,0,75772.8,0
939,72579.54,62.2503,806.74,71772.8,0
940,72579.54,62.3318,806.74,71772.8,0
941,72579.54,62.4143,806.74,71772.8,0
942,72579.54,62.4946,806.74,71772.8,0
943,72579.54,62.5761,806.74,71772.8,0
944,7178086.74,62.6133,806.74,7177280,0
945,7178086.74,62.647,806.74,7177280,0
946,7178086.74,62.6804,806.74,7177280,0
947,7178086.74,62.7139,806.74,7177280,0
948,7178086.74,62.7475,806.74,7177280,0
949,72579.54,62.8289,806.74,71772.8,0
950,7098399.424,62.9122,896.712,7097502.712,0
951,7098399.424,62.994,896.712,7097502.712,0
952,7098399.424,63.0748,896.712,7097502.712,0
953,7098399.424,63.1569,896.712,7097502.712,0
954,7178086.74,63.1913,806.74,7177280,0
955,7178086.74,63.2251,806.74,7177280,0
956,7178086.74,63.2587,806.74,7177280,0
957,7178086.74,63.2961,806.74,7177280,0
958,7178086.74,63.3297,806.74,7177280,0
959,7098399.424,63.4111,896.712,7097502.712,0
960,7098399.424,63.4938,896.712,7097502.712,0
961,7098399.424,63.5771,896.712,7097502.712,0
962,7098399.424,63.6586,896.712,7097502.712,0
963,7098399.424,63.7403,896.712,7097502.712,0
964,7178086.74,63.7774,806.74,7177280,0
965,7178086.74,63.8117,806.74,7177280,0
966,7178086.74,63.8464,806.74,7177280,0
967,7178086.74,63.8817,806.74,7177280,0
968,7178086.74,63.9155,806.74,7177280,0
969,7098399.424,64.0027,896.712,7097502.712,0
970,7098399.424,64.0835,896.712,7097502.712,0
971,7098399.424,64.1653,896.712,7097502.712,0
972,7098399.424,64.2489,896.712,7097502.712,0
973,7098399.424,64.3289,896.712,7097502.712,0
974,7178086.74,64.3655,806.74,7177280,0
975,750806.74,64.3987,750806.74,0,0
976,750806.74,64.4324,750806.74,0,0
977,750806.74,64.4655,750806.74,0,0
978,750806.74,64.499,750806.74,0,0
979,750806.74,64.5337,750806.74,0,0
980,834540.7389,64.6187,834540.7389,0,0
981,389930.5912,64.6984,389930.5912,0,0
982,389930.5912,64.7801,389930.5912,0,0
983,389930.5912,64.861,389930.5912,0,0
984,389930.5912,64.9411,389930.5912,0,0
985,389930.5912,65.0227,389930.5912,0,0
986,350806.74,65.0583,350806.74,0,0
987,350806.74,65.0921,350806.74,0,0
988,350806.74,65.1254,350806.74,0,0
989,350806.74,65.159,350806.74,0,0
990,350806.74,65.1925,350806.74,0,0
991,389930.5912,65.2736,389930.5912,0,0
992,389930.5912,65.3554,389930.5912,0,0
993,389930.5912,65.4375,389930.5912,0,0
994,389930.5912,65.5196,389930.5912,0,0
995,389930.5912,65.6004,389930.5912,0,0
996,350806.74,65.636,350806.74,0,0
997,350806.74,65.6697,350806.74,0,0
998,350806.74,65.7032,350806.74,0,0
999,350806.74,65.7372,350806.74,0,0
1000,19473706.2,65.7705,0,0,19473706.2
1001,389930.5912,65.8518,389930.5912,0,0
1002,389930.5912,65.9328,389930.5912,0,0
1003,389930.5912,66.0151,389930.5912,0,0
1004,389930.5912,66.0991,389930.5912,0,0
1005,389930.5912,66.1818,389930.5912,0,0
1006,35080674,66.2189,35080674,0,0
1007,35080674,66.2525,35080674,0,0
1008,35080674,66.2865,35080674,0,0
1009,35080674,66.32,35080674,0,0
1010,35080674,66.3539,35080674,0,0
1011,389930.5912,66.4361,389930.5912,0,0
1012,389930.5912,66.518,389930.5912,0,0
1013,389930.5912,66.6011,389930.5912,0,0
1014,389930.5912,66.6835,389930.5912,0,0
1015,389930.5912,66.7636,389930.5912,0,0
1016,35080674,66.7993,35080674,0,0
1017,17330142.8,66.8326,16858370,471772.8,0
1018,17330142.8,66.8663,16858370,471772.8,0
1019,17330142.8,66.8999,16858370,471772.8,0
1020,17330142.8,66.9336,16858370,471772.8,0
1021,17330142.8,66.9659,16858370,471772.8,0
1022,46840277.6237,67.0504,187385.0594,46652892.5643,0
1023,389930.5912,67.1303,389930.5912,0,0
1024,389930.5912,67.2134,389930.5912,0,0
1025,389930.5912,67.2935,389930.5912,0,0
1026,389930.5912,67.3732,389930.5912,0,0
1027,389930.5912,67.4531,389930.5912,0,0
1028,35080674,67.4874,35080674,0,0
1029,35080674,67.5211,35080674,0,0
1030,35080674,67.5545,35080674,0,0
1031,35080674,67.5879,35080674,0,0
1032,35080674,67.6217,35080674,0,0
1033,389930.5912,67.7019,389930.5912,0,0
1034,389930.5912,67.7841,389930.5912,0,0
1035,389930.5912,67.8648,389930.5912,0,0
1036,389930.5912,67.9454,389930.5912,0,0
1037,389930.5912,68.0267,389930.5912,0,0
1038,19473706.2,68.0608,0,0,19473706.2
1039,10846177.78,68.0946,0,339261.62,10506916.16
1040,10846177.78,68.1285,0,339261.62,10506916.16
1041,10846177.78,68.1625,0,339261.62,10506916.16
1042,10846177.78,68.1965,0,339261.62,10506916.16
1043,10846177.78,68.2302,0,339261.62,10506916.16
1044,19473706.2,68.31,0,0,19473706.2
1045,389930.5912,68.3915,389930.5912,0,0
1046,389930.5912,68.4727,389930.5912,0,0
1047,389930.5912,68.5553,389930.5912,0,0
1048,389930.5912,68.6368,389930.5912,0,0
1049,389930.5912,68.7185,389930.5912,0,0
1050,35080674,68.7534,35080674,0,0
1051,35080674,68.7871,35080674,0,0
1052,35080674,68.821,35080674,0,0
1053,35080674,68.855,35080674,0,0
1054,35080674,68.8885,35080674,0,0
1055,389930.5912,68.968,389930.5912,0,0
1056,389930.5912,69.0552,389930.5912,0,0
1057,389930.5912,69.1371,389930.5912,0,0
1058,389930.5912,69.2193,389930.5912,0,0
1059,389930.5912,69.3016,389930.5912,0,0
1060,17730142.8,69.336,17258370,471772.8,0
1061,17730142.8,69.3695,17258370,471772.8,0
1062,17730142.8,69.403,17258370,471772.8,0
1063,17730142.8,69.4368,17258370,471772.8,0
1064,17730142.8,69.4703,17258370,471772.8,0
1065,389930.5912,69.5501,389930.5912,0,0
1066,389930.5912,69.6319,389930.5912,0,0
1067,389930.5912,69.7121,389930.5912,0,0
1068,389930.5912,69.7922,389930.5912,0,0
1069,389930.5912,69.8726,389930.5912,0,0
1070,35080674,69.9071,35080674,0,0
1071,35080674,69.9408,35080674,0,0
1072,35080674,69.974,35080674,0,0
1073,35080674,70.0079,35080674,0,0
1074,35080674,70.0416,35080674,0,0
1075,389930.5912,70.1221,389930.5912,0,0
1076,389930.5912,70.2041,389930.5912,0,0
1077,389930.5912,70.2847,389930.5912,0,0
1078,389930.5912,70.3655,389930.5912,0,0
1079,389930.5912,70.4466,389930.5912,0,0
1080,35080674,70.4821,35080674,0,0
1081,19473706.2,70.5153,0,0,19473706.2
1082,15572102.76,70.5489,0,0,15572102.76
1083,15572102.76,70.5836,0,0,15572102.76
1084,15572102.76,70.6174,0,0,15572102.76
1085,15572102.76,70.6537,0,0,15572102.76
1086,15572102.76,70.6891,0,0,15572102.76
1087,5374969.5894,70.7732,249703.2294,0,5125266.36
1088,1270967.9806,70.8533,639633.8206,0,631334.16
1089,695355.8206,70.933,639633.8206,0,55722
1090,445652.5912,71.0127,389930.5912,0,55722
1091,389930.5912,71.0926,389930.5912,0,0
1092,389930.5912,71.1751,389930.5912,0,0
1093,389930.5912,71.2564,389930.5912,0,0
1094,389930.5912,71.3375,389930.5912,0,0
1095,389930.5912,71.4203,389930.5912,0,0
1096,35080674,71.455,35080674,0,0
1097,35080674,71.4899,35080674,0,0
1098,17330142.8,71.5234,16858370,471772.8,0
1099,17330142.8,71.5574,16858370,471772.8,0
1100,17683731.7543,71.5908,16399440.1164,1284291.6379,0
1101,17683731.7543,71.6246,16399440.1164,1284291.6379,0
1102,17683731.7543,71.659,16399440.1164,1284291.6379,0
1103,46840277.6237,71.7421,187385.0594,46652892.5643,0
1104,46840277.6237,71.8253,187385.0594,46652892.5643,0
1105,389930.5912,71.9061,389930.5912,0,0
1106,389930.5912,71.9881,389930.5912,0,0
1107,389930.5912,72.0748,389930.5912,0,0
1108,389930.5912,72.155,389930.5912,0,0
1109,389930.5912,72.2351,389930.5912,0,0
1110,34125684.3043,72.2727,34125684.3043,0,0
1111,34125684.3043,72.3064,34125684.3043,0,0
1112,34125684.3043,72.3399,34125684.3043,0,0
1113,34125684.3043,72.3738,34125684.3043,0,0
1114,34125684.3043,72.408,34125684.3043,0,0
1115,389930.5912,72.4925,389930.5912,0,0
1116,389930.5912,72.5744,389930.5912,0,0
1117,389930.5912,72.655,389930.5912,0,0
1118,389930.5912,72.737,389930.5912,0,0
1119,389930.5912,72.819,389930.5912,0,0
1120,34125684.3043,72.8568,34125684.3043,0,0
1121,19473706.2,72.8901,0,0,19473706.2
1122,17672102.76,72.9234,0,0,17672102.76
1123,17672102.76,72.9569,0,0,17672102.76
1124,17672102.76,72.991,0,0,17672102.76
1125,17672102.76,73.0246,0,0,17672102.76
1126,17672102.76,73.0583,0,0,17672102.76
1127,7225266.36,73.1436,0,0,7225266.36
1128,3121264.7512,73.2245,389930.5912,0,2731334.16
1129,445652.5912,73.3041,389930.5912,0,55722
1130,445652.5912,73.3858,389930.5912,0,55722
1131,389930.5912,73.4671,389930.5912,0,0
1132,389930.5912,73.5498,389930.5912,0,0
1133,389930.5912,73.6293,389930.5912,0,0
1134,389930.5912,73.7119,389930.5912,0,0
1135,389930.5912,73.7945,389930.5912,0,0
1136,34125684.3043,73.8325,34125684.3043,0,0
1137,34125684.3043,73.8662,34125684.3043,0,0
1138,18072842.6853,73.8994,16788551.0474,1284291.6379,0
1139,18072842.6853,73.933,16788551.0474,1284291.6379,0
1140,18072842.6853,73.9662,16788551.0474,1284291.6379,0
1141,18072842.6853,74.0015,16788551.0474,1284291.6379,0
1142,18072842.6853,74.035,16788551.0474,1284291.6379,0
1143,46844723.7251,74.1199,191831.1609,46652892.5643,0
1144,46844723.7251,74.2017,191831.1609,46652892.5643,0
1145,389930.5912,74.2811,389930.5912,0,0
1146,389930.5912,74.3639,389930.5912,0,0
1147,389930.5912,74.4442,389930.5912,0,0
1148,389930.5912,74.525,389930.5912,0,0
1149,389930.5912,74.6049,389930.5912,0,0
1150,35080674,74.6423,35080674,0,0
1151,35080674,74.6773,35080674,0,0
1152,35080674,74.7106,35080674,0,0
1153,35080674,74.7455,35080674,0,0
1154,35080674,74.7791,35080674,0,0
1155,389930.5912,74.8626,389930.5912,0,0
1156,389930.5912,74.9585,389930.5912,0,0
1157,389930.5912,75.0432,389930.5912,0,0
1158,389930.5912,75.1264,389930.5912,0,0
1159,389930.5912,75.2082,389930.5912,0,0
1160,35080674,75.2438,35080674,0,0
1161,19473706.2,75.277,0,0,19473706.2
1162,17672102.76,75.3112,0,0,17672102.76
1163,17672102.76,75.3448,0,0,17672102.76
1164,17672102.76,75.3784,0,0,17672102.76
1165,17672102.76,75.4138,0,0,17672102.76
1166,17672102.76,75.4474,0,0,17672102.76
1167,7225266.36,75.5302,0,0,7225266.36
1168,3121264.7512,75.6099,389930.5912,0,2731334.16
1169,445652.5912,75.6909,389930.5912,0,55722
1170,445652.5912,75.7747,389930.5912,0,55722
1171,389930.5912,75.8546,389930.5912,0,0
1172,389930.5912,75.9356,389930.5912,0,0
1173,389930.5912,76.017,389930.5912,0,0
1174,389930.5912,76.0986,389930.5912,0,0
1175,389930.5912,76.1798,389930.5912,0,0
1176,35080674,76.2184,35080674,0,0
1177,35080674,76.252,35080674,0,0
1178,17330142.8,76.2851,16858370,471772.8,0
1179,17330142.8,76.3186,16858370,471772.8,0
1180,17330142.8,76.3531,16858370,471772.8,0
1181,17330142.8,76.3869,16858370,471772.8,0
1182,17330142.8,76.4204,16858370,471772.8,0
1183,46840277.6237,76.5047,187385.0594,46652892.5643,0
1184,46840277.6237,76.5864,187385.0594,46652892.5643,0
1185,389930.5912,76.6659,389930.5912,0,0
1186,389930.5912,76.7498,389930.5912,0,0
1187,389930.5912,76.8295,389930.5912,0,0
1188,389930.5912,76.9095,389930.5912,0,0
1189,389930.5912,76.9895,389930.5912,0,0
1190,35080674,77.0254,35080674,0,0
1191,35080674,77.0589,35080674,0,0
1192,35080674,77.0938,35080674,0,0
1193,35080674,77.1274,35080674,0,0
1194,35080674,77.161,35080674,0,0
1195,389930.5912,77.2452,389930.5912,0,0
1196,389930.5912,77.3266,389930.5912,0,0
1197,389930.5912,77.4083,389930.5912,0,0
1198,389930.5912,77.4902,389930.5912,0,0
1199,389930.5912,77.5707,389930.5912,0,0
1200,35080674,77.6065,35080674,0,0
1201,19473706.2,77.6396,0,0,19473706.2
1202,17672102.76,77.6742,0,0,17672102.76
1203,17672102.76,77.7079,0,0,17672102.76
1204,17672102.76,77.7414,0,0,17672102.76
1205,17672102.76,77.7763,0,0,17672102.76
1206,17672102.76,77.8101,0,0,17672102.76
1207,7225266.36,77.8909,0,0,7225266.36
1208,3121264.7512,77.9709,389930.5912,0,2731334.16
1209,445652.5912,78.0529,389930.5912,0,55722
1210,445652.5912,78.1347,389930.5912,0,55722
1211,389930.5912,78.2145,389930.5912,0,0
1212,389930.5912,78.297,389930.5912,0,0
1213,389930.5912,78.3767,389930.5912,0,0
1214,389930.5912,78.458,389930.5912,0,0
1215,389930.5912,78.5392,389930.5912,0,0
1216,35080674,78.5743,35080674,0,0
1217,35080674,78.6079,35080674,0,0
1218,17730142.8,78.6412,17258370,471772.8,0
1219,17730142.8,78.6748,17258370,471772.8,0
1220,17730142.8,78.708,17258370,471772.8,0
1221,17730142.8,78.7417,17258370,471772.8,0
1222,17730142.8,78.775,17258370,471772.8,0
1223,46844723.7251,78.8551,191831.1609,46652892.5643,0
1224,46844723.7251,78.937,191831.1609,46652892.5643,0
1225,389930.5912,79.0168,389930.5912,0,0
1226,389930.5912,79.0986,389930.5912,0,0
1227,389930.5912,79.1785,389930.5912,0,0
1228,389930.5912,79.2585,389930.5912,0,0
1229,389930.5912,79.3387,389930.5912,0,0
1230,35080674,79.3731,35080674,0,0
1231,35080674,79.4068,35080674,0,0
1232,35080674,79.4401,35080674,0,0
1233,35080674,79.4736,35080674,0,0
1234,35080674,79.5074,35080674,0,0
1235,389930.5912,79.5879,389930.5912,0,0
1236,389930.5912,79.6698,389930.5912,0,0
1237,389930.5912,79.7504,389930.5912,0,0
1238,389930.5912,79.8309,389930.5912,0,0
1239,389930.5912,79.9116,389930.5912,0,0
1240,35080674,79.9461,35080674,0,0
1241,19473706.2,79.9794,0,0,19473706.2
1242,17672102.76,80.0133,0,0,17672102.76
1243,17672102.76,80.0471,0,0,17672102.76
1244,17672102.76,80.0807,0,0,17672102.76
1245,17672102.76,80.1142,0,0,17672102.76
1246,17672102.76,80.1478,0,0,17672102.76
1247,7225266.36,80.2277,0,0,7225266.36
1248,3121264.7512,80.3074,389930.5912,0,2731334.16
1249,445652.5912,80.387,389930.5912,0,55722
1250,31391093.3252,80.4692,30694375.4456,0,696717.8796
1251,30694375.4456,80.5494,30694375.4456,0,0
1252,30694375.4456,80.6306,30694375.4456,0,0
1253,30694375.4456,80.7106,30694375.4456,0,0
1254,30694375.4456,80.7919,30694375.4456,0,0
1255,30694375.4456,80.8741,30694375.4456,0,0
1256,35080674,80.9088,35080674,0,0
1257,35080674,80.9427,35080674,0,0
1258,17330142.8,80.9761,16858370,471772.8,0
1259,17330142.8,81.01,16858370,471772.8,0
1260,17330142.8,81.0433,16858370,471772.8,0
1261,17330142.8,81.077,16858370,471772.8,0
1262,17330142.8,81.1104,16858370,471772.8,0
1263,15222263.0038,81.1905,14750490.2038,471772.8,0
1264,15222263.0038,81.2722,14750490.2038,471772.8,0
1265,142359.7575,81.3531,70586.9575,71772.8,0
1266,142359.7575,81.435,70586.9575,71772.8,0
1267,142359.7575,81.5151,70586.9575,71772.8,0
1268,142359.7575,81.5953,70586.9575,71772.8,0
1269,142359.7575,81.6756,70586.9575,71772.8,0
1270,152446.8,81.7099,80674,71772.8,0
1271,152446.8,81.7437,80674,71772.8,0
1272,152446.8,81.7771,80674,71772.8,0
1273,152446.8,81.8107,80674,71772.8,0
1274,152446.8,81.845,80674,71772.8,0
1275,142359.7575,81.9256,70586.9575,71772.8,0
1276,142359.7575,82.0076,70586.9575,71772.8,0
1277,142359.7575,82.0883,70586.9575,71772.8,0
1278,142359.7575,82.1692,70586.9575,71772.8,0
1279,142359.7575,82.2503,70586.9575,71772.8,0
1280,152446.8,82.2851,80674,71772.8,0
1281,152446.8,82.319,80674,71772.8,0
1282,152446.8,82.3529,80674,71772.8,0
1283,152446.8,82.3867,80674,71772.8,0
1284,152446.8,82.4261,80674,71772.8,0
1285,142359.7575,82.5145,70586.9575,71772.8,0
1286,142359.7575,82.5966,70586.9575,71772.8,0
1287,142359.7575,82.6791,70586.9575,71772.8,0
1288,142359.7575,82.761,70586.9575,71772.8,0
1289,142359.7575,82.8441,70586.9575,71772.8,0
1290,152446.8,82.8786,80674,71772.8,0
1291,152446.8,82.9126,80674,71772.8,0
1292,152446.8,82.9471,80674,71772.8,0
1293,152446.8,82.9817,80674,71772.8,0
1294,152446.8,83.0158,80674,71772.8,0
1295,142359.7575,83.0971,70586.9575,71772.8,0
1296,142359.7575,83.177,70586.9575,71772.8,0
1297,142359.7575,83.2583,70586.9575,71772.8,0
1298,142359.7575,83.3399,70586.9575,71772.8,0
1299,142359.7575,83.42,70586.9575,71772.8,0
1300,3421795.5133,83.455,42692.2328,3379103.2805,0
1301,3421795.5133,83.4889,42692.2328,3379103.2805,0
1302,3421795.5133,83.5225,42692.2328,3379103.2805,0
1303,3421795.5133,83.5558,42692.2328,3379103.2805,0
1304,3421795.5133,83.5897,42692.2328,3379103.2805,0
1305,142359.7575,83.6716,70586.9575,71772.8,0
1306,75772.8,83.7516,0,75772.8,0
1307,75772.8,83.8333,0,75772.8,0
1308,75772.8,83.9139,0,75772.8,0
1309,75772.8,83.9939,0,75772.8,0
1310,75772.8,84.0739,0,75772.8,0
1311,3567425.5018,84.1091,0,3567425.5018,0
1312,3567425.5018,84.1429,0,3567425.5018,0
1313,3567425.5018,84.1767,0,3567425.5018,0
1314,3567425.5018,84.2106,0,3567425.5018,0
1315,3567425.5018,84.2445,0,3567425.5018,0
1316,75772.8,84.3249,0,75772.8,0
1317,75772.8,84.4064,0,75772.8,0
1318,75772.8,84.4864,0,75772.8,0
1319,75772.8,84.5667,0,75772.8,0
1320,75772.8,84.6475,0,75772.8,0
1321,3567425.5018,84.682,0,3567425.5018,0
1322,3567425.5018,84.7158,0,3567425.5018,0
1323,3567425.5018,84.7495,0,3567425.5018,0
1324,3567425.5018,84.7832,0,3567425.5018,0
1325,3567425.5018,84.817,0,3567425.5018,0
1326,75772.8,84.899,0,75772.8,0
1327,75772.8,84.9809,0,75772.8,0
1328,75772.8,85.063,0,75772.8,0
1329,75772.8,85.1449,0,75772.8,0
1330,75772.8,85.2275,0,75772.8,0
1331,3567425.5018,85.2623,0,3567425.5018,0
1332,3567425.5018,85.296,0,3567425.5018,0
1333,3567425.5018,85.3299,0,3567425.5018,0
1334,3567425.5018,85.3638,0,3567425.5018,0
1335,3567425.5018,85.3981,0,3567425.5018,0
1336,75772.8,85.4797,0,75772.8,0
1337,75772.8,85.5595,0,75772.8,0
1338,75772.8,85.6405,0,75772.8,0
1339,75772.8,85.7218,0,75772.8,0
1340,75772.8,85.8019,0,75772.8,0
1341,3567425.5018,85.8371,0,3567425.5018,0
1342,3567425.5018,85.8716,0,3567425.5018,0
1343,3567425.5018,85.9055,0,3567425.5018,0
1344,3567425.5018,85.939,0,3567425.5018,0
1345,3567425.5018,85.9729,0,3567425.5018,0
1346,75772.8,86.0549,0,75772.8,0
1347,75772.8,86.1375,0,75772.8,0
1348,75772.8,86.219,0,75772.8,0
1349,75772.8,86.299,0,75772.8,0
1350,76806.74,86.3792,76806.74,0,0
1351,4064570.0289,86.4135,4064570.0289,0,0
1352,4064570.0289,86.4472,4064570.0289,0,0
1353,4064570.0289,86.4815,4064570.0289,0,0
1354,4064570.0289,86.515,4064570.0289,0,0
1355,4064570.0289,86.5489,4064570.0289,0,0
1356,76806.74,86.6291,76806.74,0,0
1357,76806.74,86.7091,76806.74,0,0
1358,76806.74,86.7893,76806.74,0,0
1359,76806.74,86.8698,76806.74,0,0
1360,76806.74,86.9505,76806.74,0,0
1361,4064570.0289,86.9853,4064570.0289,0,0
1362,4064570.0289,87.0193,4064570.0289,0,0
1363,4064570.0289,87.0534,4064570.0289,0,0
1364,4064570.0289,87.0871,4064570.0289,0,0
1365,4064570.0289,87.1211,4064570.0289,0,0
1366,76806.74,87.2021,76806.74,0,0
1367,76806.74,87.2839,76806.74,0,0
1368,76806.74,87.367,76806.74,0,0
1369,76806.74,87.4547,76806.74,0,0
1370,76806.74,87.5367,76806.74,0,0
1371,4064570.0289,87.5715,4064570.0289,0,0
1372,4064570.0289,87.6051,4064570.0289,0,0
1373,4064570.0289,87.639,4064570.0289,0,0
1374,4064570.0289,87.6728,4064570.0289,0,0
1375,4064570.0289,87.7066,4064570.0289,0,0
1376,76806.74,87.7889,76806.74,0,0
1377,76806.74,87.8707,76806.74,0,0
1378,76806.74,87.9506,76806.74,0,0
1379,76806.74,88.032,76806.74,0,0
1380,76806.74,88.1135,76806.74,0,0
1381,4064570.0289,88.1483,4064570.0289,0,0
1382,4064570.0289,88.182,4064570.0289,0,0
1383,4064570.0289,88.2158,4064570.0289,0,0
1384,4064570.0289,88.2496,4064570.0289,0,0
1385,4064570.0289,88.2829,4064570.0289,0,0
1386,76806.74,88.3632,76806.74,0,0
1387,76806.74,88.445,76806.74,0,0
1388,76806.74,88.5276,76806.74,0,0
1389,76806.74,88.6095,76806.74,0,0
1390,76806.74,88.6894,76806.74,0,0
1391,4064570.0289,88.724,4064570.0289,0,0
1392,4064570.0289,88.7581,4064570.0289,0,0
1393,4064570.0289,88.7914,4064570.0289,0,0
1394,4064570.0289,88.8248,4064570.0289,0,0
1395,4064570.0289,88.859,4064570.0289,0,0
1396,72806.74,88.9391,72806.74,0,0
1397,72806.74,89.0192,72806.74,0,0
1398,72806.74,89.0995,72806.74,0,0
1399,72806.74,89.1798,72806.74,0,0
1400,2053706.2,89.26,0,0,2053706.2
1401,2053706.2,89.2945,0,0,2053706.2
1402,2053706.2,89.3284,0,0,2053706.2
1403,2053706.2,89.3621,0,0,2053706.2
1404,2053706.2,89.3957,0,0,2053706.2
1405,2053706.2,89.4296,0,0,2053706.2
1406,529654.2,89.5096,0,0,529654.2
1407,509221.3,89.5892,0,3567.1,505654.2
1408,509221.3,89.6699,0,3567.1,505654.2
1409,509221.3,89.7506,0,3567.1,505654.2
1410,509221.3,89.8316,0,3567.1,505654.2
1411,509221.3,89.9141,0,3567.1,505654.2
1412,673595.2489,89.9488,0,167941.0489,505654.2
1413,673595.2489,89.9825,0,167941.0489,505654.2
1414,673595.2489,90.0163,0,167941.0489,505654.2
1415,673595.2489,90.0502,0,167941.0489,505654.2
1416,673595.2489,90.0841,0,167941.0489,505654.2
1417,509221.3,90.1645,0,3567.1,505654.2
1418,509221.3,90.2434,0,3567.1,505654.2
1419,509221.3,90.3226,0,3567.1,505654.2
1420,509221.3,90.404,0,3567.1,505654.2
1421,509221.3,90.4854,0,3567.1,505654.2
1422,673595.2489,90.52,0,167941.0489,505654.2
1423,673595.2489,90.5539,0,167941.0489,505654.2
1424,673595.2489,90.5877,0,167941.0489,505654.2
1425,673595.2489,90.622,0,167941.0489,505654.2
1426,673595.2489,90.6555,0,167941.0489,505654.2
1427,509221.3,90.7358,0,3567.1,505654.2
1428,509221.3,90.8174,0,3567.1,505654.2
1429,509221.3,90.9003,0,3567.1,505654.2
1430,509221.3,91.0179,0,3567.1,505654.2
1431,509221.3,91.152,0,3567.1,505654.2
1432,673595.2489,91.2098,0,167941.0489,505654.2
1433,673595.2489,91.2665,0,167941.0489,505654.2
1434,673595.2489,91.3228,0,167941.0489,505654.2
1435,673595.2489,91.3789,0,167941.0489,505654.2
1436,673595.2489,91.4357,0,167941.0489,505654.2
1437,509221.3,91.5739,0,3567.1,505654.2
1438,509221.3,91.7091,0,3567.1,505654.2
1439,509221.3,91.8434,0,3567.1,505654.2
1440,509221.3,91.9782,0,3567.1,505654.2
1441,485221.3,92.1121,0,3567.1,481654.2
1442,485221.3,92.2502,0,3567.1,481654.2
1443,465221.3,92.3838,0,7567.1,457654.2
1444,465221.3,92.5191,0,7567.1,457654.2
1445,465221.3,92.6548,0,7567.1,457654.2
1446,465221.3,92.7905,0,7567.1,457654.2
1447,465221.3,92.9279,0,7567.1,457654.2
1448,813917.4701,92.9858,0,356263.2701,457654.2
1449,813917.4701,93.042,0,356263.2701,457654.2
1450,26064466.5284,93.0987,0,331222.7456,25733243.7828
1451,26064466.5284,93.1446,0,331222.7456,25733243.7828
1452,26064466.5284,93.1791,0,331222.7456,25733243.7828
1453,465221.3,93.2618,0,7567.1,457654.2
1454,465221.3,93.3442,0,7567.1,457654.2
1455,465221.3,93.4244,0,7567.1,457654.2
1456,465221.3,93.506,0,7567.1,457654.2
1457,465221.3,93.5961,0,7567.1,457654.2
1458,26064466.5284,93.655,0,331222.7456,25733243.7828
1459,26064466.5284,93.7131,0,331222.7456,25733243.7828
1460,26064466.5284,93.7707,0,331222.7456,25733243.7828
1461,26064466.5284,93.8271,0,331222.7456,25733243.7828
1462,26064466.5284,93.8834,0,331222.7456,25733243.7828
1463,465221.3,94.0187,0,7567.1,457654.2
1464,465221.3,94.1568,0,7567.1,457654.2
1465,465221.3,94.2948,0,7567.1,457654.2
1466,465221.3,94.4327,0,7567.1,457654.2
1467,465221.3,94.5667,0,7567.1,457654.2
1468,26064466.5284,94.6258,0,331222.7456,25733243.7828
1469,26064466.5284,94.684,0,331222.7456,25733243.7828
1470,26064466.5284,94.7405,0,331222.7456,25733243.7828
1471,26064466.5284,94.7974,0,331222.7456,25733243.7828
1472,4211198.1751,94.853,746806.74,331222.7456,3133168.6895
1473,1078029.4856,94.9096,746806.74,331222.7456,0
1474,1078029.4856,94.9665,746806.74,331222.7456,0
1475,1078029.4856,95.0233,746806.74,331222.7456,0
1476,1078029.4856,95.0804,746806.74,331222.7456,0
1477,1078029.4856,95.1379,746806.74,331222.7456,0
1478,45146383.9,95.2733,44739044,407339.9,0
1479,45146383.9,95.4091,44739044,407339.9,0
1480,45146383.9,95.5444,44739044,407339.9,0
1481,45146383.9,95.6801,44739044,407339.9,0
1482,10465709.9,95.8145,10058370,407339.9,0
1483,10465709.9,95.9535,10058370,407339.9,0
1484,10458142.8,96.0876,10058370,399772.8,0
1485,10458142.8,96.2229,10058370,399772.8,0
1486,10458142.8,96.3599,10058370,399772.8,0
1487,9772373.8,96.4936,9372601,399772.8,0
1488,2458142.8,96.6267,2058370,399772.8,0
1489,2458142.8,96.7667,2058370,399772.8,0
1490,2458142.8,96.9041,2058370,399772.8,0
1491,2458142.8,97.0377,2058370,399772.8,0
1492,2458142.8,97.1743,2058370,399772.8,0
1493,17519208.5929,97.2332,20583.7,17498624.8929,0
1494,17519208.5929,97.2907,20583.7,17498624.8929,0
1495,17519208.5929,97.3483,20583.7,17498624.8929,0
1496,17519208.5929,97.4057,20583.7,17498624.8929,0
1497,17519208.5929,97.463,20583.7,17498624.8929,0
1498,2458142.8,97.6016,2058370,399772.8,0
1499,2458142.8,97.736,2058370,399772.8,0
1500,8225200.0245,97.8734,1723613.0695,6501586.955,0
1501,8225200.0245,98.012,1723613.0695,6501586.955,0
1502,8225200.0245,98.1507,1723613.0695,6501586.955,0
1503,17519208.5929,98.2092,20583.7,17498624.8929,0
1504,696806.74,98.2659,696806.74,0,0
1505,696806.74,98.323,696806.74,0,0
1506,696806.74,98.3791,696806.74,0,0
1507,696806.74,98.4357,696806.74,0,0
1508,696806.74,98.4925,696806.74,0,0
1509,58348363.2201,98.6285,58348363.2201,0,0
1510,8225200.0245,98.7628,1723613.0695,6501586.955,0
1511,8225200.0245,98.8974,1723613.0695,6501586.955,0
1512,8225200.0245,99.0335,1723613.0695,6501586.955,0
1513,8225200.0245,99.1701,1723613.0695,6501586.955,0
1514,8225200.0245,99.3083,1723613.0695,6501586.955,0
1515,17519208.5929,99.3669,20583.7,17498624.8929,0
1516,17519208.5929,99.4247,20583.7,17498624.8929,0
1517,17519208.5929,99.4814,20583.7,17498624.8929,0
1518,17519208.5929,99.5386,20583.7,17498624.8929,0
1519,17519208.5929,99.5962,20583.7,17498624.8929,0
1520,8225200.0245,99.7364,1723613.0695,6501586.955,0
1521,8225200.0245,99.8765,1723613.0695,6501586.955,0
1522,8225200.0245,100.0129,1723613.0695,6501586.955,0
1523,8225200.0245,100.1491,1723613.0695,6501586.955,0
1524,6501586.955,100.2829,0,6501586.955,0
1525,6501586.955,100.4227,0,6501586.955,0
1526,6501586.955,100.5609,0,6501586.955,0
1527,6501586.955,100.6975,0,6501586.955,0
1528,6501586.955,100.8318,0,6501586.955,0
1529,17498624.8929,100.8845,0,17498624.8929,0
1530,17498624.8929,100.9191,0,17498624.8929,0
1531,17498624.8929,100.9535,0,17498624.8929,0
1532,17498624.8929,100.9878,0,17498624.8929,0
1533,17498624.8929,101.0224,0,17498624.8929,0
1534,6501586.955,101.1047,0,6501586.955,0
1535,6501586.955,101.1869,0,6501586.955,0
1536,6501586.955,101.2668,0,6501586.955,0
1537,6501586.955,101.3496,0,6501586.955,0
1538,6501586.955,101.4318,0,6501586.955,0
1539,17498624.8929,101.4671,0,17498624.8929,0
1540,17498624.8929,101.5007,0,17498624.8929,0
1541,696806.74,101.5349,696806.74,0,0
1542,696806.74,101.5687,696806.74,0,0
1543,696806.74,101.6022,696806.74,0,0
1544,696806.74,101.6356,696806.74,0,0
1545,696806.74,101.6699,696806.74,0,0
1546,14221706.2,101.751,0,0,14221706.2
1547,3337654.2,101.8315,0,0,3337654.2
1548,3337654.2,101.9118,0,0,3337654.2
1549,3337654.2,101.9923,0,0,3337654.2
1550,7805977.02,102.0775,1556209.92,677567.1,5572200
1551,2233777.02,102.1586,1556209.92,677567.1,0
1552,2173818.37,102.2395,1496251.27,677567.1,0
1553,2173818.37,102.3204,1496251.27,677567.1,0
1554,2173818.37,102.4017,1496251.27,677567.1,0
1555,2173818.37,102.4829,1496251.27,677567.1,0
1556,2173818.37,102.5643,1496251.27,677567.1,0
1557,31154328.3645,102.5995,1496251.27,29658077.0945,0
1558,31154328.3645,102.6333,1496251.27,29658077.0945,0
1559,31154328.3645,102.6678,1496251.27,29658077.0945,0
1560,31154328.3645,102.7017,1496251.27,29658077.0945,0
1561,31154328.3645,102.7358,1496251.27,29658077.0945,0
1562,2173818.37,102.8182,1496251.27,677567.1,0
1563,2173818.37,102.9013,1496251.27,677567.1,0
1564,2173818.37,102.9893,1496251.27,677567.1,0
1565,2173818.37,103.071,1496251.27,677567.1,0
1566,2173818.37,103.1523,1496251.27,677567.1,0
1567,31154328.3645,103.1875,1496251.27,29658077.0945,0
1568,31154328.3645,103.2213,1496251.27,29658077.0945,0
1569,31154328.3645,103.2558,1496251.27,29658077.0945,0
1570,31154328.3645,103.2897,1496251.27,29658077.0945,0
1571,31154328.3645,103.3238,1496251.27,29658077.0945,0
1572,2173818.37,103.4067,1496251.27,677567.1,0
1573,1606921.25,103.4886,748283.71,858637.54,0
1574,1606921.25,103.5691,748283.71,858637.54,0
1575,1599509.37,103.6491,740871.83,858637.54,0
1576,1599509.37,103.7315,740871.83,858637.54,0
1577,1599509.37,103.8149,740871.83,858637.54,0
1578,1599509.37,103.8976,740871.83,858637.54,0
1579,1599509.37,103.978,740871.83,858637.54,0
1580,38324660.0002,104.0132,740871.83,37583788.1702,0
1581,38324660.0002,104.0473,740871.83,37583788.1702,0
1582,38324660.0002,104.0819,740871.83,37583788.1702,0
1583,38324660.0002,104.1161,740871.83,37583788.1702,0
1584,38324660.0002,104.1499,740871.83,37583788.1702,0
1585,1599509.37,104.2318,740871.83,858637.54,0
1586,1439509.37,104.3125,660871.83,778637.54,0
1587,1439509.37,104.3952,660871.83,778637.54,0
1588,1439509.37,104.4783,660871.83,778637.54,0
1589,1439509.37,104.559,660871.83,778637.54,0
1590,1439509.37,104.6398,660871.83,778637.54,0
1591,34742946.0481,104.6747,660871.83,34082074.2181,0
1592,34670357.9281,104.7084,588283.71,34082074.2181,0
1593,34670357.9281,104.7432,588283.71,34082074.2181,0
1594,34670357.9281,104.7771,588283.71,34082074.2181,0
1595,34670357.9281,104.8113,588283.71,34082074.2181,0
1596,34670357.9281,104.8451,588283.71,34082074.2181,0
1597,1366921.25,104.928,588283.71,778637.54,0
1598,1366921.25,105.0107,588283.71,778637.54,0
1599,1366921.25,105.0984,588283.71,778637.54,0
1600,69671470.9899,105.1812,25318043.995,44353426.995,0
1601,69671470.9899,105.2634,25318043.995,44353426.995,0
1602,34670357.9281,105.3015,588283.71,34082074.2181,0
1603,34670357.9281,105.3354,588283.71,34082074.2181,0
1604,34670357.9281,105.3699,588283.71,34082074.2181,0
1605,27412614.4123,105.4035,1256251.27,26156363.1423,0
1606,27412614.4123,105.4376,1256251.27,26156363.1423,0
1607,27412614.4123,105.4716,1256251.27,26156363.1423,0
1608,27412614.4123,105.5059,1256251.27,26156363.1423,0
1609,27412614.4123,105.5401,1256251.27,26156363.1423,0
1610,88104587.9224,105.6225,54065452.4032,34039135.5193,0
1611,88104587.9224,105.7039,54065452.4032,34039135.5193,0
1612,88104587.9224,105.8397,54065452.4032,34039135.5193,0
1613,69671470.9899,105.9748,25318043.995,44353426.995,0
1614,69671470.9899,106.1081,25318043.995,44353426.995,0
1615,57732459.1438,106.242,13379032.1488,44353426.995,0
1616,57732459.1438,106.3812,13379032.1488,44353426.995,0
1617,57732459.1438,106.5202,13379032.1488,44353426.995,0
1618,57732459.1438,106.6604,13379032.1488,44353426.995,0
1619,57732459.1438,106.7966,13379032.1488,44353426.995,0
1620,34392946.0481,106.8556,310871.83,34082074.2181,0
1621,34392946.0481,106.9139,310871.83,34082074.2181,0
1622,34392946.0481,106.9711,310871.83,34082074.2181,0
1623,34392946.0481,107.0287,310871.83,34082074.2181,0
1624,34392946.0481,107.0872,310871.83,34082074.2181,0
1625,57732459.1438,107.224,13379032.1488,44353426.995,0
1626,34045827.3762,107.3213,5275841.1676,21568280.0086,7201706.2
1627,28561775.3762,107.4025,5275841.1676,21568280.0086,1717654.2
1628,28537775.3762,107.4833,5275841.1676,21568280.0086,1693654.2
1629,28537775.3762,107.5642,5275841.1676,21568280.0086,1693654.2
1630,28537775.3762,107.6453,5275841.1676,21568280.0086,1693654.2
1631,28537775.3762,107.7265,5275841.1676,21568280.0086,1693654.2
1632,23261934.2086,107.8069,0,21568280.0086,1693654.2
1633,23261934.2086,107.8882,0,21568280.0086,1693654.2
1634,23261934.2086,107.9702,0,21568280.0086,1693654.2
1635,23261934.2086,108.0583,0,21568280.0086,1693654.2
1636,23261934.2086,108.1402,0,21568280.0086,1693654.2
1637,111805267.6804,108.1756,0,16573504.4576,95231763.2228
1638,111805267.6804,108.2099,0,16573504.4576,95231763.2228
1639,104147524.1646,108.2444,267967.56,8647793.3818,95231763.2228
1640,104147524.1646,108.2812,267967.56,8647793.3818,95231763.2228
1641,104147524.1646,108.317,267967.56,8647793.3818,95231763.2228
1642,104147524.1646,108.3512,267967.56,8647793.3818,95231763.2228
1643,104147524.1646,108.3855,267967.56,8647793.3818,95231763.2228
1644,24480198.1275,108.4669,11532555.3946,11253988.5329,1693654.2
1645,24480198.1275,108.5494,11532555.3946,11253988.5329,1693654.2
1646,12947642.7329,108.6298,0,11253988.5329,1693654.2
1647,12947642.7329,108.7128,0,11253988.5329,1693654.2
1648,12947642.7329,108.795,0,11253988.5329,1693654.2
1649,12947642.7329,108.8787,0,11253988.5329,1693654.2
1650,39326713.998,108.9617,0,17172375.8814,22154338.1166
1651,103879556.6046,108.9985,0,8647793.3818,95231763.2228
1652,103879556.6046,109.0324,0,8647793.3818,95231763.2228
1653,103879556.6046,109.0671,0,8647793.3818,95231763.2228
1654,46095740.2923,109.1008,1486209.92,41476361.6828,3133168.6895
1655,42962571.6028,109.1343,1486209.92,41476361.6828,0
1656,42962571.6028,109.1683,1486209.92,41476361.6828,0
1657,42962571.6028,109.2017,1486209.92,41476361.6828,0
1658,42962571.6028,109.2357,1486209.92,41476361.6828,0
1659,42962571.6028,109.2693,1486209.92,41476361.6828,0
1660,83767991.8871,109.3506,1406209.92,82361781.9671,0
1661,83767991.8871,109.4319,1406209.92,82361781.9671,0
1662,83767991.8871,109.5127,1406209.92,82361781.9671,0
1663,48030349.9914,109.593,436251.27,47594098.7214,0
1664,48030349.9914,109.6737,436251.27,47594098.7214,0
1665,48030349.9914,109.7566,436251.27,47594098.7214,0
1666,48030349.9914,109.8374,436251.27,47594098.7214,0
1667,48030349.9914,109.9182,436251.27,47594098.7214,0
1668,24404043.1923,109.9531,436251.27,23967791.9223,0
1669,24404043.1923,109.987,436251.27,23967791.9223,0
1670,24404043.1923,110.0215,436251.27,23967791.9223,0
1671,24404043.1923,110.0556,436251.27,23967791.9223,0
1672,24404043.1923,110.0894,436251.27,23967791.9223,0
1673,48030349.9914,110.1713,436251.27,47594098.7214,0
1674,48030349.9914,110.2531,436251.27,47594098.7214,0
1675,48030349.9914,110.3346,436251.27,47594098.7214,0
1676,48030349.9914,110.4166,436251.27,47594098.7214,0
1677,48030349.9914,110.4988,436251.27,47594098.7214,0
1678,24404043.1923,110.5339,436251.27,23967791.9223,0
1679,24404043.1923,110.5677,436251.27,23967791.9223,0
1680,24404043.1923,110.6022,436251.27,23967791.9223,0
1681,24404043.1923,110.6363,436251.27,23967791.9223,0
1682,24404043.1923,110.67,436251.27,23967791.9223,0
1683,48030349.9914,110.7525,436251.27,47594098.7214,0
1684,48030349.9914,110.8336,436251.27,47594098.7214,0
1685,48030349.9914,110.9154,436251.27,47594098.7214,0
1686,47950349.9914,110.9957,356251.27,47594098.7214,0
1687,47950349.9914,111.0814,356251.27,47594098.7214,0
1688,47870349.9914,111.1645,276251.27,47594098.7214,0
1689,47870349.9914,111.247,276251.27,47594098.7214,0
1690,47870349.9914,111.3335,276251.27,47594098.7214,0
1691,47870349.9914,111.4165,276251.27,47594098.7214,0
1692,47870349.9914,111.497,276251.27,47594098.7214,0
1693,24244043.1923,111.532,276251.27,23967791.9223,0
1694,24244043.1923,111.566,276251.27,23967791.9223,0
1695,24244043.1923,111.6005,276251.27,23967791.9223,0
1696,24244043.1923,111.6346,276251.27,23967791.9223,0
1697,24244043.1923,111.6682,276251.27,23967791.9223,0
1698,47870349.9914,111.7492,276251.27,47594098.7214,0
1699,41773271.9727,111.8303,116251.27,40640562.0723,1016458.6304
1700,45605122.1512,111.9116,116251.27,45488870.8812,0
1701,45605122.1512,111.9926,116251.27,45488870.8812,0
1702,45605122.1512,112.0736,116251.27,45488870.8812,0
1703,45605122.1512,112.1545,116251.27,45488870.8812,0
1704,20582329.2402,112.1895,116251.27,20466077.9702,0
1705,20582329.2402,112.2236,116251.27,20466077.9702,0
1706,20582329.2402,112.2583,116251.27,20466077.9702,0
1707,20582329.2402,112.2922,116251.27,20466077.9702,0
1708,20582329.2402,112.3262,116251.27,20466077.9702,0
1709,45605122.1512,112.4079,116251.27,45488870.8812,0
1710,45605122.1512,112.4901,116251.27,45488870.8812,0
1711,45605122.1512,112.573,116251.27,45488870.8812,0
1712,45605122.1512,112.6549,116251.27,45488870.8812,0
1713,45605122.1512,112.7378,116251.27,45488870.8812,0
1714,20582329.2402,112.7729,116251.27,20466077.9702,0
1715,20582329.2402,112.807,116251.27,20466077.9702,0
1716,20582329.2402,112.8417,116251.27,20466077.9702,0
1717,20582329.2402,112.8764,116251.27,20466077.9702,0
1718,20582329.2402,112.9103,116251.27,20466077.9702,0
1719,45605122.1512,113.0045,116251.27,45488870.8812,0
1720,45605122.1512,113.0853,116251.27,45488870.8812,0
1721,45605122.1512,113.1674,116251.27,45488870.8812,0
1722,45547154.5912,113.2476,58283.71,45488870.8812,0
1723,45547154.5912,113.3305,58283.71,45488870.8812,0
1724,45496645.5512,113.4108,7774.67,45488870.8812,0
1725,45488870.8812,113.4914,0,45488870.8812,0
1726,45488870.8812,113.5737,0,45488870.8812,0
1727,45488870.8812,113.6563,0,45488870.8812,0
1728,45488870.8812,113.7368,0,45488870.8812,0
1729,45488870.8812,113.8173,0,45488870.8812,0
1730,20466077.9702,113.8526,0,20466077.9702,0
1731,20466077.9702,113.8871,0,20466077.9702,0
1732,20466077.9702,113.9217,0,20466077.9702,0
1733,20466077.9702,113.9552,0,20466077.9702,0
1734,20466077.9702,113.9892,0,20466077.9702,0
1735,31815578.456,114.077,0,6573497.3391,25242081.1169
1736,6928304.0791,114.1575,354806.74,6573497.3391,0
1737,6848304.0791,114.2383,274806.74,6573497.3391,0
1738,6848304.0791,114.3234,274806.74,6573497.3391,0
1739,6848304.0791,114.4042,274806.74,6573497.3391,0
1740,6848304.0791,114.4853,274806.74,6573497.3391,0
1741,6848304.0791,114.5663,274806.74,6573497.3391,0
1742,3232314.9497,114.6013,274806.74,2957508.2097,0
1743,3232314.9497,114.6395,274806.74,2957508.2097,0
1744,3232314.9497,114.68,274806.74,2957508.2097,0
1745,3232314.9497,114.7136,274806.74,2957508.2097,0
1746,3232314.9497,114.7474,274806.74,2957508.2097,0
1747,6848304.0791,114.8294,274806.74,6573497.3391,0
1748,6848304.0791,114.9113,274806.74,6573497.3391,0
1749,6848304.0791,114.9933,274806.74,6573497.3391,0
1750,7588315.1567,115.0746,1102736.4363,6485578.7204,0
1751,7588315.1567,115.1546,1102736.4363,6485578.7204,0
1752,3232314.9497,115.1896,274806.74,2957508.2097,0
1753,3232314.9497,115.2235,274806.74,2957508.2097,0
1754,3232314.9497,115.2579,274806.74,2957508.2097,0
1755,3232314.9497,115.2917,274806.74,2957508.2097,0
1756,3232314.9497,115.3256,274806.74,2957508.2097,0
1757,7588315.1567,115.4078,1102736.4363,6485578.7204,0
1758,7588315.1567,115.49,1102736.4363,6485578.7204,0
1759,7588315.1567,115.5723,1102736.4363,6485578.7204,0
1760,7588315.1567,115.6541,1102736.4363,6485578.7204,0
1761,7588315.1567,115.7366,1102736.4363,6485578.7204,0
1762,3232314.9497,115.7717,274806.74,2957508.2097,0
1763,3232314.9497,115.8056,274806.74,2957508.2097,0
1764,3232314.9497,115.84,274806.74,2957508.2097,0
1765,3232314.9497,115.8735,274806.74,2957508.2097,0
1766,3232314.9497,115.9073,274806.74,2957508.2097,0
1767,7588315.1567,115.99,1102736.4363,6485578.7204,0
1768,7588315.1567,116.0731,1102736.4363,6485578.7204,0
1769,7588315.1567,116.1532,1102736.4363,6485578.7204,0
1770,7588315.1567,116.2335,1102736.4363,6485578.7204,0
1771,3156442.6363,116.3133,1102736.4363,0,2053706.2
1772,1423758.0928,116.3932,1423758.0928,0,0
1773,1102736.4363,116.4731,1102736.4363,0,0
1774,1102736.4363,116.5533,1102736.4363,0,0
1775,1102736.4363,116.6337,1102736.4363,0,0
1776,1102736.4363,116.7145,1102736.4363,0,0
1777,1102736.4363,116.7956,1102736.4363,0,0
1778,274806.74,116.8308,274806.74,0,0
1779,274806.74,116.8647,274806.74,0,0
1780,274806.74,116.8992,274806.74,0,0
1781,274806.74,116.9328,274806.74,0,0
1782,274806.74,116.9667,274806.74,0,0
1783,1102736.4363,117.0502,1102736.4363,0,0
1784,1102736.4363,117.1359,1102736.4363,0,0
1785,1102736.4363,117.2178,1102736.4363,0,0
1786,1102736.4363,117.3012,1102736.4363,0,0
1787,1102736.4363,117.384,1102736.4363,0,0
1788,274806.74,117.4193,274806.74,0,0
1789,274806.74,117.4531,274806.74,0,0
1790,274806.74,117.4875,274806.74,0,0
1791,274806.74,117.5212,274806.74,0,0
1792,274806.74,117.5552,274806.74,0,0
1793,1102736.4363,117.6373,1102736.4363,0,0
1794,1102736.4363,117.7198,1102736.4363,0,0
1795,1102736.4363,117.8021,1102736.4363,0,0
1796,1102736.4363,117.8841,1102736.4363,0,0
1797,1102736.4363,117.967,1102736.4363,0,0
1798,274806.74,118.0025,274806.74,0,0
1799,274806.74,118.0363,274806.74,0,0
1800,27480674,118.071,27480674,0,0
1801,27480674,118.1044,27480674,0,0
1802,27480674,118.1383,27480674,0,0
1803,1102736.4363,118.2211,1102736.4363,0,0
1804,1102736.4363,118.3043,1102736.4363,0,0
1805,1102736.4363,118.3848,1102736.4363,0,0
1806,1102736.4363,118.4651,1102736.4363,0,0
1807,1102736.4363,118.5476,1102736.4363,0,0
1808,19473706.2,118.5824,0,0,19473706.2
1809,4549654.2,118.6159,0,0,4549654.2
1810,4549654.2,118.6504,0,0,4549654.2
1811,4549654.2,118.684,0,0,4549654.2
1812,4549654.2,118.7175,0,0,4549654.2
1813,4549654.2,118.7511,0,0,4549654.2
1814,1158458.4363,118.8318,1102736.4363,0,55722
1815,837436.7798,118.9126,781714.7798,0,55722
1816,781714.7798,118.9928,781714.7798,0,0
1817,781714.7798,119.0731,781714.7798,0,0
1818,781714.7798,119.1536,781714.7798,0,0
1819,781714.7798,119.2346,781714.7798,0,0
1820,781714.7798,119.316,781714.7798,0,0
1821,19480674,119.3521,19480674,0,0
1822,19480674,119.3857,19480674,0,0
1823,19480674,119.4198,19480674,0,0
1824,19480674,119.4535,19480674,0,0
1825,19480674,119.4872,19480674,0,0
1826,781714.7798,119.5692,781714.7798,0,0
1827,781714.7798,119.6509,781714.7798,0,0
1828,781714.7798,119.7322,781714.7798,0,0
1829,781714.7798,119.8124,781714.7798,0,0
1830,781714.7798,119.8943,781714.7798,0,0
1831,19480674,119.9295,19480674,0,0
1832,19480674,119.9632,19480674,0,0
1833,19480674,119.9976,19480674,0,0
1834,19480674,120.0315,19480674,0,0
1835,19480674,120.0712,19480674,0,0
1836,781714.7798,120.1533,781714.7798,0,0
1837,781714.7798,120.2357,781714.7798,0,0
1838,781714.7798,120.3217,781714.7798,0,0
1839,781714.7798,120.4039,781714.7798,0,0
1840,781714.7798,120.4867,781714.7798,0,0
1841,19480674,120.5221,19480674,0,0
1842,19480674,120.5561,19480674,0,0
1843,19480674,120.5902,19480674,0,0
1844,19480674,120.6256,19480674,0,0
1845,19473706.2,120.6598,0,0,19473706.2
1846,18124128.96,120.6938,0,0,18124128.96
1847,18124128.96,120.728,0,0,18124128.96
1848,18124128.96,120.7623,0,0,18124128.96
1849,18124128.96,120.796,0,0,18124128.96
1850,316986072.06,120.8299,1813008.96,737567.1,314435496
1851,18124128.96,120.9115,0,0,18124128.96
1852,7677292.56,120.9931,0,0,7677292.56
1853,4549654.2,121.0745,0,0,4549654.2
1854,4549654.2,121.1554,0,0,4549654.2
1855,837436.7798,121.2362,781714.7798,0,55722
1856,516415.1232,121.3164,460693.1232,0,55722
1857,460693.1232,121.3976,460693.1232,0,0
1858,460693.1232,121.4782,460693.1232,0,0
1859,460693.1232,121.5592,460693.1232,0,0
1860,460693.1232,121.6401,460693.1232,0,0
1861,460693.1232,121.7211,460693.1232,0,0
1862,114806.74,121.7562,114806.74,0,0
1863,114806.74,121.7902,114806.74,0,0
1864,114806.74,121.8247,114806.74,0,0
1865,114806.74,121.8586,114806.74,0,0
1866,114806.74,121.8939,114806.74,0,0
1867,460693.1232,121.9757,460693.1232,0,0
1868,460693.1232,122.0577,460693.1232,0,0
1869,460693.1232,122.1392,460693.1232,0,0
1870,460693.1232,122.22,460693.1232,0,0
1871,460693.1232,122.3016,460693.1232,0,0
1872,114806.74,122.3368,114806.74,0,0
1873,114806.74,122.3707,114806.74,0,0
1874,114806.74,122.4056,114806.74,0,0
1875,114806.74,122.4395,114806.74,0,0
1876,114806.74,122.4741,114806.74,0,0
1877,460693.1232,122.5564,460693.1232,0,0
1878,460693.1232,122.6389,460693.1232,0,0
1879,460693.1232,122.7209,460693.1232,0,0
1880,460693.1232,122.8032,460693.1232,0,0
1881,460693.1232,122.8862,460693.1232,0,0
1882,114806.74,122.9215,114806.74,0,0
1883,114806.74,122.9555,114806.74,0,0
1884,114806.74,122.9901,114806.74,0,0
1885,114806.74,123.0242,114806.74,0,0
1886,114806.74,123.0588,114806.74,0,0
1887,460693.1232,123.142,460693.1232,0,0
1888,460693.1232,123.2252,460693.1232,0,0
1889,460693.1232,123.3077,460693.1232,0,0
1890,460693.1232,123.3881,460693.1232,0,0
1891,460693.1232,123.4709,460693.1232,0,0
1892,114806.74,123.5063,114806.74,0,0
1893,114806.74,123.5403,114806.74,0,0
1894,114806.74,123.5746,114806.74,0,0
1895,114806.74,123.6088,114806.74,0,0
1896,114806.74,123.6426,114806.74,0,0
1897,444642.0404,123.7234,444642.0404,0,0
1898,444642.0404,123.8072,444642.0404,0,0
1899,444642.0404,123.8884,444642.0404,0,0
1900,5134380.2,123.9689,3080674,0,2053706.2
1901,3610328.2,124.0494,3080674,0,529654.2
1902,3586328.2,124.1299,3080674,0,505654.2
1903,3586328.2,124.2108,3080674,0,505654.2
1904,3586328.2,124.2918,3080674,0,505654.2
1905,3586328.2,124.3726,3080674,0,505654.2
1906,3586328.2,124.4532,3080674,0,505654.2
1907,50596226.74,124.4882,30806.74,0,50565420
1908,50596226.74,124.522,30806.74,0,50565420
1909,50596226.74,124.5566,30806.74,0,50565420
1910,50596226.74,124.5906,30806.74,0,50565420
1911,50596226.74,124.6243,30806.74,0,50565420
1912,3586328.2,124.7059,3080674,0,505654.2
1913,3586328.2,124.7881,3080674,0,505654.2
1914,3586328.2,124.8696,3080674,0,505654.2
1915,3586328.2,124.9515,3080674,0,505654.2
1916,3586328.2,125.0333,3080674,0,505654.2
1917,50596226.74,125.069,30806.74,0,50565420
1918,50596226.74,125.1034,30806.74,0,50565420
1919,50596226.74,125.1382,30806.74,0,50565420
1920,50596226.74,125.1723,30806.74,0,50565420
1921,50596226.74,125.2067,30806.74,0,50565420
1922,3586328.2,125.2897,3080674,0,505654.2
1923,3586328.2,125.3725,3080674,0,505654.2
1924,3586328.2,125.455,3080674,0,505654.2
1925,3586328.2,125.5377,3080674,0,505654.2
1926,3586328.2,125.6185,3080674,0,505654.2
1927,50596226.74,125.6551,30806.74,0,50565420
1928,50596226.74,125.6893,30806.74,0,50565420
1929,50596226.74,125.724,30806.74,0,50565420
1930,50596226.74,125.7583,30806.74,0,50565420
1931,6353006.74,125.7921,780806.74,0,5572200
1932,780806.74,125.8259,780806.74,0,0
1933,780806.74,125.8599,780806.74,0,0
1934,780806.74,125.8946,780806.74,0,0
1935,780806.74,125.9423,780806.74,0,0
1936,780806.74,125.9984,780806.74,0,0
1937,78080674,126.1401,78080674,0,0
1938,38454446.8,126.2742,38080674,373772.8,0
1939,38454446.8,126.414,38080674,373772.8,0
1940,38454446.8,126.5485,38080674,373772.8,0
1941,373772.8,126.6921,0,373772.8,0
1942,373772.8,126.8308,0,373772.8,0
1943,373772.8,126.9701,0,373772.8,0
1944,373772.8,127.1045,0,373772.8,0
1945,373772.8,127.2392,0,373772.8,0
1946,373772.8,127.2965,0,373772.8,0
1947,373772.8,127.3529,0,373772.8,0
1948,373772.8,127.4102,0,373772.8,0
1949,373772.8,127.4667,0,373772.8,0
1950,37377280,127.5237,0,37377280,0
1951,373772.8,127.6583,0,373772.8,0
1952,373772.8,127.7922,0,373772.8,0
1953,373772.8,127.9271,0,373772.8,0
1954,373772.8,128.0627,0,373772.8,0
1955,373772.8,128.1985,0,373772.8,0
1956,37377280,128.2561,0,37377280,0
1957,37377280,128.3126,0,37377280,0
1958,37377280,128.3692,0,37377280,0
1959,37377280,128.426,0,37377280,0
1960,37377280,128.4815,0,37377280,0
1961,373772.8,128.6155,0,373772.8,0
1962,373772.8,128.7509,0,373772.8,0
1963,373772.8,128.886,0,373772.8,0
1964,373772.8,129.0214,0,373772.8,0
1965,373772.8,129.1574,0,373772.8,0
1966,37377280,129.2149,0,37377280,0
1967,37377280,129.2709,0,37377280,0
1968,37377280,129.3271,0,37377280,0
1969,730806.74,129.3824,730806.74,0,0
1970,730806.74,129.4386,730806.74,0,0
1971,730806.74,129.494,730806.74,0,0
1972,730806.74,129.5502,730806.74,0,0
1973,730806.74,129.6069,730806.74,0,0
1974,73080674,129.7433,73080674,0,0
1975,73080674,129.8764,73080674,0,0
1976,73080674,130.0133,73080674,0,0
1977,373772.8,130.1451,0,373772.8,0
1978,373772.8,130.2816,0,373772.8,0
1979,373772.8,130.4143,0,373772.8,0
1980,373772.8,130.5517,0,373772.8,0
1981,373772.8,130.6886,0,373772.8,0
1982,37377280,130.7465,0,37377280,0
1983,37377280,130.8025,0,37377280,0
1984,37377280,130.858,0,37377280,0
1985,37377280,130.9132,0,37377280,0
1986,37377280,130.9693,0,37377280,0
1987,373772.8,131.1066,0,373772.8,0
1988,373772.8,131.2395,0,373772.8,0
1989,373772.8,131.3725,0,373772.8,0
1990,373772.8,131.506,0,373772.8,0
1991,373772.8,131.6384,0,373772.8,0
1992,37377280,131.6951,0,37377280,0
1993,37377280,131.751,0,37377280,0
1994,37377280,131.807,0,37377280,0
1995,37377280,131.8628,0,37377280,0
1996,37377280,131.9193,0,37377280,0
1997,373772.8,132.0531,0,373772.8,0
1998,373772.8,132.1869,0,373772.8,0
1999,373772.8,132.3214,0,373772.8,0
2000,37377280,132.4563,0,37377280,0
2001,37377280,132.5911,0,37377280,0
