1,21218760003,0.12728,16061254550,0,5157505453
2,18517157969,0.18239,14470733110,0,4046424859
3,16129235217,0.23769,12220733110,0,3908502107
4,13949059627,0.29298,10040557520,0,3908502107
5,11849059627,0.3477,9290557520,0,2558502107
6,10245313457,0.40302,7686811350,0,2558502107
7,8755651303,0.45713,6198401760,0,2557249543
8,7779083989,0.51233,5407717770,0,2371366219
9,6970764949,0.56687,4657717770,0,2313047179
10,6295764949,0.62179,4657717770,0,1638047179
11,5666390617,0.67744,3930866760,0,1735523857
12,5191024837,0.73221,2926044260,0,2264980577
13,4305473637,0.78716,2790493060,0,1514980577
14,3834589442,0.84239,2492549605,0,1342039837
15,3381525076,0.89806,2082586590,0,1298938486
16,2940468711,0.95293,1641530225,0,1298938486
17,2547037031,0.98779,1248098545,0,1298938486
18,2258649206,1.0209,959710720,0,1298938486
19,2028646201,1.0535,489431235,0,1539214966
20,1587993753,1.0867,489431235,0,1098562518
21,1438165681,1.1193,489431235,0,948734446
22,1101467176,1.1521,440183190,0,661283986
23,1000324026,1.1846,281246090,57793950,661283986
24,912680781,1.2174,193602845,57793950,661283986
25,845479431,1.2544,193602845,65592600,586283986
26,829560256,1.2876,177683670,65592600,586283986
27,829560256,1.3205,177683670,65592600,586283986
28,829560256,1.3531,177683670,65592600,586283986
29,829560256,1.3859,177683670,65592600,586283986
30,829560256,1.4186,177683670,65592600,586283986
31,629560256,1.502,177683670,65592600,386283986
32,420790461,1.5807,163792060,70061967,186936434
33,271963441,1.6593,14965040,70061967,186936434
34,220988607,1.738,14965040,70061967,135961600
35,180988607,1.8164,14965040,30061967,135961600
36,164988607,1.8959,14965040,30061967,119961600
37,148988607,1.9762,14965040,30061967,103961600
38,132988607,2.055,14965040,30061967,87961600
39,116988607,2.1338,14965040,30061967,71961600
40,105815627,2.2123,3792060,30061967,71961600
41,101346260,2.2911,3792060,25592600,71961600
42,99346260,2.3693,1792060,25592600,71961600
43,97554200,2.4478,0,25592600,71961600
44,97154200,2.5267,0,25592600,71561600
45,96754200,2.6052,0,25592600,71161600
46,96354200,2.6837,0,25592600,70761600
47,95954200,2.7624,0,25592600,70361600
48,95554200,2.8414,0,25592600,69961600
49,95154200,2.9209,0,25592600,69561600
50,16578745.0844,2.9999,727702.02,6883365.892,8967677.1724
51,7611067.912,3.0802,727702.02,6883365.892,0
52,3193095.0893,3.1592,1095576.22,2097518.8693,0
53,1095576.22,3.2378,1095576.22,0,0
54,499986.93,3.3173,499986.93,0,0
55,132112.73,3.3959,132112.73,0,0
56,0,3.4754,0,0,0
