1,1.400565626817825e+18,0.7703
2,2.030251811299184e+17,3.6414
3,1.740026060961341e+17,4.4244
4,1.463611071505324e+17,5.0293
5,1.248677885071301e+17,5.5826
6,1.092362886930148e+17,6.1628
7,9.977821717860858e+16,6.7069
8,8.455665072628622e+16,7.2514
9,7.40137354221899e+16,7.7948
10,6.299553686804147e+16,8.3473
11,5.609576477794868e+16,8.8859
12,5.090683249302218e+16,9.4307
13,4.766658296128674e+16,9.9762
14,4.38230460060548e+16,10.5202
15,4.244545566614746e+16,11.0708
16,4.067146018136018e+16,11.6154
17,3.929026067635969e+16,12.1604
18,3.846097577219405e+16,12.7034
19,3.846629995098759e+16,13.2491
20,3.836669007424438e+16,13.7976
21,3.705738954363264e+16,14.3357
22,3.617093894203167e+16,14.8757
23,3.632485285472554e+16,15.4153
24,3.633895274257299e+16,15.9568
25,3.190175809031199e+16,16.5356
26,2.998090084289745e+16,17.113
27,2.778986334833435e+16,17.6823
28,2.55006842872237e+16,18.3609
29,2.342134248997815e+16,18.9334
30,2.133446342531859e+16,19.5038
31,1.931005906010352e+16,20.07
32,1.71022485959909e+16,20.6414
33,1.523986252163933e+16,21.2115
34,1.376190938820184e+16,21.7809
35,1.214718818355857e+16,22.3498
36,1.093311416710284e+16,22.9196
37,1.025805933380889e+16,23.4904
38,8674110680652307,24.061
39,8597704211957717,24.6299
40,8082541298692039,25.1996
41,7422371665345839,25.7643
42,6755975026567896,26.3358
43,6162355089793644,26.9169
44,5595840553211251,27.4895
45,5109060671864501,28.0656
46,4744920516269521,28.6474
47,4410357449492224,29.2288
48,4092686189048781,29.8058
49,3777321927448494,30.3788
50,3519394035354188,30.9608
51,3271290601034136,31.5361
52,3027267909415787,32.1098
53,2778874493558345,32.6841
54,2528814910640370,33.2563
55,2394738326595664,33.8304
56,2211639588867684,34.4016
57,2033147125372829,34.9752
58,1849764261631039,35.5462
59,1673254644434243,36.1177
60,1525867319444166,36.6894
61,1380225210211611,37.2549
62,1241359582715660,37.8273
63,1114112999174933,38.4016
64,1000065498912531,38.9735
65,907674613781168.1,39.5461
66,815432181219736.6,40.118
67,739390512593351.9,40.6933
68,666950292289303.9,41.2677
69,605163507867725.8,41.8388
70,546434335719442.4,42.4121
71,490233130774151.5,42.9812
72,438117295509228.8,43.5537
73,399008085716549.9,44.1279
74,324012910940682.1,44.7011
75,326826675898765.2,45.2733
76,281486443765717.1,45.8462
77,247601233630118.1,46.4173
78,214686733221350.4,46.9927
79,183065098674179.2,47.5672
80,154482475922597.4,48.1403
81,129403288475091.5,48.7084
82,105681450688936.9,49.2803
83,84702180785875.34,49.8529
84,67452996817243.88,50.4313
85,51707553372852.4,51.0034
86,43560659351070.32,51.5762
87,37172301046929.01,52.1504
88,31763465638099.91,52.7221
89,27851943267231.73,53.2984
90,24639301420200.61,53.8696
91,22343254152302,54.4357
92,18948825725818,55.0076
93,16174120677560,55.5809
94,11804800032296,56.1575
95,9334005872920,56.7286
96,7501437132400,57.2997
97,5854693737375,57.871
98,4444008937375,58.4432
99,3353324137375,59.0163
100,2475264137375,59.5892
101,1704579337375,60.1557
102,1146519337375,60.7284
103,695834537375,61.3007
104,457774537375,61.8725
105,295104937375,62.4466
106,147036975759,63.0199
107,15009393023,63.5908
108,5488512398,64.1642
109,1273516469,64.7354
110,11135569,65.3107
111,0,65.8762
