1,2.948088410721862e+17,0.47463
2,3.565507239567234e+16,1.8118
3,2.068905909647508e+16,2.2515
4,1.436317570918087e+16,2.5642
5,8421041025696276,2.8421
6,6629246515988982,3.1326
7,5176848372062732,3.4084
8,4057572978931380,3.684
9,4026640769796850,3.9595
10,1882899458270668,4.2525
11,1966115328170718,4.5348
12,2185309978231685,4.8167
13,2187118228209510,5.1172
14,1313429104479113,5.4099
15,877558776986041,5.6977
16,671837953788549.6,5.993
17,445338792807128.4,6.2899
18,464779396929866.8,6.5869
19,437560712929105.4,6.8842
20,336805871320033.6,7.1811
21,241986058467642.9,7.4751
22,191191817802458.1,7.7622
23,174623727763762.9,8.0499
24,182928505408829.2,8.3432
25,151158973271282.9,8.6402
26,141541210931809.8,8.9377
27,202666028649964.1,11.2282
28,133034602239667.2,11.4388
29,71832866857917.95,11.7282
30,23412429322191.95,12.0179
31,40630654574161.22,12.3021
32,44032703894201.22,12.59
33,73216398415179.45,12.8747
34,74219215374112.69,13.1632
35,74722459635151.38,13.4534
36,75115283349809.81,13.7375
37,27291653419904.59,14.0281
38,21373205410921.45,14.3182
39,24762196428857.56,14.6102
40,24102494404599,14.8998
41,9979336289239.461,15.1839
42,10838758710508.34,15.4677
43,12888981227090.22,15.7547
44,16675833686918.88,16.0422
45,9528134767365.227,16.3302
46,17612738310882.53,16.6243
47,19445674774957.64,16.9126
48,5311627472094.8,17.2015
49,10940758885961.08,17.4948
50,7133923699741.438,17.7819
51,24344737319757.33,18.0653
52,25596731952443.89,18.3518
53,25640709344171.57,18.6364
54,25640726019010.88,18.9244
55,19880342853869.45,21.2134
56,3829391783688.93,21.4211
57,13854686953966.59,21.7097
58,1544811246883.178,21.9985
59,1585925702018.278,22.2881
60,328787108430.6723,22.5784
61,722786068150.16,22.8683
62,353954587954.6735,23.1579
63,3119979007285.358,23.4443
64,3119978192315.055,23.7275
65,3119978191716.44,26.0158
66,5769218807857.439,28.2245
67,1791363056058.869,30.434
68,2950007797074.865,30.6369
69,3108019063457.318,30.925
70,452924579124.5017,31.2132
71,260369748006.16,31.5032
72,379316955716.3338,31.7905
73,7305957341.2038,32.079
74,37396148006.16,32.369
75,84194813793.5557,32.6595
76,508130357818,32.9456
77,508130357818,33.2284
78,226066804748309.1,35.515
79,1306883835659362,37.7232
80,1001045037786442,37.9348
81,262953003578.18,38.2188
82,501933991729,38.5086
83,31199781917.16,38.7973
84,1866901391716,41.0877
85,12287123917.29,41.2972
86,18669013917.16,41.5874
87,933824591716,43.8787
88,933824591716,44.0834
89,933824591716,44.3659
90,933824591716,46.6539
