1,1.520974938715384e+18,0.61988
2,1.164585305363094e+18,2.8
3,8.999059463606051e+17,3.4331
4,6.194395202218821e+17,3.9025
5,5.01716818830676e+17,4.3613
6,4.371083306524728e+17,4.7767
7,3.641703768628402e+17,5.1951
8,3.166677672447694e+17,5.6174
9,2.69352164810188e+17,6.0396
10,2.412441304556531e+17,6.4433
11,2.213996378379884e+17,6.8478
12,2.097539905531584e+17,7.2519
13,2.007231913686116e+17,7.6561
14,1.949285931527005e+17,8.0624
15,1.833404852947648e+17,8.4667
16,1.780224036496343e+17,8.8701
17,1.742711051826144e+17,9.274
18,1.716305826897863e+17,9.6789
19,1.695265360367728e+17,10.0832
20,1.695868339174321e+17,10.4868
21,1.710908339773651e+17,10.8942
22,1.519709368573651e+17,11.3141
23,1.425703630290002e+17,11.7271
24,1.332533353890002e+17,12.1393
25,1.253529311890002e+17,12.5472
26,1.179777279296414e+17,12.9542
27,1.112899672296414e+17,13.3588
28,1.048306146500025e+17,13.7639
29,9.924891884525059e+16,14.1699
30,9.440232300525059e+16,14.5738
31,9.003076983781864e+16,14.977
32,8.566147719781864e+16,15.3808
33,8.138239752081587e+16,15.7849
34,7.741111700756576e+16,16.189
35,7.351977323461928e+16,16.5946
36,6.991908415075524e+16,16.9987
37,6.65015848581956e+16,17.4084
38,6.3160566583444e+16,17.8126
39,5.991240045315453e+16,18.2163
40,5.670191128728734e+16,18.6211
41,5.359516243318544e+16,19.0386
42,5.053397185533199e+16,19.4432
43,4.772776495545922e+16,19.8477
44,4.493795355545922e+16,20.2586
45,4.27579073349241e+16,20.6638
46,4.06038983856699e+16,21.0686
47,3.87069655856699e+16,21.4736
48,3.683193298359708e+16,21.8782
49,3.505502828359708e+16,22.2837
50,3.334028515495427e+16,22.6893
51,3.167498331740427e+16,23.1068
52,3.003945741293107e+16,23.5122
53,2.84343135717398e+16,23.9179
54,2.621614546369674e+16,24.3229
55,2.462649816369623e+16,24.7287
56,2.304018051098711e+16,25.134
57,2.168509889098711e+16,25.5392
58,2.040601921398431e+16,25.9463
59,1.916618807800098e+16,26.3532
60,1.794539877800098e+16,26.7587
61,1.683056286651233e+16,27.1636
62,1.587864344651233e+16,27.5684
63,1.493809187635935e+16,27.9749
64,1.418617245635935e+16,28.381
65,1.352087061880935e+16,28.7871
66,1.289048946762866e+16,29.195
67,1.230472529303552e+16,29.6001
68,1.174496964526914e+16,30.0076
69,1.103490755401952e+16,30.4123
70,1.048298813401952e+16,30.8184
71,9931379330371516,31.2243
72,9383690366203362,31.6289
73,8878121228499077,32.0347
74,8387451366499077,32.4406
75,7913262376794577,32.8449
76,7531221350634807,33.2502
77,7177821670634807,33.6552
78,6825902250634807,34.0598
79,6480284630634807,34.4647
80,6137807740634807,34.8806
81,5820956778399462,35.2917
82,5508479888399462,35.6994
83,5213344316399462,36.1103
84,4918931336399462,36.5159
85,4627287945302547,36.9206
86,4344811055302547,37.3264
87,4085042447805302,37.7329
88,3835488361678070,38.1395
89,3660758550162465,38.5441
90,3486985395489395,38.9497
91,3333585715489395,39.3543
92,3181666295489395,39.7604
93,3033458754345810,40.1662
94,2887841134345810,40.5713
95,2756072254345810,40.9761
96,2635699666929605,41.3855
97,2442177363436920,41.7907
98,2330408483436920,42.1952
99,2222399912709270,42.6049
100,2081136942709270,43.0111
101,1950039325277315,43.418
102,1835594885277315,43.8239
103,1741103868296114,44.2318
104,1651341025438594,44.6378
105,1564000067757628,45.043
106,1481534525757628,45.4486
107,1411068983757628,45.8543
108,1343955312122503,46.2606
109,1281642918122503,46.6676
110,1223177376122503,47.074
111,1166147303522508,47.4788
112,1115834909522508,47.8846
113,1069369367522508,48.2904
114,1033489386198953,48.6967
115,999023844198953,49.1027
116,971019254198953,49.5091
117,938087954198953,49.9148
118,910083364198953,50.321
119,884381228713948,50.7284
120,861915686713948,51.1353
121,841213870414073,51.5405
122,813830272647693,51.9465
123,793203680422488,52.3517
124,776845452668893,52.7575
125,752169092668893,53.1649
126,736321882668893,53.5711
127,715350562668893,53.9759
128,700212545268888,54.3815
129,685536185268888,54.7909
130,665262195268888,55.1964
131,649414985268888,55.6009
132,628443665268888,56.0063
133,613767305268888,56.415
134,599429741268888,56.8205
135,587454911268888,57.2254
136,576483591268888,57.63
137,560636381268888,58.035
138,549665061268888,58.4411
139,539504087860568,58.8474
140,520009997860568,59.2545
141,504162787860568,59.6597
142,489486427860568,60.0649
143,478515107860568,60.4705
144,469021017860568,60.8755
145,459540607860568,61.2803
146,448286857860568,61.6851
147,436609307860568,62.0913
148,427421264740568,62.4965
149,418276092506948,62.9011
150,400271502506948,63.3058
151,392266912506948,63.7116
152,381013162506948,64.1171
153,370660573862328,64.5225
154,362655983862328,64.9273
155,355527169302072,65.3354
156,348788103869231,65.7403
157,342940893869231,66.1458
158,329170343869231,66.5506
159,314493983869231,66.9559
160,303997249834835,67.3607
161,294503159834835,67.7653
162,287999719834835,68.172
163,282152509834835,68.5774
164,273558993834835,68.9831
165,267767653834835,69.388
166,262565235698674,69.7934
167,258520265136269,70.1991
168,254749715136269,70.6046
169,245255625136269,71.01
170,238752185136269,71.4176
171,232533770508679,71.8235
172,226686560508679,72.2287
173,220093044508679,72.6346
174,215744526552474,73.0399
175,211635099136269,73.4456
176,206953501993789,73.8516
177,203188189136269,74.2602
178,197337033467914,74.666
179,191489823467914,75.0715
180,186808226325434,75.477
181,182214710325434,75.8829
182,178571775993789,76.2879
183,175113662380989,76.6935
184,124980035959744,77.1011
185,121521922346944,77.5068
186,92781175959744,77.9121
187,90348763283299,78.3173
188,82463191959744,78.7239
189,80030779283299,79.1301
190,74145207959744,79.5355
191,71712795283299,79.9416
192,67827223959744,80.3486
193,65640912203989,80.7542
194,61323783959744,81.1595
195,59664842442164,81.5642
196,50098246550359,81.9715
197,48299074455139,82.3773
198,46640132937559,82.784
199,41814026057559,83.1907
200,40014853962339,83.5965
201,38412408790539,84.0016
202,36526837466984,84.4074
203,35510580855743,84.8138
204,34500738609338,85.2195
205,33581616360413,85.6254
206,32687424957033,86.0318
207,31857457452388,86.4378
208,30255012280588,86.8433
209,29425044775943,87.2492
210,28994274823943,87.6542
211,28962963874163,88.0594
212,28962963874163,88.4648
213,28962963874163,88.8704
214,28841975274163,89.2888
215,28722986674163,89.6977
216,28605998074163,90.1079
217,28491009474163,90.5135
218,28378020874163,90.9196
219,28267032274163,91.3254
220,28158043674163,91.7312
221,28051055074163,92.138
222,27946066474163,92.5433
223,27843077874163,92.9489
224,27742089274163,93.3541
225,27643100674163,93.7601
226,27546112074163,94.1657
227,27451123474163,94.5708
228,27358134874163,94.9766
229,27267146274163,95.3835
230,27178157674163,95.7908
231,27091169074163,96.1963
232,27004079074163,96.6017
233,26918090474163,97.0073
234,26833000474163,97.4127
235,26748011874163,97.8177
236,26664921874163,98.2327
237,26580933274163,98.638
238,26498944674163,99.0432
239,26416854674163,99.4485
240,26335866074163,99.854
241,26255776074163,100.2595
242,26175787474163,100.6656
243,26097697474163,101.0723
244,26018708874163,101.4777
245,25941720274163,101.8827
246,25864630274163,102.2878
247,25788641674163,102.6937
248,25713551674163,103.0991
249,25638563074163,103.5045
250,25565473074163,103.9103
251,25491484474163,104.3171
252,25419495874163,104.7225
253,25347405874163,105.1277
254,25276417274163,105.5325
255,25206327274163,105.9375
256,25136338674163,106.3424
257,25068248674163,106.7489
258,24999260074163,107.1574
259,24932271474163,107.5626
260,24865181474163,107.9683
261,24799192874163,108.3736
262,24734102874163,108.7797
263,24669114274163,109.1851
264,24606024274163,109.5905
265,24542035674163,109.9998
266,24480047074163,110.4071
267,24417490882483,110.8133
268,24356502282483,111.222
269,24294946682483,111.6264
270,24234958082483,112.0327
271,24174402482483,112.4376
272,24115413882483,112.8432
273,24055858282483,113.251
274,23997869682483,113.6575
275,23939314082483,114.0629
276,23882325482483,114.4685
277,23824769882483,114.8742
278,23768781282483,115.2815
279,23712225682483,115.6862
280,23657237082483,116.0936
281,23601681482483,116.5003
282,23547692882483,116.9061
283,23493137282483,117.3111
284,23440148682483,117.7175
285,23386593082483,118.1233
286,23334604482483,118.5284
287,23282048882483,118.9342
288,23231060282483,119.3405
289,23179504682483,119.7454
290,23129516082483,120.1513
291,23078960482483,120.5562
292,23029971882483,120.9624
293,22980416282483,121.3673
294,22932427682483,121.7717
295,22883872082483,122.1786
296,22836883482483,122.5841
297,22789327882483,122.9891
298,22743339282483,123.3955
299,22696783682483,123.8016
300,22651795082483,124.2075
301,22606239482483,124.6124
302,22562250882483,125.0179
303,22517695282483,125.4247
304,22474706682483,125.8298
305,22431151082483,126.2351
306,22389162482483,126.64
307,22346606882483,127.0458
308,22305618282483,127.4515
309,22264062682483,127.857
310,22223868577878,128.2648
311,22183312977878,128.6706
312,22143183277878,129.0759
313,22103627677878,129.4814
314,22063497977878,129.8874
315,22024368277878,130.2927
316,21984812677878,130.6981
317,21945682977878,131.105
318,21907127377878,131.5118
319,21867997677878,131.9169
320,21829867977878,132.3221
321,21791312377878,132.7274
322,21753182677878,133.1325
323,21715627077878,133.5378
324,21677497377878,133.9534
325,21640367677878,134.3738
326,21602812077878,134.7894
327,21565682377878,135.2016
328,21529126777878,135.6158
329,21491997077878,136.0351
330,21455867377878,136.4423
331,21419311777878,136.8468
332,21383182077878,137.2625
333,21347626477878,137.6763
334,21311496777878,138.0923
335,21276367077878,138.5049
336,21240811477878,138.9176
337,21205681777878,139.329
338,21171126177878,139.738
339,21135996477878,140.198
340,21101866777878,140.609
341,21067311177878,141.0259
342,21033181477878,141.4357
343,20999625877878,141.8416
344,20965497790678,142.2469
345,20932417950678,142.6518
346,20899538110678,143.0579
347,20866858270678,143.4634
348,20834302670678,143.8691
349,20801822830678,144.274
350,20769542990678,144.6787
351,20737463150678,145.0846
352,20705583310678,145.49
353,20673903470678,145.9015
354,20642423630678,146.314
355,20611143790678,146.7721
356,20580063950678,147.1858
357,20549184110678,147.5984
358,20518504270678,148.0118
359,20487948670678,148.4197
360,20457468830678,148.843
361,20427188990678,149.2771
362,20397109150678,149.6947
363,20367229310678,150.1126
364,20337549470678,150.5197
365,20308069630678,150.9337
366,20278789790678,151.3451
367,20249709950678,151.7604
368,20220830110678,152.1733
369,20192150270678,152.5883
370,20163594670678,152.9992
371,20135114830678,153.406
372,20106834990678,153.8137
373,20078755150678,154.2194
374,20050875310678,154.6249
375,20023195470678,155.0358
376,19995715630678,155.449
377,19968435790678,155.8603
378,19941635927123,156.2757
379,19915080327123,156.7149
380,19889448787123,157.1205
381,19864893187123,157.5264
382,19840461647123,157.9314
383,19817230107123,158.3377
384,19794674507123,158.7435
385,19772642967123,159.1492
386,19751349267123,159.5562
387,19729793667123,159.9674
388,19708962127123,160.3807
389,19689330587123,160.7908
390,19669774987123,161.1975
391,19651343447123,161.6026
392,19633507447123,162.0093
393,19611213747123,162.4163
394,19592658147123,162.8232
395,19574822147123,163.2287
396,19552528447123,163.6353
397,19534692447123,164.0417
398,19513398747123,164.4483
399,19494843147123,164.8544
400,19477007147123,165.2606
401,19455713447123,165.6668
402,19437877447123,166.0742
403,19417583747123,166.4902
404,19399028147123,166.897
405,19381192147123,167.3048
406,19360898447123,167.7107
407,19343062447123,168.1169
408,19323768747123,168.5229
409,19305213147123,168.9292
410,19287377147123,169.3349
411,19268083447123,169.7533
412,19250247447123,170.1655
413,19231953747123,170.5719
414,19213398147123,170.9838
415,19195562147123,171.4147
416,19177268447123,171.8247
417,19159432447123,172.2517
418,19141876847123,172.665
419,19123583147123,173.0804
420,19105747147123,173.492
421,19088453447123,173.901
422,19070617447123,174.3232
423,19053061847123,174.7315
424,19035768147123,175.1439
425,19017932147123,175.5538
426,19000700607123,175.9637
427,18984145007123,176.3736
428,18966851307123,176.7808
429,18949015307123,177.1871
430,18932721607123,177.5941
431,18914885607123,177.9992
432,18898330007123,178.406
433,18882036307123,178.8118
434,18864200307123,179.2196
435,18848168767123,179.6258
436,18832613167123,180.032
437,18816319467123,180.4376
438,18798483467123,180.8431
439,18783189767123,181.2507
440,18765353767123,181.6604
441,18749798167123,182.0684
442,18734504467123,182.4766
443,18716668467123,182.8811
444,18701836927123,183.2861
445,18687281327123,183.6945
446,18671987627123,184.1046
447,18654151627123,184.511
448,18639857927123,184.9161
449,18622021927123,185.3237
450,18607466327123,185.7288
451,18593172627123,186.134
452,18575336627123,186.5394
453,18561705087123,186.9459
454,18548149487123,187.3549
455,18533855787123,187.7617
456,18516019787123,188.1718
457,18502491887123,188.5783
458,18488027047123,188.9846
459,18474471447123,189.3927
460,18460177747123,189.801
461,18442341747123,190.2269
462,18428813847123,190.6415
463,18414549007123,191.0506
464,18400993407123,191.457
465,18386699707123,191.8639
466,18368863707123,192.2708
467,18355335807123,192.6772
468,18341270967123,193.0847
469,18327715367123,193.4919
470,18313421667123,193.8989
471,18295585667123,194.3047
472,18282057767123,194.7144
473,18268192927123,195.1206
474,18254637327123,195.5268
475,18240343627123,195.9325
476,18222507627123,196.3373
477,18208979727123,196.7439
478,18195314887123,197.1507
479,18181759287123,197.557
480,18167465587123,197.9626
481,18149629587123,198.3678
482,18136101687123,198.7746
483,18122546087123,199.1817
484,18108252387123,199.5893
485,18090416387123,199.9955
486,18076951547123,200.4055
487,18063423647123,200.8132
488,18049868047123,201.221
489,18035574347123,201.6296
490,18017738347123,202.0387
491,18004444647123,202.4444
492,17986608647123,202.8585
493,17973053047123,203.2683
494,17959525147123,203.6762
495,17945260307123,204.0839
496,17931966607123,204.489
497,17914130607123,204.8974
498,17900575007123,205.3038
499,17887047107123,205.7094
500,17872982267123,206.1152
501,17859688567123,206.5269
502,17841852567123,206.9361
503,17828296967123,207.3481
504,17814769067123,207.7563
505,17800904227123,208.1629
506,17787610527123,208.5796
507,17769774527123,208.9875
508,17756218927123,209.3941
509,17742691027123,209.8077
510,17729026187123,210.2175
511,17715732487123,210.6254
512,17697896487123,211.0331
513,17684340887123,211.4391
514,17670812987123,211.8493
515,17657348147123,212.2625
516,17644054447123,212.6699
517,17626218447123,213.0766
518,17612662847123,213.4827
519,17599134947123,213.8939
520,17585841247123,214.3078
521,17568005247123,214.723
522,17554449647123,215.1351
523,17541155947123,215.5429
524,17523319947123,215.9516
525,17510055107123,216.3624
526,17496527207123,216.7736
527,17482971607123,217.1836
528,17469677907123,217.5893
529,17451841907123,217.9942
530,17438777067123,218.4053
531,17425249167123,218.8228
532,17411693567123,219.2412
533,17398399867123,219.6637
534,17381050162343,220.0839
535,17368185322343,220.5072
536,17354657422343,220.9256
537,17341101822343,221.334
538,17327808122343,221.7411
539,17311458322343,222.1482
540,17298793482343,222.5602
541,17285265582343,222.9707
542,17271709982343,223.3808
543,17258416282343,223.7901
544,17243066482343,224.2102
545,17230510882343,224.6162
546,17216982982343,225.0207
547,17203518142343,225.4286
548,17190224442343,225.8336
549,17175874642343,226.242
550,17163319042343,226.65
551,17149791142343,227.0576
552,17136497442343,227.4653
553,17123147642343,227.8702
554,17109882802343,228.2767
555,17097327202343,228.6894
556,17083799302343,229.0965
557,17070505602343,229.5063
558,17057440762343,229.9148
559,17044885162343,230.329
560,17031357262343,230.7424
561,17018492422343,231.1501
562,17005964522343,231.5716
563,16993299682343,231.9978
564,16980744082343,232.4344
565,16968216182343,232.8433
566,16955751342343,233.2571
567,16943319802343,233.6692
568,16930970002343,234.0815
569,16916676302343,234.4958
570,16904120702343,234.9048
571,16891592802343,235.3162
572,16879327962343,235.7236
573,16867079662343,236.1371
574,16854848122343,236.5471
575,16842599822343,236.9536
576,16830568282343,237.3596
577,16818319982343,237.7664
578,16806488442343,238.1739
579,16794240142343,238.5805
580,16782608602343,238.99
581,16770360302343,239.3974
582,16758804702343,239.8041
583,16746276802343,240.2153
584,16734211962343,240.6265
585,16722684062343,241.0324
586,16710819222343,241.4393
587,16699263622343,241.8478
588,16687735722343,242.2606
589,16676070882343,242.6665
590,16664639342343,243.0714
591,16652391042343,243.4798
592,16641041242343,243.8905
593,16624747542343,244.2995
594,16613191942343,244.7108
595,16601664042343,245.1232
596,16590199202343,245.5397
597,16578950902343,245.9512
598,16566719362343,246.3631
599,16555471062343,246.7785
600,16543439522343,247.1937
601,16532191222343,247.5989
602,16520359682343,248.0036
603,16509111382343,248.4098
604,16497479842343,248.8154
605,16486231542343,249.223
606,16474800002343,249.6319
607,16463551702343,250.0363
608,16452320162343,250.441
609,16441071862343,250.8473
610,16430040322343,251.261
611,16418792022343,251.6755
612,16407960482343,252.086
613,16396712182343,252.5078
614,16386080642343,252.9179
615,16374832342343,253.3242
616,16364276742343,253.7287
617,16352748842343,254.1344
618,16341484002343,254.5392
619,16330956102343,254.947
620,16319891262343,255.359
621,16309335662343,255.7677
622,16298807762343,256.1765
623,16287942922343,256.5853
624,16277511382343,256.9939
625,16266263082343,257.4006
626,16255913282343,257.8055
627,16237619582343,258.2101
628,16227063982343,258.6178
629,16216536082343,259.023
630,16205871242343,259.4271
631,16195622942343,259.8365
632,16184391402343,260.2493
633,16174143102343,260.6572
634,16163111562343,261.0689
635,16152863262343,261.4863
636,16142031722343,261.894
