1,5.312263277031812e+18,0.91814
2,4.649293064473838e+18,3.7821
3,4.026827767223756e+18,6.3038
4,3.470831883468948e+18,8.6927
5,3.042828482175378e+18,11.0581
6,2.679489774523148e+18,13.4185
7,2.392331832144968e+18,15.7721
8,2.128031755319366e+18,18.1328
9,1.901338463963771e+18,20.4872
10,1.714189859562814e+18,22.8391
11,1.527299051820477e+18,25.1953
12,1.346930666845393e+18,27.5523
13,1.169969788792341e+18,29.9244
14,9.939005157009966e+17,32.2782
15,8.382869743911645e+17,34.6382
16,7.496596163842554e+17,36.9923
17,6.73505256940775e+17,39.3576
18,6.257184048342235e+17,41.713
19,5.801765528923048e+17,44.063
20,5.357213098396769e+17,46.4137
21,4.93395539045791e+17,48.7686
22,4.550553633166447e+17,51.1185
23,4.182666178597769e+17,53.4693
24,3.816392085056808e+17,55.8152
25,3.443142240918388e+17,58.1778
26,3.085796194922886e+17,60.5292
27,2.730260571229229e+17,62.8896
28,2.449615687725313e+17,65.2377
29,2.126218293915654e+17,67.5901
30,1.878931689793093e+17,69.9574
31,1.69553957605136e+17,72.3117
32,1.561047889764875e+17,74.673
33,1.435691386722462e+17,77.0215
34,1.311873310346196e+17,79.3768
35,1.20147469137306e+17,81.7302
36,1.091865032763444e+17,84.0812
37,1.008295426036563e+17,86.4301
38,9.276409618708973e+16,88.7806
39,8.509498308607586e+16,91.1344
40,7.754247700942629e+16,93.4947
41,7.052981045109606e+16,95.855
42,6.360477047544244e+16,98.2057
43,5.904771606697459e+16,100.5589
44,5.579100767215086e+16,102.9114
45,5.29555046097492e+16,105.2644
46,5.080725142455715e+16,107.6159
47,4.888923242444534e+16,109.9729
48,4.29303628435838e+16,112.4347
49,3.908342543124392e+16,114.8641
50,3.568494223124392e+16,117.2859
51,3.246642645524392e+16,119.7156
52,2.972482699950861e+16,122.1383
53,2.743709375406861e+16,124.5665
54,2.516771877326606e+16,126.9951
55,2.321086473329192e+16,129.4197
56,2.137748996537778e+16,131.8441
57,1.970574977681642e+16,134.2632
58,1.804986707597685e+16,136.6883
59,1.624574909616364e+16,139.1123
60,1.497134478724758e+16,141.5374
61,1.370113598314086e+16,143.9598
62,1.270153729812064e+16,146.3807
63,1.179412100015884e+16,148.803
64,1.094400147051821e+16,151.2272
65,1.014232385870381e+16,153.6518
66,9404484198967470,156.0818
67,8670044326201470,158.5065
68,7963467992903016,160.9259
69,7354759222600946,163.3472
70,6793157686600946,165.772
71,6282285121629842,168.193
72,5821362062187938,170.6171
73,5361903037593305,173.0393
74,4915946629010905,175.4633
75,4509865565540880,177.8964
76,4127121177452280,180.3217
77,3784493991353184,182.7471
78,3452693186172168,185.1706
79,3131642802172168,187.601
80,2835946162172168,190.0249
81,2562506466172168,192.4486
82,2326151878714642,194.8755
83,2111916436142458,197.296
84,1918866052142458,199.7242
85,1734833044142458,202.1489
86,1563791008626042,204.5769
87,1414881001488336,207.0009
88,1269441305488336,209.4246
89,1128923770854490,211.8441
90,991268622609580,214.2697
91,871058672753236,216.7309
92,756155397906431,219.1587
93,687092714604281,221.5825
94,630811765348312,224.0042
95,577889344874697,226.4283
96,321448062314697,228.8529
97,274165797588291,231.2759
98,234412323825891,233.7069
99,208504417245530,236.129
100,185372088131866,238.5568
101,164836732930330,240.983
102,145939649242516,243.4099
103,135227868307516,245.8385
104,127706560147516,248.2935
105,120971211632491,250.7228
106,114678692432491,253.149
107,108706173232491,255.5748
108,103053654032491,258.0041
109,97721134832491,260.4296
110,92708615632491,262.853
111,88230139026241,265.2771
112,83793532626241,267.7037
113,81287613426241,270.1263
114,79129476142641,272.5579
115,77048833548891,274.9786
116,51402416751440,277.4125
117,49321774157690,279.8344
118,48132555917690,282.2622
119,43682274095396,284.6924
120,7317894676090,287.1165
121,3624328276090,289.549
122,1850761876090,291.9737
123,661543636090,294.4049
124,328510784794,296.8303
125,156143522500,299.2582
126,0,301.6846
