1,3.123920195554327e+17,0.55916
2,2.420783615057761e+17,2.3049
3,1.877604161208701e+17,2.936
4,1.480337126818112e+17,3.3282
5,1.089083361512706e+17,3.6678
6,7.942779049738086e+16,4.0264
7,5.411692606994197e+16,4.3623
8,4.156439884000482e+16,4.7053
9,3.408842765942041e+16,5.0468
10,3.207858862619125e+16,5.3958
11,3.09461563243204e+16,5.7407
12,3.083764959448967e+16,6.0911
13,3.052323409349931e+16,6.4287
14,2.993209496334916e+16,6.7686
15,2.991954422867967e+16,7.1082
16,2.993209496334916e+16,7.4489
17,3.036953502398914e+16,7.7955
18,2.374742241397201e+16,8.158
19,2.023365681797201e+16,8.516
20,1.673945907797201e+16,8.8625
21,1.349323124725196e+16,9.2252
22,1.095629926345802e+16,9.5896
23,8672736906560684,9.9941
24,7071904277925301,10.3587
25,5880355545925301,10.7269
26,4944662986076446,11.0761
27,4116614791837702,11.4246
28,3348628241997956,11.7735
29,2596839192287000,12.1274
30,1900387491522279,12.4737
31,1424065219440385,12.82
32,1108465813994126,13.168
33,848018327605630.1,13.5164
34,650164759306254,13.8649
35,503171442506254.1,14.2139
36,376157821706254,14.5796
37,268728830610426.5,14.9545
38,183782325010426.5,15.3215
39,151112154203477,15.6922
40,123633764956129.5,16.0406
41,97024292504254.52,16.3885
42,74737613072339.81,16.7372
43,56889978483199.41,17.0855
44,43359867248449.41,17.435
45,36148631740911.8,17.7847
46,32966047811371.4,18.1413
47,32214624426531.8,18.4896
48,31833417842531.8,18.8381
49,31455731258531.8,19.1871
50,31081564674531.8,19.5361
51,30710918090531.8,19.8864
52,30343791506531.8,20.2344
53,29980184922531.8,20.5842
54,29620098338531.8,20.9383
55,29263531754531.8,21.2882
56,28910485170531.8,21.6359
57,288502766908879.6,21.9741
58,28910485170531.8,22.3167
59,288502766908879.6,22.6567
60,831208652910079.6,22.9963
61,288502766908879.6,23.3475
62,28910485170531.8,23.6993
63,11381754474737.9,24.0575
64,11100446370737.9,24.4062
65,10822658266737.9,24.755
66,10548390162737.9,25.1033
67,10277642058737.9,25.4509
68,10010413954737.9,25.8082
69,9746705850737.9,26.1587
