1,4.058870131158421e+17,0.61081
2,3.172012232235383e+17,2.9107
3,2.81689254888819e+17,3.5794
4,2.483499364724068e+17,4.0365
5,1.598357633272081e+17,4.4859
6,1.365318139067004e+17,4.9184
7,1.184708159227839e+17,5.3323
8,1.018490117011061e+17,5.7462
9,8.849236868671091e+16,6.1774
10,8.087545796881715e+16,6.5918
11,7.799633731305614e+16,7.0068
12,5.800530116645892e+16,7.4248
13,5.53186921867519e+16,7.8484
14,5.4412797690397e+16,8.2701
15,5.53186921867519e+16,8.6925
16,5.705475528331082e+16,9.1223
17,4.848962982059272e+16,9.5436
18,4.454809984559273e+16,9.9531
19,4.136349732048748e+16,10.3603
20,3.916388027061571e+16,10.7728
21,3.723998136658373e+16,11.1791
22,3.536278677658374e+16,11.5853
23,3.368300846158374e+16,12.0049
24,3.207376256406698e+16,12.4157
25,3.046996303807608e+16,12.8244
26,2.873888217751488e+16,13.2293
27,2.716879289251488e+16,13.64
28,2.569939966193158e+16,14.0449
29,2.424989766448648e+16,14.4532
30,2.301730837948648e+16,14.8575
31,2.18431890870308e+16,15.2625
32,2.075537513787447e+16,15.6676
33,1.971391497807331e+16,16.0725
34,1.870399919925019e+16,16.4829
35,1.780939427925019e+16,16.8883
36,1.694417506425019e+16,17.2928
37,1.616158577925019e+16,17.7019
38,1.538180746425019e+16,18.1111
39,1.46661295970093e+16,18.5181
40,1.397654118352291e+16,18.9255
41,1.334793030821248e+16,19.3313
42,1.265238245072924e+16,19.7435
43,1.196942277572924e+16,20.1498
44,1.137005813944968e+16,20.5582
45,1.079296972596329e+16,20.9642
46,1.021879177596329e+16,21.3689
47,9659060295963290,21.7741
48,9186500670126264,22.1791
49,8747875815126264,22.5892
50,8312391240126264,22.9955
51,7906294861516322,23.4007
52,7507457743787205,23.8059
53,7115330610230844,24.2108
54,6754753177659340,24.6185
55,6319734982659340,25.0402
56,5969399652909445,25.4667
57,5619253362857781,25.8713
58,5336986542857781,26.2758
59,5069442686117756,26.6813
60,4817008548117756,27.0867
61,4566969048117756,27.4915
62,4341481938117656,27.898
63,4116073878117656,28.3025
64,3871136021158132,28.7132
65,3650196542954260,29.1185
66,3434399223441086,29.5229
67,3163836567289986,29.928
68,2965629118614782,30.3333
69,2770966334231373,30.7384
70,2524953234109150,31.1451
71,2301287467384506,31.571
72,2124415222384506,31.9823
73,1981994276479627,32.3897
74,1844454776479627,32.802
75,1731546716479627,33.2082
76,1622017389748602,33.6155
77,1497839439748602,34.0231
78,1399428417028793,34.4382
79,1321179657028793,34.8591
80,1248227472028793,35.2642
81,1179970587028793,35.6795
82,1115598342028793,36.0892
83,1053236997028793,36.4957
84,992116663292232,36.9049
85,936553469649815,37.3119
86,881113697649815,37.7233
87,830552482218934,38.1291
88,780081916706913,38.5339
89,664498305720009,38.9389
90,623853039587513,39.3433
91,583875732924392,39.7484
92,552078502785972,40.1542
93,522094535694469,40.568
94,413167571319893,40.9757
95,305405427623644,41.382
96,276036615133644,41.7883
97,261769345076028,42.1956
98,251183085076028,42.6035
99,243065691473212,43.012
100,236479431473212,43.4234
101,228636860862531,43.8345
102,219449682862531,44.2427
103,212380364558780,44.6651
104,206323304558780,45.0768
105,200934427279579,45.4854
106,193460813279579,45.8938
107,187371585851083,46.3074
108,181962699851083,46.7205
109,175793257851083,47.1275
110,170313255851083,47.5347
111,165126077851083,47.9421
112,160494235851083,48.3489
113,156027442367642,48.7567
114,151833178367642,49.1641
115,147663736367642,49.5759
116,142254850367642,49.9823
117,136774848367642,50.3899
118,132580584367642,50.796
119,128411142367642,51.2019
120,124216878367642,51.6352
121,120430577142026,52.0686
122,116950575142026,52.4824
123,111541689142026,52.8903
124,107372247142026,53.3039
125,103177983142026,53.7112
126,99697981142026,54.1178
127,96289095142026,54.525
128,92119653142026,54.9314
129,87925389142026,55.3387
130,84738211142026,55.7519
131,81858755646641,56.1596
132,79034678698305,56.5686
133,75983787646641,56.9772
134,73814345646641,57.3837
135,71306837095922,57.7916
136,68482760147586,58.1994
137,66501920646657,58.6122
138,64538498111368,59.0453
139,62717163939388,59.4786
140,60547721939388,59.8865
141,59646344490107,60.2987
142,58788778153228,60.7061
143,58111842490107,61.1134
144,57455917438443,61.5288
145,56631840490107,61.9353
146,55060651367884,62.3419
147,54124331939388,62.7496
148,53222954490107,63.1567
149,52567029438443,63.5634
150,51742952490107,63.97
151,51087027438443,64.3772
152,50465180962173,64.7926
153,50056544090173,65.2007
154,49763340250884,65.6079
155,49593898250884,66.0144
156,49503622640203,66.4219
157,49446754699303,66.8314
158,48971698786254,67.2471
159,48931299796229,67.6654
160,48931299796229,68.0757
161,491205732224829,68.4943
162,48931299796229,68.9149
163,491205732224829,69.3341
164,1208836829273425,69.7528
165,695316389536738,70.1656
166,694556359936738,70.5964
167,693797005336738,71.0132
168,693038325736738,71.423
169,692280321136738,71.8344
170,691522991536738,72.2477
171,690766336936738,72.6611
172,690010357336738,73.0762
173,689255052736738,73.4964
174,688500423136738,73.9073
175,687746468536738,74.318
176,686993188936738,74.7567
177,686240584336738,75.1931
178,685488654736738,75.6311
179,684737400136738,76.0673
180,683986820536738,76.483
181,683236915936738,76.8961
182,682487686336738,77.3059
183,681739131736738,77.7195
184,680991252136738,78.1288
185,680244047536738,78.5378
186,679497517936738,78.9474
187,678751663336738,79.3564
188,678006483736738,79.7711
189,677261979136738,80.1796
190,676518149536738,80.5899
191,675774994936738,80.9993
192,675032515336738,81.4084
193,674290710736738,81.8173
194,673549581136738,82.2276
195,672809126536738,82.6439
196,672069346936738,83.0541
197,671330242336738,83.4636
198,670591812736738,83.876
199,669854058136738,84.2892
200,669116978536738,84.7155
201,668380573936738,85.1275
202,667644844336738,85.5453
203,666909789736738,85.9609
204,666175410136738,86.3698
205,665441705536738,86.7847
206,664708675936738,87.1922
207,663976321336738,87.6008
208,663244641736738,88.0094
209,662513637136738,88.4207
210,661783307536738,88.8575
211,661053652936738,89.2926
212,660324673336738,89.7308
213,659596368736738,90.1657
214,658868739136738,90.575
215,658141784536738,90.9844
216,657415504936738,91.3924
217,656689900336738,91.8061
218,655964970736738,92.2139
219,655240716136738,92.6305
220,654517136536738,93.0394
221,653794231936738,93.4482
222,653072002336738,93.8576
223,652350447736738,94.2673
224,651629568136738,94.6872
225,650909363536738,95.1529
226,650189833936738,95.5881
227,649470979336738,96.0041
228,648752799736738,96.4221
229,648035295136738,96.8364
230,647318465536738,97.2523
231,646602310936738,97.6627
232,645886831336738,98.0707
233,645172026736738,98.4791
234,644457897136738,98.888
235,643744442536738,99.2963
236,643031662936738,99.7074
237,642319558336738,100.1162
238,641608128736738,100.5303
239,640897374136738,100.9389
240,640187294536738,101.3479
241,639477889936738,101.7592
242,638769160336738,102.1697
243,638061105736738,102.5811
244,637353726136738,102.9982
245,636647021536738,103.411
246,635940991936738,103.826
247,635235637336738,104.2344
248,634530957736738,104.6481
249,633826953136738,105.0577
250,633123623536738,105.4664
251,632420968936738,105.8763
252,631718989336738,106.296
253,631017684736738,106.7171
254,630317055136738,107.1317
255,629617100536738,107.5419
256,628917820936738,107.9512
257,628219216336738,108.3602
258,627521286736738,108.7689
259,626824032136738,109.1771
260,626127452536738,109.5916
261,625431547936738,110.0001
262,624736318336738,110.409
263,624041763736738,110.8204
264,623347884136738,111.2352
265,622654679536738,111.6742
266,621962149936738,112.1194
267,621270295336738,112.5436
268,620579115736738,112.96
269,619888611136738,113.3739
270,619198781536738,113.7932
271,618509626936738,114.2126
272,617821147336738,114.6278
273,617133342736738,115.0677
274,616446213136738,115.5242
275,615759758536738,115.9928
276,615073978936738,116.4971
