1,4.058870131158421e+17,0.6155
2,3.172012232235383e+17,2.493
3,2.81689254888819e+17,3.1013
4,2.483499364724068e+17,3.5534
5,1.598357633272081e+17,4.0007
6,1.365318139067004e+17,4.4147
7,1.184708159227839e+17,4.835
8,1.018490117011061e+17,5.2614
9,8.849236868671091e+16,5.6723
10,8.087545796881715e+16,6.0909
11,7.799633731305614e+16,6.5041
12,5.800530116645892e+16,6.9203
13,5.53186921867519e+16,7.3363
14,5.4412797690397e+16,7.7514
15,5.53186921867519e+16,8.17
16,5.705475528331082e+16,8.5853
17,4.848962982059272e+16,9.003
18,4.454809984559273e+16,9.4153
19,4.136349732048748e+16,9.8183
20,3.916388027061571e+16,10.2218
21,3.723998136658373e+16,10.6261
22,3.536278677658374e+16,11.0299
23,3.368300846158374e+16,11.4336
24,3.207376256406698e+16,11.8368
25,3.046996303807608e+16,12.2414
26,2.873888217751488e+16,12.6447
27,2.716879289251488e+16,13.05
28,2.569939966193158e+16,13.4528
29,2.424989766448648e+16,13.8562
30,2.301730837948648e+16,14.2595
31,2.18431890870308e+16,14.6625
32,2.075537513787447e+16,15.0685
33,1.971391497807331e+16,15.4743
34,1.870399919925019e+16,15.8772
35,1.780939427925019e+16,16.2814
36,1.694417506425019e+16,16.6851
37,1.616158577925019e+16,17.0905
38,1.538180746425019e+16,17.4941
39,1.46661295970093e+16,17.8984
40,1.397654118352291e+16,18.303
41,1.334793030821248e+16,18.7066
42,1.265238245072924e+16,19.1135
43,1.196942277572924e+16,19.5176
44,1.137005813944968e+16,19.9222
45,1.079296972596329e+16,20.3278
46,1.021879177596329e+16,20.7322
47,9659060295963290,21.1374
48,9186500670126264,21.5415
49,8747875815126264,21.947
50,8312391240126264,22.3512
51,7906294861516322,22.7553
52,7507457743787205,23.1615
53,7115330610230844,23.565
54,6754753177659340,23.9692
55,6319734982659340,24.3738
56,5969399652909445,24.777
57,5619253362857781,25.1818
58,5336986542857781,25.5853
59,5069442686117756,25.9895
60,4817008548117756,26.394
61,4566969048117756,26.798
62,4341481938117656,27.2025
63,4116073878117656,27.6061
64,3871136021158132,28.0114
65,3650196542954260,28.415
66,3434399223441086,28.8192
67,3163836567289986,29.224
68,2965629118614782,29.628
69,2770966334231373,30.0319
70,2524953234109150,30.4369
71,2301287467384506,30.8418
72,2124415222384506,31.2472
73,1981994276479627,31.6611
74,1844454776479627,32.0642
75,1731546716479627,32.4674
76,1622017389748602,32.8711
77,1497839439748602,33.275
78,1399428417028793,33.6787
79,1321179657028793,34.0843
80,1248227472028793,34.488
81,1179970587028793,34.8921
82,1115598342028793,35.2984
83,1053236997028793,35.7033
84,992116663292232,36.1072
85,936553469649815,36.5112
86,881113697649815,36.9149
87,830552482218934,37.3197
88,780081916706913,37.7228
89,664498305720009,38.1275
90,623853039587513,38.5315
91,583875732924392,38.9355
92,552078502785972,39.3409
93,522094535694469,39.7484
94,413167571319893,40.1551
95,305405427623644,40.5599
96,276036615133644,40.9647
97,261769345076028,41.3706
98,251183085076028,41.7736
99,243065691473212,42.1788
100,236479431473212,42.5833
101,228636860862531,42.989
102,219449682862531,43.3938
103,212380364558780,43.798
104,206323304558780,44.2019
105,200934427279579,44.6061
106,193460813279579,45.0106
107,187371585851083,45.4157
108,181962699851083,45.8194
109,175793257851083,46.2247
110,170313255851083,46.6285
111,165126077851083,47.0334
112,160494235851083,47.4375
113,156027442367642,47.842
114,151833178367642,48.2457
115,147663736367642,48.6498
116,142254850367642,49.0558
117,136774848367642,49.4597
118,132580584367642,49.8637
119,128411142367642,50.2684
120,124216878367642,50.6727
121,120430577142026,51.0769
122,116950575142026,51.482
123,111541689142026,51.8862
124,107372247142026,52.2925
125,103177983142026,52.6965
126,99697981142026,53.1009
127,96289095142026,53.5046
128,92119653142026,53.909
129,87925389142026,54.3142
130,84738211142026,54.7182
131,81858755646641,55.1291
132,79034678698305,55.5332
133,75983787646641,55.9376
134,73814345646641,56.3411
135,71306837095922,56.7448
136,68482760147586,57.1499
137,66501920646657,57.5547
138,64538498111368,57.9603
139,62717163939388,58.3654
140,60547721939388,58.769
141,59646344490107,59.1744
142,58788778153228,59.5784
143,58111842490107,59.9819
144,57455917438443,60.386
145,56631840490107,60.7891
146,55060651367884,61.1941
147,54124331939388,61.5978
148,53222954490107,62.004
149,52567029438443,62.4106
150,51742952490107,62.8144
151,51087027438443,63.219
152,50465180962173,63.6224
153,50056544090173,64.0289
154,49763340250884,64.4334
155,49593898250884,64.8379
156,49503622640203,65.2427
157,49446754699303,65.6468
158,48971698786254,66.051
159,48931299796229,66.4573
160,48931299796229,66.8622
161,491205732224829,67.2773
162,48931299796229,67.6906
163,491205732224829,68.1029
164,1208836829273425,68.5175
165,695316389536738,68.9274
166,694556359936738,69.3468
167,693797005336738,69.7551
168,693038325736738,70.1632
169,692280321136738,70.569
170,691522991536738,70.9757
171,690766336936738,71.3824
172,690010357336738,71.7902
173,689255052736738,72.196
174,688500423136738,72.6033
175,687746468536738,73.0112
176,686993188936738,73.4175
177,686240584336738,73.8224
178,685488654736738,74.2294
179,684737400136738,74.6349
180,683986820536738,75.0478
181,683236915936738,75.4537
182,682487686336738,75.8603
183,681739131736738,76.2673
184,680991252136738,76.6734
185,680244047536738,77.0798
186,679497517936738,77.4868
187,678751663336738,77.892
188,678006483736738,78.2995
189,677261979136738,78.7058
190,676518149536738,79.1145
191,675774994936738,79.5207
192,675032515336738,79.9275
193,674290710736738,80.3332
194,673549581136738,80.7397
195,672809126536738,81.146
196,672069346936738,81.5527
197,671330242336738,81.9597
198,670591812736738,82.3664
199,669854058136738,82.773
200,669116978536738,83.1837
201,668380573936738,83.5902
202,667644844336738,83.9974
203,666909789736738,84.4047
204,666175410136738,84.8115
205,665441705536738,85.2187
206,664708675936738,85.6248
207,663976321336738,86.0312
208,663244641736738,86.4379
209,662513637136738,86.8444
210,661783307536738,87.2515
211,661053652936738,87.6581
212,660324673336738,88.0665
213,659596368736738,88.4729
214,658868739136738,88.8787
215,658141784536738,89.286
216,657415504936738,89.6916
217,656689900336738,90.0977
218,655964970736738,90.505
219,655240716136738,90.9106
220,654517136536738,91.3181
221,653794231936738,91.7251
222,653072002336738,92.1315
223,652350447736738,92.5382
224,651629568136738,92.9441
225,650909363536738,93.3502
226,650189833936738,93.7552
227,649470979336738,94.167
228,648752799736738,94.5723
229,648035295136738,94.9786
230,647318465536738,95.3853
231,646602310936738,95.7922
232,645886831336738,96.1986
233,645172026736738,96.6051
234,644457897136738,97.0125
235,643744442536738,97.4188
236,643031662936738,97.8247
237,642319558336738,98.2306
238,641608128736738,98.6365
239,640897374136738,99.0434
240,640187294536738,99.4498
241,639477889936738,99.8554
242,638769160336738,100.2734
243,638061105736738,100.6797
244,637353726136738,101.0868
245,636647021536738,101.4919
246,635940991936738,101.8973
247,635235637336738,102.3045
248,634530957736738,102.71
249,633826953136738,103.1179
250,633123623536738,103.5237
251,632420968936738,103.9292
252,631718989336738,104.335
253,631017684736738,104.741
254,630317055136738,105.1465
255,629617100536738,105.5522
256,628917820936738,105.9583
257,628219216336738,106.3637
258,627521286736738,106.7694
259,626824032136738,107.1759
260,626127452536738,107.5811
261,625431547936738,107.9862
262,624736318336738,108.3912
263,624041763736738,108.7963
264,623347884136738,109.2065
265,622654679536738,109.6124
266,621962149936738,110.0173
267,621270295336738,110.4229
268,620579115736738,110.8278
269,619888611136738,111.2344
270,619198781536738,111.6401
271,618509626936738,112.0476
272,617821147336738,112.4528
273,617133342736738,112.8583
274,616446213136738,113.2654
275,615759758536738,113.6707
276,615073978936738,114.0759
277,614388874336738,114.4823
278,613704444736738,114.8878
279,613020690136738,115.295
280,612337610536738,115.7004
281,611655205936738,116.1067
282,610973476336738,116.5126
283,610292421736738,116.9181
284,609612042136738,117.3279
285,608932337536738,117.7332
286,608253307936738,118.1421
287,607574953336738,118.5476
288,606897273736738,118.9531
289,606220269136738,119.359
290,605543939536738,119.764
291,604868284936738,120.1702
292,604193305336738,120.5754
293,603519000736738,120.9861
294,602845371136738,121.3938
295,602172416536738,121.8033
296,601500136936738,122.2206
297,600828532336738,122.6386
298,600157602736738,123.0671
299,599487348136738,123.4912
300,598817768536738,123.905
301,598148863936738,124.3199
302,597480634336738,124.7322
303,596813079736738,125.1474
304,596146200136738,125.5555
305,595479995536738,125.9851
306,594814465936738,126.4033
307,594149611336738,126.8214
308,593485431736738,127.2289
309,592821927136738,127.6366
310,592159097536738,128.0465
311,591496942936738,128.4549
312,590835463336738,128.863
313,590174658736738,129.2704
314,589514529136738,129.678
315,588855074536738,130.0879
316,588196294936738,130.4963
317,587538190336738,130.9066
318,586880760736738,131.3161
319,586224006136738,131.7239
320,585567926536738,132.1321
321,584912521936738,132.5397
322,584257792336738,132.9495
323,583603737736738,133.3593
324,582950358136738,133.7656
325,582297653536738,134.172
326,581645623936738,134.5783
327,580994269336738,134.9834
328,580343589736738,135.39
329,579693585136738,135.8012
330,579044255536738,136.2209
331,578395600936738,136.6322
332,577747621336738,137.0387
333,577100316736738,137.4443
334,576453687136738,137.849
335,575807732536738,138.2546
336,575162452936738,138.6786
337,574517848336738,139.1358
338,573873918736738,139.5404
339,573230664136738,139.94
