1,4.058870131158421e+17,0.63923
2,3.172012232235383e+17,2.7807
3,2.81689254888819e+17,3.4659
4,2.483499364724068e+17,3.9153
5,1.598357633272081e+17,4.3456
6,1.365318139067004e+17,4.7516
7,1.184708159227839e+17,5.1767
8,1.018490117011061e+17,5.5908
9,8.849236868671091e+16,5.9999
10,8.087545796881715e+16,6.4214
11,7.799633731305614e+16,6.8445
12,5.800530116645892e+16,7.2505
13,5.53186921867519e+16,7.6566
14,5.4412797690397e+16,8.0633
15,5.53186921867519e+16,8.4835
16,5.705475528331082e+16,8.9036
17,4.848962982059272e+16,9.3332
18,4.454809984559273e+16,9.748
19,4.136349732048748e+16,10.1611
20,3.916388027061571e+16,10.5717
21,3.723998136658373e+16,10.9842
22,3.536278677658374e+16,11.3971
23,3.368300846158374e+16,11.8152
24,3.207376256406698e+16,12.2259
25,3.046996303807608e+16,12.6373
26,2.873888217751488e+16,13.0501
27,2.716879289251488e+16,13.4621
28,2.569939966193158e+16,13.8734
29,2.424989766448648e+16,14.2862
30,2.301730837948648e+16,14.7029
31,2.18431890870308e+16,15.1134
32,2.075537513787447e+16,15.5254
33,1.971391497807331e+16,15.9371
34,1.870399919925019e+16,16.3496
35,1.780939427925019e+16,16.7751
36,1.694417506425019e+16,17.1866
37,1.616158577925019e+16,17.6012
38,1.538180746425019e+16,18.0107
39,1.46661295970093e+16,18.4228
40,1.397654118352291e+16,18.8344
41,1.334793030821248e+16,19.246
42,1.265238245072924e+16,19.658
43,1.196942277572924e+16,20.0684
44,1.137005813944968e+16,20.4862
45,1.079296972596329e+16,20.8983
46,1.021879177596329e+16,21.3136
47,9659060295963290,21.7268
48,9186500670126264,22.1382
49,8747875815126264,22.5485
50,8312391240126264,22.9608
51,7906294861516322,23.3744
52,7507457743787205,23.7916
53,7115330610230844,24.2084
54,6754753177659340,24.6204
55,6319734982659340,25.0341
56,5969399652909445,25.4455
57,5619253362857781,25.8588
58,5336986542857781,26.2699
59,5069442686117756,26.698
60,4817008548117756,27.1086
61,4566969048117756,27.5146
62,4341481938117656,27.9203
63,4116073878117656,28.3263
64,3871136021158132,28.7323
65,3650196542954260,29.1404
66,3434399223441086,29.5581
67,3163836567289986,29.9712
68,2965629118614782,30.3906
69,2770966334231373,30.7985
70,2524953234109150,31.2054
71,2301287467384506,31.611
72,2124415222384506,32.0207
73,1981994276479627,32.4254
74,1844454776479627,32.8362
75,1731546716479627,33.2463
76,1622017389748602,33.6571
77,1497839439748602,34.1123
78,1399428417028793,34.5385
79,1321179657028793,34.9466
80,1248227472028793,35.3557
81,1179970587028793,35.7824
82,1115598342028793,36.2122
83,1053236997028793,36.6368
84,992116663292232,37.047
85,936553469649815,37.4852
86,881113697649815,37.9154
87,830552482218934,38.4233
88,780081916706913,38.8349
89,664498305720009,39.2443
90,623853039587513,39.693
91,583875732924392,40.1041
92,552078502785972,40.5113
93,522094535694469,40.9242
94,413167571319893,41.3329
95,305405427623644,41.7424
96,276036615133644,42.1487
97,261769345076028,42.5548
98,251183085076028,42.9624
99,243065691473212,43.3727
100,236479431473212,43.7793
101,228636860862531,44.2318
102,219449682862531,44.6438
103,212380364558780,45.0624
104,206323304558780,45.4807
105,200934427279579,45.8948
106,193460813279579,46.3062
107,187371585851083,46.7113
108,181962699851083,47.1186
109,175793257851083,47.5295
110,170313255851083,47.94
111,165126077851083,48.353
112,160494235851083,48.7616
113,156027442367642,49.1711
114,151833178367642,49.5833
115,147663736367642,49.9926
116,142254850367642,50.4875
117,136774848367642,50.895
118,132580584367642,51.3014
119,128411142367642,51.712
120,124216878367642,52.1216
121,120430577142026,52.5321
122,116950575142026,52.9452
123,111541689142026,53.352
124,107372247142026,53.8279
125,103177983142026,54.2513
126,99697981142026,54.6681
127,96289095142026,55.0729
128,92119653142026,55.5321
129,87925389142026,55.9433
130,84738211142026,56.3541
131,81858755646641,56.7627
132,79034678698305,57.1685
133,75983787646641,57.5738
134,73814345646641,57.9852
135,71306837095922,58.4084
136,68482760147586,58.8137
137,66501920646657,59.2292
138,64538498111368,59.6373
139,62717163939388,60.0452
140,60547721939388,60.452
141,59646344490107,60.8604
142,58788778153228,61.2691
143,58111842490107,61.6798
144,57455917438443,62.084
145,56631840490107,62.4983
146,55060651367884,62.9074
147,54124331939388,63.3157
148,53222954490107,63.7316
149,52567029438443,64.1434
150,51742952490107,64.5591
151,51087027438443,64.9706
152,50465180962173,65.3811
153,50056544090173,65.7899
154,49763340250884,66.1969
155,49593898250884,66.5993
156,49503622640203,67.0017
157,49446754699303,67.4095
158,48971698786254,67.8129
159,48931299796229,68.2183
160,48931299796229,68.6262
161,491205732224829,69.035
162,48931299796229,69.443
163,491205732224829,69.856
164,1208836829273425,70.2635
165,491205732224829,70.6677
166,1208836829273425,71.0772
167,491205732224829,71.4901
168,1208836829273425,72.0056
169,491205732224829,72.43
170,1208836829273425,72.8402
171,491205732224829,73.2534
172,1208836829273425,73.6642
173,695316389536738,74.0875
174,272449289536738,74.5041
175,82202317444438,74.9403
176,62794985015838,75.372
177,48931299796229,75.7999
178,48931299796229,76.2147
179,48931299796229,76.6224
180,48853114006229,77.0397
181,48775153216229,77.4559
182,48697417426229,77.866
183,48619906636229,78.31
184,48542620846229,78.7525
185,48465560056229,79.1877
186,48388724266229,79.6063
187,48312113476229,80.0138
188,48235727686229,80.4338
189,48159566896229,80.8815
190,48083631106229,81.3389
191,48007920316229,81.7483
192,47932419230308,82.1661
193,47857043525308,82.5761
194,47781780320308,82.9912
195,47706629615308,83.4063
196,47631591410308,83.8187
197,47556665705308,84.2622
198,47481852500308,84.6907
199,47407151795308,85.1082
200,47332563590308,85.5214
201,47258087885308,85.9367
202,47183724680308,86.3661
203,47109473975308,86.7838
204,47035335770308,87.1958
205,46961310065308,87.6066
206,46887396860308,88.0162
207,46813596155308,88.4399
208,46739907950308,88.8614
209,46666332245308,89.2678
