1,1.063113450696695e+17,0.07892
2,7.871146142772826e+16,0.088462
3,5.97929957847064e+16,0.097837
4,4.103813370040177e+16,0.10718
5,2.061423674656516e+16,0.11631
6,9359197794796376,0.12546
7,4239242472945590,0.13461
8,4320626777644007,0.14376
9,3905128973906066,0.15284
10,4320626777644007,0.16333
11,4239242472945590,0.17365
12,3140325787909133,0.18818
13,2268123028083647,0.20147
14,1283199684030070,0.21458
15,831649864117614.4,0.22769
16,656766228735801.9,0.24084
17,497233340904463.9,0.25396
18,339386676020331.5,0.2671
19,82053978420331.5,0.2802
20,29181816682225.9,0.29331
21,7801496481244.4,0.30643
22,1725764141534.4,0.31949
23,0,0.33259
