1,7.276528332808686e+17,0.43229
2,6.136647438572549e+17,0.57115
3,5.200714375853339e+17,0.70709
4,4.65516023193445e+17,0.8425
5,4.123783486791466e+17,0.97797
6,3.20225352183981e+17,1.1132
7,2.828870544788401e+17,1.2484
8,2.536560122538763e+17,1.3835
9,2.301984739907147e+17,1.5186
10,2.102991749361113e+17,1.6539
11,1.937794858624068e+17,1.7891
12,1.777739688325823e+17,1.9241
13,1.626306015649614e+17,2.0592
14,1.464660510631473e+17,2.1941
15,1.313817690736578e+17,2.3291
16,1.215830583344419e+17,2.4642
17,1.124471845578137e+17,2.5993
18,1.088265361742872e+17,2.7344
19,1.056529882344899e+17,2.8694
20,1.025945392245059e+17,3.0045
21,1.002162914996303e+17,3.1396
22,9.859924621012389e+16,3.2744
23,9.938931448962766e+16,3.4095
24,1.002995171078377e+17,3.5445
25,9.247323521581456e+16,3.7537
26,8.696221036910635e+16,3.9569
27,8.19631442311152e+16,4.157
28,7.79083669551152e+16,4.3571
29,7.431301667308944e+16,4.5573
30,7.072423361097865e+16,4.7581
31,6.763423639209203e+16,4.9583
32,6.488412908735188e+16,5.1595
33,6.219029180829859e+16,5.3597
34,5.997081667030699e+16,5.5598
35,5.756102332474748e+16,5.7597
36,5.539846953835353e+16,5.9598
37,5.33288239231233e+16,6.1601
38,5.150473532480714e+16,6.3607
39,4.983196505685173e+16,6.5611
40,4.822587407901054e+16,6.7618
41,4.683143779133683e+16,6.9618
42,4.545810760170054e+16,7.1617
43,4.370371119393883e+16,7.3615
44,3.911051146036012e+16,7.5612
45,3.727178182036012e+16,7.7609
46,3.591152319704868e+16,7.9605
47,3.477089382118965e+16,8.1603
48,3.367662598247699e+16,8.3599
49,3.106223266728878e+16,8.5596
50,2.981727108816342e+16,8.7595
51,2.874767676391924e+16,8.9591
52,2.792500080255848e+16,9.1587
53,2.718483562067054e+16,9.3583
54,2.644701695584293e+16,9.5577
55,2.582777644384293e+16,9.7586
56,2.505221743104293e+16,9.9582
57,2.445403447307178e+16,10.158
58,2.387871364454028e+16,10.3576
59,2.331271840365153e+16,10.5573
60,2.274775699067101e+16,10.757
61,2.222838772016136e+16,10.9566
62,2.149044906056958e+16,11.1561
63,2.10005397895729e+16,11.3555
64,2.05708151186113e+16,11.5549
65,2.01569426696681e+16,11.7546
66,1.881262241972003e+16,11.9539
67,1.840538214847374e+16,12.1542
68,1.80467884617791e+16,12.3538
69,1.769273065663926e+16,12.5532
70,1.740811019997082e+16,12.7541
71,1.483939739572972e+16,12.9537
72,1.365740050930584e+16,13.1534
73,1.307723471425926e+16,13.3528
74,1.263929923347166e+16,13.5523
75,1.238071646089411e+16,13.7518
76,1.213845269711654e+16,13.9511
77,1.190835994972636e+16,14.1507
78,1.168165564562354e+16,14.3502
79,1.148059509121079e+16,14.5496
80,1.128205794404663e+16,14.7494
81,1.111187833678322e+16,14.9489
82,1.094394019671302e+16,15.1484
83,1.077707021485243e+16,15.3476
84,1.061062547764251e+16,15.5468
85,1.044865672797808e+16,15.7471
86,1.026234917036442e+16,15.9464
87,9812671334948888,16.1457
88,9610744834966786,16.3452
89,9489859094166786,16.5446
90,9374253247766786,16.7441
91,9260412059662062,16.9434
92,9169433534089872,17.1427
93,9004191767528738,17.3419
94,8915611454216521,17.5412
95,8509068543840524,17.7406
96,8424073636962497,17.9401
97,8374052360833906,18.1393
98,8326107115343378,18.3385
99,8062337919887378,18.5377
100,8018416918998337,18.7378
101,7978675500165159,18.9372
102,7939557773975235,19.1366
103,7848033199276245,19.3358
104,7808385929478719,19.5351
105,7769702848032178,19.7344
106,7733647855704956,19.9337
107,7700252436214286,20.134
108,7439325276531694,20.3335
109,7407386311035043,20.5328
110,7137887105439282,20.7325
111,6672617249128770,20.9319
112,6601744615307673,21.1312
113,6553923983646024,21.3303
114,6488670874359934,21.5294
115,6459106097166224,21.7293
116,6431776596072191,21.9288
117,6406220002592098,22.128
118,6383476332362779,22.3272
119,6366759328261895,22.5262
120,6350065000668398,22.7256
121,6334724428508051,22.925
122,6319803462517966,23.1245
123,6304897753618126,23.3237
124,6290516120279983,23.5229
125,6276665853263983,23.722
126,6264708572590129,23.9212
127,6253136343879043,24.1206
128,6236898336796445,24.3196
129,6225889349780445,24.5185
130,6215024663565611,24.7187
131,6205182344829611,24.9181
132,6195370746093611,25.1174
133,6185589867357611,25.3164
134,6175839708621611,25.5157
135,6166120269885611,25.7147
136,6156431551149611,25.9139
137,6146762770205783,26.1132
138,6137104771469783,26.3123
139,6127477492733783,26.5114
140,6117880288035665,26.7107
141,6108310556795665,26.91
142,6098768025555665,27.1094
143,6089252694315665,27.309
144,6079764563075665,27.508
145,6070303631835665,27.7078
146,6060869900595665,27.907
147,6051463369355665,28.1064
148,6042084038115665,28.3056
149,6032731906875665,28.5047
150,6023406975635665,28.704
151,6014109244395665,28.9032
152,6004838713155665,29.1025
153,5995595381915665,29.3016
154,8990325876719299,29.4394
155,5995595381915665,29.5736
156,8990325876719299,29.7081
157,1.328037012373617e+16,29.8442
158,1.059141757000559e+16,30.0451
159,8125409184053754,30.2444
160,7471816433859789,30.4432
161,7165138531256149,30.6428
162,7001789763256149,30.8421
163,6879320430955453,31.041
164,6827235425316902,31.2397
165,6818019294076902,31.4387
166,6808830362836902,31.6376
167,6799668631596902,31.8367
168,6790534100356902,32.0355
169,6781426769116902,32.2344
170,6772346637876902,32.4331
171,6763293706636902,32.632
172,6754267975396902,32.8309
173,6745269444156902,33.03
174,6736298112916902,33.2288
175,6727353981153192,33.4275
176,6718435229193192,33.6268
177,6709540157233192,33.8265
178,6700668765273192,34.0254
179,6691821053313192,34.2242
180,6682997021353192,34.4229
181,6674196669393192,34.6218
182,6665419997433192,34.8209
183,6656667005473192,35.0197
184,6647937693513192,35.2194
185,6639232061553192,35.4181
186,6630503869663370,35.617
187,6621731086743370,35.8161
188,6612985503823370,36.0149
189,6604267120903370,36.2136
190,6595575937983370,36.4131
191,6586911955063370,36.6129
192,6578275172143370,36.8123
193,6569665589223370,37.0112
194,6561083206303370,37.21
195,6552508004357632,37.4089
196,6543952821437632,37.608
197,6535424838517632,37.807
198,6526924055597632,38.0059
199,6518450472677632,38.2046
200,6510004089757632,38.4035
201,6501584906837632,38.6027
202,6493192923917632,38.802
203,6484828140997632,39.001
204,6476490558077632,39.2
205,6468180175157632,39.3989
206,6459896992237632,39.5982
207,6451641009317632,39.7974
208,6443412226397632,39.9963
209,6435210643477632,40.1954
210,6427036260557632,40.3944
211,6418868553541632,40.5935
212,6410721370621632,40.7925
213,6402601387701632,40.9915
214,6394508604781632,41.1904
215,6386442169901842,41.3892
216,6378399577941842,41.588
217,6370380665981842,41.7871
218,6362385434021842,41.986
219,6354413882061842,42.1848
220,6346466010101842,42.3836
221,6338541818141842,42.5831
222,6330641306181842,42.7826
223,6322764474221842,42.9815
224,6314911322261842,43.1816
225,6307081850301842,43.3804
226,6299275409871602,43.5793
227,6291489401271602,43.7782
228,6283723552671602,43.9773
229,6275977864071602,44.1764
230,6268252335471602,44.3752
231,6260546966871602,44.5743
232,6252861758271602,44.7731
233,6245196709671602,44.9721
234,6237551821071602,45.1712
235,6229927092471602,45.3701
236,6222322523871602,45.569
237,6214738115271602,45.7686
238,6207173866671602,45.9677
239,6199629778071602,46.167
240,6192105849471602,46.3669
241,6184602080871602,46.5663
242,6177118472271602,46.7657
243,6169655023671602,46.9645
244,6162211735071602,47.1637
245,6154788606471602,47.3626
246,6147385637871602,47.5617
247,6140002829271602,47.7608
248,6132640180671602,47.9598
249,6125297692071602,48.1588
250,6117975363471602,48.3578
251,6110673194871602,48.5568
252,6103391186271602,48.7567
253,6090289008956719,48.9558
254,6084584846580719,49.1551
255,6078898284204719,49.3542
256,6073229321828719,49.5532
257,6067577959452719,49.7525
258,6061944197076719,49.9515
259,6056328034700719,50.1514
260,6050729472324719,50.3507
261,6045148509948719,50.5498
262,6039585147572719,50.7491
263,6034039385196719,50.9482
264,6028511222820719,51.1473
265,6023000660444719,51.3462
266,6017507698068719,51.5453
267,6012032335692719,51.7452
268,6006574573316719,51.9445
269,6001134410940719,52.1436
270,5995711848564719,52.3427
271,5990306886188719,52.5418
272,5984919523812719,52.7412
273,5979549761436719,52.9403
274,5974197599060719,53.1397
275,5968863036684719,53.3387
276,5963546074308719,53.5379
277,5958246711932719,53.737
278,5952964949556719,53.9361
279,5947700787180719,54.1352
280,5942454224804719,54.3343
281,5937225262428719,54.5332
282,5932013900052719,54.7335
283,5926811332182487,54.9328
284,5921617569806487,55.132
285,5916441407430487,55.331
286,5911282845054487,55.5302
287,1.020750612187394e+16,55.6678
288,5911282845054487,55.802
289,1.020750612187394e+16,55.9364
290,1.325420137938142e+16,56.0726
291,1.059749511803338e+16,56.276
292,7838836168758997,56.4758
293,7161292055706853,56.6745
294,6671294288154609,56.8731
295,6378774196838180,57.0718
296,6266695265622077,57.2707
297,6218331482722773,57.4691
298,6203552809846773,57.6695
299,6199115847470773,57.8682
300,6194696485094773,58.0667
301,6190294722718773,58.2668
302,6185910560342773,58.465
303,6181543997966773,58.6636
304,6177195035590773,58.862
305,6172863673214773,59.0606
306,6168549910838773,59.2638
307,6164253748462773,59.4623
308,6159975186086773,59.6608
309,6155380550325301,59.8594
310,6150662140605301,60.0578
311,6146751013245729,60.2562
312,5714446155645729,60.4548
313,5710919544629729,60.654
314,5707534842605729,60.8528
315,5704160700581729,61.0512
316,5700797118557729,61.2496
317,5697444096533729,61.4482
318,5694101634509729,61.6466
319,5690769732485729,61.8452
320,5687448390461729,62.0437
321,5684137608437729,62.2423
322,5680837386413729,62.4406
323,5677547724389729,62.6392
324,5674268622365729,62.8377
325,5671000080341729,63.0362
326,5667742098317728,63.2347
327,5664494676293728,63.4331
328,5661257814269728,63.6324
329,5658031512245728,63.8313
330,5654815770221728,64.0298
331,5651610588197728,64.2282
332,5648415966173728,64.4265
333,5645231904149728,64.625
334,5642058402125728,64.8234
335,5638895460101728,65.0216
336,5635743078077728,65.221
337,5632601256053728,65.4193
338,5629460788853728,65.6175
339,5626329526829728,65.816
340,5623208824805728,66.0143
341,5620098682781728,66.2127
342,5616999100757728,66.415
343,5613910078733728,66.6142
344,5610831616709728,66.813
345,5607763714685728,67.0114
346,5604706372661728,67.2099
347,5601659590637728,67.4082
348,5598622803437728,67.6068
349,5595586581413728,67.8052
350,5592560919389728,68.0036
351,5589545817365728,68.2023
352,5586541275341728,68.4007
353,5583547293317728,68.5992
354,5580563871293728,68.7977
355,5577591009269728,68.9959
356,5574628707245728,69.1945
357,5571676965221728,69.3927
358,5568735783197728,69.5917
359,5565802675997728,69.7906
360,5562872053973728,69.9892
361,5559951991949728,70.1877
362,5557042489925728,70.3861
363,5554143547901728,70.5848
364,5551253938181728,70.7834
365,5548365556157728,70.9818
366,5545487734133728,71.1801
367,5542620472109728,71.3785
368,5539763770085728,71.5769
369,5536917628061728,71.7758
370,5534082046037728,71.9742
371,5531252618837728,72.1727
372,5528427596813728,72.3713
373,5525613134789728,72.5699
374,5522809232765728,72.7694
375,5520015890741728,72.9678
376,5517233108717728,73.1676
377,5514460886693728,73.3662
378,5511699224669728,73.5648
379,5508948122645728,73.7637
380,5506207580621728,73.9621
381,5503477598597728,74.1607
382,5500751851397728,74.3594
383,5498032429373728,74.558
384,5495323567349728,74.7567
385,5492625265325728,74.9553
386,5489937523301728,75.1539
387,5487260341277728,75.3523
388,5484593719253728,75.5509
389,5481937657229728,75.7506
390,5479292155205728,75.9493
391,5476657213181728,76.1478
392,5474032831157728,76.3487
393,5471410763957728,76.5476
394,5468823352941728,76.7464
395,5466304965741728,76.9449
396,5463827873485728,77.1435
397,5461413166285728,77.3419
398,5459086308739123,77.5404
399,5456775281539123,77.7389
400,5454567934339123,77.9375
401,5452392457324956,78.136
402,5450288790124956,78.3343
403,5448288802924956,78.5329
404,5446392541633294,78.7327
405,5444584777345294,78.9316
406,5442780533057294,79.1303
407,5439992842242898,79.3289
408,5437213986042898,79.5277
409,5434967289842898,79.7266
410,5433178979834898,79.9254
411,5430521570953807,80.1246
412,5427092480145807,80.3238
413,5423881629337807,80.5222
414,5420889018529807,80.721
415,5418114647721807,80.9197
416,5415558516913807,81.1181
417,5413220626105807,81.3167
418,5411100975297807,81.5152
419,5409199564489807,81.7145
420,6905652903228587,81.8511
421,5409199564489807,81.9848
422,6905652903228587,82.1187
423,1.178928358165347e+16,82.2544
424,1.017258811179172e+16,82.4599
425,8902374920283658,82.6617
426,8199585888583062,82.8598
427,5548901550596848,83.0583
428,5015150574596847,83.2563
429,4803445218535488,83.4544
430,4703000136363991,83.6525
431,4616145966763991,83.8507
432,4562946133663296,84.0487
433,4511457954776206,84.2469
434,4482025133885564,84.4449
435,4459788143556955,84.6437
436,4445016225572955,84.8424
437,4431226707588955,85.0407
438,4418419589604955,85.2389
439,4406247314004459,85.437
440,4351154879872110,85.6353
441,4337037285736406,85.8336
442,4325212567752406,86.0325
443,4314370249768406,86.231
444,4304510331784406,86.4296
445,4295569527941807,86.6282
446,4286692009957807,86.8265
447,4278796891973807,87.0247
448,4271286505019622,87.224
449,4264373787035622,87.4223
450,4258443469051622,87.6213
451,4253081065765329,87.8199
452,4220835004472152,88.0183
453,4215841114982974,88.2166
454,4210893196998974,88.4148
455,4206927679014974,88.6132
456,4203016551655402,88.8116
457,4200033433671402,89.0097
458,4198350262863402,89.2084
459,4196844627857290,89.4065
460,4195379697049290,89.6047
461,4194098607745290,89.8029
462,4192828078441290,90.0013
463,4191568109137290,90.1997
464,4190311740217290,90.3978
465,4188709983529290,90.5967
466,4187460574225290,90.7959
467,4186212925801290,90.994
468,4184966234993290,91.1924
469,4183726506073290,91.3906
470,4182128269385290,91.5889
471,4180889420081290,91.7871
472,4179652331657290,91.9855
473,4178424042353290,92.1838
474,4177197513929290,92.382
475,4175974425009290,92.5803
476,4174379708321290,92.7789
477,4173161979017290,92.9772
478,4171946010593290,93.1757
479,4170738841289290,93.3737
480,4169532392369290,93.5722
481,4167941195681290,93.7712
482,4166735787257290,93.9695
483,4165539177953290,94.1678
484,4164344329529290,94.3658
485,4163151182969290,94.5642
486,4161957854049290,94.7626
487,4160370177361290,94.9608
488,4159184128057290,95.1604
489,4157999459385290,95.3586
490,4156815170961290,95.5569
491,4155631624401290,95.7552
492,4154451415481290,95.9536
493,4152867258793290,96.1519
494,4151687476449290,96.3504
495,4150511987145290,96.5487
496,4149337878473290,96.748
497,4148163931913290,96.9462
498,4146990203489290,97.1448
499,4145823114569290,97.3431
500,4144243807194076,97.5413
501,4143078877890076,97.7396
502,4141914531330076,97.9382
503,4140751362906076,98.1367
504,4139588350872322,98.3349
505,4138428322200322,98.5333
506,4137273952896322,98.7318
507,4136119983976322,98.9304
508,4134547686432322,99.1291
509,4133392939872322,99.3274
510,4132240331448322,99.526
511,4131094382776322,99.7252
512,4129950573472322,99.9238
513,4128808525048322,100.1223
514,4127666898488322,100.3209
515,4126522529568322,100.5191
516,4124957272024322,100.7177
517,4123824022720322,100.9162
518,4122691996160322,101.1147
519,4121560127488322,101.3129
520,4120428639064322,101.5114
521,4119297390144322,101.7097
522,4117739172600322,101.9083
523,4116616483296322,102.1068
524,4115494056736322,102.3053
525,4114373128312322,102.5037
526,4113254999392322,102.7031
527,4111703821848322,102.9016
528,4110586033176322,103.1007
529,4109473206616322,103.2998
530,4108361077312322,103.4985
531,4107250708888322,103.6971
532,4106145699968322,103.8956
533,4104601562424322,104.0939
534,4103497853752322,104.2924
535,4102394627192322,104.4909
536,4101293057888322,104.6895
537,4100193249464322,104.8881
538,4099101360544322,105.0867
539,4097564263000322,105.2852
540,4096470636440322,105.4839
541,4095379627136322,105.6831
542,4094289998464322,105.8822
543,4093200750040322,106.0811
544,4092120243480322,106.2796
545,4091037954560322,106.4782
546,4089507897016322,106.6768
547,4088427447712322,106.8753
548,4087348759288322,107.0737
549,4086273210616322,107.2722
550,4085202304056322,107.4706
551,4084132414752322,107.6692
552,4083063235582052,107.8679
553,9403288150922648,108.0063
554,4083063235582052,108.1401
555,9403288150922648,108.2742
556,1.496685925904464e+16,108.4133
557,1.198466095216743e+16,108.6144
558,1.009834448496744e+16,108.8137
559,7230553316967441,109.0138
560,6448360459367441,109.2125
561,5806901759468924,109.4106
562,5381933342850639,109.609
563,4965066670925000,109.8074
564,4885168872615642,110.0056
565,4840218383538390,110.2048
566,4572191450738390,110.403
567,4570939158658390,110.6015
568,4569710546578390,110.7999
569,4568505614498390,110.9982
570,4567324364352494,111.1966
571,4566168668960494,111.3948
572,4565040173568494,111.5937
573,4563938878176494,111.7924
574,4562864782784494,111.9909
575,4561795613864494,112.1892
576,4560272596320494,112.3877
577,4559211127648494,112.5862
578,4558149821088494,112.7847
579,4557090491784494,112.983
580,4556034442864494,113.1814
581,4554518465320494,113.3795
582,4553466758760494,113.578
583,4552417989456494,113.7767
584,4551370498440494,113.975
585,4550323109768494,114.1734
586,4549276214376494,114.3716
587,4548233285456494,114.5701
588,4546724347912494,114.7692
589,4545682241352494,114.9674
590,4544641790336494,115.1659
591,4543603581032494,115.3643
592,4542451421601825,115.5626
593,4537486141318714,115.761
594,4536106178206714,115.9593
595,4534733255094714,116.1577
596,4533367371982714,116.356
597,4532008528870714,116.5543
598,4530656725758714,116.7529
599,4529311962646714,116.9513
600,4527974239534714,117.1506
601,4526643556422714,117.3488
602,4525319913310714,117.5472
603,4524003310198714,117.7464
604,4522693747086714,117.9448
605,4521391223974714,118.1438
606,4520095740862714,118.3429
607,4518807297750714,118.5412
608,4517525894638714,118.7397
609,4516251531526714,118.9381
610,4514984208414714,119.1367
611,4513723925302714,119.3353
612,4512470682190714,119.5337
613,4511224479078714,119.7321
614,4509985343598873,119.9305
615,4508755421542873,120.1291
616,4507536059486873,120.3274
617,4506327257430873,120.5257
618,4505129015374873,120.725
619,4503941333318873,120.9237
620,4502764211262873,121.1222
621,4501597649206873,121.3205
622,4500441713287840,121.5189
623,4499298713583840,121.7175
624,4498169793879840,121.9161
625,4497054954175840,122.1148
626,4495954194471840,122.3133
627,4494867514767840,122.5117
628,4493794717503840,122.7102
629,4492722117799840,122.909
630,4491663598095840,123.1076
631,4490619158391840,123.3061
632,4489585747375840,123.5045
633,4488552438703840,123.7035
634,4487522078999840,123.9022
635,4486492270079840,124.1008
636,4484990372535840,124.2991
637,4483957865975840,124.4976
638,4482931494959840,124.6964
639,4481911799567840,124.8951
640,4480892413007840,125.094
641,4479872204087840,125.2932
642,4478377346543840,125.4918
643,4477358015527840,125.6902
644,4476338786855840,125.8888
645,4475322507151840,126.0873
646,4474310216135840,126.2859
647,4473300429575840,126.4843
648,4472293340655840,126.6838
649,4470805523111840,126.8825
650,4469800272095840,127.081
651,4468795123423840,127.2796
652,4467790275359840,127.4781
653,4466788075655840,127.6767
654,4465787889095840,127.8754
655,4464789678079840,128.074
656,4463795709159840,128.2727
657,4462314931615840,128.4712
658,4461322436223840,128.6698
659,4460331265207840,128.8684
660,4459340196535840,129.0671
661,4458349609975840,129.2659
662,4457361490271840,129.4645
663,4456377359255840,129.6636
664,4455396510335840,129.8629
665,4453922772791840,130.0621
666,4452941786231840,130.2607
667,4451964695215840,130.4592
668,4450987706543840,130.658
669,4450013666839840,130.8568
670,4449043615823840,131.0551
671,4448075749263840,131.2537
672,4447104500343840,131.4522
673,4445637802799840,131.6509
674,4444672507407840,131.8494
675,4443709496391840,132.048
676,4442746587719840,132.2466
677,4441786628015840,132.4452
678,4440828361455840,132.6445
679,4439870232535840,132.8435
680,4438410574991840,133.0422
681,4437454603975840,133.242
682,4436505672959840,133.4406
683,4435556844287840,133.6395
684,4434608177727840,133.8381
685,4433662298023840,134.0367
686,6878975782035762,134.1764
687,4433662298023840,134.3101
688,6878975782035762,134.4443
689,1.203133816471133e+16,134.5826
690,8472432526323646,134.7833
691,6130778403540774,134.9818
692,4574105645223578,135.1801
693,4438628039672219,135.3782
694,4401844053701531,135.5766
695,4372411232810890,135.7754
696,4343303428995825,135.9737
697,4342358420075825,136.1718
698,4340905802531825,136.3702
699,4339963911515825,136.5686
700,4339024844955825,136.7669
701,4338089993939825,136.9649
702,4337155245267825,137.1631
703,4336223356347825,137.3612
704,4334777778803825,137.5594
705,4333845979099825,137.7578
706,4332916512539825,137.9561
707,4331988701523825,138.1545
708,4331067930507825,138.3529
709,4330147261835825,138.5511
710,4329228492915825,138.7506
711,4327789955371825,138.9488
712,4326870088811825,139.1473
713,4325952369107825,139.3455
714,4325038638091825,139.5438
715,4324131891531825,139.7419
716,4323222722611825,139.9402
717,4321791225067825,140.1407
718,4320884534051825,140.3393
719,4319977945379825,140.5377
720,4319074305675825,140.7361
721,4318174654659825,140.9344
722,4317277508099825,141.1324
723,4316381459179825,141.3306
724,4314957001635825,141.529
725,4314064390619825,141.7281
726,4313171881947825,141.9266
727,4312282322243825,142.125
728,4311394775683825,142.3233
729,4310509204667825,142.5216
730,4309626275747825,142.7202
731,4308208858203825,142.9187
732,4307330327187825,143.1171
733,4306451898515825,143.3154
734,4305573951955825,143.5137
735,4304698472251825,143.7119
736,4303826981235825,143.9103
737,4302957172315825,144.1085
738,4301546794771825,144.3067
739,4300659048117322,144.505
740,4298254144843762,144.7043
741,4297033195707762,144.9028
742,4295822806571762,145.1012
743,4294622977435762,145.2995
744,4293433708299762,145.4977
745,4292254999163762,145.6961
746,4291079810963762,145.8946
747,4289676473419762,146.0942
748,4288508324283762,146.2925
749,4287350735147762,146.4911
750,4286195706947762,146.6898
751,4284799409403762,146.8883
752,4283652380267762,147.0871
753,4282515911131762,147.286
754,4281381042931762,147.4844
755,4279991785387762,147.6833
756,4278865876251762,147.8819
757,4277750527115762,148.0803
758,4276635818915762,148.2786
759,4275253601371762,148.477
760,4274148812235762,148.6756
761,4273054264035762,148.8744
762,4271679086491762,149.0729
763,4270584857355762,149.2714
764,4269501188219762,149.4698
765,4268426800019762,149.6683
766,4267058662475762,149.8668
767,4265985553339762,150.0653
768,4264923004203762,150.2636
769,4263868776003762,150.4619
770,4262507678459762,150.661
771,4261455689323762,150.8597
772,4260414260187762,151.0579
773,4259380191987762,151.2564
774,4258026134443762,151.4548
775,4256995265307762,151.6535
776,4255974956171762,151.852
777,4254961047971762,152.0507
778,4253614030427762,152.2489
779,4252604281291762,152.4474
780,4251605092155762,152.6459
781,4250611343955762,152.8443
782,4249271366411762,153.0427
783,4248282737275762,153.2412
784,4247304668139762,153.4395
785,4246331079939762,153.6385
786,4244998142395762,153.8373
787,4244030633259762,154.0357
788,4243073684123762,154.234
789,4242120255923762,154.4325
790,4240794358379762,154.631
791,4239847969243762,154.83
792,4238912140107762,155.0284
793,4237978871907762,155.228
794,4236660014363762,155.4263
795,4235734745227762,155.6248
796,4234820036091762,155.8233
797,4233905929531762,156.0217
798,4232989301331762,156.22
799,4231677483787762,156.4185
800,4230772977227762,156.6175
801,4229868828091762,156.8163
802,4228968839891762,157.0147
803,4227664062347762,157.2133
804,4226769155787762,157.4118
805,4225875566651762,157.6104
806,4224992218451762,157.8088
807,4223694480907762,158.0074
808,4222809174347762,158.206
809,4221926145211762,158.4047
810,4221053676075762,158.6034
811,4220181489515762,158.802
812,4219311261315762,159.0006
813,4218020563771762,159.1994
814,4217156112755762,159.3978
815,4216291764083762,159.597
816,4215429177523762,159.796
817,4214567268387762,159.9947
818,4213705413747762,160.1934
819,7048296726891857,160.333
820,4213705413747762,160.4704
821,7048296726891857,160.6068
822,1.347007987583244e+16,160.7457
823,1.137256340863245e+16,160.951
824,9293973714704304,161.1549
825,7397190824487440,161.3585
826,5279066079504304,161.5621
827,4729244416236162,161.7658
828,4463228384417877,161.9694
829,4419885369695568,162.173
830,4417955213080476,162.3767
831,4416075396520476,162.5805
832,4414222779960476,162.7793
833,4412397363400476,162.9778
834,4410599146840476,163.1772
835,4408828130280476,163.3754
836,4407084313720476,163.5737
837,4405367697160476,163.772
838,4403678280600476,163.9702
839,4402014935950242,164.1684
840,4400375341278242,164.3665
841,4398759426606242,164.5648
842,4397167191934242,164.7634
843,4395598637262242,164.9615
844,4394053762590242,165.1599
845,4392532567918242,165.3582
846,4391035053246242,165.5566
847,4389561218574242,165.7561
848,4388111063902242,165.9546
849,4386684589230242,166.1533
850,4385281794558242,166.3515
851,4383902679886242,166.5499
852,4382547245214242,166.7485
853,4381215490542242,166.947
854,4379896471646242,167.1453
855,4378591916974242,167.3435
856,4377293058078242,167.5417
857,4376010839182242,167.7399
858,4374737004510242,167.9383
859,4373474945614242,168.1365
860,4372228310942242,168.3348
861,4370986412046242,168.5331
862,4369761153150242,168.7322
863,4368545238478242,168.9306
864,4367340139582242,169.1292
865,4366151424910242,169.3277
866,4364966486014242,169.5259
867,4363798187118242,169.7241
868,4362640192446242,169.9226
869,4361492053550242,170.1214
870,4360360554654242,170.3202
871,4359233279982242,170.5186
872,4358121941086242,170.7171
873,4357021866414242,170.9156
874,4355930687518242,171.1138
875,4354856148622242,171.3123
876,4353786793950242,171.5106
877,4352732415054242,171.7098
878,4351688145806242,171.9082
879,4350649511134242,172.1067
880,4349615292238242,172.3052
881,4348588622990242,172.5037
882,4347571044094242,172.7023
883,4346558454846242,172.9008
884,4345557515950242,173.0994
885,4344559006702242,173.2979
886,4343565172030242,173.4964
887,4342584262782242,173.695
888,4341603483886242,173.8935
889,4340636654638242,174.092
890,4339672515742242,174.2905
891,4338716441070242,174.4889
892,4337767211822242,174.6881
893,4336823232926242,174.8868
894,4335888083678242,175.0853
895,4334960575478242,175.2839
896,4333676917934242,175.4824
897,4332746059038242,175.6809
898,4331824989790242,175.8795
899,4330910195118242,176.078
900,4329999326918242,176.2765
901,4328722709374242,176.4752
902,4327808490478242,176.6738
903,4326905021230242,176.8725
904,4326007442334242,177.0712
905,4325109694134242,177.2704
906,4323840116590242,177.4688
907,4322950727342242,177.668
908,4322066268446242,177.8669
909,4321185160246242,178.0656
910,4319922622702242,178.2653
911,4319047313454242,178.464
912,4318175974558242,178.6629
913,4317309499886242,178.8616
914,4316445031686242,179.0601
915,4315189534142242,179.259
916,4314331456878242,179.4575
917,4313473747630242,179.656
918,4312616336614242,179.8544
919,4311761637718242,180.0531
920,4310909383078242,180.2516
921,4310059012062242,180.4504
922,4309210457667124,180.6504
923,4308362629467124,180.8496
924,4307114171923124,181.0482
925,4306270542675124,181.2469
926,4305427211659124,181.4455
927,4304584557019124,181.6441
928,4303742978123124,181.8426
929,4302906687107124,182.0412
930,4302073632467124,182.2396
931,4301242346013583,182.438
932,4300000928469583,182.6368
933,4299169973773583,182.8354
934,4298340424525583,183.0341
935,4297511173509583,183.2327
936,4296682714613583,183.4312
937,4295859259973583,183.6304
938,4295037048957583,183.8299
939,4294215374285583,184.0285
940,4293398234397583,184.227
941,4292163856853583,184.4256
942,4291348685837583,184.6244
943,4290534831197583,184.8232
944,4289722777138278,185.0218
945,4288910827890278,185.2217
946,4288099008994278,185.4202
947,4287290877978278,185.6189
948,4286486623338278,185.8176
949,4285682603450278,186.0163
950,4284455265906278,186.215
951,4283654174890278,186.4139
952,5872523469296591,186.5537
953,4283654174890278,186.688
954,5872523469296591,186.8223
955,1.247467904580723e+16,186.9614
956,8925067770295723,187.1652
957,6834445145138328,187.3638
958,5179064511236068,187.5622
959,4217142835394331,187.7606
960,4146576590047798,187.9588
961,4145781935407798,188.1571
962,4144987884391798,188.3552
963,4144196915663798,188.5536
964,4143409535775798,188.7523
965,4142189238231798,188.9506
966,4141402227215798,189.1491
967,4140617172575798,189.3472
968,4139837201559798,189.5453
969,4139061746919798,189.7443
970,4138288815903798,189.9426
971,4137518076015798,190.1409
972,4136304818471798,190.3392
973,4135534969743798,190.5375
974,4134769078727798,190.7356
975,4134003224087798,190.9339
976,4133244373071798,191.1321
977,4132488118431798,191.3301
978,4131734018543798,191.5284
979,4130527800999798,191.7266
980,4129775989983798,191.9251
981,4129027261255798,192.1237
982,4128280606615798,192.3219
983,4127535835599798,192.5203
984,4126798104583798,192.7197
985,4126060644695798,192.9182
986,4124861467151798,193.1169
987,4124124412511798,193.3157
988,4123388780471798,193.514
989,4122654569455798,193.7124
990,4121923440727798,193.9105
991,4121195986087798,194.109
992,4120468815071798,194.3072
993,4119740223031798,194.5056
994,4119016572015798,194.704
995,4118295752127798,194.9024
996,4117103614583798,195.1008
997,4116385759943798,195.2992
998,4115669148927798,195.4976
999,4114951116887798,195.6968
1000,4114234068159798,195.8953
1001,4113520977143798,196.0936
