1,5.39017275568708e+17,0.87557
2,4.840727351461795e+17,3.8234
3,4.30451968037264e+17,4.7407
4,3.949243181824462e+17,5.4377
5,3.646667962371799e+17,6.0978
6,3.345954465236517e+17,6.7868
7,3.053440174477524e+17,7.4503
8,2.816843921890919e+17,8.1277
9,2.620067361933313e+17,8.8029
10,2.455763301084401e+17,9.4611
11,2.291836085541522e+17,10.1245
12,2.138427663815909e+17,10.7897
13,2.008715563777951e+17,11.4523
14,1.88242188272493e+17,12.1103
15,1.771062344724929e+17,12.7692
16,1.699241003320918e+17,13.4706
17,1.631593077117561e+17,14.1375
18,1.564375517737951e+17,14.8245
19,1.512162556459169e+17,15.483
20,1.463448172047001e+17,16.1437
21,1.424148323867618e+17,16.7969
22,1.393919887551051e+17,17.4507
23,1.371782757799173e+17,18.1381
24,1.357794914074308e+17,18.8178
25,1.348974712516995e+17,19.4955
26,1.341207995419768e+17,20.1589
27,1.278782925572633e+17,20.8425
28,1.272568623453188e+17,21.5108
29,1.268096851406714e+17,22.1684
30,1.264413528283118e+17,22.8277
31,1.24332873307338e+17,23.4888
32,1.235964395885408e+17,24.1496
33,1.238721056472732e+17,24.8067
34,1.24279796489199e+17,25.5287
35,1.209983367796256e+17,26.2698
36,1.132158402274672e+17,27.0025
37,1.070474641261074e+17,27.7339
38,1.015464042309914e+17,28.4688
39,9.651915807921157e+16,29.205
40,9.250484506467602e+16,29.9366
41,8.718373514489349e+16,30.6825
42,8.318421781059638e+16,31.4173
43,7.949537878044709e+16,32.1505
44,7.477036891055126e+16,32.882
45,7.123129011951878e+16,33.6143
46,6.842968872184392e+16,34.347
47,5.800784620984782e+16,35.0856
48,5.521194475597306e+16,35.825
49,5.258449391752698e+16,36.5573
50,5.043342365928005e+16,37.2888
51,4.831444257297242e+16,38.0201
52,4.620404810351519e+16,38.7523
53,4.387523597118263e+16,39.4878
54,4.064933021313074e+16,40.2376
55,3.878775852743079e+16,40.9785
56,3.697953200691493e+16,41.7541
57,3.562901673812317e+16,42.5485
58,3.433411928719432e+16,43.3333
59,3.306897288882642e+16,44.0857
60,3.068068575313639e+16,44.8142
61,2.943128988717095e+16,45.552
62,2.709045518992537e+16,46.3089
63,2.600351127335577e+16,47.0772
64,2.498035538622782e+16,47.8117
65,2.39805630062959e+16,48.5911
66,2.303312831803566e+16,49.3432
67,2.212065282479057e+16,50.1053
68,2.102362567630146e+16,50.85
69,2.023584968912456e+16,51.6
70,1.933714058314706e+16,52.3383
71,1.859011193812752e+16,53.0808
72,1.791573987934884e+16,53.8651
73,1.740625041970224e+16,54.6057
74,1.689854314145596e+16,55.3393
75,1.639718710544456e+16,56.0702
76,1.590240925391514e+16,56.8022
77,1.540774976742148e+16,57.5308
78,1.482467089506304e+16,58.2597
79,1.434167550647477e+16,58.9888
80,1.393564989047477e+16,59.7225
81,1.353090589047477e+16,60.4509
82,1.313678740436365e+16,61.1983
83,1.278469434836365e+16,61.9471
84,1.244863082836365e+16,62.6751
85,1.207996939224053e+16,63.4026
86,1.174471501958396e+16,64.1308
87,1.14174409491205e+16,64.8648
88,1.109405108261566e+16,65.5943
89,1.078027026314326e+16,66.3235
90,6903045109776878,67.0517
91,6600080517776878,67.7812
92,6333796818346189,68.5157
93,6071985640746189,69.2459
94,5837476072746189,69.9753
95,5613383016746189,70.7071
96,5408347848746189,71.4398
97,5219117763364305,72.1675
98,5035414316898221,72.8982
99,4870700236394385,73.6307
100,4706250454451329,74.3692
101,4544698278451329,75.1058
102,4392336192751697,75.8497
103,4249920909983448,76.5841
104,4117989331289087,77.3416
105,3989938153689087,78.0775
106,3862396348356687,78.8165
107,3628269724356687,79.55
108,3500994375556687,80.2851
109,3376893871163042,81.0197
110,3162389693544952,81.7805
111,3050188764409267,82.5306
112,2942606204409267,83.2616
113,2843233210323603,83.9914
114,2747140154323603,84.7234
115,2652151130194287,85.4534
116,2560622298194287,86.1856
117,2471927754194287,86.915
118,2383982486117111,87.6451
119,2277550153752680,88.3749
120,2190134892523016,89.1042
121,2102891668925991,89.833
122,2018643572925991,90.5639
123,1934568224125991,91.2973
124,1867747454812612,92.0302
125,1804913803886788,92.764
126,1748323330229892,93.495
127,1692322708324764,94.2289
128,1637771217124764,94.9617
129,1586116077627963,95.6981
130,1537175097844874,96.4314
131,1491333316652105,97.1642
132,1450457967852105,97.9263
133,1403832612262485,98.6606
134,1371809372510021,99.392
135,1340748728732107,100.128
136,1312838851051707,100.8607
137,1284986032060778,101.5945
138,1258305267915496,102.3305
139,1236089109501892,103.0886
140,1214807901221556,103.8305
141,1193910853516351,104.5843
142,1173728575800390,105.3404
143,1154242349862690,106.0762
144,1137252648262690,106.8085
145,1120705563332284,107.542
146,1103944576191720,108.2727
147,1009482823567533,109.0019
148,982950544158912,109.7387
149,966444128699826,110.4741
150,658604865551346,111.2043
151,546617120193233,111.9357
152,503049090670912,112.6653
153,487231941070912,113.4006
154,472347036325696,114.1358
155,458129886725696,114.8758
156,446161822584575,115.6133
157,437061675081195,116.3481
158,429652891081195,117.0841
159,422564107081195,117.83
160,415795323081195,118.5919
161,409728869481195,119.3525
162,403739551953495,120.0838
163,398313098353495,120.8162
164,393526644753495,121.5509
165,389380191153495,122.2845
166,385356893327639,123.0201
167,381373793327639,123.7529
168,377694270249908,124.4864
169,374162511849908,125.2196
170,370656058249908,126.0171
171,367288937449908,126.7478
172,364265837449908,127.4764
173,361302242249908,128.2088
174,358341943065204,128.9412
175,355054661503174,129.6703
176,352162903103174,130.4024
177,349296449503174,131.1402
178,346606661228998,131.8714
179,343963066028998,132.6005
180,341340738167325,133.3336
181,338768979767325,134.0704
182,336367666167325,134.8022
183,334044070967325,135.5344
184,331817617367325,136.2666
185,329720129367325,136.9976
186,327623105281858,137.7315
187,325537622707458,138.4936
188,323456309107458,139.2548
189,321401157907458,140.018
190,319149399507458,140.7794
191,317183921107458,141.5427
192,315226480414354,142.2751
193,313446818014354,143.0145
194,311669330014354,143.7638
195,309926318986723,144.5251
196,308280840586723,145.2856
197,306669082186723,146.0449
198,304933930986723,146.7781
199,303332425550687,147.5123
200,300724355075838,148.2438
201,299122849639802,148.976
202,297536396039802,149.7095
203,296076733639802,150.4416
204,294619245639802,151.1758
205,293264417639802,151.9159
206,291912691239802,152.6504
207,290587212839802,153.3828
208,289290360839802,154.1158
209,287964882439802,154.8762
210,286673124039802,155.6285
211,285403517913978,156.3628
212,283246952313978,157.0968
213,281730386713978,157.828
214,280438628313978,158.5621
215,279172174713978,159.2957
216,277875322713978,160.0275
217,276549844313978,160.7614
218,275353278713978,161.4948
219,274213616313978,162.2282
220,273076128313978,162.9618
221,272034416313978,163.6953
222,270999588313978,164.4312
223,269994109913978,165.1927
224,268697257913978,165.9385
225,267448379914307,166.6708
226,266442901514307,167.4038
227,265146049514307,168.136
228,264140571114307,168.8987
229,263163719114307,169.6327
230,262158240714307,170.3693
231,261157845514307,171.1013
232,260180993514307,171.8385
233,259175515114307,172.5727
234,258203756714307,173.3098
235,257327191114307,174.0424
236,256507528714307,174.7776
237,255690040714307,175.5421
238,254882919914307,176.2806
239,254086135914307,177.0396
240,253320162314307,177.7739
241,252598450314307,178.5055
242,251883622314307,179.2391
243,251192051294346,179.9701
244,250506572894346,180.7014
245,249529720894346,181.4339
246,248844242494346,182.1717
247,248163847294346,182.9171
248,247186995294346,183.6501
249,246267356860497,184.3864
250,245320903260497,185.1477
251,244635424860497,185.9079
252,243658572860497,186.6432
253,242973094460497,187.3774
254,242316242460497,188.1093
255,241369788860497,188.8447
256,240684310460497,189.5769
257,240027458460497,190.3392
258,239341980060497,191.0727
259,238715526460497,191.8049
260,238058674460497,192.5349
261,237373196060497,193.2684
262,236777542460497,194.0275
263,236220976860497,194.7557
264,235681104184401,195.4877
265,235181441784401,196.22
266,234683953784401,196.9547
267,234207169784401,197.6987
268,233761196184401,198.4308
269,233359484184401,199.1706
270,232964656184401,199.9216
271,232572929784401,200.6565
272,231921060984401,201.388
273,231555582584401,202.1217
274,230898730584401,202.8583
275,230272276984401,203.5868
276,229906798584401,204.3177
277,229249946584401,205.0449
278,228884468184401,205.8041
279,228547616184401,206.5382
280,227921162584401,207.2721
281,227589293784401,208.0041
282,227197567384401,208.7387
283,226865698584401,209.475
284,226667445784401,210.2089
285,226487783384401,210.9559
286,226310295384401,211.6903
287,226153495224001,212.4269
288,226016047977625,213.1624
289,225888265321536,213.8965
290,225768501687161,214.631
291,223290278733757,215.3683
292,208084800087161,216.1014
293,206566577133757,216.8599
294,191361098487161,217.6168
295,190802875533757,218.3514
296,175597396887161,219.0837
297,175260393541936,219.8276
298,174923541541936,220.5599
299,174617087941936,221.2918
300,174497324307561,222.0238
301,174160472307561,222.7563
302,173914757541936,223.4917
303,173794993907561,224.2222
304,173549279141936,224.9482
305,173462521795820,225.6867
306,173376358999595,226.4461
307,173295225139750,227.1826
308,173223498739750,227.9174
309,172904389711017,228.652
310,172843562367593,229.3844
311,172825259795224,230.1182
312,172808407795224,230.8548
313,172501954195224,231.6199
314,172382190560849,232.3512
315,172150160349585,233.0831
316,172133308349585,233.8146
317,172013544715210,234.5484
318,171999860160849,235.2842
319,171754145395224,236.0183
320,171747178856061,236.7526
321,171744892486205,237.4889
322,171743923409305,238.2226
323,171743319331221,238.9559
324,171743319331221,239.6902
325,171743319331221,240.424
326,171743319331221,241.157
327,171743319331221,241.8885
328,171743319331221,242.628
329,171743319331221,243.3616
330,171743319331221,244.0928
331,171743319331221,244.8238
332,171743319331221,245.5585
333,171743319331221,246.2962
334,171743319331221,247.0296
335,171743319331221,247.7618
336,171743319331221,248.4946
337,171743319331221,249.2258
338,171743319331221,249.9552
339,171743319331221,250.6901
340,171743319331221,251.4522
341,171743319331221,252.1879
342,171743319331221,252.9205
343,171743319331221,253.6547
344,120627079619755,254.3215
345,116444264281955,254.9758
346,633213304147093,255.6311
347,637396119484893,256.2892
348,175489240108621,257.0205
349,171306424770821,257.7527
350,171229189135252,258.4835
351,171229189135252,259.2164
352,171229189135252,259.9519
353,171229189135252,260.6871
354,171229189135252,261.4204
355,171229189135252,262.1774
356,171229189135252,262.9068
357,171229189135252,263.6481
358,171229189135252,264.3808
359,171229189135252,265.1182
360,171229189135252,265.8629
361,171229189135252,266.6583
362,171229189135252,267.4202
