1,1.520974938715384e+18,8.9326
2,1.164585305363094e+18,12.1922
3,8.999059463606051e+17,17.1667
4,6.194395202218821e+17,17.6064
5,5.01716818830676e+17,18.0188
6,4.371083306524728e+17,18.4478
7,3.641703768628402e+17,18.8517
8,3.166677672447694e+17,19.2547
9,2.69352164810188e+17,19.6566
10,2.412441304556531e+17,20.0573
11,2.213996378379884e+17,20.4559
12,2.097539905531584e+17,20.8568
13,2.007231913686116e+17,21.2595
14,1.949285931527005e+17,21.6602
15,1.833404852947648e+17,22.0655
16,1.780224036496343e+17,22.466
17,1.742711051826144e+17,22.8665
18,1.716305826897863e+17,23.2821
19,1.695265360367728e+17,23.689
20,1.695868339174321e+17,24.0929
21,1.710908339773651e+17,26.4917
22,1.445549370555974e+17,26.8323
23,1.283289758544817e+17,27.2511
24,1.156151952524936e+17,27.6646
25,1.02917279547314e+17,28.0806
26,9.181670607726654e+16,28.4948
27,8.184036831023427e+16,28.9084
28,7.285415779125963e+16,29.3227
29,6.432458216021084e+16,29.737
30,5.593897713254702e+16,30.1517
31,4.506944992527394e+16,30.5638
32,3.670564884724463e+16,30.9796
33,2.937276175412333e+16,31.3935
34,2.440181400254899e+16,31.8078
35,2.169539405367291e+16,32.2219
36,1.908771637367291e+16,32.6355
37,1.648051576820138e+16,33.0493
38,1.435931707248218e+16,33.4629
39,1.226667223232584e+16,33.879
40,1.023854200992307e+16,34.2933
41,8450080346275066,34.7071
42,7055446676329186,35.1209
43,6147658365379406,35.5352
44,5417019237927621,35.9494
45,4791143404502251,36.3642
46,4221583287847126,36.779
47,3677124247847126,37.1945
48,3145258748342521,37.6087
49,2746122832503051,38.0236
50,2386687076291926,38.4498
51,2126918468794681,38.8667
52,1877643266633516,39.2818
53,1650433394633516,39.6962
54,1444713186633516,40.1154
55,1260564857258391,40.5307
56,1123029321258391,40.9452
57,994026935958946,41.367
58,894817063958946,41.7841
59,817096855958946,42.2
60,741598241186466,42.616
61,683745869328466,43.0324
62,562094191372261,43.4481
63,512706629746331,43.8634
64,465612872929346,44.2792
65,272081502733761,44.6951
66,232708387693761,45.113
67,198221208032716,45.5285
68,158860379409496,45.9464
69,132157083879071,46.3626
70,111034134446230,46.7795
71,91753545996230,47.1924
72,85701409196230,47.609
73,79969272396230,48.0252
74,74557135596230,48.4417
75,69354717460069,48.8585
76,64262580660069,49.2767
77,59385742727824,49.6923
78,54543027547135,50.1085
79,49770890747135,50.5248
80,45318753947135,50.9411
81,41186617147135,51.3544
82,37374480347135,51.7725
83,33882343547135,52.1892
84,30710206747135,52.6048
85,27858069947135,53.0206
86,25325933147135,53.4361
87,23113796347135,53.8524
88,21137809147135,54.2694
89,19163461147135,54.685
90,17271324347135,55.1036
91,15615337147135,55.5159
92,13960989147135,55.9331
93,12388852347135,56.3528
94,9273023687894,56.7691
95,7937036487894,57.1844
96,6602688487894,57.6003
97,5586701287894,58.0193
98,4638218643274,58.4369
99,3801689043274,58.8528
100,3105701843274,59.269
101,2579691443274,59.6831
102,2063161843274,60.0993
103,1687174643274,60.516
104,1481164243274,60.9334
105,1284634643274,61.3506
106,1211743283018,61.7661
107,1145877927638,62.1824
108,517395283018,62.5983
109,451529927638,63.0136
110,143047283018,63.429
111,77181927638,63.8422
112,71258118793,64.2618
113,5392763413,64.678
114,2085018244,65.0942
115,0,65.5168
