1,1.370918864684455e+17,0.54122
2,9.447662956494822e+16,1.167
3,6.486911116382982e+16,1.7344
4,3.994597125946247e+16,2.257
5,2.78821430004454e+16,2.7831
6,1.992876713044541e+16,3.3181
7,1.271192497314581e+16,3.8829
8,9562150714776518,4.434
9,7993533283196832,4.965
10,6629067549878204,5.507
11,5476683660088956,6.0346
12,3243262884528481,6.5561
13,2592097749792512,7.0755
14,2531760624865662,7.5955
15,2531760624865662,8.1154
16,2531760624865662,8.6358
17,2531760624865662,9.1558
18,2592097749792512,9.6762
19,2531760624865662,10.198
20,3182925759601632,10.7249
21,2531760624865662,11.2472
22,3240092580766322,11.7672
23,2531760624865662,12.2873
24,3518984622849284,12.8072
25,2531760624865662,13.3276
26,4100378056445350,13.8481
27,2531760624865662,14.3685
28,4431240446568079,14.8882
29,2531760624865662,15.4092
30,4765181400426137,15.9288
31,2531760624865662,16.4492
32,4812623242987438,16.9748
33,2531760624865662,17.4989
34,4830289556101962,18.0201
35,2531760624865662,18.5479
36,2531760624865662,19.0691
37,2531760624865662,19.5877
38,2531760624865662,20.1077
39,2592097749792512,20.6295
40,2531760624865662,21.1551
41,3182925759601632,21.6853
42,2531760624865662,22.207
43,3240092580766322,22.7283
44,2531760624865662,23.249
45,3518984622849284,23.7765
46,2531760624865662,24.3276
47,4100378056445350,24.8557
48,2531760624865662,25.3781
49,4431240446568079,25.8994
