1,2.183938601456676e+18,0.53856
2,1.908584142825532e+18,0.70358
3,1.685555572033729e+18,0.85571
4,1.505988798176135e+18,1.0079
5,1.328737371850746e+18,1.1597
6,1.154520199016905e+18,1.3113
7,1.010457712737025e+18,1.4631
8,8.921595864437219e+17,1.6147
9,8.101027137200312e+17,1.7664
10,7.432160338646554e+17,1.9183
11,6.816326692500353e+17,2.0701
12,6.230496521024746e+17,2.2223
13,5.792947749454019e+17,2.374
14,5.368914878333981e+17,2.5256
15,4.992334365328692e+17,2.6773
16,4.657926925691939e+17,2.8299
17,4.32715990889587e+17,2.9821
18,4.107855067134339e+17,3.1338
19,3.893928992579023e+17,3.2854
20,3.718775705340207e+17,3.437
21,3.588743316199194e+17,3.5887
22,3.487602210646056e+17,3.7403
23,3.450063209344682e+17,3.8921
24,3.421507682587078e+17,4.0437
25,3.393582256519528e+17,4.1953
26,3.35547259575183e+17,4.3469
27,3.328801351762606e+17,4.4986
28,3.100595662191965e+17,4.6503
29,3.080170721353755e+17,4.8021
30,3.059966058195617e+17,4.9542
31,3.047294539344691e+17,5.1061
32,3.047512693897002e+17,5.2578
33,3.051329066115903e+17,5.4098
34,2.868801119275593e+17,5.6467
35,2.709864980051561e+17,5.8765
36,2.559545852051562e+17,6.102
37,2.426409408526275e+17,6.3273
38,2.297306670353642e+17,6.5527
39,2.176826724353642e+17,6.7779
40,2.077584271642806e+17,7.0036
41,1.983344689285542e+17,7.2289
42,1.898470831143388e+17,7.4543
43,1.821242395143388e+17,7.6795
44,1.74493437684876e+17,7.9049
45,1.672313752312371e+17,8.1301
46,1.604830655997745e+17,8.3553
47,1.537530261597746e+17,8.5806
48,1.440478576490884e+17,8.8069
49,1.376112037507089e+17,9.0327
50,1.314215590882839e+17,9.2579
51,1.253763812119915e+17,9.4833
52,1.198413942520047e+17,9.7086
53,1.143268856343254e+17,9.934
54,1.091171710831955e+17,10.1594
55,1.04114276907311e+17,10.3844
56,9.837027205047288e+16,10.6097
57,9.345879845245424e+16,10.8344
58,8.938604561368371e+16,11.0599
59,8.538668112216523e+16,11.2846
60,8.240968860081523e+16,11.5097
61,7.945629680775941e+16,11.7347
62,7.625513360775941e+16,11.9617
63,7.362077072071867e+16,12.1871
64,7.108356175563438e+16,12.4126
65,6.86102643231661e+16,12.6378
66,6.616930950821485e+16,12.8632
67,6.377161360623219e+16,13.0884
68,6.151209795482819e+16,13.3138
69,5.925474950369003e+16,13.5388
70,5.705488500902719e+16,13.7638
71,5.506987782837542e+16,13.9889
72,5.316890263938859e+16,14.214
73,5.130547538778342e+16,14.4429
74,4.970437818870422e+16,14.6725
75,4.811639263823841e+16,14.9073
76,4.671242469037697e+16,15.1334
77,4.533702780746963e+16,15.3595
78,4.166009156160506e+16,15.5847
79,4.041437029778298e+16,15.8117
80,3.919941616971496e+16,16.0383
81,3.807558870339782e+16,16.2646
82,3.525464180964552e+16,16.4903
83,3.426202945975382e+16,16.7169
84,3.324940571762776e+16,16.943
85,3.23006509687998e+16,17.1689
86,3.081305024880016e+16,17.3942
87,2.996156091648137e+16,17.6204
88,2.916567344708154e+16,17.8465
89,2.842882825493394e+16,18.0723
90,2.769454177835218e+16,18.3055
91,2.696683306319474e+16,18.5332
92,2.626855303185947e+16,18.7582
93,2.559767011299202e+16,18.9846
94,2.494150339299202e+16,19.2108
95,2.42860079071537e+16,19.4361
96,2.364006900791422e+16,19.6625
97,2.27985880545145e+16,19.8889
98,2.219618876548438e+16,20.1165
99,2.173614234982172e+16,20.3423
100,2.024122914982172e+16,20.5689
101,1.978309104582947e+16,20.7955
102,1.932786576582947e+16,21.0226
103,1.886582071984591e+16,21.2489
104,1.842664543274467e+16,21.4755
105,1.799042931475954e+16,21.7015
106,1.755830475350954e+16,21.9289
107,1.713568127864304e+16,22.1605
108,1.679439766023736e+16,22.3881
109,1.647341828881716e+16,22.6154
110,1.617902316881716e+16,22.8431
111,1.590159007856473e+16,23.0708
112,1.472992158320982e+16,23.2972
113,1.43590449986097e+16,23.5236
114,1.40990078905023e+16,23.7498
115,1.38392123131526e+16,23.9774
116,1.337652804840406e+16,24.2039
117,1.311825235092006e+16,24.4309
118,1.287090918028984e+16,24.6589
119,1.262494558351779e+16,24.8863
120,1.239512972923938e+16,25.1138
121,1.217987258000587e+16,25.3426
122,1.167364257414776e+16,25.5698
123,1.036214139421385e+16,25.7966
124,8852556924615339,26.0276
125,8494966204615339,26.2686
126,8170558902619835,26.4963
127,7990209773490555,26.7248
128,7819944334078690,26.9583
129,7649817072768910,27.188
130,7481961499518839,27.4195
131,7321291406027177,27.6598
132,7188161592765257,27.8851
133,7069707378160377,28.1099
134,6979186729659067,28.3344
135,6911572361640487,28.5592
136,6849763732114847,28.7838
137,6793538292657972,29.0088
138,6749547826253152,29.2338
139,6320881265294432,29.4585
140,6164642304349307,29.6832
141,5851816550634771,29.9091
142,5768218488920593,30.1339
143,5725319886213313,30.3587
144,5575072619661073,30.5835
145,5525903745994948,30.8082
146,5381030604114193,31.0331
147,5339294058777988,31.2578
148,5308694018586863,31.4824
149,5280724677094383,31.7069
150,5253381295894383,31.9317
151,5226483850769383,32.1562
152,5200650869569383,32.381
153,5176328288369383,32.6057
154,5153516107169383,32.8315
155,5132214325969383,33.0566
156,5112422944769383,33.2813
157,5094141963569383,33.5059
158,5077371382369383,33.7305
159,5061956130769383,33.9555
160,5046695949569383,34.1805
161,5032672697969383,34.405
162,5018922916769383,34.6298
163,5006291665169383,34.8546
164,4993844600369383,35.0794
165,4981605219169383,35.3039
166,4969462154369383,35.5288
167,4957160927512258,35.7532
168,4707179385014188,35.9792
169,4663897071910697,36.2038
170,4637951424102463,36.4286
171,4626079390552858,36.6533
172,4614797267654858,36.8799
173,4582999841691013,37.1046
174,4571760590091013,37.3292
175,5190757305978013,37.4876
176,4571760590091013,37.6401
177,5190757305978013,37.7927
178,5443159664602791,37.9451
179,4573286304602791,38.1729
180,4562557323402791,38.3991
181,4552710071802791,38.6233
182,4543491490602791,38.8482
183,4535036239002791,39.073
184,4527328057802791,39.297
185,4519684143402791,39.5214
186,4512088229002791,39.7454
187,4504540314602791,39.9698
188,4497040400202791,40.1939
189,4489588485802791,40.4179
190,4482184571402791,40.6445
191,4474828657002791,40.8713
192,4467520742602791,41.1006
193,4460260828202791,41.3263
194,4453048913802791,41.5525
195,4445884999402791,41.7808
196,4438769085002791,42.009
197,4431701170602791,42.2369
198,4424637919002791,42.4638
199,4417618004602791,42.6915
200,4410646090202791,42.9164
201,4403722175802791,43.1407
202,4396846261402791,43.3649
203,4384247452813927,43.5901
204,4376814193861449,43.8144
205,4054323793861449,44.0388
206,4033280555395449,44.2664
207,4014402465477147,44.4923
208,4007703816196702,44.717
209,4002032564596702,44.9431
210,3996446095396702,45.1693
211,3991102826196702,45.4032
212,3985913253956702,45.629
213,3980813184756702,45.857
214,3975940351156702,46.0832
215,3971083481956702,46.311
216,3966226648356702,46.5353
217,3961385814756702,46.7605
218,3956560981156702,47.0327
219,3951752147556702,47.2611
220,3946959313956702,47.4876
221,3942182480356702,47.7125
222,3937421646756702,47.9427
223,3932676813156702,48.1685
224,3927947979556702,48.3989
225,3923235145956702,48.627
226,3918538312356702,48.8531
227,3913857478756702,49.0832
228,3909192645156702,49.3128
229,3904543811556702,49.5404
230,3899910977956702,49.7716
231,3895294144356702,50.0028
232,3890680475156702,50.2313
233,3886079641556702,50.4566
234,3881494807956702,50.6904
235,3876925974356702,50.9185
236,3872373140756702,51.1424
237,3867836307156702,51.3666
238,3863315473556702,51.5925
239,3858810639956702,51.8198
240,3854321806356702,52.0453
241,3849848972756702,52.2729
242,3845392139156702,52.4988
243,3840951305556702,52.7251
244,3836513827156702,52.9499
245,3832088993556702,53.1794
246,3827680159956702,53.4054
247,3823287326356702,53.6327
248,3818910492756702,53.8602
249,3814537014356702,54.0847
250,3810166545156702,54.3124
251,3805805711556702,54.5363
252,3801460877956702,54.7607
253,3797132044356702,54.9865
254,3792819210756702,55.2143
255,3788509732356702,55.4423
256,3784212898756702,55.6693
257,3779918404127582,55.8967
258,3775627838127582,56.1225
259,3771347004527582,56.3481
260,3767067752927582,56.5736
261,3762802919327582,56.7993
262,3758544353327582,57.0275
263,3754295519727582,57.2541
264,3750050041327582,57.4801
265,3745817207727582,57.7073
266,3741590641727582,57.9327
267,3737373808127582,58.1571
268,3733172974527582,58.3829
269,3728978408527582,58.6083
270,3724793574927582,58.835
271,3720612096527582,59.061
272,3716443262927582,59.2897
273,3712280696927582,59.516
274,3708127863327582,59.7432
275,3703043423610206,59.975
276,3697336433450206,60.1998
277,3692282243290206,60.4271
278,3687880853130206,60.6561
279,3683715374730206,60.8837
280,3679584808730206,61.1084
281,3675457539530206,61.3347
282,3671356061130206,61.5611
283,3667257495130206,61.7872
284,3663190929130206,62.0244
285,3659153450730206,62.2631
286,3655118884730206,62.4957
287,3651116318730206,62.7266
288,3647142840330206,62.9528
289,3643172274330206,63.1813
290,3639233708330206,63.4068
291,3635324229930206,63.633
292,3631417663930206,63.8586
293,3627533594730206,64.0865
294,3623659028730206,64.3126
295,3619813550330206,64.5402
296,3615968960170206,64.7645
297,3612126394170206,64.99
298,3608315828170206,65.214
299,3604518349770206,65.4382
300,3600739783770206,65.6621
301,3596993217770206,65.8868
302,3593259739370206,66.1108
303,3589545173370206,66.3345
304,3585862607370206,66.5584
305,3582193128970206,66.7824
306,3578542562970206,67.0072
307,3574896002170206,67.2314
308,3571265441370206,67.4553
309,3567646875370206,67.6795
310,3564032314570206,67.9039
311,3560426836170206,68.1279
312,3556828275370206,68.3516
313,3553241709370206,68.5755
314,3549659148570206,68.7997
315,3546092587770206,69.0245
316,3542538021770206,69.2483
317,3538987460970206,69.4724
318,3535445982570206,69.6962
319,3531911421770206,69.9202
320,3531911421770206,70.0742
321,3531911421770206,70.2247
322,3547065490490428,70.3749
323,3530385707258428,70.5991
324,3526863141258428,70.8225
325,3523344580458428,71.0461
326,3519842019658428,71.2695
327,3516351453658428,71.4929
328,3512864892858428,71.7161
329,3509387414458428,71.9401
330,3505916853658428,72.1639
331,3502458287658428,72.3875
332,3499003726858428,72.6108
333,3495565166058428,72.8344
334,3492138600058428,73.058
335,3488716039258428,73.2812
336,3485302560858428,73.5046
337,3481896000058428,73.7282
338,3478501434058428,73.9519
339,3475110873258428,74.1752
340,3471736312458428,74.399
341,3468373746458428,74.6223
342,3465015185658428,74.8462
343,3461665707258428,75.07
344,3458323146458428,75.2935
345,3454992580458428,75.517
346,3451666019658428,75.7403
347,3448346229498428,75.9639
348,3445035668698428,76.1872
349,3441734190298428,76.4107
350,3438435624298428,76.634
351,3435141063498428,76.8578
352,3431862502698428,77.0816
353,3428595936698428,77.3051
354,3425333375898428,77.5285
355,3422086815098428,77.7517
356,3418849336698428,77.9762
357,3415614770698428,78.1996
358,3412384209898428,78.4231
359,3409169649098428,78.6464
360,3405967083098428,78.87
361,3402768522298428,79.0937
362,3399585961498428,79.3172
363,3396412483098428,79.5408
364,3393241917098428,79.7641
365,3388679491009964,79.9877
366,3385512930209964,80.211
367,3382362369409964,80.4347
368,3379227808609964,80.6581
369,3376109247809964,80.8824
370,3372999769409964,81.1059
371,3369897208609964,81.3293
372,3366810647809964,81.5529
373,3363740087009964,81.7763
374,3360685526209964,81.9999
375,3357640047809964,82.2235
376,3354601487009964,82.447
377,3351578926209964,82.6705
378,3348572365409964,82.8941
379,3345581804609964,83.1177
380,3342600326209964,83.3411
381,3339625765409964,83.5645
382,3336669706694464,83.7882
383,3333732837494464,84.0124
384,3330815359094464,84.2359
385,3327902003894464,84.4595
386,3324992391094464,84.6831
387,3322111035894464,84.9067
388,3319233423094464,85.1303
389,3316371226294464,85.3538
390,3313521871094464,85.5775
391,3310675674294464,85.801
392,3307830061494464,86.0247
393,3304999864694464,86.2483
394,3302182509494464,86.4717
395,3299368312694464,86.6951
396,3296554699894464,86.9197
397,3293756503094464,87.1438
398,3290971147894464,87.3673
399,3288188951094464,87.5908
400,3285407338294464,87.8143
401,3282628348134464,88.0381
402,3279854869734464,88.2619
403,3277101514534464,88.4853
404,3274351317734464,88.7088
405,3271601704934464,88.9326
406,3268867508134464,89.1563
407,3266146152934464,89.38
408,3263427956134464,89.6038
409,3260710343334464,89.8277
410,3257998253094464,90.0516
411,3255296056294464,90.2753
412,3252606701094464,90.499
413,3249920504294464,90.7227
414,3247234891494464,90.9466
415,3244564694694464,91.1702
416,3241907339494464,91.3939
417,3239253142694464,91.6176
418,3236599529894464,91.8413
419,3233961333094464,92.065
420,3231335977894464,92.2894
421,3228713781094464,92.5132
422,3226092168294464,92.7368
423,3223485971494464,92.9613
424,3220892616294464,93.1855
425,3218302419494464,93.4091
426,3215712806694464,93.6327
427,3213138609894464,93.8576
428,3210577254694464,94.0814
429,3208019057894464,94.305
430,3205461445094464,94.5286
431,3202919248294464,94.7526
432,3200389893094464,94.9765
433,3197863696294464,95.2002
434,3195338083494464,95.4238
435,3192827886694464,95.6476
436,3190330531494464,95.8721
437,3187836334694464,96.096
438,3185342721894464,96.3197
439,3182864525094464,96.5435
440,3180394855894464,96.7673
441,3177929500694464,96.9912
442,3175467303894464,97.215
443,3173021107094464,97.4385
444,3170575494294464,97.6623
445,3168142139094464,97.886
446,3165711942294464,98.1098
447,3163290804054464,98.3335
448,3160876607254464,98.5573
449,3158462994454464,98.7809
450,3156061639254464,99.0057
451,3153663442454464,99.2296
452,3151281245654464,99.4534
453,3148899632854464,99.6771
454,3146466263754156,99.901
455,3143827702954156,100.1247
456,3141205142154156,100.3486
457,3138598581354156,100.5722
458,3136008020554156,100.7962
459,3133433459754156,101.0204
460,3130874898954156,101.2442
461,3128332338154156,101.4681
462,3125805777354156,101.6918
463,3123295216554156,101.9164
464,3123295216554156,102.0692
465,3123295216554156,102.2198
466,3280770275065934,102.3702
467,3124820931065934,102.5949
468,3122326370265934,102.8186
469,3119847809465934,103.0424
470,3117385248665934,103.2659
471,3114537449303027,103.4895
472,3111939038343027,103.7134
473,3109569683143027,103.9373
474,3107201672183027,104.1607
475,3104835475383027,104.3848
476,3102485278583027,104.6084
477,3100147923383027,104.8323
478,3097813726583027,105.056
479,3095495529783027,105.2797
480,3093190174583027,105.5031
481,3090887977783027,105.7263
482,3088601780983027,105.9497
483,3086022378061907,106.1732
484,3083749022861907,106.3966
485,3081507667661907,106.6201
486,3079294189261907,106.8436
487,3077084834061907,107.0674
488,3074907478861907,107.2907
489,3072749288701907,107.5143
490,3070227684061907,107.7376
491,3068062205661907,107.9622
492,3065916850461907,108.1857
493,3063779239501907,108.4093
494,3061653049341907,108.6328
495,3059179444701907,108.8564
496,3057061966301907,109.0801
497,3054948611101907,109.3039
498,3052848484701907,109.5277
499,3050754294541907,109.7512
500,3048328689901907,109.9748
501,3046247334701907,110.1983
502,3044177856301907,110.4219
503,3042109729901907,110.6454
504,3040047539741907,110.8698
505,3037669935101907,111.0937
506,3035620579901907,111.3173
507,3033584453501907,111.5411
508,3031562975101907,111.7646
509,3029532784941907,111.9883
510,3027203180301907,112.2122
511,3025185825101907,112.4361
512,3023169991341907,112.6598
513,3021165864941907,112.8845
514,3019180509741907,113.1084
515,3017198319581907,113.3319
516,3014916714941907,113.5556
517,3012927236541907,113.7797
518,3010955110141907,114.004
519,3008988303981907,114.2276
520,3006850276541907,114.4512
521,3004896921341907,114.6749
522,3002946115181907,114.8988
523,3000808087741907,115.1226
524,2998857897581907,115.3463
525,2996624292941907,115.57
526,2994682814541907,115.7936
527,2992742688141907,116.0173
528,2990807881981907,116.2412
529,2988669854541907,116.465
530,2986748499341907,116.6889
531,2984827161341907,116.9137
532,2982908355181907,117.1375
533,2980770327741907,117.3611
534,2978852137581907,117.5847
535,2976666532941907,117.8084
536,2974758406541907,118.0322
537,2972851147469887,118.2558
538,2970948341309887,118.4797
539,2968810313869887,118.7035
540,2966911375869887,118.9274
541,2965017897469887,119.1512
542,2963128542269887,119.3748
543,2961236989869887,119.5986
544,2959350183709887,119.8227
545,2957212156269887,120.0469
546,2955325966109887,120.2706
547,2953188361469887,120.4947
548,2951311823469887,120.7187
549,2949435697069887,120.9429
550,2947562341869887,121.1668
551,2945686789469887,121.3905
552,2943815053949887,121.6143
553,2941944247789887,121.838
554,2939806220349887,122.0619
555,2937948865149887,122.286
556,2936089312749887,122.5099
557,2934234506589887,122.7337
558,2932096479149887,122.9585
559,2930242341149887,123.1824
560,2928396862749887,123.4061
561,2926542672589887,123.63
562,2924453067949887,123.8568
563,2922608941549887,124.0807
564,2920767586349887,124.3045
565,2918924033949887,124.5284
566,2917085227789887,124.7524
567,2914947200349887,124.9764
568,2913115462349887,125.2002
569,2911290107149887,125.4238
570,2909462554749887,125.6477
571,2907639748589887,125.872
572,2905501721149887,126.096
573,2903686997229887,126.3197
574,2901874870829887,126.5435
575,2900065515629887,126.7673
576,2898253963229887,126.9913
577,2896444625229887,127.2155
578,2894637819069887,127.4393
579,2892499791629887,127.663
580,2890693601469887,127.8869
581,2888651996829887,128.111
582,2886854518429887,128.335
583,2885060049229887,128.559
584,2883266694029887,128.783
585,2881471141629887,129.0078
586,2879680335469887,129.2316
587,2877542308029887,129.4555
588,2875755370029887,129.6791
589,2873978014829887,129.9029
590,2872198462429887,130.1267
591,2870423656269887,130.3504
592,2868285628829887,130.5742
593,2866511438669887,130.7982
594,2864517834029887,131.022
595,2862753296029887,131.2462
596,2860989169629887,131.4701
597,2859227814429887,131.6939
598,2857464262029887,131.9184
599,2855705455869887,132.1423
600,2853567428429887,132.3661
601,2851817950029887,132.5899
602,2850072594829887,132.8138
603,2848325042429887,133.0379
604,2846582236269887,133.262
605,2844444208829887,133.4859
606,2842702018669887,133.7123
607,2840756414029887,133.9364
608,2840756414029887,134.089
609,2840756414029887,134.2393
610,2851375342910109,134.3899
611,2839230699518109,134.6142
612,2837487461118109,134.8382
613,2835745323118109,135.062
614,2834013196718109,135.2858
615,2832283841518109,135.5095
616,2830552289118109,135.7328
617,2828825050718109,135.9561
618,2827098244558109,136.1793
619,2824960217118109,136.4027
620,2823240479118109,136.6258
621,2821527123918109,136.8494
622,2819811571518109,137.0728
623,2818100333118109,137.2963
624,2816389526958109,137.5196
625,2814251499518109,137.7428
626,2812550021118109,137.9667
627,2810839830958109,138.1902
628,2808894226318109,138.4134
629,2807182987918109,138.6366
630,2805482861518109,138.8599
631,2803785506318109,139.0833
632,2802085953918109,139.3068
633,2800388615918109,139.5301
634,2798693377518109,139.7532
635,2796998571358109,139.9768
636,2794860543918109,140.2
637,2793167910158109,140.4235
638,2791481858398109,140.6467
639,2789800503198109,140.8707
640,2788116950798109,141.0942
641,2786437712398109,141.3176
642,2784758906238109,141.5411
643,2782620878798109,141.7643
644,2780945940798109,141.9876
645,2779277814398109,142.211
646,2777612459198109,142.4343
647,2775944906798109,142.6576
648,2774281668398109,142.8812
649,2772618862238109,143.1047
650,2770480834798109,143.328
651,2768818644638109,143.5514
652,2766857039998109,143.7788
653,2765187561598109,144.0031
654,2763524323198109,144.2264
655,2761871785198109,144.4499
656,2760222429998109,144.6732
657,2758570877598109,144.897
658,2756923639198109,145.1205
659,2755276833038109,145.3439
660,2753138805598109,145.5673
661,2751502679198109,145.7905
662,2749869323998109,146.0139
663,2748233771598109,146.2372
664,2746602533198109,146.4606
665,2744971727038109,146.6838
666,2742833699598109,146.9081
667,2741203509438109,147.1316
668,2739241904798109,147.3551
669,2737610666398109,147.5786
670,2735980528398109,147.8021
671,2734359049998109,148.0255
672,2732741694798109,148.2488
673,2731122142398109,148.4723
674,2729506903998109,148.6956
675,2727892097838109,148.9192
676,2725754070398109,149.1426
677,2724146332398109,149.3658
678,2722542205998109,149.5893
679,2720940850798109,149.813
680,2719337298398109,150.0369
681,2717738059998109,150.2603
682,2716139253838109,150.4838
683,2714001226398109,150.707
684,2712403036238109,150.9307
685,2710441431598109,151.1541
686,2708842193198109,151.3775
687,2707256837998109,151.6009
688,2705669285598109,151.8243
689,2704083947598109,152.0478
690,2702500709198109,152.2714
691,2700917903038109,152.4949
692,2698779875598109,152.7183
693,2697206397198109,152.9429
694,2695634270798109,153.1664
695,2694064915598109,153.3899
696,2692493363198109,153.6136
697,2690926124798109,153.8381
698,2689359318638109,154.0619
699,2687221291198109,154.2854
700,2685655101038109,154.5089
701,2683693496398109,154.7326
702,2682126257998109,154.9564
703,2680563319998109,155.1798
704,2679009964798109,155.4032
705,2677454412398109,155.6266
706,2675903173998109,155.8508
707,2674352367838109,156.0743
708,2672214340398109,156.2977
709,2670673802398109,156.5212
710,2669133675998109,156.7446
711,2667596320798109,156.9684
712,2666056768398109,157.192
713,2664521962238109,157.4156
714,2662383934798109,157.6391
715,2660852330336514,157.8625
716,2659326851936514,158.0862
717,2657792661776514,158.3096
718,2655831057136514,158.5331
719,2654309701936514,158.7566
720,2652786149536514,158.9812
721,2651267343376514,159.2048
722,2649129315936514,159.4283
723,2647611177936514,159.6519
724,2646094723136514,159.8755
725,2644586596736514,160.099
726,2643081241536514,160.3225
727,2641573689136514,160.5461
728,2640070882976514,160.7696
729,2637932855536514,160.9934
730,2636433532736514,161.2169
731,2634937794736514,161.4403
732,2633448439536514,161.6639
733,2631956887136514,161.888
734,2630470080976514,162.1117
735,2628332053536514,162.3357
736,2626845863376514,162.5593
737,2624916258736514,162.783
738,2623415803936514,163.0067
739,2621922325536514,163.2309
740,2620446199136514,163.4546
741,2618972843936514,163.6789
742,2617497291536514,163.9027
743,2616023953536514,164.1266
744,2614552301776514,164.3502
745,2613081495616514,164.5739
746,2610943468176514,164.7974
747,2609475013376514,165.0218
748,2608006858336514,165.2454
749,2606539535536514,165.4691
750,2605082180336514,165.6928
751,2603622627936514,165.9164
752,2603622627936514,166.0683
753,2603622627936514,166.2185
754,2761097686448292,166.3687
755,2605148342448292,166.5927
756,2603692690688292,166.816
757,2602224535648292,167.0394
758,2600769729488292,167.2626
759,2598631702048292,167.4859
760,2597177511888292,167.7089
761,2595263907248292,167.9331
762,2593811452448292,168.1562
763,2592360514448292,168.38
764,2590915036048292,168.6033
765,2589470909648292,168.8265
766,2588029554448292,169.0499
767,2586586002048292,169.2731
768,2585146350288292,169.4964
769,2583678195248292,169.7195
770,2582239389088292,169.9427
771,2580101361648292,170.1658
772,2578666038848292,170.389
773,2577237500848292,170.6122
774,2575812145648292,170.8359
775,2574384593248292,171.0596
776,2572960941488292,171.2829
777,2571492786448292,171.5061
778,2570069980288292,171.7291
779,2567931952848292,171.9524
780,2566509762688292,172.1756
781,2564628158048292,172.3991
782,2563191703248292,172.6222
783,2561779576848292,172.8458
784,2560370221648292,173.0692
785,2558958669248292,173.2925
786,2557551017488292,173.5156
787,2556082862448292,173.7395
788,2554676056288292,173.9664
789,2552538028848292,174.1899
790,2551131890848292,174.4133
791,2549727436048292,174.6366
792,2548324113248292,174.8599
793,2546926634848292,175.0833
794,2545533279648292,175.3067
795,2544137727248292,175.5301
796,2542746075488292,175.7533
797,2541277920448292,175.9767
798,2539887114288292,176.2
799,2537749086848292,176.4234
800,2536358896688292,176.6465
801,2534493292048292,176.8707
802,2533104837248292,177.0943
803,2531719403488292,177.3176
804,2530335665488292,177.541
805,2528955539088292,177.7642
806,2527560500288292,177.9876
807,2526181461488292,178.2109
808,2524801335088292,178.4342
809,2523422296288292,178.6575
810,2522044941088292,178.8812
811,2520665388688292,179.1045
812,2519289736928292,179.3281
813,2517821581888292,179.5514
814,2516446775728292,179.7747
815,2514308748288292,179.9988
816,2512937425488292,180.2221
817,2511573299088292,180.4456
818,2510194260288292,180.669
819,2508831221488292,180.8927
820,2507467095088292,181.1161
821,2506104056288292,181.3395
822,2504742701088292,181.5631
823,2503379148688292,181.7863
824,2502017810688292,182.0097
825,2500658158928292,182.2333
826,2499190003888292,182.4569
827,2497831197728292,182.6802
828,2495693170288292,182.9046
829,2494336715488292,183.1281
830,2492982791568292,183.3516
831,2491634665168292,183.5751
832,2490271626368292,183.7995
833,2488924587568292,184.023
834,2487576461168292,184.2468
835,2486231105968292,184.4705
836,2484883553568292,184.6938
837,2483538406669812,184.9175
838,2482194754909812,185.1409
839,2480726599869812,185.3642
840,2479383793709812,185.5878
841,2477245766269812,185.8117
842,2475903576109812,186.0359
843,2474053971469812,186.2594
844,2472704493069812,186.4829
845,2471364038269812,186.7062
846,2470024715469812,186.93
847,2468685777469812,187.1532
848,2467353651069812,187.3769
849,2466022393069812,187.6011
850,2464693037869812,187.8249
851,2463361485469812,188.0495
852,2462033833709812,188.274
853,2460565678669812,188.4986
854,2459238872509812,188.7224
855,2457100845069812,188.9502
856,2455784307069812,189.1815
