1,4.192317808913779e+17,0.66348
2,3.50093086553141e+17,2.3408
3,3.048759029722765e+17,2.9371
4,2.614008009230946e+17,3.4659
5,2.279655739347879e+17,3.9785
6,1.967562923604065e+17,4.5988
7,1.784940441172767e+17,5.1154
8,1.631396050009507e+17,5.6352
9,1.493325091115697e+17,6.1276
10,1.35567156133621e+17,6.6214
11,1.223368014647768e+17,7.1143
12,1.093308949201743e+17,7.6068
13,9.684661154817195e+16,8.099
14,8.460986222719262e+16,8.5924
15,7.383739590863539e+16,9.0832
16,6.559935665000694e+16,9.5721
17,5.736461670621859e+16,10.0613
18,5.01761971165744e+16,10.5536
19,4.316508169070086e+16,11.0425
20,3.714938715548614e+16,11.5352
21,3.137136984944457e+16,12.0285
22,2.608411356159023e+16,12.519
23,2.326388883332651e+16,13.0084
24,2.107851291594548e+16,13.5045
25,1.969962265029524e+16,13.9946
26,1.848082914152008e+16,14.4841
27,1.70548898869077e+16,14.9732
28,1.621164034115423e+16,15.4628
29,1.549742423538667e+16,15.9533
30,1.517615243455788e+16,16.4503
31,1.489152325782213e+16,16.9426
32,1.469078675207088e+16,17.4364
33,1.456746432500008e+16,17.9285
34,1.446348057547029e+16,18.4206
35,1.439166298942862e+16,18.9132
36,1.433613343989082e+16,19.4134
37,1.429405379239082e+16,19.9052
38,1.412803927700088e+16,20.3936
39,1.392311257406129e+16,20.8828
40,1.391635390871647e+16,21.3754
41,1.391352701435996e+16,21.8678
42,1.391352701435996e+16,22.3628
43,1.391352701435996e+16,22.8564
44,1.097985819352714e+16,23.3862
45,8064544152941499,23.9142
46,6525495889468593,24.4428
47,5226142758658147,24.9708
48,4426883063570122,25.5021
49,3693016896928902,26.0301
50,3086326395922060,26.5581
51,2571746546306360,27.0833
52,2073698226306360,27.6124
53,1688024938306360,28.1437
54,1307151205248498,28.6751
55,1059614512494745,29.2027
56,823220414374317.2,29.7339
57,607956865411014.8,30.2621
58,424165933697487.2,30.7903
59,319465528470951.8,31.319
60,228954126435276.8,31.8507
61,181578237791407.3,32.3792
62,143363950071481.4,32.9074
63,111426819200997,33.4359
64,84586066016477,33.9667
65,62559886850699.41,34.498
66,49200913706478.3,35.0283
67,39651020806044.7,35.5572
68,35705993812886.6,36.0851
69,33115746763743,36.6147
70,31201197073503,37.1428
71,30610545313503,37.6738
72,30029493553503,38.2016
73,29458041793503,38.7301
74,28896190033503,39.3064
75,28343938273503,39.8575
76,27801286513503,40.3968
77,27268234753503,40.9462
78,26744782993503,41.4999
79,26230931233503,42.0333
80,25726679473503,42.5675
81,25232027713503,43.0994
82,24742358113503,43.6348
83,24257306353503,44.1675
84,23777236753503,44.703
85,23301784993503,45.2357
86,22831315393503,45.7815
87,22365463633503,46.3319
88,21904594033503,46.8671
89,21448342273503,47.3963
90,20997072673503,47.9251
91,20550420913503,48.4566
92,20108751313503,48.9864
93,19671699553503,49.5236
94,19239629953503,50.0545
95,18812178193503,50.5849
96,18389708593503,51.1167
97,17971856833503,51.647
98,17558987233503,52.1825
99,17150735473503,52.7337
100,16747465873503,53.2778
101,16348814113503,53.8077
102,15955144513503,54.3377
103,15566092753503,54.8695
104,15182023153503,55.4056
105,14802571393503,55.9367
106,14428101793503,56.4678
107,14058250033503,56.9984
108,13693380433503,57.5303
109,13333128673503,58.0612
110,12977859073503,58.5939
111,12627207313503,59.1244
112,12281537713503,59.6552
113,11940485953503,60.1852
114,11604416353503,60.7156
115,11272964593503,61.2461
116,10946494993503,61.7781
117,10624643233503,62.3085
118,10307773633503,62.8358
119,9995521873503,63.3674
120,9688252273503,63.8992
121,9385600513503,64.4271
122,9087930913503,64.953
123,8794879153503,65.479
124,8506809553503,66.005
125,8223357793503,66.5342
126,7944888193503,67.0604
127,7671036433503,67.5874
128,7402166833503,68.1134
129,7137915073503,68.64
130,6878645473503,69.166
131,6623993713503,69.6951
132,6374324113503,70.2221
133,6129272353503,70.7487
134,5889202753503,71.2745
135,5653750993503,71.8012
136,5423281393503,72.3278
137,5197429633503,72.8528
138,4976560033503,73.379
139,4760308273503,73.9047
140,4549038673503,74.4308
141,4342386913503,74.9575
142,4140717313503,75.4836
143,4140717313503,75.9785
144,4140717313503,76.4714
145,4140717313503,76.9628
146,3943665553503,77.4934
147,3751595953503,78.0195
148,3564144193503,78.5456
149,3381674593503,79.0717
150,3203822833503,79.5981
151,3030953233503,80.1243
152,2862701473503,80.6499
153,2699431873503,81.1756
154,2540780113503,81.701
155,2387110513503,82.2274
156,2238058753503,82.7544
157,2093989153503,83.2809
158,1954537393503,83.8081
159,1820067793503,84.3351
160,1690216033503,84.8615
161,1565346433503,85.3909
162,1445094673503,85.9189
163,1329825073503,86.4454
164,1219173313503,86.9739
165,1113503713503,87.5003
166,1012451953503,88.0269
167,916382353503,88.555
168,824930593503,89.0804
169,738460993503,89.6077
170,656609233503,90.1341
171,579739633503,90.6608
172,507487873503,91.188
173,440218273503,91.7145
174,377566513503,92.2412
175,319896913503,92.7677
176,266845153503,93.2938
177,218775553503,93.8201
178,175323793503,94.3461
179,136854193503,94.8738
180,103002433503,95.4004
181,74132833503,95.9277
182,49881073503,96.4558
183,30611473503,96.983
184,15959713503,97.5098
185,6290113503,98.0371
186,1238353503,98.566
187,3301203,99.0926
188,0,99.6208
