1,7.734170875738054e+16,0.037343
2,5.567228325905667e+16,0.04571
3,3.699553242513238e+16,0.053864
4,1.953168319008814e+16,0.062092
5,9789532810908728,0.070225
6,6557004776096478,0.078365
7,5185759538907080,0.086444
8,5185759538907080,0.094559
9,5861863553766594,0.10295
10,5185759538907080,0.11217
11,5185759538907080,0.12049
12,5861863553766594,0.12861
13,5185759538907080,0.13745
14,5185759538907080,0.14587
15,5861863553766594,0.15413
16,5185759538907080,0.163
17,5185759538907080,0.17142
18,5861863553766594,0.17969
19,5185759538907080,0.18846
20,5185759538907080,0.19687
21,5861863553766594,0.20495
22,5185759538907080,0.21375
23,5185759538907080,0.22215
24,5861863553766594,0.23043
25,5185759538907080,0.23919
26,5185759538907080,0.24762
27,5861863553766594,0.25593
28,5185759538907080,0.26471
29,5185759538907080,0.27316
30,5861863553766594,0.28143
31,5185759538907080,0.29017
32,5185759538907080,0.29865
33,5861863553766594,0.30709
34,5185759538907080,0.31604
35,5185759538907080,0.32449
36,5861863553766594,0.33278
37,5185759538907080,0.34163
38,5185759538907080,0.3501
39,5861863553766594,0.3583
40,5185759538907080,0.36707
41,5185759538907080,0.37549
42,5861863553766594,0.38362
43,5185759538907080,0.39237
44,5185759538907080,0.40106
45,5861863553766594,0.40938
46,5185759538907080,0.41817
47,5185759538907080,0.42656
48,5861863553766594,0.43465
49,5185759538907080,0.44349
50,5185759538907080,0.45194
51,5861863553766594,0.46015
52,5185759538907080,0.46894
53,5185759538907080,0.47739
54,5861863553766594,0.48559
55,5185759538907080,0.49438
56,5185759538907080,0.50278
57,5861863553766594,0.51089
58,5185759538907080,0.5197
59,5185759538907080,0.52802
60,5861863553766594,0.53614
61,5185759538907080,0.54496
62,5185759538907080,0.55339
63,5861863553766594,0.56147
64,5185759538907080,0.57029
65,5185759538907080,0.5788
66,5861863553766594,0.58695
67,5185759538907080,0.59578
68,5185759538907080,0.60421
69,5861863553766594,0.61249
70,5185759538907080,0.62135
71,5185759538907080,0.62981
72,5861863553766594,0.63806
73,5185759538907080,0.64693
74,5185759538907080,0.65536
75,5861863553766594,0.66405
76,5185759538907080,0.67289
77,5185759538907080,0.68161
78,5861863553766594,0.68967
79,5185759538907080,0.69908
80,5185759538907080,0.70754
81,5861863553766594,0.71583
82,5185759538907080,0.72471
83,5185759538907080,0.73315
84,5861863553766594,0.74142
85,5185759538907080,0.75025
86,5185759538907080,0.75867
87,5861863553766594,0.76694
88,5185759538907080,0.77579
89,5185759538907080,0.78422
90,5861863553766594,0.79247
91,5185759538907080,0.8013
92,5185759538907080,0.80972
93,5861863553766594,0.81799
94,5185759538907080,0.82683
95,5185759538907080,0.83526
96,5861863553766594,0.84347
97,5185759538907080,0.85226
98,5185759538907080,0.86067
99,5861863553766594,0.86894
100,5185759538907080,0.87777
101,5185759538907080,0.88618
102,5861863553766594,0.89444
103,5185759538907080,0.90326
104,5185759538907080,0.91169
105,5861863553766594,0.91997
106,5185759538907080,0.92884
107,5185759538907080,0.93729
108,5861863553766594,0.94554
109,5185759538907080,0.95436
110,5185759538907080,0.96277
111,5861863553766594,0.97103
112,5185759538907080,0.97986
113,5185759538907080,0.98833
114,5861863553766594,0.99659
115,5185759538907080,1.0054
116,5185759538907080,1.0138
117,5861863553766594,1.0221
118,5185759538907080,1.0309
119,5185759538907080,1.0392
120,5861863553766594,1.0474
121,5185759538907080,1.0565
122,5185759538907080,1.065
123,5861863553766594,1.0733
124,5185759538907080,1.0821
125,5185759538907080,1.0905
126,5861863553766594,1.0988
127,5185759538907080,1.1076
128,5185759538907080,1.1161
129,5861863553766594,1.1244
130,5185759538907080,1.1332
131,5185759538907080,1.1416
132,5861863553766594,1.1498
133,5185759538907080,1.1586
134,5185759538907080,1.1671
135,5861863553766594,1.1753
136,5185759538907080,1.1841
137,5185759538907080,1.1925
138,5861863553766594,1.2008
139,5185759538907080,1.2096
140,5185759538907080,1.218
141,5861863553766594,1.2261
142,5185759538907080,1.2349
143,5185759538907080,1.2433
144,5861863553766594,1.2514
145,5185759538907080,1.2602
146,5185759538907080,1.2686
147,5861863553766594,1.2768
148,5185759538907080,1.2858
149,5185759538907080,1.2943
150,5861863553766594,1.3025
151,5185759538907080,1.3113
152,5185759538907080,1.3197
153,5861863553766594,1.3279
154,5185759538907080,1.3366
155,5185759538907080,1.3451
156,5861863553766594,1.3532
157,5185759538907080,1.362
158,5185759538907080,1.3704
159,5861863553766594,1.3786
160,5185759538907080,1.3876
161,5185759538907080,1.3962
162,5861863553766594,1.4047
163,5185759538907080,1.4138
164,5185759538907080,1.4224
165,5861863553766594,1.4307
166,5185759538907080,1.4399
167,5185759538907080,1.4484
168,5861863553766594,1.4568
169,5185759538907080,1.4657
170,5185759538907080,1.4741
171,5861863553766594,1.4824
172,5185759538907080,1.4912
173,5185759538907080,1.4996
174,5861863553766594,1.5079
175,5185759538907080,1.5167
176,5185759538907080,1.5251
177,5861863553766594,1.5334
178,5185759538907080,1.5422
179,5185759538907080,1.5506
180,5861863553766594,1.5588
181,5185759538907080,1.5676
182,5185759538907080,1.5761
183,5861863553766594,1.5842
184,5185759538907080,1.593
185,5185759538907080,1.6014
186,5861863553766594,1.6097
187,5185759538907080,1.6185
188,5185759538907080,1.6269
189,5861863553766594,1.635
190,5185759538907080,1.6438
191,5185759538907080,1.6521
192,5861863553766594,1.6602
193,5185759538907080,1.669
194,5185759538907080,1.6775
195,5861863553766594,1.6857
196,5185759538907080,1.6945
197,5185759538907080,1.703
198,5861863553766594,1.7112
199,5185759538907080,1.7201
200,5185759538907080,1.7285
201,5861863553766594,1.7368
202,5185759538907080,1.7455
203,5185759538907080,1.7543
204,5861863553766594,1.764
205,5185759538907080,1.7732
206,5185759538907080,1.7821
207,5861863553766594,1.791
208,5185759538907080,1.8002
209,5185759538907080,1.8092
210,5861863553766594,1.8183
211,5185759538907080,1.8274
212,5185759538907080,1.836
213,5861863553766594,1.8442
214,5185759538907080,1.8532
215,5185759538907080,1.8618
216,5861863553766594,1.8703
217,5185759538907080,1.8793
218,5185759538907080,1.888
219,5861863553766594,1.8965
220,5185759538907080,1.9055
221,5185759538907080,1.9141
222,5861863553766594,1.9226
223,5185759538907080,1.9316
224,5185759538907080,1.9402
225,5861863553766594,1.9487
226,5185759538907080,1.9577
227,5185759538907080,1.9662
228,5861863553766594,1.9745
229,5185759538907080,1.9834
230,5185759538907080,1.9919
231,5861863553766594,2.0002
232,5185759538907080,2.0092
233,5185759538907080,2.0177
234,5861863553766594,2.0259
235,5185759538907080,2.0349
236,5185759538907080,2.0435
237,5861863553766594,2.0518
238,5185759538907080,2.0608
239,5185759538907080,2.0694
240,5861863553766594,2.0776
241,5185759538907080,2.0868
242,5185759538907080,2.0954
243,5861863553766594,2.1038
244,5185759538907080,2.1127
245,5185759538907080,2.1211
246,5861863553766594,2.1292
247,5185759538907080,2.1379
248,5185759538907080,2.1463
249,5861863553766594,2.155
250,5185759538907080,2.1649
251,5185759538907080,2.1746
252,5861863553766594,2.1844
253,5185759538907080,2.1941
254,5185759538907080,2.2045
255,5861863553766594,2.2148
256,5185759538907080,2.2239
257,5185759538907080,2.2326
258,5861863553766594,2.2412
259,5185759538907080,2.2501
260,5185759538907080,2.2587
261,5861863553766594,2.2671
262,5185759538907080,2.2763
263,5185759538907080,2.2855
264,5861863553766594,2.2943
265,5185759538907080,2.3033
266,5185759538907080,2.3118
267,5861863553766594,2.3204
268,5185759538907080,2.3296
269,5185759538907080,2.3382
270,5861863553766594,2.3468
271,5185759538907080,2.3558
272,5185759538907080,2.3642
273,5861863553766594,2.3723
274,5185759538907080,2.3811
275,5185759538907080,2.3894
276,5861863553766594,2.3975
277,5185759538907080,2.4062
278,5185759538907080,2.4146
279,5861863553766594,2.4226
280,5185759538907080,2.4314
281,5185759538907080,2.4398
282,5861863553766594,2.448
283,5185759538907080,2.4569
284,5185759538907080,2.4653
285,5861863553766594,2.4734
286,5185759538907080,2.4822
287,5185759538907080,2.4906
288,5861863553766594,2.499
289,5185759538907080,2.508
290,5185759538907080,2.5164
291,5861863553766594,2.5244
292,5185759538907080,2.5332
293,5185759538907080,2.5416
294,5861863553766594,2.5499
295,5185759538907080,2.5587
296,5185759538907080,2.5671
297,5861863553766594,2.5752
298,5185759538907080,2.5841
299,5185759538907080,2.5924
300,5861863553766594,2.6005
301,5185759538907080,2.6092
302,5185759538907080,2.6176
303,5861863553766594,2.6257
304,5185759538907080,2.6344
305,5185759538907080,2.6428
306,5861863553766594,2.6511
307,5185759538907080,2.6598
308,5185759538907080,2.6682
309,5861863553766594,2.6765
310,5185759538907080,2.6853
311,5185759538907080,2.6937
312,5861863553766594,2.7019
313,5185759538907080,2.7107
314,5185759538907080,2.7192
315,5861863553766594,2.7275
316,5185759538907080,2.7362
317,5185759538907080,2.7446
318,5861863553766594,2.7529
319,5185759538907080,2.7616
320,5185759538907080,2.7701
321,5861863553766594,2.7784
322,5185759538907080,2.7871
323,5185759538907080,2.7956
324,5861863553766594,2.8038
325,5185759538907080,2.8126
326,5185759538907080,2.8209
327,5861863553766594,2.829
328,5185759538907080,2.8377
329,5185759538907080,2.8462
330,5861863553766594,2.8544
331,5185759538907080,2.8632
332,5185759538907080,2.8716
333,5861863553766594,2.8799
334,5185759538907080,2.8886
335,5185759538907080,2.8971
336,5861863553766594,2.9052
337,5185759538907080,2.9139
338,5185759538907080,2.9223
339,5861863553766594,2.9303
340,5185759538907080,2.9391
341,5185759538907080,2.9474
342,5861863553766594,2.9555
343,5185759538907080,2.9642
344,5185759538907080,2.9726
345,5861863553766594,2.9809
346,5185759538907080,2.9899
347,5185759538907080,2.9984
348,5861863553766594,3.0067
349,5185759538907080,3.0155
350,5185759538907080,3.0239
351,5861863553766594,3.0321
352,5185759538907080,3.0409
353,5185759538907080,3.0493
354,5861863553766594,3.0576
355,5185759538907080,3.0665
356,5185759538907080,3.0749
357,5861863553766594,3.0832
358,5185759538907080,3.0919
359,5185759538907080,3.1003
360,5861863553766594,3.1086
361,5185759538907080,3.1174
362,5185759538907080,3.1258
363,5861863553766594,3.1339
364,5185759538907080,3.1427
365,5185759538907080,3.1511
366,5861863553766594,3.1593
367,5185759538907080,3.1681
368,5185759538907080,3.1765
369,5861863553766594,3.1848
370,5185759538907080,3.1935
371,5185759538907080,3.2018
372,5861863553766594,3.21
373,5185759538907080,3.2187
374,5185759538907080,3.227
375,5861863553766594,3.2351
376,5185759538907080,3.2439
377,5185759538907080,3.2522
378,5861863553766594,3.2602
379,5185759538907080,3.2691
380,5185759538907080,3.2775
381,5861863553766594,3.2858
382,5185759538907080,3.2946
383,5185759538907080,3.303
384,5861863553766594,3.3113
385,5185759538907080,3.3203
386,5185759538907080,3.3289
387,5861863553766594,3.3371
388,5185759538907080,3.3463
389,5185759538907080,3.355
390,5861863553766594,3.3635
391,5185759538907080,3.3725
392,5185759538907080,3.3812
393,5861863553766594,3.3897
394,5185759538907080,3.3987
395,5185759538907080,3.4074
396,5861863553766594,3.4159
397,5185759538907080,3.4249
398,5185759538907080,3.4335
399,5861863553766594,3.4418
400,5185759538907080,3.4508
401,5185759538907080,3.4594
402,5861863553766594,3.4678
403,5185759538907080,3.4767
404,5185759538907080,3.4854
405,5861863553766594,3.4939
406,5185759538907080,3.5028
407,5185759538907080,3.5114
408,5861863553766594,3.5197
409,5185759538907080,3.5287
410,5185759538907080,3.5373
411,5861863553766594,3.5456
412,5185759538907080,3.5546
413,5185759538907080,3.5632
414,5861863553766594,3.5717
415,5185759538907080,3.5807
416,5185759538907080,3.5894
417,5861863553766594,3.5979
418,5185759538907080,3.6068
419,5185759538907080,3.6155
420,5861863553766594,3.624
421,5185759538907080,3.6329
422,5185759538907080,3.6415
423,5861863553766594,3.65
