1,13556211129,0.032049,11492033140,0,2064177989
2,9740913645,0.045486,8717818320,0,1023095325
3,5943354020,0.058749,4991896100,0,951457920
4,4486278460,0.071934,3534820540,0,951457920
5,3684795685,0.085105,3367723285,0,317072400
6,2995530920,0.098352,2678458520,0,317072400
7,2461796944,0.11231,2147782060,0,314014884
8,2121701389,0.12551,1807686505,0,314014884
9,1822673499,0.13877,1459508030,49150585,314014884
10,1570638249,0.15215,1207472780,49150585,314014884
11,1349249749,0.16534,986084280,49150585,314014884
12,1163643059,0.17859,720042515,49150585,394449959
13,1077597675,0.19178,664547265,95978010,317072400
14,1039664991,0.20497,573244305,149348286,317072400
15,1039664991,0.21817,573244305,149348286,317072400
16,1077820231,0.23136,580464245,180283586,317072400
17,994169181,0.24463,496813195,180283586,317072400
18,1073605316,0.25785,576249330,180283586,317072400
19,756586686,0.27103,576303100,180283586,0
20,672272561,0.28422,541139560,131133001,0
21,899986038,0.29757,694351555,205634483,0
22,1121374538,0.31106,915740055,205634483,0
23,1156349513,0.32428,950715030,205634483,0
24,1153460838,0.33756,947826355,205634483,0
25,153968602.581,0.35087,130590724.4801,23377878.1009,0
26,153968602.581,0.36422,130590724.4801,23377878.1009,0
27,156901714.71,0.37761,139711079.2931,15029668.0768,2160967.34
28,162392235.9605,0.39109,154716244.4321,5515024.1884,2160967.34
29,144395653.9357,0.40453,136719662.4073,5515024.1884,2160967.34
30,128879041.0468,0.41807,115763463.3904,10954610.3164,2160967.34
31,143420359.2888,0.43171,121542407.7376,19716984.2112,2160967.34
32,186017974.8169,0.4455,164140023.2657,19716984.2112,2160967.34
33,213959326.93,0.45929,190297843.1288,19716984.2112,3944499.59
34,205050860.2022,0.47284,181389376.4009,19716984.2112,3944499.59
35,219893083.2664,0.48655,191801426.9737,24147156.7027,3944499.59
36,186166772.0021,0.50004,158075115.7094,24147156.7027,3944499.59
37,165270413.3858,0.51353,137178757.0931,24147156.7027,3944499.59
38,165270413.3858,0.52703,137178757.0931,24147156.7027,3944499.59
39,181776467.0276,0.54056,154458586.3249,24147156.7027,3170724
40,130503831.6053,0.5541,103185950.9027,24147156.7027,3170724
41,115962513.3633,0.56764,97407006.5555,15384782.8078,3170724
42,130519779.2492,0.58113,98593566.0273,28755489.2219,3170724
43,133350426.6582,0.59464,98602402.8463,28755489.2219,5992534.59
44,165834207.4536,0.6083,126063964.9418,28755489.2219,11014753.29
45,198902907.3281,0.62201,149618021.106,38270132.932,11014753.29
46,1498455587,0.64373,684534340,214667788,599253459
47,774148358,0.66316,559480570,214667788,0
48,577457098,0.68254,416159585,161297513,0
49,495237158,0.70195,408939645,86297513,0
50,80874651.0314,0.72218,65836884.5196,15037766.5118,0
51,69559465.2157,0.7417,54110731.3639,15037766.5118,410967.34
52,69559465.2157,0.76157,54110731.3639,15037766.5118,410967.34
53,72952034.1457,0.78114,54110731.3639,18841302.7818,0
54,78007216.604,0.80074,59165913.8222,18841302.7818,0
55,84349267.9114,0.82038,69838211.4753,14511056.4361,0
56,454118727,0.85341,370843855,83274872,0
57,401687287,0.88519,318412415,83274872,0
58,350131497,0.91741,266856625,83274872,0
59,300131497,0.949,216856625,83274872,0
60,260348682,0.98074,177073810,83274872,0
61,226174012,1.0124,142899140,83274872,0
62,200031747,1.0441,116756875,83274872,0
63,189814562,1.0758,106539690,83274872,0
64,179814562,1.1074,106539690,73274872,0
65,169814562,1.1392,106539690,63274872,0
66,155192332,1.171,91917460,63274872,0
67,103156212,1.2025,39881340,63274872,0
68,95724772,1.2341,32449900,63274872,0
69,90033982,1.2657,26759110,63274872,0
70,87306492,1.2974,24031620,63274872,0
71,85033982,1.3292,21759110,63274872,0
72,63274872,1.3607,0,63274872,0
73,53274872,1.3923,0,53274872,0
74,43274872,1.4238,0,43274872,0
75,20277931.8,1.4554,985056.36,12339572,6953303.44
76,8245984.3,1.4871,985056.36,512147,6748780.94
77,3407812,1.5189,1784697.66,512147,1110967.34
78,2438851.6,1.5507,1926704.6,512147,0
79,1926704.6,1.5826,1926704.6,0,0
80,1626704.6,1.6145,1626704.6,0,0
81,1333299.79,1.6463,1333299.79,0,0
82,1055607.65,1.6781,1055607.65,0,0
83,762202.84,1.7099,762202.84,0,0
84,662202.84,1.7416,662202.84,0,0
85,567347.93,1.7733,567347.93,0,0
86,440642.4,1.805,440642.4,0,0
87,398635.46,1.8368,398635.46,0,0
88,366984.8,1.8701,366984.8,0,0
89,346984.8,1.9018,346984.8,0,0
90,326984.8,1.9334,326984.8,0,0
91,306984.8,1.9652,306984.8,0,0
92,286984.8,1.9968,286984.8,0,0
93,268635.46,2.0284,268635.46,0,0
94,236984.8,2.0598,236984.8,0,0
95,226984.8,2.0907,226984.8,0,0
96,218635.46,2.1219,218635.46,0,0
97,216335.34,2.153,216335.34,0,0
98,213635.46,2.1841,213635.46,0,0
99,211335.34,2.2156,211335.34,0,0
100,21133534,2.2474,21133534,0,0
101,21133534,2.2788,21133534,0,0
102,21133534,2.3102,21133534,0,0
103,907499,2.3409,408146,499353,0
104,769341,2.3717,269988,499353,0
105,769341,2.4031,269988,499353,0
106,769341,2.4345,269988,499353,0
107,769341,2.4663,269988,499353,0
108,769341,2.4984,269988,499353,0
109,14415924.763,2.5125,221855.5962,14194069.1667,0
110,22125714.8723,2.5258,1366196.5368,20759518.3355,0
111,47439556.8724,2.539,13398205.9604,34041350.912,0
112,77012783.4399,2.5523,42971432.5279,34041350.912,0
113,112097199.5438,2.5657,69293474.737,42803724.8068,0
114,76455236.7126,2.5856,43181716.1724,33273520.5402,0
115,51382097.7935,2.6049,31090827.2876,20291270.5059,0
116,56017029.6457,2.6245,35594855.4597,20291270.5059,130903.68
117,56357077.2484,2.6442,35934903.0625,20291270.5059,130903.68
118,56357077.2484,2.6644,35934903.0625,20291270.5059,130903.68
119,56357077.2484,2.6839,35934903.0625,20291270.5059,130903.68
120,34903640.1,2.716,33518156,1254580.42,130903.68
121,33511030.1,2.7473,32125546,1254580.42,130903.68
122,33142755.85,2.7796,32125546,886306.17,130903.68
123,7153506.85,2.811,6136297,886306.17,130903.68
124,6471711.85,2.8419,5454502,886306.17,130903.68
125,15630481.201,2.8733,4597175.0222,10768526.5681,264779.6106
126,14959322.2689,2.9046,4597175.0222,10083772.5258,278374.7209
127,10099514.2324,2.9355,0,10083772.5258,15741.7066
128,10083772.5258,2.9667,0,10083772.5258,0
129,10083772.5258,2.9979,0,10083772.5258,0
130,10083772.5258,3.0296,0,10083772.5258,0
131,8849551.7082,3.0615,0,8849551.7082,0
132,8849551.7082,3.094,0,8849551.7082,0
133,8849551.7082,3.1266,0,8849551.7082,0
134,8849551.7082,3.1592,0,8849551.7082,0
135,8849551.7082,3.1919,0,8849551.7082,0
136,35459963.6497,3.2066,10569329.3517,24890634.298,0
137,31059544.7239,3.2202,10569329.3517,20490215.3721,0
138,48122523.4798,3.2337,27632308.1077,20490215.3721,0
139,67186532.3139,3.2472,38964433.9085,28222098.4054,0
140,92500374.314,3.2609,50996443.3322,41503930.9818,0
141,131116282.7032,3.2751,80849978.0048,50266304.6984,0
142,111433065.7401,3.2956,69858042.569,41575023.1711,0
143,98363946.49,3.3155,69858042.569,28505903.9209,0
144,98363946.49,3.3351,69858042.569,28505903.9209,0
145,104781306.61,3.355,69858042.569,34923264.0409,0
146,124764910.5323,3.3756,89841646.4914,34923264.0409,0
147,86200554.2989,3.3951,59842021.5048,26358532.7941,0
148,61127415.3798,3.4146,47751132.6199,13376282.7599,0
149,41143811.4574,3.4342,27767528.6976,13376282.7599,0
150,48845583.7197,3.4541,23889220.2072,24956363.5124,0
151,48845583.7197,3.4738,23889220.2072,24956363.5124,0
152,26150909.9301,3.4932,1194546.4176,24956363.5124,0
153,47242486.1597,3.5131,22286122.6472,24956363.5124,0
154,59939169.9022,3.533,34982806.3898,24956363.5124,0
155,59939169.9022,3.5527,34982806.3898,24956363.5124,0
156,47966189.4546,3.5722,34982806.3898,12983383.0649,0
157,47966189.4546,3.5917,34982806.3898,12983383.0649,0
158,47966189.4546,3.6113,34982806.3898,12983383.0649,0
159,62221183.0614,3.6311,49237799.9966,12983383.0649,0
160,75019315.5273,3.6509,62035932.4625,12983383.0649,0
161,68555353.2467,3.684,63086181.6255,5469171.6212,0
162,55109915.3905,3.717,49640743.7693,5469171.6212,0
163,50756683.4358,3.7703,45287511.8146,5469171.6212,0
164,46681694.0382,3.802,41212522.417,5469171.6212,0
165,44141670.8554,3.8337,38672499.2342,5469171.6212,0
166,41897595.3944,3.8655,36428423.7731,5469171.6212,0
167,39927560.1793,3.8972,34458388.5581,5469171.6212,0
168,38253472.6859,3.9289,32784301.0647,5469171.6212,0
169,36604438.0806,3.9607,31135266.4593,5469171.6212,0
170,28176216.7283,3.9926,22707045.1071,5469171.6212,0
171,16407639.2503,4.0241,10938467.629,5469171.6212,0
172,13842563.1795,4.0556,8373391.5583,5469171.6212,0
173,12473055.0949,4.0872,8373391.5583,4099663.5366,0
174,12333933.8163,4.119,8234270.2797,4099663.5366,0
175,16249036.8488,4.1511,6298873.3652,9950163.4835,0
176,16249036.8488,4.1834,6298873.3652,9950163.4835,0
177,15067992.2095,4.2151,5117828.7259,9950163.4835,0
178,13507500.1585,4.2468,3557336.675,9950163.4835,0
179,13507500.1585,4.279,3557336.675,9950163.4835,0
180,11295718.1628,4.3105,1345554.6793,9950163.4835,0
181,10546681.9517,4.3422,596518.4681,9950163.4835,0
182,10546681.9517,4.3739,596518.4681,9950163.4835,0
183,10546681.9517,4.4062,596518.4681,9950163.4835,0
184,7222792.2684,4.4378,596518.4681,6626273.8003,0
185,7222792.2684,4.4706,596518.4681,6626273.8003,0
186,7222792.2684,4.5034,596518.4681,6626273.8003,0
187,6626273.8003,4.5342,0,6626273.8003,0
188,6626273.8003,4.5666,0,6626273.8003,0
189,6626273.8003,4.5988,0,6626273.8003,0
190,6626273.8003,4.6308,0,6626273.8003,0
191,6626273.8003,4.6628,0,6626273.8003,0
192,7954406.1735,4.6768,0,7954406.1735,0
193,30198415.6647,4.6902,17938537.9127,12259877.7521,0
194,55512257.6648,4.7037,29970547.3363,25541710.3285,0
195,68882964.0789,4.7174,29970547.3363,38912416.7426,0
196,95014907.413,4.7311,41302673.1372,46644299.7758,7067934.5
197,91949155.5481,4.751,24040270.6135,60840950.4346,7067934.5
198,61473910.22,4.7705,14733089.4185,46740820.8015,0
199,37090627.0128,4.7898,14733089.4185,22357537.5943,0
200,50124132.9102,4.8094,8671430.8677,41452702.0424,0
201,54556446.8408,4.829,10307243.2765,44249203.5643,0
202,59737543.4985,4.8485,15488339.9342,44249203.5643,0
203,65378324.239,4.8682,21129120.6747,44249203.5643,0
204,53236038.6685,4.9002,28835901.6442,24400137.0242,0
205,30634454.4631,4.9317,14261705.1391,16372749.324,0
206,23958344.1463,4.9631,7585594.8224,16372749.324,0
207,20642236.9631,4.9947,7585594.8224,13048859.6407,7782.5
208,19893200.7519,5.0267,6836558.6112,13048859.6407,7782.5
209,19225589.7203,5.0587,6168947.5795,13048859.6407,7782.5
210,15901700.037,5.0902,6168947.5795,9724969.9575,7782.5
211,15893917.537,5.1228,6168947.5795,9724969.9575,0
212,13019169.6155,5.1544,4836261.7705,8182907.8451,0
213,10987337.5001,5.1863,2804429.6551,8182907.8451,0
214,8182907.8451,5.2182,0,8182907.8451,0
215,8182907.8451,5.25,0,8182907.8451,0
216,8182907.8451,5.2817,0,8182907.8451,0
217,8182907.8451,5.3136,0,8182907.8451,0
218,4866800.6618,5.3449,0,4859018.1618,7782.5
219,4866800.6618,5.3773,0,4859018.1618,7782.5
220,4866800.6618,5.409,0,4859018.1618,7782.5
221,4534411.6935,5.4404,0,4526629.1935,7782.5
222,4526629.1935,5.472,0,4526629.1935,0
223,4526629.1935,5.5044,0,4526629.1935,0
224,4526629.1935,5.5369,0,4526629.1935,0
225,13618470,5.5698,0,13618470,0
226,13618470,5.6013,0,13618470,0
227,10493957.67,5.6152,8066110.1476,2427847.5224,0
228,35807799.6701,5.6288,20098119.5713,15709680.0988,0
229,34972902.4547,5.6422,20098119.5713,14874782.8834,0
230,61429217.4566,5.6557,37792060.6784,23637156.7782,0
231,92690419.4285,5.6693,69053262.6503,23637156.7782,0
232,126601424.4557,5.683,91941916.3706,34659508.0851,0
233,132372270.5482,5.6966,91941916.3706,40430354.1776,0
234,132813510.4586,5.7163,33380122.5149,99433387.9437,0
235,94633261.7446,5.7358,24826928.9472,69806332.7974,0
236,94633261.7446,5.7554,24826928.9472,69806332.7974,0
237,101364310.8046,5.7752,31557978.0072,69806332.7974,0
238,50639973.9589,5.7945,25741743.7954,24898230.1635,0
239,31127775.8406,5.8138,25741743.7954,5386032.0452,0
240,38328242.0323,5.8335,32942209.9872,5386032.0452,0
241,34429110.6284,5.853,29043078.5832,5386032.0452,0
242,40280514.5809,5.8726,34894482.5358,5386032.0452,0
243,25168951.2495,5.8914,19782919.2043,5386032.0452,0
244,25168951.2495,5.9106,19782919.2043,5386032.0452,0
245,34032143.0036,5.93,28646110.9585,5386032.0452,0
246,43797495.0136,5.9496,38411462.9685,5386032.0452,0
247,36408349.2132,5.9687,28646110.9585,7762238.2547,0
248,35911073.9446,5.9876,28148835.6898,7762238.2547,0
249,35911073.9446,6.0066,28148835.6898,7762238.2547,0
250,63550937.9939,6.0261,55547284.0448,8003653.9492,0
251,49341954.5313,6.0456,41338300.5821,8003653.9492,0
252,44511023.5317,6.0647,36507369.5825,8003653.9492,0
253,46104120.9256,6.0836,36507369.5825,9596751.3431,0
254,54064429.9824,6.1027,36507369.5825,17557060.3999,0
255,64288506.4194,6.1218,46731446.0195,17557060.3999,0
256,40698253.58,6.1406,23141193.1801,17557060.3999,0
257,43186826.2629,6.1596,25629765.863,17557060.3999,0
258,43186826.2629,6.1787,25629765.863,17557060.3999,0
259,44168120.5125,6.1977,26611060.1126,17557060.3999,0
260,34939976.6928,6.2165,17382916.293,17557060.3999,0
261,34939976.6928,6.2355,17382916.293,17557060.3999,0
262,38271155.7709,6.2546,20714095.371,17557060.3999,0
263,37773520.2462,6.2735,20216459.8463,17557060.3999,0
264,38972749.3084,6.2925,23008786.3024,15963963.0059,0
265,31012440.2516,6.3113,23008786.3024,8003653.9492,0
266,38281344.9561,6.3303,30277691.0069,8003653.9492,0
267,48981172.4755,6.3494,30277691.0069,18703481.4687,0
268,59788755.4884,6.3686,30277691.0069,29511064.4815,0
269,74653105.9256,6.3883,45142041.4441,29511064.4815,0
270,128266634.94,6.4204,672497.94,127594137,0
271,124324564.94,6.452,672497.94,123652067,0
272,124177255.55,6.4839,525188.55,123652067,0
273,124106191.84,6.5158,454124.84,123652067,0
274,124006191.84,6.5475,354124.84,123652067,0
275,123575813.0053,6.5798,276859.57,123298953.4353,0
276,123530358.0253,6.6118,231404.59,123298953.4353,0
277,123402660.2153,6.6436,103706.78,123298953.4353,0
278,74042539.7404,6.6751,103706.78,73938832.9604,0
279,24185324.8847,6.7066,103706.78,24081618.1047,0
280,24095691.8947,6.7383,14073.79,24081618.1047,0
281,24091146.8747,6.7701,9528.77,24081618.1047,0
282,24091146.8747,6.8087,9528.77,24081618.1047,0
283,24091146.8747,6.841,9528.77,24081618.1047,0
284,24091146.8747,6.8729,9528.77,24081618.1047,0
285,24081618.1047,6.9045,0,24081618.1047,0
286,24081618.1047,6.9367,0,24081618.1047,0
287,24081618.1047,6.9692,0,24081618.1047,0
288,24081618.1047,7.0019,0,24081618.1047,0
289,24081618.1047,7.0346,0,24081618.1047,0
290,10693254.2568,7.0487,0,4305471.7568,6387782.5
291,10967698.2769,7.0622,0,10967698.2769,0
292,27710746.0312,7.0756,5720696.4475,21990049.5838,0
293,53435449.9886,7.089,18163567.8284,35271882.1602,0
294,82044657.9982,7.1026,46772775.838,35271882.1602,0
295,98176040.407,7.1226,44616886.5719,53559153.8351,0
296,113226472.5208,7.1425,59667318.6857,53559153.8351,0
297,113226472.5208,7.1622,59667318.6857,53559153.8351,0
298,85935943.6649,7.1816,32376789.8298,53559153.8351,0
299,103998503.4993,7.2014,50439349.6642,53559153.8351,0
300,139572463.0911,7.2211,31208997.8997,108363465.1914,0
301,104354894.8746,7.2405,27832508.6928,76522386.1818,0
302,104354894.8746,7.26,27832508.6928,76522386.1818,0
303,58642611.2039,7.2794,20488434.1897,38154177.0142,0
304,56792823.2302,7.2989,31076179.966,25716643.2642,0
305,46205077.4539,7.3182,20488434.1897,25716643.2642,0
306,24642886.8705,7.3374,24642886.8705,0,0
307,15330536.3475,7.3568,15330536.3475,0,0
308,15330536.3475,7.3763,15330536.3475,0,0
309,18551556.6317,7.3956,18551556.6317,0,0
310,18551556.6317,7.415,18551556.6317,0,0
311,24017508.9899,7.4344,24017508.9899,0,0
312,395205.63,7.4662,395205.63,0,0
313,295205.63,7.4976,295205.63,0,0
314,228792.94,7.5291,228792.94,0,0
315,128792.94,7.5607,128792.94,0,0
316,116093.06,7.5921,116093.06,0,0
317,106093.06,7.6237,106093.06,0,0
318,96093.06,7.6552,96093.06,0,0
319,86093.06,7.6866,86093.06,0,0
320,84442.4,7.718,84442.4,0,0
321,81093.06,7.7493,81093.06,0,0
322,79442.4,7.7806,79442.4,0,0
323,76093.06,7.812,76093.06,0,0
324,74442.4,7.8433,74442.4,0,0
325,477724,7.8749,378371,99353,0
326,477724,7.9064,378371,99353,0
327,477724,7.938,378371,99353,0
328,477724,7.9698,378371,99353,0
329,3804822.6071,7.9836,310916.4992,2606123.6079,887782.5
330,27854570.7055,7.9972,14598286.0775,9268350.128,3987934.5
331,53078299.8358,8.0108,31059641.3129,18030724.0229,3987934.5
332,78803003.7931,8.0244,43502512.6938,31312556.5993,3987934.5
333,106123355.099,8.0379,70822863.9997,31312556.5993,3987934.5
334,113898324.0111,8.0583,41801315.2929,71209226.2183,887782.5
335,105194939.4292,8.0781,33097930.7109,71209226.2183,887782.5
336,59482655.7584,8.0975,25753856.2078,32841017.0506,887782.5
337,24454262.233,8.1169,16037978.2909,7528501.442,887782.5
338,24454262.233,8.1362,16037978.2909,7528501.442,887782.5
339,31953973.469,8.1558,23537689.527,7528501.442,887782.5
340,43344453.6464,8.1755,34928169.7043,7528501.442,887782.5
341,44032776.4947,8.195,34928169.7043,5116672.2904,3987934.5
342,69268221.5,8.2271,65180934,99353,3987934.5
343,51957063.5,8.2586,47869776,99353,3987934.5
344,41957063.5,8.29,37869776,99353,3987934.5
345,34928634.76,8.3215,34705579,223055.76,0
346,24928634.76,8.353,24705579,223055.76,0
347,19999040.44,8.3848,19660081,223055.76,115903.68
348,14928634.76,8.4163,14705579,223055.76,0
349,14353080.76,8.4482,14130025,223055.76,0
350,8878682.1719,8.4797,8532039.713,346642.4589,0
351,7722599.0336,8.5113,7375956.5748,346642.4589,0
352,7392870.1153,8.543,7046227.6565,346642.4589,0
353,7350108.1532,8.5749,7003465.6943,346642.4589,0
354,6975020.2689,8.6066,6628377.81,346642.4589,0
355,6036951.5673,8.6381,5690309.1085,346642.4589,0
356,5881545.377,8.6697,5690309.1085,191236.2686,0
357,233998.2307,8.7012,42761.9621,191236.2686,0
358,218457.6117,8.7327,42761.9621,175695.6495,0
359,218457.6117,8.7647,42761.9621,175695.6495,0
360,218457.6117,8.7968,42761.9621,175695.6495,0
361,218457.6117,8.8284,42761.9621,175695.6495,0
362,218457.6117,8.8605,42761.9621,175695.6495,0
363,2051207.0555,8.8745,35693.2217,2015513.8338,0
364,10939041.1176,8.8881,8923527.2838,2015513.8338,0
365,36632807,8.9017,23594941.8593,13037865.1407,0
366,62678260.0447,8.9152,40878021.0092,21800239.0355,0
367,92511583.5744,8.9287,57429511.9625,35082071.612,0
368,94739920.0665,8.9485,25236831.8542,69503088.2123,0
369,89494111.9627,8.968,19991023.7505,69503088.2123,0
370,94739920.0665,8.9877,25236831.8542,69503088.2123,0
371,84539041.424,9.0071,15035953.2117,69503088.2123,0
372,91426388.3188,9.0268,21923300.1065,69503088.2123,0
373,43289101.0197,9.0462,12154221.9751,31134879.0447,0
374,17976585.4111,9.0657,12154221.9751,5822363.436,0
375,20605280.0103,9.0852,16943562.792,3661717.2183,0
376,20575911.6443,9.1046,16914194.426,3661717.2183,0
377,20605280.0103,9.1242,16943562.792,3661717.2183,0
378,20605280.0103,9.1437,16943562.792,3661717.2183,0
379,22168787.6668,9.1631,18507070.4486,3661717.2183,0
380,14855881.98,9.1825,11194164.7617,3661717.2183,0
381,21592208.4225,9.202,17930491.2042,3661717.2183,0
382,33520093.9391,9.2216,17930491.2042,15589602.7349,0
383,23918805.2,9.241,8329202.465,15589602.7349,0
384,37239665.2451,9.2607,20314356.4349,16237374.3102,687934.5
385,52039925.7105,9.2806,38008635.0255,13343356.1849,687934.5
386,60792526.3445,9.3003,46761235.6596,13343356.1849,687934.5
387,76711710.2395,9.3201,46761235.6596,29262540.08,687934.5
388,60370480.0943,9.3524,58278477.3171,1404068.2772,687934.5
389,54661584.3927,9.3845,52569581.6155,1404068.2772,687934.5
390,49344067.4092,9.4162,47252064.632,1404068.2772,687934.5
391,48187984.271,9.4481,46095981.4937,1404068.2772,687934.5
392,47462734.0295,9.4802,45370731.2522,1404068.2772,687934.5
393,46774799.5295,9.5124,45370731.2522,1404068.2772,0
394,46120069.0668,9.5444,44716000.7896,1404068.2772,0
395,23715645.1423,9.5758,22342658.0876,1372987.0547,0
396,7935252.6392,9.6072,6423405.4912,1511847.1479,0
397,3667686.197,9.6386,2155839.0491,1511847.1479,0
398,2492677.8116,9.6701,980830.6637,1511847.1479,0
399,1728847.295,9.7017,980830.6637,748016.6313,0
400,5456800.1603,9.7332,565240.9699,4891559.1904,0
401,4916202.3972,9.7648,24643.2069,4891559.1904,0
402,4891559.1904,9.7965,0,4891559.1904,0
403,4891559.1904,9.8281,0,4891559.1904,0
404,4891559.1904,9.86,0,4891559.1904,0
405,4891559.1904,9.892,0,4891559.1904,0
406,3866016.9843,9.9235,0,3866016.9843,0
407,0,9.9547,0,0,0
