1,12345105599,0.074899,9995607225,0,2349498374
2,8664028015,0.10993,7459530120,14528058,1189969837
3,7291860320,0.14417,6087362425,14528058,1189969837
4,6004357540,0.17877,4799859645,14528058,1189969837
5,4926474993,0.21347,4256985710,14528058,654961225
6,3852532813,0.24756,3183043530,14528058,654961225
7,3056864578,0.2823,2387375295,14528058,654961225
8,2828371028,0.31705,2149418370,23991433,654961225
9,2656623828,0.35136,1977671170,23991433,654961225
10,2503699998,0.38596,1824747340,23991433,654961225
11,2478911535,0.42056,1838997190,81018232,558896113
12,2464757485,0.4552,1824843140,81018232,558896113
13,2540375976,0.48995,1492592190,110547785,937236001
14,2219305399,0.52493,1698194235,110547785,410563379
15,2265866874,0.55973,1731349920,123953575,410563379
16,2283676066,0.59455,1733602650,139510037,410563379
17,2232746410,0.62887,1534340260,139510037,558896113
18,2118833478,0.66361,1328738215,139510037,650585226
19,2264349027,0.69862,1434291565,179472236,650585226
20,2422186607,0.73366,1592129145,179472236,650585226
21,2593933807,0.76867,1763876345,179472236,650585226
22,2809027795,0.80381,1939932020,122445437,746650338
23,2572231880,0.85629,1703136105,122445437,746650338
24,2357137892,0.89366,1527080430,179472236,650585226
25,367222775.8147,0.92419,173992069.4865,13664997.5397,179565708.7886
26,344138866.1912,0.95482,153950877.5734,10622279.8292,179565708.7886
27,327952862.433,0.98542,147720126.1309,12153019.8431,168079716.4591
28,313089743.3451,1.0161,158163792.2359,12153019.8431,142772931.2662
29,279461349.8814,1.0471,165476187.8538,12153019.8431,101832142.1846
30,264098489.6206,1.0777,151297795.0053,10968552.4307,101832142.1846
31,247205650.5863,1.1082,209569101.3913,10968552.4307,26667996.7643
32,209601395.5729,1.1386,171596904.5901,11336494.2185,26667996.7643
33,178007822.814,1.1691,140003331.8311,11336494.2185,26667996.7643
34,161690412.3364,1.1996,146234083.2737,9805754.2047,5650574.8581
35,153057099.1061,1.2299,143251344.9014,9805754.2047,0
36,147740377.2077,1.2605,138955338.471,8785038.7366,0
37,146503323.48,1.2911,135507182.6713,10996140.8087,0
38,146503323.48,1.3215,135507182.6713,10996140.8087,0
39,146952167.5149,1.3518,135956026.7062,10996140.8087,0
40,148975434.4664,1.3824,138699834.0542,10275600.4122,0
41,156287830.0843,1.4131,146012229.6721,10275600.4122,0
42,1111848897,1.4627,976892050,134956847,0
43,1057843292,1.5122,922886445,134956847,0
44,986297592,1.5614,851340745,134956847,0
45,936297592,1.6109,801340745,134956847,0
46,886297592,1.6602,751340745,134956847,0
47,840644447,1.7095,705687600,134956847,0
48,789549582,1.7586,664592735,124956847,0
49,739549582,1.8077,614592735,124956847,0
50,105511518.2781,1.8569,84398378.6155,21113139.6626,0
51,94157646.8445,1.9061,77370925.7688,12664967.2857,4121753.79
52,84777645.8628,1.9554,67990924.7871,12664967.2857,4121753.79
53,77244092.5867,2.0047,60457371.511,12664967.2857,4121753.79
54,70019791.2807,2.0539,53233070.205,12664967.2857,4121753.79
55,64535501.0117,2.1032,47748779.936,12664967.2857,4121753.79
56,59563811.8511,2.1526,43593597.1737,11848460.8874,4121753.79
57,55490394.7752,2.2019,39520180.0977,11848460.8874,4121753.79
58,51556150.5597,2.2512,35585935.8822,11848460.8874,4121753.79
59,47686866.8094,2.3007,31716652.132,11848460.8874,4121753.79
60,44167238.3644,2.3498,28197023.687,11848460.8874,4121753.79
61,40879966.1802,2.3992,28197023.687,10661188.7032,2021753.79
62,37598452.8356,2.4485,19886658.1624,10661188.7032,7050605.97
63,34658267.9078,2.4977,18636107.7099,8971554.2278,7050605.97
64,27374958.1181,2.5469,18071284.5756,7281919.7525,2021753.79
65,24093444.7735,2.5965,9760919.051,7281919.7525,7050605.97
66,21276022.2705,2.6458,6943496.548,7281919.7525,7050605.97
67,19260395.5277,2.6952,5692946.0956,6516843.4621,7050605.97
68,16366128.7425,2.7445,6943496.548,5672026.2244,3750605.97
69,14676494.2671,2.7943,6943496.548,3982391.7491,3750605.97
70,13149065.8841,2.8435,6943496.548,2454963.3661,3750605.97
71,11801983.3851,2.8927,7447337.389,2454963.3661,1899682.63
72,10551432.9327,2.9421,6196786.9366,2454963.3661,1899682.63
73,9411677.0774,2.9913,7447337.389,1610146.1284,354193.56
74,7227572.9933,3.0405,3717744.2349,1610146.1284,1899682.63
75,46995589.6858,3.0901,2301157.8206,2122977.2266,42571454.6387
76,46236213.7128,3.1399,2301157.8206,2122977.2266,41812078.6657
77,7072875.7787,3.1891,4873075.2806,1009085.9315,1190714.5667
78,3726909.9249,3.2384,1527109.4268,1009085.9315,1190714.5667
79,3239387.29,3.2878,1527109.4268,1009085.9315,703191.9317
80,2536195.3583,3.337,1527109.4268,1009085.9315,0
81,2055374.8747,3.3861,1046288.9433,1009085.9315,0
82,1578959.057,3.4352,569873.1256,1009085.9315,0
83,1267098.6335,3.4843,258012.702,1009085.9315,0
84,1032061.0959,3.5333,1032061.0959,0,0
85,258012.702,3.5825,258012.702,0,0
86,43818.2721,3.6317,43818.2721,0,0
87,43818.2721,3.6808,43818.2721,0,0
88,43818.2721,3.7303,43818.2721,0,0
89,43818.2721,3.7798,43818.2721,0,0
90,43818.2721,3.8293,43818.2721,0,0
91,39889305,3.8506,425930,39463375,0
92,219197354,3.8712,117707180,101490174,0
93,419364079,3.8918,317873905,101490174,0
94,639446684,3.9124,521994310,117452374,0
95,878692474,3.933,761240100,117452374,0
96,76577997.3553,3.9635,67635185.7121,8942811.6432,0
97,48914606.4631,3.9939,41187155.0816,7727451.3815,0
98,51375684.6396,4.0244,43648233.2581,7727451.3815,0
99,51925792.8818,4.0549,43648233.2581,8277559.6237,0
100,79238828.8029,4.0856,64707216.3864,9359858.6265,5171753.79
101,91558473.6774,4.1162,77026861.2609,9359858.6265,5171753.79
102,124519245.1298,4.1659,106742357.2108,17776887.919,0
103,86920666.6935,4.2151,69143778.7745,17776887.919,0
104,72790542.7357,4.2645,50306675.6827,22483867.053,0
105,63998960.7582,4.3138,50306675.6827,13692285.0755,0
106,58855125.8383,4.363,45162840.7628,13692285.0755,0
107,54485339.3122,4.4126,40793054.2366,13692285.0755,0
108,51757241.6501,4.4622,38064956.5745,13692285.0755,0
109,49185324.1901,4.5119,35493039.1146,13692285.0755,0
110,47575758.6204,4.5615,35493039.1146,12082719.5058,0
111,45347976.0302,4.6111,35493039.1146,9854936.9156,0
112,40381102.9199,4.6605,30526166.0042,9854936.9156,0
113,26525199.0015,4.7096,18898044.676,7627154.3254,0
114,26261773.4419,4.759,18634619.1165,7627154.3254,0
115,19774446.9956,4.8082,14375075.2604,5399371.7353,0
116,19523489.0632,4.8577,14124117.3279,5399371.7353,0
117,16596204.6239,4.907,11196832.8887,5399371.7353,0
118,16518823.3433,4.9566,11119451.6081,5399371.7353,0
119,16295194.6058,5.0061,10895822.8705,5399371.7353,0
120,16295194.6058,5.0557,10895822.8705,5399371.7353,0
121,16295194.6058,5.1054,10895822.8705,5399371.7353,0
122,15843667.8532,5.1547,10895822.8705,4947844.9827,0
123,15843667.8532,5.2044,10895822.8705,4947844.9827,0
124,7493940.8742,5.2534,4773878.4817,2720062.3925,0
125,10343893.8618,5.3037,5912149.8765,4431743.9853,0
126,6714211.645,5.3528,5912149.8765,802061.7685,0
127,6714211.645,5.4028,5912149.8765,802061.7685,0
128,6714211.645,5.4533,5912149.8765,802061.7685,0
129,6672645.9585,5.5027,5870584.19,802061.7685,0
130,6395695.7558,5.5522,5593633.9873,802061.7685,0
131,6395695.7558,5.6016,5593633.9873,802061.7685,0
132,6395695.7558,5.6511,5593633.9873,802061.7685,0
133,6395695.7558,5.7014,5593633.9873,802061.7685,0
134,6395695.7558,5.7511,5593633.9873,802061.7685,0
135,110576990,5.7726,43903885,66673105,0
136,199731040,5.7931,133057935,66673105,0
137,447945242,5.8137,349047170,98898072,0
138,689691032,5.8343,590792960,98898072,0
139,938953422,5.8549,840055350,98898072,0
140,167589302.1118,5.8859,140750492.2339,15765473.0379,11073336.84
141,140285217.2796,5.9166,114594220.6894,17216803.0301,8474193.56
142,125296840.3889,5.9473,99605843.7987,17216803.0301,8474193.56
143,115020648.1443,5.978,99605843.7987,6940610.7855,8474193.56
144,73115219.8884,6.0084,57700415.5429,6940610.7855,8474193.56
145,86564401.5873,6.0392,71149597.2418,6940610.7855,8474193.56
146,99865944.8137,6.0701,84451140.4682,6940610.7855,8474193.56
147,113083961.593,6.101,95690297.7078,8919470.3252,8474193.56
148,95513935.1753,6.1319,83257296.0886,3782445.5268,8474193.56
149,80062488.0725,6.1628,67805848.9858,3782445.5268,8474193.56
150,114534467.0765,6.1934,96650371.184,4523788.1383,13360307.7542
151,122712222.5124,6.2241,104828126.6199,4523788.1383,13360307.7542
152,136686521.1906,6.2551,118802425.2981,4523788.1383,13360307.7542
153,120703139.8833,6.2859,102819043.9908,4523788.1383,13360307.7542
154,122567534.431,6.3167,102819043.9908,6388182.686,13360307.7542
155,122567534.431,6.3476,102819043.9908,6388182.686,13360307.7542
156,109017187.8375,6.3781,89268697.3972,6388182.686,13360307.7542
157,95615590.2547,6.4089,75867099.8145,6388182.686,13360307.7542
158,92506364.7657,6.4398,73344335.6647,5801721.3468,13360307.7542
159,84402649.4984,6.4702,64899286.4622,6143055.2819,13360307.7542
160,80450730.5115,6.5008,60947367.4753,6143055.2819,13360307.7542
161,50580147.6825,6.5314,32612881.6288,3780871.9313,14186394.1224
162,56040147.7383,6.5622,38072881.6846,3780871.9313,14186394.1224
163,65890692.4558,6.5931,47923426.4021,3780871.9313,14186394.1224
164,78215617.264,6.6239,60248351.2103,3780871.9313,14186394.1224
165,76351222.7163,6.6543,60248351.2103,1916477.3835,14186394.1224
166,88892386.0728,6.6851,72789514.5668,1916477.3835,14186394.1224
167,102442732.6663,6.7161,86339861.1603,1916477.3835,14186394.1224
168,115844330.2491,6.747,99741458.7431,1916477.3835,14186394.1224
169,100487095.2399,6.7773,84384223.7339,1916477.3835,14186394.1224
170,108590810.5073,6.8081,92829272.9364,1575143.4484,14186394.1224
171,111234615.2613,6.839,95473077.6904,1575143.4484,14186394.1224
172,97260316.5831,6.8695,81498779.0123,1575143.4484,14186394.1224
173,91800316.5273,6.9,76038778.9565,1575143.4484,14186394.1224
174,99978071.9633,6.9307,84216534.3924,1575143.4484,14186394.1224
175,92131898.7748,6.9615,72588392.2734,525281.2093,19018225.2921
176,92359767.6457,6.9923,72588392.2734,753150.0802,19018225.2921
177,92359767.6457,7.023,72588392.2734,753150.0802,19018225.2921
178,78882404.3123,7.0537,59111028.9401,753150.0802,19018225.2921
179,92872929.6216,7.0846,72440444.4368,1414259.8927,19018225.2921
180,110071291.7715,7.1157,89638806.5867,1414259.8927,19018225.2921
181,112776042.1205,7.1467,92147982.9252,1609833.9032,19018225.2921
182,112889870.6752,7.1775,92147982.9252,1723662.458,19018225.2921
183,104367904.8694,7.2276,63317091.9819,39710510.7075,1340302.18
184,98216743.2179,7.2773,57165930.3303,39710510.7075,1340302.18
185,94094104.7911,7.3274,53043291.9036,39710510.7075,1340302.18
186,73180792.3349,7.3768,32129979.4474,39710510.7075,1340302.18
187,66810474.5518,7.4267,25759661.6642,39710510.7075,1340302.18
188,61560729.0485,7.4763,25759661.6642,34460765.2043,1340302.18
189,57887605.8111,7.5262,25759661.6642,31156190.3569,971753.79
190,32576218.2396,7.5757,15679219.2045,15925245.245,971753.79
191,25940181.761,7.6252,9043182.726,15925245.245,971753.79
192,20412921.3866,7.6751,7145604.5683,12295563.0282,971753.79
193,17285678.9397,7.7249,7145604.5683,8665880.8114,1474193.56
194,14663245.516,7.7743,7145604.5683,6043447.3877,1474193.56
195,10086510.4527,7.8239,2568869.505,6043447.3877,1474193.56
196,9560181.0981,7.8737,2568869.505,5651009.4131,1340302.18
197,6991311.5931,7.9232,0,5651009.4131,1340302.18
198,6581687.7992,7.9884,0,5241385.6192,1340302.18
199,6581687.7992,8.0378,0,5241385.6192,1340302.18
200,31666318.6658,8.087,0,11499695.5865,20166623.0792
201,31666318.6658,8.1367,0,11499695.5865,20166623.0792
202,31666318.6658,8.1864,0,11499695.5865,20166623.0792
203,152933936,8.2077,0,53903718,99030218
204,213639152,8.2283,63118760,51490174,99030218
205,418637742,8.2487,268117350,51490174,99030218
206,636888774,8.2692,510398600,126490174,0
207,842055499,8.2899,715565325,126490174,0
208,122446317.2236,8.3206,107583196.905,811221.9874,14051898.3312
209,60032853.2092,8.3511,45169732.8906,811221.9874,14051898.3312
210,65087209.6121,8.3817,50224089.2935,811221.9874,14051898.3312
211,83018407.8862,8.4122,68155287.5676,811221.9874,14051898.3312
212,82396666.7847,8.4429,68155287.5676,189480.8859,14051898.3312
213,107322465.3073,8.4738,93081086.0901,189480.8859,14051898.3312
214,72786350.6051,8.5043,58544971.388,189480.8859,14051898.3312
215,86776875.9144,8.535,71874386.8847,850590.6985,14051898.3312
216,109103202.3845,8.5658,94200713.3548,850590.6985,14051898.3312
217,101698410.5109,8.5963,86795921.4812,850590.6985,14051898.3312
218,82119271.5485,8.6269,67102953.9641,964419.2532,14051898.3312
219,102298039.1892,8.6577,87281721.6048,964419.2532,14051898.3312
220,112626324.8568,8.6885,97610007.2724,964419.2532,14051898.3312
221,117680681.2597,8.7191,102664363.6753,964419.2532,14051898.3312
222,99749482.9857,8.7496,84733165.4013,964419.2532,14051898.3312
223,99977351.8566,8.7801,84733165.4013,1192288.1241,14051898.3312
224,117592076.3104,8.8108,97701266.635,1980032.5852,17910777.0902
225,137108866.999,8.8416,115766932.7203,2116173.4549,19225760.8237
226,123254878.4353,8.8721,102619509.8195,1409607.7921,19225760.8237
227,89768648.4636,8.9024,69133279.8478,1409607.7921,19225760.8237
228,109312719.3243,8.9331,88677350.7085,1409607.7921,19225760.8237
229,139330559.0738,8.964,118695190.458,1409607.7921,19225760.8237
230,119427301.3613,8.9945,98791932.7455,1409607.7921,19225760.8237
231,115937594.0447,9.0251,95302225.4289,1409607.7921,19225760.8237
232,110952247.0775,9.0558,90316878.4617,1409607.7921,19225760.8237
233,114070855.6594,9.0865,93435487.0436,1409607.7921,19225760.8237
234,113949200.608,9.1171,93435487.0436,1287952.7407,19225760.8237
235,89476497.7765,9.1469,73946883.6665,446045.4254,15083568.6846
236,70076871.6874,9.1766,54547257.5774,446045.4254,15083568.6846
237,70918779.0027,9.2073,54547257.5774,1287952.7407,15083568.6846
238,84772767.5663,9.238,67694680.4782,1994518.4035,15083568.6846
239,65228696.7056,9.2683,48150609.6175,1994518.4035,15083568.6846
240,35210856.9561,9.2987,18132769.8679,1994518.4035,15083568.6846
241,45699289.5001,9.3292,28621202.4119,1994518.4035,15083568.6846
242,57753296.7528,9.3599,40675209.6647,1994518.4035,15083568.6846
243,52767949.7857,9.3904,35689862.6975,1994518.4035,15083568.6846
244,70454325.2223,9.4211,53376238.1342,1994518.4035,15083568.6846
245,92475820.1629,9.452,75397733.0747,1994518.4035,15083568.6846
246,110250961.4435,9.4828,88188774.901,2836425.7188,19225760.8237
247,129650587.5326,9.5136,107588400.9901,2836425.7188,19225760.8237
248,121330226.9716,9.5638,1294921.13,94330601.6002,25704704.2414
249,87755014.9621,9.6132,1136680.32,60913630.4007,25704704.2414
250,54601858.7546,9.6626,1507523.4584,53094335.2962,0
251,54472329.9384,9.7121,1377994.6422,53094335.2962,0
252,54342801.1223,9.7616,1248465.8261,53094335.2962,0
253,54213272.3061,9.8109,1118937.0099,53094335.2962,0
254,54083743.49,9.8606,989408.1937,53094335.2962,0
255,53937542.8903,9.9102,843207.5941,53094335.2962,0
256,53723758.0662,9.9596,629422.77,53094335.2962,0
257,53016672.4285,10.0089,616469.8884,52400202.5401,0
258,52714233.5491,10.0583,314031.009,52400202.5401,0
259,42674731.1972,10.1074,314031.009,42360700.1882,0
260,42591224.5653,10.1565,230524.377,42360700.1882,0
261,42556029.6689,10.2057,195329.4807,42360700.1882,0
262,42522044.5199,10.2546,161344.3316,42360700.1882,0
263,42522044.5199,10.3039,161344.3316,42360700.1882,0
264,42522044.5199,10.3533,161344.3316,42360700.1882,0
265,42512138.5057,10.4025,151438.3175,42360700.1882,0
266,42512138.5057,10.452,151438.3175,42360700.1882,0
267,42512138.5057,10.5017,151438.3175,42360700.1882,0
268,41805052.868,10.5508,138485.4359,41666567.4321,0
269,41805052.868,10.601,138485.4359,41666567.4321,0
270,41802006.0005,10.6502,135438.5684,41666567.4321,0
271,41802006.0005,10.7003,135438.5684,41666567.4321,0
272,41802006.0005,10.7505,135438.5684,41666567.4321,0
273,41802006.0005,10.8009,135438.5684,41666567.4321,0
274,41802006.0005,10.8501,135438.5684,41666567.4321,0
275,53843138.956,10.8717,21759805.3903,32083333.5658,0
276,73177596.3935,10.8926,41094262.8278,32083333.5658,0
277,95744221.7382,10.9136,52642849.2524,32083333.5658,11018038.92
278,107105160.8563,10.9345,60041371.4331,36045750.5032,11018038.92
279,105413182.0695,10.9552,86471212.2921,3962416.9374,14979552.84
280,124867104.2099,10.9761,88701421.3138,21186130.0561,14979552.84
281,145046852.5615,10.9971,108881169.6655,21186130.0561,14979552.84
282,166406617.065,11.0181,108881169.6655,42545894.5596,14979552.84
283,195869932.4267,11.0391,138344485.0272,42545894.5596,14979552.84
284,423828087.2795,11.0701,194329992.1889,1340348.2026,228157746.888
285,371863987.3928,11.1009,254245108.011,1340348.2026,116278531.1792
286,367340924.551,11.1315,250264653.8783,797739.4936,116278531.1792
287,366668015.396,11.1623,250264653.8783,124830.3385,116278531.1792
288,353338378.7352,11.193,237059847.556,0,116278531.1792
289,268928724.9598,11.2234,152650193.7806,0,116278531.1792
290,269473916.4762,11.254,152620088.7956,575296.5014,116278531.1792
291,267548276.7081,11.2846,150694449.0276,575296.5014,116278531.1792
292,273364472.7401,11.3153,156510645.0595,575296.5014,116278531.1792
293,205365413.8803,11.3458,203779377.3551,1586036.5252,0
294,169348806.4944,11.3763,167762769.9693,1586036.5252,0
295,183202795.0581,11.407,180910192.8701,2292602.188,0
296,202803175.8833,11.4378,200510573.6953,2292602.188,0
297,211256931.821,11.4688,208842674.5816,2414257.2394,0
298,211508887.3184,11.4997,208842674.5816,2666212.7369,0
299,112670286.9562,11.5499,2758806.0828,109911480.8733,0
300,158947032.0094,11.6003,4480577.2519,154466454.7576,0
301,124305656.5712,11.6495,3168879.4409,121136777.1304,0
302,124060799.9939,11.6995,2924022.8636,121136777.1304,0
303,123815943.4166,11.7495,2679166.2863,121136777.1304,0
304,77594500.3245,11.7986,2423138.1276,72361060.0169,2810302.18
305,75652962.613,11.8481,2581600.4161,72361060.0169,710302.18
306,34330771.6486,11.8972,2194137.3849,31426332.0837,710302.18
307,34172309.3601,11.9469,2035675.0963,31426332.0837,710302.18
308,27124250.4291,11.9962,2035675.0963,24378273.1528,710302.18
309,12527263.5079,12.0456,2035675.0963,9781286.2316,710302.18
310,12404835.2192,12.0952,1913246.8077,9781286.2316,710302.18
311,11884548.3909,12.1447,1392959.9793,9781286.2316,710302.18
312,11814548.3909,12.1944,1392959.9793,9781286.2316,640302.18
313,11692120.1022,12.244,1270531.6907,9781286.2316,640302.18
314,11628019.0009,12.2936,1206430.5894,9781286.2316,640302.18
315,4386766.9582,12.3428,1206430.5894,26142.8089,3154193.56
316,2572875.5782,12.3921,1206430.5894,26142.8089,1340302.18
317,2392120.1022,12.4412,1025675.1134,26142.8089,1340302.18
318,2337106.1182,12.4907,970661.1294,26142.8089,1340302.18
319,2324863.2894,12.5404,958418.3005,26142.8089,1340302.18
320,2324863.2894,12.59,958418.3005,26142.8089,1340302.18
321,2324863.2894,12.6399,958418.3005,26142.8089,1340302.18
322,2300377.6316,12.6894,933932.6428,26142.8089,1340302.18
323,2142945.7886,12.7386,985759.2797,26142.8089,1131043.7
324,1950377.6316,12.7879,933932.6428,26142.8089,990302.18
325,67293470.8918,12.8374,17010623.2103,359.2131,50282488.4684
326,60184626.4832,12.8865,17010623.2103,0,43174003.273
327,49521898.69,12.936,17010623.2103,0,32511275.4797
328,45987003.5422,12.9854,13475728.0624,0,32511275.4797
329,45747579.9999,13.0353,13236304.5201,0,32511275.4797
330,44828327.8147,13.085,12256198.392,60853.943,32511275.4797
331,44828327.8147,13.1346,12256198.392,60853.943,32511275.4797
332,44828327.8147,13.1844,12256198.392,60853.943,32511275.4797
333,44828327.8147,13.2345,12256198.392,60853.943,32511275.4797
334,35216784.1065,13.2838,13269731.8774,60853.943,21886198.2861
335,28288652.066,13.3331,13487735.6319,60853.943,14740062.491
336,27035076.3678,13.3825,12234159.9338,60853.943,14740062.491
337,23480833.7701,13.4322,12234159.9338,60853.943,11185819.8933
338,22249296.5301,13.4817,11002622.6938,60853.943,11185819.8933
339,18714401.3823,13.5312,7467727.546,60853.943,11185819.8933
340,18714401.3823,13.5815,7467727.546,60853.943,11185819.8933
341,18700997.4095,13.6311,7467727.546,47449.9701,11185819.8933
342,18700997.4095,13.6806,7467727.546,47449.9701,11185819.8933
343,18700997.4095,13.7303,7467727.546,47449.9701,11185819.8933
344,18700997.4095,13.7802,7467727.546,47449.9701,11185819.8933
345,15146754.8117,13.8295,7467727.546,47449.9701,7631577.2956
346,15146754.8117,13.8794,7467727.546,47449.9701,7631577.2956
347,14667907.7271,13.9288,6988880.4614,47449.9701,7631577.2956
348,14667907.7271,13.9792,6988880.4614,47449.9701,7631577.2956
349,14667907.7271,14.0298,6988880.4614,47449.9701,7631577.2956
350,14809732.46,14.0805,6954248.5364,35399.93,7820083.9936
351,14809732.46,14.1303,6954248.5364,35399.93,7820083.9936
352,2874299.2192,14.1518,831929.194,1892067.8452,150302.18
353,24234063.7227,14.1727,831929.194,23251832.3487,150302.18
354,47394046.386,14.1934,23991911.8573,23251832.3487,150302.18
355,49016100.6567,14.2141,22917880.1,25947918.3767,150302.18
356,63726113.4496,14.2348,37627892.8929,25947918.3767,150302.18
357,70357730.6684,14.2659,67157876.375,910559.8727,2289294.4207
358,53116907.1821,14.2965,49917052.8887,910559.8727,2289294.4207
359,51632088.5099,14.327,48432234.2165,910559.8727,2289294.4207
360,53116907.1821,14.3576,49917052.8887,910559.8727,2289294.4207
361,34177665.024,14.3881,31062747.1057,825623.4975,2289294.4207
362,37719130.9059,14.4187,34028916.4863,1400919.9989,2289294.4207
363,37719130.9059,14.4492,34028916.4863,1400919.9989,2289294.4207
364,52964511.6708,14.4798,49274297.2511,1400919.9989,2289294.4207
365,69527280.8969,14.5105,65837066.4773,1400919.9989,2289294.4207
366,31351961.7928,14.5601,22699885.9793,831991.82,7820083.9936
367,26587219.2055,14.6095,17935143.3919,831991.82,7820083.9936
368,22945183.6772,14.6589,17935143.3919,831991.82,4178048.4652
369,21039141.7941,14.7085,16029101.5088,831991.82,4178048.4652
370,20187629.8815,14.7579,15177589.5963,831991.82,4178048.4652
371,19664266.2675,14.8075,14654225.9823,831991.82,4178048.4652
372,19243354.625,14.8571,14233314.3398,831991.82,4178048.4652
373,18843720.875,14.9068,14233314.3398,432358.07,4178048.4652
374,18743720.875,14.9564,14233314.3398,332358.07,4178048.4652
375,11888814.6928,15.0057,9509520.3704,589327.4203,1789966.9022
376,4344718.4692,15.0548,1965424.1467,589327.4203,1789966.9022
377,4281948.3687,15.1042,1965424.1467,526557.3199,1789966.9022
378,4264216.6669,15.1535,1965424.1467,508825.618,1789966.9022
379,4264216.6669,15.203,1965424.1467,508825.618,1789966.9022
380,4264216.6669,15.2528,1965424.1467,508825.618,1789966.9022
381,4264216.6669,15.3029,1965424.1467,508825.618,1789966.9022
382,2387343.5215,15.3523,88551.0013,508825.618,1789966.9022
383,2298792.5202,15.4014,0,508825.618,1789966.9022
384,1105178.0285,15.4508,0,508825.618,596352.4105
385,508825.618,15.5001,0,508825.618,0
386,331508.5996,15.5493,0,331508.5996,0
387,331508.5996,15.5992,0,331508.5996,0
388,331508.5996,15.6492,0,331508.5996,0
389,313776.8977,15.6983,0,313776.8977,0
390,313776.8977,15.7474,0,313776.8977,0
391,313776.8977,15.7968,0,313776.8977,0
392,313776.8977,15.8464,0,313776.8977,0
393,313776.8977,15.8964,0,313776.8977,0
394,10650357.2233,15.9176,1192236.6382,9458120.5851,0
395,19335020.4962,15.9384,9876899.9111,9458120.5851,0
396,19335020.4962,15.9591,9876899.9111,9458120.5851,0
397,48544430.1238,15.9799,39086309.5387,9458120.5851,0
398,76349712.093,16.0009,62938514.3079,9458120.5851,3953077.2
399,133794323.4141,16.0318,73285937.4194,297964.7051,60210421.2896
400,226413302.7398,16.0627,48314943.0213,201093.58,177897266.1385
401,222069760.9883,16.0931,44006696.7997,165798.05,177897266.1385
402,27364559.0475,16.1235,27198760.9975,165798.05,0
403,27586808.7175,16.1539,27198760.9975,388047.72,0
404,27986442.4675,16.1845,27198760.9975,787681.47,0
405,30177611.8767,16.2149,29389930.4067,787681.47,0
406,37316206.5906,16.2455,36528525.1206,787681.47,0
407,44506485.591,16.2951,43047022.1932,1459463.3978,0
408,42561673.6316,16.3447,41102210.2338,1459463.3978,0
409,41866996.4481,16.3946,40407533.0503,1459463.3978,0
410,38829308.0048,16.444,37369844.607,1459463.3978,0
411,31192867.7709,16.4932,29776200.6157,1416667.1552,0
412,22998845.9859,16.5424,21582178.8307,1416667.1552,0
413,12520514.8466,16.5914,11103847.6914,1416667.1552,0
414,12126428.3583,16.641,11103847.6914,1022580.6669,0
415,11417809.7081,16.6903,11103847.6914,313962.0167,0
416,11240492.6896,16.7397,11103847.6914,136644.9983,0
417,2103394.2358,16.7888,1966749.2376,136644.9983,0
418,2040624.1354,16.8385,1966749.2376,73874.8979,0
419,2040624.1354,16.888,1966749.2376,73874.8979,0
420,1975936.9197,16.9374,1902062.0219,73874.8979,0
421,1975936.9197,16.9872,1902062.0219,73874.8979,0
422,1975936.9197,17.037,1902062.0219,73874.8979,0
423,73874.8979,17.0859,0,73874.8979,0
424,0,17.1349,0,0,0
