1,67807239241,0.048699,63378407885,0,4428831356
2,55672842270,0.068576,50988732935,0,4684109335
3,47804633861,0.08667,44858527025,0,2946106836
4,40317229216,0.10472,37747841095,0,2569388121
5,34785680941,0.12273,32181718210,0,2603962731
6,29579908989,0.14076,27285029050,36923135,2257956804
7,25804937269,0.15878,23478596395,68384070,2257956804
8,22637507229,0.17678,20478596395,68384070,2090526764
9,19665287828,0.19476,17824974550,68384070,1771929208
10,17415287828,0.21281,15574974550,68384070,1771929208
11,15602711258,0.23099,13762397980,68384070,1771929208
12,13908890733,0.24898,12068577455,68384070,1771929208
13,12342995643,0.26698,10607302535,68384070,1667309038
14,10249667431,0.28499,8783751105,108153320,1357763006
15,9187348450,0.30296,6519174980,108153320,2560020150
16,6849210622,0.3209,6315703680,122031712,411475230
17,5841154097,0.33886,5307647155,122031712,411475230
18,4939564012,0.35698,4406057070,122031712,411475230
19,4589641848,0.375,3842522485,122031712,625087651
20,4255291997,0.39295,3653844960,189971807,411475230
21,3973079452,0.41092,3371632415,189971807,411475230
22,3757558757,0.4289,3104726220,241357307,411475230
23,3543226877,0.44685,2890394340,241357307,411475230
24,3022548537,0.46481,2369716000,241357307,411475230
25,391961834.2563,0.48292,316672649.7287,19272924.464,56016260.0636
26,366420553.4456,0.50109,325006243.7531,19272924.464,22141385.2285
27,304647429.6734,0.51931,261340242.3938,21165802.0511,22141385.2285
28,283585395.7966,0.53758,236537237.6796,24906772.8885,22141385.2285
29,264013819.127,0.55581,216965661.0099,24906772.8885,22141385.2285
30,214584022.0084,0.57398,167535863.8914,24906772.8885,22141385.2285
31,197466524.5314,0.59227,124022178.4693,29791792.927,43652553.1351
32,165911408.2352,0.61053,88618185.6303,33640669.4698,43652553.1351
33,162161388.2578,0.62869,80833908.4343,37674926.6884,43652553.1351
34,166903805.989,0.64689,80833908.4343,42417344.4196,43652553.1351
35,174572332.3871,0.66516,80833908.4343,47601916.7657,46136507.1871
36,188585208.9498,0.68352,88857866.1084,53590835.6543,46136507.1871
37,201218827.5684,0.70194,106171863.7307,53590835.6543,41456128.1833
38,1106724959,0.7299,385600045,721124914,0
39,1004657844,0.7564,283532930,721124914,0
40,929657844,0.78278,283532930,646124914,0
41,870267938,0.80913,283532930,586735008,0
42,820267938,0.8355,283532930,536735008,0
43,770267938,0.8619,283532930,486735008,0
44,748885638,0.88828,262150630,486735008,0
45,735216875,0.91468,295330525,439886350,0
46,730005320,0.94107,338318945,391686375,0
47,787424940,0.96772,395738565,391686375,0
48,833302295,0.9943,441615920,391686375,0
49,928562140,1.0212,536875765,391686375,0
50,222411845.9256,1.048,75236373.8081,144130254.5575,3045217.56
51,215910822.04,1.0746,92871583.2652,123039238.7747,0
52,211229262.0636,1.1012,109281039.0716,101948222.992,0
53,209252158.1312,1.1277,107303935.1392,101948222.992,0
54,208525216.671,1.1544,94490890.529,101948222.992,12086103.15
55,208525216.671,1.1812,94490890.529,101948222.992,12086103.15
56,209408949.864,1.2079,95374623.722,101948222.992,12086103.15
57,211881512.1569,1.2347,97847186.0149,101948222.992,12086103.15
58,204913856.1317,1.2614,107655007.5781,85172745.4036,12086103.15
59,199608785.2052,1.288,102349936.6516,85172745.4036,12086103.15
60,188593323.7826,1.3147,91334475.229,85172745.4036,12086103.15
61,181953552.2293,1.3414,84694703.6756,85172745.4036,12086103.15
62,190243371.9478,1.3683,114075539.1769,64081729.6209,12086103.15
63,185261211.5876,1.3948,106456500.0668,64081729.6209,14722981.9
64,175262066.8819,1.4216,106456500.0668,54082584.9152,14722981.9
65,177239170.8143,1.4484,108433603.9991,54082584.9152,14722981.9
66,177239170.8143,1.4754,108433603.9991,54082584.9152,14722981.9
67,176355437.6213,1.5023,107549870.8061,54082584.9152,14722981.9
68,182883512.3315,1.5291,120362915.4163,54082584.9152,8438012
69,187064082.9171,1.556,102727705.9592,75173600.6979,9162776.26
70,194031738.9423,1.583,92919884.3961,91949078.2863,9162776.26
71,191559176.6494,1.6097,90447322.1031,91949078.2863,9162776.26
72,196240736.6258,1.6366,74037866.2968,113040094.069,9162776.26
73,202880508.1792,1.6637,80677637.8502,113040094.069,9162776.26
74,205109041.6418,1.6906,82906171.3128,113040094.069,9162776.26
75,228498781.0644,1.7175,67204414.597,147690555.0791,13603811.3883
76,1135366022,1.7617,772862640,277981626,84521756
77,1042186127,1.805,689682745,267981626,84521756
78,992186127,1.8483,639682745,267981626,84521756
79,942186127,1.8917,589682745,267981626,84521756
80,847664371,1.9348,589682745,257981626,0
81,807664371,1.9779,539682745,267981626,0
82,757664371,2.021,489682745,267981626,0
83,719576671,2.064,441595045,277981626,0
84,684788226,2.1071,398606625,286181601,0
85,634788226,2.1501,348606625,286181601,0
86,517869241,2.1931,231687640,286181601,0
87,486568221,2.2361,200386620,286181601,0
88,436568221,2.2791,150386620,286181601,0
89,413019939,2.3223,130716730,282303209,0
90,403019939,2.3653,130716730,272303209,0
91,394284084,2.4085,121980875,272303209,0
92,386790389,2.4517,124487180,262303209,0
93,381618894,2.4949,119315685,262303209,0
94,336790389,2.5381,74487180,262303209,0
95,331790389,2.5812,74487180,257303209,0
96,326790389,2.6244,69487180,257303209,0
97,275516594,2.6675,18213385,257303209,0
98,271516594,2.7106,13213385,258303209,0
99,268219619,2.7537,9916410,258303209,0
100,203642215.2444,2.7967,2818013.8083,200824201.4361,0
101,163786788.2032,2.8399,2818013.8083,160968774.3949,0
102,125981934.4619,2.8832,4666575.4528,121315359.0091,0
103,87708154.2311,2.9271,12544152.837,75164001.3941,0
104,67823846.92,2.9704,18142487.1355,49681359.7845,0
105,58465201.9812,3.0135,18414129.8678,40051072.1134,0
106,49636641.8101,3.0585,18414129.8678,30420784.4423,801727.5
107,41835954.2768,3.1024,18510254.1491,22523972.6277,801727.5
108,36155020.8446,3.1468,18879966.478,12893684.9566,4381369.41
109,31910115.5122,3.1903,18879966.478,8148779.6242,4881369.41
110,28330473.6022,3.2335,18879966.478,8148779.6242,1301727.5
111,23700185.9311,3.2766,19064822.6424,3333635.7887,1301727.5
112,21470619.9819,3.3198,16835256.6932,3333635.7887,1301727.5
113,19636198.3551,3.363,15000835.0664,3333635.7887,1301727.5
114,17841197.1205,3.4062,13205833.8318,3333635.7887,1301727.5
115,16701047.5544,3.4495,12065684.2657,3333635.7887,1301727.5
116,15961622.8966,3.4928,11326259.6079,3333635.7887,1301727.5
117,15222198.2388,3.5364,10586834.9501,3333635.7887,1301727.5
118,14487896.9581,3.5796,10852533.6694,3333635.7887,301727.5
119,13901481.3339,3.6229,10889504.9023,2370607.0216,641369.41
120,13360984.3875,3.6661,10349007.956,2370607.0216,641369.41
121,12823558.5306,3.7093,9811582.099,2370607.0216,641369.41
122,12305354.9419,3.7528,9293378.5103,2370607.0216,641369.41
123,11803115.2162,3.796,9293378.5103,1868367.2959,641369.41
124,11395163.5781,3.8391,8885426.8722,1868367.2959,641369.41
125,97445865.6006,3.8838,85660312.959,8175646.4102,3609906.2314
126,80413610.6557,3.9289,61876826.0203,14926878.404,3609906.2314
127,68884519.5669,3.9722,50347734.9316,14926878.404,3609906.2314
128,61086977.3805,4.0155,42550192.7451,14926878.404,3609906.2314
129,54382897.0109,4.059,35846112.3755,14926878.404,3609906.2314
130,45583092.9002,4.1022,20759889.3677,23124949.8187,1698253.7138
131,39979284.7208,4.1456,15156081.1883,23124949.8187,1698253.7138
132,35318549.5014,4.189,10495345.9689,23124949.8187,1698253.7138
133,31397855.2307,4.2324,6335114.7089,23364486.808,1698253.7138
134,30507450.1316,4.2758,6335114.7089,24172335.4227,0
135,27954932.4944,4.3219,3782597.0717,24172335.4227,0
136,27301305.6045,4.367,3002842.8531,24298462.7514,0
137,25661691.3215,4.4104,3002842.8531,22658848.4685,0
138,25312578.2032,4.454,2653729.7348,22658848.4685,0
139,23116228.9005,4.4974,457380.432,22658848.4685,0
140,22296421.759,4.5407,457380.432,21839041.327,0
141,20199427.044,4.584,0,20199427.044,0
142,20199427.044,4.6277,0,20199427.044,0
143,20199427.044,4.6714,0,20199427.044,0
144,20035465.6157,4.7164,0,20035465.6157,0
145,19871504.1874,4.7598,0,19871504.1874,0
146,19871504.1874,4.8042,0,19871504.1874,0
147,19745376.8587,4.8476,0,19745376.8587,0
148,18496622.9552,4.8907,390860.3794,18105762.5758,0
149,18105762.5758,4.9339,0,18105762.5758,0
150,110426963,4.9783,0,110426963,0
151,72871780.61,5.0213,1442735.05,67503828,3925217.56
152,31570349.98,5.0645,1792074.83,25563733,4214542.15
153,8373831.62,5.1079,2428525.61,5563733,381573.01
154,4806563.02,5.1509,2428525.61,1636668,741369.41
155,3388617.04,5.1944,2186312.63,460935,741369.41
156,2927682.04,5.2376,2186312.63,0,741369.41
157,2538040.13,5.2812,2136312.63,0,401727.5
158,2168178.97,5.3244,2168178.97,0,0
159,1912499.93,5.3702,1912499.93,0,0
160,1773274.74,5.4136,1773274.74,0,0
161,1673274.74,5.4569,1673274.74,0,0
162,1573274.74,5.5007,1573274.74,0,0
163,1513884.36,5.5439,1513884.36,0,0
164,1313884.36,5.5871,1313884.36,0,0
165,1263884.36,5.6303,1263884.36,0,0
166,1223274.74,5.6734,1223274.74,0,0
167,1163884.36,5.7165,1163884.36,0,0
168,963884.36,5.7596,963884.36,0,0
169,923884.36,5.8026,923884.36,0,0
170,883884.36,5.8456,883884.36,0,0
171,844227.35,5.8887,844227.35,0,0
172,795090.03,5.9316,795090.03,0,0
173,763223.69,5.9746,763223.69,0,0
174,663223.69,6.0176,663223.69,0,0
175,46857791.95,6.0613,46388391,469400.95,0
176,46356530.95,6.1048,45887130,469400.95,0
177,43555772.95,6.148,43086372,469400.95,0
178,42295568.95,6.1914,41826168,469400.95,0
179,41356530.95,6.2347,40887130,469400.95,0
180,40644677.95,6.278,40175277,469400.95,0
181,19197883.3,6.3213,18629251,568632.3,0
182,19111615.3,6.3665,18542983,568632.3,0
183,18077316.3,6.4096,17508684,568632.3,0
184,14111615.3,6.4531,13542983,568632.3,0
185,14111615.3,6.4971,13542983,568632.3,0
186,14011615.3,6.5406,13542983,468632.3,0
187,14011615.3,6.5844,13542983,468632.3,0
188,6210857.3,6.6275,5742225,468632.3,0
189,4950653.3,6.6709,4482021,468632.3,0
190,4950653.3,6.7148,4482021,468632.3,0
191,4950653.3,6.7589,4482021,468632.3,0
192,1552931.3,6.802,1034299,518632.3,0
193,552931.3,6.845,34299,518632.3,0
194,452931.3,6.888,34299,418632.3,0
195,352931.3,6.931,34299,318632.3,0
196,318632.3,6.9741,0,318632.3,0
197,308632.3,7.0171,0,308632.3,0
198,303632.3,7.0618,0,303632.3,0
199,303632.3,7.1049,0,303632.3,0
200,30363230,7.1502,0,30363230,0
201,30363230,7.194,0,30363230,0
202,30363230,7.2381,0,30363230,0
203,7725603.954,7.2572,0,7725603.954,0
204,13628846.5667,7.2754,0,13628846.5667,0
205,19558888.827,7.2937,2040858.3769,17518030.4501,0
206,34649095.4765,7.312,12388647.2952,22260448.1812,0
207,61241266.2584,7.3304,34042063.462,27199202.7963,0
208,160023601.1305,7.3591,6387088.3789,153636512.7516,0
209,119280773.2426,7.3859,6387088.3789,112893684.8638,0
210,81214788.8391,7.4125,1052184.5131,80162604.3261,0
211,53320348.3021,7.4391,0,53320348.3021,0
212,59407290.7671,7.4657,6086942.465,53320348.3021,0
213,70385020.5151,7.4925,17064672.2129,53320348.3021,0
214,83684944.338,7.5194,30364596.0359,53320348.3021,0
215,47098438.4251,7.5459,30364596.0359,16733842.3892,0
216,47098438.4251,7.5726,30364596.0359,16733842.3892,0
217,51770023.9359,7.6011,35036181.5467,16733842.3892,0
218,61624262.6079,7.6284,35036181.5467,16733842.3892,9854238.672
219,72358016.4338,7.6552,45769935.3726,16733842.3892,9854238.672
220,23800787.92,7.7007,1231683.42,20363230,2205874.5
221,14060051.85,7.7439,1490947.35,10363230,2205874.5
222,13960051.85,7.7879,1390947.35,10363230,2205874.5
223,11603587,7.8311,1240357,10363230,0
224,11331999.06,7.8743,968769.06,10363230,0
225,16815021.0588,7.9177,7337740.3545,9477280.7043,0
226,15960124.1824,7.9608,6482843.478,9477280.7043,0
227,15110871.5061,8.0033,5633590.8018,9477280.7043,0
228,14603145.0026,8.0478,5125864.2983,9477280.7043,0
229,13837587.329,8.0904,4360306.6246,9477280.7043,0
230,11567391.5757,8.134,2090110.8714,9477280.7043,0
231,6069855.8057,8.1762,2939363.5476,3130492.2581,0
232,3794260.424,8.2183,3794260.424,0,0
233,3384854.157,8.2602,3384854.157,0,0
234,3037683.7841,8.3029,3037683.7841,0,0
235,2904537.3571,8.3462,2904537.3571,0,0
236,2844813.1499,8.3896,2844813.1499,0,0
237,2805000.5169,8.433,2805000.5169,0,0
238,1955747.8407,8.4761,1955747.8407,0,0
239,1694665.5832,8.5197,1694665.5832,0,0
240,1445571.5447,8.5629,1445571.5447,0,0
241,1267217.145,8.606,1267217.145,0,0
242,1241451.6645,8.6496,1241451.6645,0,0
243,1070472.2892,8.6929,1070472.2892,0,0
244,1070472.2892,8.7361,1070472.2892,0,0
245,831036.3626,8.7791,831036.3626,0,0
246,723301.9163,8.8223,723301.9163,0,0
247,723301.9163,8.8657,723301.9163,0,0
248,723301.9163,8.9097,723301.9163,0,0
249,723301.9163,8.9536,723301.9163,0,0
250,7982021,8.9972,7982021,0,0
251,11559036.3404,9.018,6258004.6754,5301031.6651,0
252,21279829.9541,9.0363,11063837.7766,10043449.3962,172542.7813
253,34857198.8059,9.0545,11063837.7766,21935610.8976,1857750.1317
254,56955873.7348,9.0729,33162512.7055,21935610.8976,1857750.1317
255,88798063.0416,9.0917,65004702.0123,21935610.8976,1857750.1317
256,135243341.2732,9.1209,48824550.7486,86362170.682,56619.8426
257,99977946.5958,9.1476,46346856.4515,53631090.1443,0
258,83561394.2125,9.1743,29930304.0683,53631090.1443,0
259,93690390.1457,9.2012,40059300.0014,53631090.1443,0
260,105523318.3074,9.2285,46093587.04,59429731.2674,0
261,117674528.7348,9.2555,48154471.655,69520057.0798,0
262,81088022.8219,9.282,48154471.655,32933551.1669,0
263,93607846.3873,9.309,56899850.0505,36707996.3368,0
264,95371422.8348,9.336,56899850.0505,38471572.7844,0
265,83978234.6632,9.3628,45506661.8788,38471572.7844,0
266,89024303.4933,9.3897,50552730.7089,38471572.7844,0
267,56668978.9319,9.4163,35241990.3789,21426988.553,0
268,67653449.6125,9.4432,46226461.0595,21426988.553,0
269,67653449.6125,9.4702,46226461.0595,21426988.553,0
270,57524453.6793,9.4968,36097465.1263,21426988.553,0
271,45691525.5176,9.5238,30063178.0877,15628347.4299,0
272,33540315.0902,9.5504,28002293.4728,5538021.6174,0
273,46658817.4063,9.5773,41120795.7889,5538021.6174,0
274,34138993.8409,9.6046,32375417.3934,1763576.4475,0
275,77900624.8814,9.6316,75958780.0483,1941844.8331,0
276,80038546.5029,9.6584,75958780.0483,4079766.4547,0
277,90158068.9133,9.6853,83627608.2583,6530460.655,0
278,93977045.8661,9.7127,83627608.2583,10349437.6078,0
279,63010984.41,9.7586,61007559,2003425.41,0
280,50527060.41,9.8023,48523635,2003425.41,0
281,40527060.41,9.8454,38523635,2003425.41,0
282,30527060.41,9.8886,28523635,2003425.41,0
283,22440490.41,9.9318,20437065,2003425.41,0
284,9985446.41,9.9749,7982021,2003425.41,0
285,5451147.41,10.018,3447722,2003425.41,0
286,2047656.76,10.061,0,2047656.76,0
287,1633801.76,10.1041,0,1633801.76,0
288,1289902.7,10.1471,0,1289902.7,0
289,1189902.7,10.1902,0,1189902.7,0
290,1089902.7,10.2337,0,1089902.7,0
291,1057902.95,10.2769,0,1057902.95,0
292,1057902.95,10.3203,0,1057902.95,0
293,1057902.95,10.3642,0,1057902.95,0
294,1057902.95,10.408,0,1057902.95,0
295,1057902.95,10.452,0,1057902.95,0
296,11340194.2715,10.4729,2892600.9921,8447593.2794,0
297,45481321.5475,10.4914,34197254.8272,11284066.7204,0
298,50782353.2126,10.5097,34197254.8272,16585098.3854,0
299,55524770.9438,10.5279,34197254.8272,21327516.1166,0
300,168388038.1734,10.5465,64264352.4148,102590374.2585,1533311.5
301,126123023.8096,10.5761,110792330.4548,13797381.8548,1533311.5
302,122624134.749,10.603,107293441.3942,13797381.8548,1533311.5
303,63502499.8019,10.6297,49705117.9471,13797381.8548,0
304,23801406.4016,10.6562,11839020.5666,11962385.835,0
305,39763004.3373,10.6833,26854814.6953,12908189.642,0
306,55460639.7303,10.7108,42552450.0883,12908189.642,0
307,69331038.5818,10.7381,54519294.7322,14811743.8497,0
308,66263032.5377,10.7649,54519294.7322,11743737.8056,0
309,62833643.1186,10.7917,54519294.7322,8314348.3864,0
310,79329579.7666,10.819,72949338.4615,6380241.3051,0
311,76746644.1714,10.8458,72949338.4615,3797305.7099,0
312,64907623.6047,10.8727,61110317.8949,3797305.7099,0
313,64907623.6047,10.8998,61110317.8949,3797305.7099,0
314,79188728.2541,10.9269,75391422.5442,3797305.7099,0
315,79990550.0358,10.9538,75391422.5442,4599127.4916,0
316,64028952.1001,10.9805,60375628.4156,3653323.6846,0
317,48331316.7071,11.007,44677993.0225,3653323.6846,0
318,34460917.8556,11.0339,32711148.3787,1749769.4769,0
319,36250130.4721,11.0607,32711148.3787,3526307.7233,12674.37
320,38388052.0936,11.0876,32711148.3787,5664229.3449,12674.37
321,25391004.5062,11.1142,17779993.71,7598336.4262,12674.37
322,27973940.1014,11.1411,17779993.71,10181272.0214,12674.37
323,39812960.6681,11.1682,29619014.2766,10181272.0214,12674.37
324,36314071.6074,11.1954,26120125.216,10181272.0214,12674.37
325,64248937.9984,11.2222,8979484.9113,55256778.7171,12674.37
326,59884539.3383,11.249,8979484.9113,50905054.4269,0
327,73966737.5246,11.276,23061683.0977,50905054.4269,0
328,89720813.6606,11.3033,37918591.7084,51802221.9522,0
329,106242928.1015,11.3305,49307548.7636,56935379.3379,0
330,96601128.8684,11.3573,49307548.7636,47293580.1048,0
331,84997995.0255,11.3841,49307548.7636,35690446.2618,0
332,88479569.5641,11.4111,63286095.2701,25193474.294,0
333,74461213.0831,11.4378,63286095.2701,11175117.8129,0
334,65481728.1718,11.4645,54306610.3588,11175117.8129,0
335,65481728.1718,11.4912,54306610.3588,11175117.8129,0
336,79218371.936,11.5195,65138331.0231,11175117.8129,2904923.1
337,83570096.2261,11.5468,65138331.0231,15526842.103,2904923.1
338,66582974.9397,11.5737,51056132.8367,15526842.103,0
339,50828898.8038,11.6003,36199224.226,14629674.5778,0
340,34306784.3628,11.6269,24810267.1707,9496517.1921,0
341,43961257.966,11.6537,24810267.1707,19138316.4252,12674.37
342,55564391.8089,11.6809,24810267.1707,30741450.2681,12674.37
343,54736602.8051,11.7079,13485506.199,41238422.236,12674.37
344,66642712.7203,11.7349,25391616.1143,41238422.236,12674.37
345,75622197.6316,11.7623,34371101.0256,41238422.236,12674.37
346,72968412.0968,11.7893,31717315.4907,41238422.236,12674.37
347,62136691.4325,11.816,20885594.8265,41238422.236,12674.37
348,57772292.7724,11.8427,20885594.8265,36886697.9459,0
349,71790649.2535,11.8696,20885594.8265,50905054.4269,0
350,144303790.4981,11.8968,15559838.6383,128743951.8598,0
351,151510460.2633,11.9242,22766508.4035,128743951.8598,0
352,127125389.8555,11.9509,22766508.4035,104358881.452,0
353,97779908.9064,11.9775,22766508.4035,75013400.503,0
354,105685895.0262,12.0044,30672494.5232,75013400.503,0
355,114008798.2435,12.0312,38995397.7405,75013400.503,0
356,123273834.0062,12.0582,48260433.5032,75013400.503,0
357,124347191.7186,12.0851,49333791.2156,75013400.503,0
358,160634346.95,12.1343,159576444,1057902.95,0
359,152802413.95,12.1781,151744511,1057902.95,0
360,148704729.95,12.2216,147646827,1057902.95,0
361,124257105.95,12.2653,123199203,1057902.95,0
362,114257105.95,12.3087,113199203,1057902.95,0
363,104440385.95,12.3521,103382483,1057902.95,0
364,100650902.95,12.3956,99693000,957902.95,0
365,39144536.95,12.4387,38186634,957902.95,0
366,5581013.95,12.4817,4623111,957902.95,0
367,957902.95,12.5248,0,957902.95,0
368,457902.95,12.5678,0,457902.95,0
369,447902.95,12.611,0,447902.95,0
370,447902.95,12.6555,0,447902.95,0
371,447902.95,12.6997,0,447902.95,0
372,447902.95,12.7435,0,447902.95,0
373,447902.95,12.7875,0,447902.95,0
374,17204316.6004,12.8077,0,17204316.6004,0
375,45497548.15,12.8261,707253.15,44790295,0
376,46238020.16,12.8442,1447725.16,44790295,0
377,46652653.62,12.8624,1862358.62,44790295,0
378,47404064.95,12.8806,2613769.95,44790295,0
379,87224815.6461,12.9094,55465074.9489,31759740.6972,0
380,85224638.7484,12.9362,66937350.1752,18287288.5732,0
381,79743086.9315,12.9636,61455798.3583,18287288.5732,0
382,83105423.7505,12.9905,64818135.1773,18287288.5732,0
383,87199799.8772,13.0174,64056290.3203,23143509.5569,0
384,98205743.9592,13.0443,64056290.3203,34149453.6389,0
385,110590790.7625,13.0714,73621456.8431,35567606.4194,1401727.5
386,193160509.22,13.1173,191257177,501604.72,1401727.5
387,139804282.72,13.1605,139302678,501604.72,0
388,90757081.72,13.2036,90255477,501604.72,0
389,70757081.72,13.2466,70255477,501604.72,0
390,54515197.72,13.2898,54013593,501604.72,0
391,49855802.72,13.3338,49354198,501604.72,0
392,43518408.72,13.3773,43016804,501604.72,0
393,41960952.72,13.4211,41459348,501604.72,0
394,40256487.15,13.4646,39823369,433118.15,0
395,36343155.94,13.508,36065253,277902.94,0
396,14846264.44,13.5512,13186634,257902.94,1401727.5
397,257902.94,13.5943,0,257902.94,0
398,157902.94,13.6374,0,157902.94,0
399,73502,13.6804,0,73502,0
400,3986328.93,13.7236,59263.93,3927065,0
401,59263.93,13.7668,59263.93,0,0
402,9786.71,13.8099,9786.71,0,0
403,0,13.8531,0,0,0
