1,34118267924,0.047782,29502957670,0,4615310254
2,30661709894,0.075152,26046399640,0,4615310254
3,27661709894,0.1023,23046399640,0,4615310254
4,24560896085,0.12947,20147125745,0,4413770340
5,21746717905,0.15658,17638540155,0,4108177750
6,19456398498,0.18373,15343503020,4717728,4108177750
7,17206398498,0.21088,13093503020,4717728,4108177750
8,15666056493,0.23804,11553161015,4717728,4108177750
9,14409811678,0.26514,10785337795,4717728,3619756155
10,13235338914,0.29229,9567073040,48509719,3619756155
11,12115102295,0.31942,8319597660,48509719,3746994916
12,11257908622,0.34649,7194597660,48509719,4014801243
13,10090335225,0.37358,6247667110,48509719,3794158396
14,9296816275,0.40069,5122048970,48509719,4126257586
15,8074864595,0.42784,4615727170,48509719,3410627706
16,7330174195,0.45503,4240727170,48509719,3040937306
17,6726174652,0.4821,3887977505,75231524,2762965623
18,5855621031,0.50924,3087451780,75231524,2692937727
19,5305649086,0.5363,2806601050,75231524,2423816512
20,4718624777,0.56336,2892050980,75231524,1751342273
21,3817218592,0.59045,2058957415,93863006,1664398171
22,3297866533,0.6175,1580480035,93863006,1623523492
23,2630076030,0.64453,1681356220,93863006,854856804
24,2389248741,0.67163,1430248245,104143692,854856804
25,391770131.6482,0.69893,202107832.6087,5918680.0308,183743619.0086
26,355433386.0212,0.72626,206624089.929,5918680.0308,142890616.0614
27,338523376.3407,0.75348,232191520.9369,6781122.851,99550732.5528
28,327361767.0855,0.78065,222938737.4747,4872297.058,99550732.5528
29,311164439.8001,0.80783,206055723.3138,5557983.9335,99550732.5528
30,303524716.9091,0.83498,198319933.4447,5654050.9116,99550732.5528
31,300319089.6668,0.86216,195114306.2024,5654050.9116,99550732.5528
32,300319089.6668,0.88935,195114306.2024,5654050.9116,99550732.5528
33,302454295.0882,0.9166,195114306.2024,7789256.333,99550732.5528
34,317222522.8707,0.94401,206984366.6138,10687423.7041,99550732.5528
35,308605800.0899,0.97127,195738649.025,13316418.5121,99550732.5528
36,329241640.3632,0.99882,216374489.2983,13316418.5121,99550732.5528
37,355856720.9299,1.0264,240994243.9344,15311744.4428,99550732.5528
38,372766730.6104,1.0539,215426812.9265,14449301.6225,142890616.0614
39,364374273.5298,1.0813,281206551.3043,17491676.1218,65676046.1038
40,385731319.5063,1.109,289162705.1754,18099298.1871,78469316.1438
41,393371042.3973,1.1364,296898495.0446,18003231.209,78469316.1438
42,396576669.6396,1.1639,300104122.2868,18003231.209,78469316.1438
43,396576669.6396,1.1913,300104122.2868,18003231.209,78469316.1438
44,2761016652,1.2328,2128674500,413027392,219314760
45,2486650272,1.2728,1904308120,363027392,219314760
46,2045436677,1.3127,1512790550,349087419,183558708
47,1771280997,1.3528,1254919665,317445654,198915678
48,1519866393,1.3927,1049281525,271669190,198915678
49,1347504163,1.4327,876919295,271669190,198915678
50,179597240.2365,1.473,95462735.229,54770998.7262,29363506.2812
51,165246364.6231,1.5132,81111859.6157,54770998.7262,29363506.2812
52,150906014.612,1.5535,66771509.6045,54770998.7262,29363506.2812
53,140146817.6863,1.5938,66092770.9609,44690540.4442,29363506.2812
54,130066359.4043,1.6341,66092770.9609,34610082.1621,29363506.2812
55,120190421.9274,1.6741,66092770.9609,24734144.6853,29363506.2812
56,118111025.1946,1.7142,66092770.9609,22654747.9525,29363506.2812
57,118111025.1946,1.7544,66092770.9609,22654747.9525,29363506.2812
58,118111025.1946,1.7945,66092770.9609,22654747.9525,29363506.2812
59,127368963.2581,1.8348,71562071.3981,26443385.5787,29363506.2812
60,138925936.424,1.8752,83119044.5641,26443385.5787,29363506.2812
61,852695127,1.9422,638617825,131161624,82915678
62,750025616,2.007,546229000,120880938,82915678
63,684668646,2.0718,496229000,120880938,67558708
64,634668646,2.1366,446229000,120880938,67558708
65,584668646,2.2014,396229000,120880938,67558708
66,534668646,2.2662,346229000,120880938,67558708
67,492647076,2.3314,304207430,120880938,67558708
68,455658996,2.3964,304207430,130880938,20570628
69,419292931,2.4611,267841365,130880938,20570628
70,394292931,2.5259,242841365,130880938,20570628
71,375500940,2.591,242841365,112088947,20570628
72,354930312,2.6561,242841365,112088947,0
73,331762510,2.7216,204102935,107088947,20570628
74,281762510,2.7865,154102935,107088947,20570628
75,53590191.5092,2.8579,11387297.6399,40701094.5834,1501799.2859
76,49789510.3256,2.9228,11387297.6399,36900413.3998,1501799.2859
77,45988829.142,2.9885,11387297.6399,33099732.2162,1501799.2859
78,42188147.9584,3.0534,11387297.6399,29299051.0326,1501799.2859
79,38464357.2156,3.1183,11387297.6399,25575260.2898,1501799.2859
80,35997975.4741,3.1831,11387297.6399,23108878.5483,1501799.2859
81,33819833.973,3.2481,11387297.6399,20930737.0472,1501799.2859
82,32026775.9691,3.3131,11387297.6399,19137679.0433,1501799.2859
83,30524976.6832,3.3779,11387297.6399,19137679.0433,0
84,29433461.1417,3.4427,10295782.0984,19137679.0433,0
85,28526821.5332,3.5078,9389142.4899,19137679.0433,0
86,27898903.0619,3.5725,8761224.0186,19137679.0433,0
87,27435406.5485,3.6372,8487761.5643,18947644.9841,0
88,27007522.034,3.7023,8059877.0499,18947644.9841,0
89,26625260.3546,3.7672,7677615.3705,18947644.9841,0
90,26435226.2954,3.8322,7677615.3705,18757610.925,0
91,26339384.8153,3.897,7581773.8903,18757610.925,0
92,26161763.8412,3.9695,7404152.9162,18757610.925,0
93,26065922.361,4.0401,7308311.4361,18757610.925,0
94,25888301.387,4.1048,7130690.462,18757610.925,0
95,25792459.9068,4.1696,7034848.9818,18757610.925,0
96,25722699.6347,4.2344,6965088.7097,18757610.925,0
97,25614838.9327,4.2993,6857228.0077,18757610.925,0
98,25518997.4525,4.3642,6761386.5276,18757610.925,0
99,25449237.1804,4.429,6691626.2555,18757610.925,0
100,39299105.3082,4.4943,3085602.6666,36007796.3616,205706.28
101,21059400.2204,4.5593,3085602.6666,15273210.4737,2700587.08
102,20559400.2204,4.6244,3085602.6666,15273210.4737,2200587.08
103,20059400.2204,4.6894,3085602.6666,15273210.4737,1700587.08
104,20007545.0045,4.7632,3033747.4507,15273210.4737,1700587.08
105,19957545.0045,4.8325,3033747.4507,15273210.4737,1650587.08
106,19907545.0045,4.8973,3033747.4507,15273210.4737,1600587.08
107,19857545.0045,4.962,3033747.4507,15273210.4737,1550587.08
108,19807545.0045,5.027,3033747.4507,15273210.4737,1500587.08
109,19761468.1613,5.0925,2987670.6076,15273210.4737,1500587.08
110,19736468.1613,5.1577,2987670.6076,15273210.4737,1475587.08
111,19711468.1613,5.2238,2987670.6076,15273210.4737,1450587.08
112,19711468.1613,5.2887,2987670.6076,15273210.4737,1450587.08
113,19711468.1613,5.3544,2987670.6076,15273210.4737,1450587.08
114,19711468.1613,5.4197,2987670.6076,15273210.4737,1450587.08
115,19711468.1613,5.4857,2987670.6076,15273210.4737,1450587.08
116,59606073.467,5.5139,6801831.4365,903231.7316,51901010.2989
117,59606073.467,5.5414,6801831.4365,903231.7316,51901010.2989
118,61741278.8884,5.5689,6801831.4365,3038437.153,51901010.2989
119,88699816.897,5.5965,30644259.7346,6154546.8635,51901010.2989
120,88699816.897,5.6239,30644259.7346,6154546.8635,51901010.2989
121,83193938.7195,5.6652,33314138.5377,28466544.4428,21413255.739
122,83193938.7195,5.7071,33314138.5377,28466544.4428,21413255.739
123,84358527.0085,5.7477,33314138.5377,29631132.7318,21413255.739
124,87267280.4739,5.7893,36222892.0031,29631132.7318,21413255.739
125,67795627.7049,5.8336,6571644.2242,25630125.2248,35593858.2559
126,51162846.631,5.8761,6571644.2242,8997344.1509,35593858.2559
127,45203014.1825,5.9164,14306040.0842,25849445.2228,5047528.8755
128,39884322.2626,5.9568,21070853.7663,18813468.4963,0
129,39884322.2626,5.9977,21070853.7663,18813468.4963,0
130,39884322.2626,6.0379,21070853.7663,18813468.4963,0
131,45583171.3892,6.0784,26769702.8928,18813468.4963,0
132,48796187.6608,6.1188,29982719.1644,18813468.4963,0
133,57202688.6456,6.1864,16363715.5712,40838973.0744,0
134,52945088.2223,6.2518,16363715.5712,36581372.6512,0
135,50499463.2134,6.319,13918090.5622,36581372.6512,0
136,50419848.354,6.3872,13838475.7028,36581372.6512,0
137,50156908.2034,6.458,13575535.5523,36581372.6512,0
138,40516212.7639,6.5227,11305438.6073,29210774.1566,0
139,40253272.6133,6.5875,11042498.4567,29210774.1566,0
140,40196042.6378,6.6527,10985268.4812,29210774.1566,0
141,40121802.5381,6.7181,10911028.3815,29210774.1566,0
142,40121802.5381,6.7832,10911028.3815,29210774.1566,0
143,36944741.6618,6.8476,7733967.5052,29210774.1566,0
144,36076251.1334,6.9122,6865476.9768,29210774.1566,0
145,35386159.8906,6.9768,5550776.224,29210774.1566,624609.51
146,34761550.3806,7.0415,5550776.224,29210774.1566,0
147,34709243.9594,7.1066,5498469.8028,29210774.1566,0
148,34709243.9594,7.1721,5498469.8028,29210774.1566,0
149,27338645.4649,7.2368,5498469.8028,21840175.6621,0
150,27676553.6345,7.3019,4004686.9051,23671866.7294,0
151,27676553.6345,7.3671,4004686.9051,23671866.7294,0
152,27676553.6345,7.4325,4004686.9051,23671866.7294,0
153,27676553.6345,7.4976,4004686.9051,23671866.7294,0
154,8782981.1093,7.5256,4222884.6217,4560096.4875,0
155,8782981.1093,7.5528,4222884.6217,4560096.4875,0
156,8782981.1093,7.5798,4222884.6217,4560096.4875,0
157,8782981.1093,7.6069,4222884.6217,4560096.4875,0
158,10124480.0653,7.634,4222884.6217,5901595.4436,0
159,53918253.6549,7.6752,7946121.8789,45972131.7761,0
160,43468271.5485,7.7153,7946121.8789,35522149.6696,0
161,43468271.5485,7.7554,7946121.8789,35522149.6696,0
162,44831001.7526,7.7954,2928133.2547,41902868.4979,0
163,24706786.1349,7.8353,8264857.9803,16441928.1546,0
164,32029379.1741,7.8756,15587451.0195,16441928.1546,0
165,33340423.0266,7.9158,8264857.9803,25075565.0463,0
166,31116681.5676,7.9556,6041116.5213,25075565.0463,0
167,31116681.5676,7.9955,6041116.5213,25075565.0463,0
168,31116681.5676,8.0355,6041116.5213,25075565.0463,0
169,40151028.3206,8.0757,15075463.2743,25075565.0463,0
170,31786033.9804,8.1157,6710468.9341,25075565.0463,0
171,31786033.9804,8.1557,6710468.9341,25075565.0463,0
172,25779956.842,8.1957,704391.7957,25075565.0463,0
173,19399238.0136,8.2357,704391.7957,18694846.218,0
174,19399238.0136,8.2756,704391.7957,18694846.218,0
175,53121015.7478,8.3156,61618.6569,53059397.0909,0
176,42520428.8457,8.3557,61618.6569,42458810.1889,0
177,42520428.8457,8.3958,61618.6569,42458810.1889,0
178,42520428.8457,8.4359,61618.6569,42458810.1889,0
179,42520428.8457,8.476,61618.6569,42458810.1889,0
180,42987273.8766,8.5163,528463.6877,42458810.1889,0
181,34130139.3392,8.5821,2927186.442,31202952.8971,0
182,32118894.9233,8.6471,915942.0262,31202952.8971,0
183,31777586.1425,8.7122,574633.2454,31202952.8971,0
184,31777586.1425,8.7773,574633.2454,31202952.8971,0
185,31777586.1425,8.8425,574633.2454,31202952.8971,0
186,31777586.1425,8.9078,574633.2454,31202952.8971,0
187,30978710.5841,8.9725,574633.2454,30404077.3387,0
188,30978710.5841,9.0378,574633.2454,30404077.3387,0
189,30978710.5841,9.1033,574633.2454,30404077.3387,0
190,30978710.5841,9.1689,574633.2454,30404077.3387,0
191,30404077.3387,9.2335,0,30404077.3387,0
192,30404077.3387,9.2989,0,30404077.3387,0
193,30404077.3387,9.3645,0,30404077.3387,0
194,30404077.3387,9.43,0,30404077.3387,0
195,30404077.3387,9.495,0,30404077.3387,0
196,1658915.6277,9.523,0,1658915.6277,0
197,1754982.6058,9.5503,0,1754982.6058,0
198,2321632.6883,9.5773,0,2321632.6883,0
199,3663131.6443,9.6046,0,3663131.6443,0
200,84183772.88,9.6319,144763.88,84039009,0
201,51854207.7523,9.6721,525641.7253,51328566.027,0
202,52048735.8015,9.7125,720169.7745,51328566.027,0
203,52574134.3205,9.7528,1245568.2935,51328566.027,0
204,53229879.2706,9.793,1901313.2436,51328566.027,0
205,53229879.2706,9.8332,1901313.2436,51328566.027,0
206,51333525.2896,9.899,8783380.709,42550144.5806,0
207,30221554.6288,9.9638,8783380.709,21438173.9198,0
208,28611700.697,10.0286,7173526.7772,21438173.9198,0
209,27947387.2698,10.0936,6509213.35,21438173.9198,0
210,26186702.2874,10.1584,6509213.35,19677488.9373,0
211,25755713.3249,10.2235,6078224.3875,19677488.9373,0
212,25181080.0794,10.2885,5503591.1421,19677488.9373,0
213,24979955.6379,10.3535,5302466.7005,19677488.9373,0
214,23075369.5246,10.4181,3397880.5873,19677488.9373,0
215,21064125.1088,10.4829,1386636.1714,19677488.9373,0
216,20863000.6672,10.5479,1185511.7298,19677488.9373,0
217,20791122.412,10.6128,1113633.4747,19677488.9373,0
218,20791122.412,10.6777,1113633.4747,19677488.9373,0
219,20791122.412,10.7427,1113633.4747,19677488.9373,0
220,20762438.4464,10.8076,1084949.5091,19677488.9373,0
221,20762438.4464,10.8728,1084949.5091,19677488.9373,0
222,20762438.4464,10.9383,1084949.5091,19677488.9373,0
223,20762438.4464,11.004,1084949.5091,19677488.9373,0
224,20562172.4039,11.0688,884683.4666,19677488.9373,0
225,23760786.3023,11.1342,189069.0224,23571717.2799,0
226,23616898.3595,11.1988,45181.0796,23571717.2799,0
227,23608422.3437,11.2636,36705.0638,23571717.2799,0
228,23593046.0527,11.3287,21328.7728,23571717.2799,0
229,23593046.0527,11.3934,21328.7728,23571717.2799,0
230,23593046.0527,11.4583,21328.7728,23571717.2799,0
231,23593046.0527,11.5239,21328.7728,23571717.2799,0
232,23593046.0527,11.5894,21328.7728,23571717.2799,0
233,24636439.32,11.6178,4957.32,24631482,0
234,24636439.32,11.645,4957.32,24631482,0
235,24636439.32,11.6725,4957.32,24631482,0
236,25223364.89,11.6997,591882.89,24631482,0
237,25832770.09,11.7269,1201288.09,24631482,0
238,25886249.3944,11.7672,2149143.4428,23737105.9516,0
239,23755106.1201,11.8071,18000.1685,23737105.9516,0
240,23755106.1201,11.8476,18000.1685,23737105.9516,0
241,23755106.1201,11.8876,18000.1685,23737105.9516,0
242,23755106.1201,11.9276,18000.1685,23737105.9516,0
243,24105188.3236,11.9676,368082.372,23737105.9516,0
244,23593046.0527,12.0329,21328.7728,23571717.2799,0
245,23571717.2799,12.0975,0,23571717.2799,0
246,23571717.2799,12.1623,0,23571717.2799,0
247,23571717.2799,12.2272,0,23571717.2799,0
248,23571717.2799,12.2921,0,23571717.2799,0
249,23571717.2799,12.3574,0,23571717.2799,0
250,25240887.2,12.3856,609405.2,24631482,0
251,25240887.2,12.4128,609405.2,24631482,0
252,25240887.2,12.4399,609405.2,24631482,0
253,25240887.2,12.4672,609405.2,24631482,0
254,25708516.43,12.4944,1077034.43,24631482,0
255,25949873.3955,12.5347,2212767.4439,23737105.9516,0
256,26893221.3749,12.575,3156115.4233,23737105.9516,0
257,27073672.2184,12.6153,3336566.2668,23737105.9516,0
258,27963921.0587,12.6556,4226815.107,23737105.9516,0
259,27963921.0587,12.6961,4226815.107,23737105.9516,0
260,26428917.8512,12.7614,2857200.5714,23571717.2799,0
261,25998669.7971,12.8262,2426952.5172,23571717.2799,0
262,25906185.8266,12.8977,2334468.5467,23571717.2799,0
263,25815292.182,12.9625,2243574.9021,23571717.2799,0
264,25692365.8814,13.0274,2120648.6015,23571717.2799,0
265,25649341.076,13.0926,2077623.7961,23571717.2799,0
266,25649341.076,13.1578,2077623.7961,23571717.2799,0
267,24574573.305,13.2223,1002856.0251,23571717.2799,0
268,24574573.305,13.2875,1002856.0251,23571717.2799,0
269,23734823.0265,13.3524,163105.7466,23571717.2799,0
270,23734823.0265,13.4175,163105.7466,23571717.2799,0
271,23734823.0265,13.4828,163105.7466,23571717.2799,0
272,23694357.3365,13.5475,122640.0566,23571717.2799,0
273,23571717.2799,13.6119,0,23571717.2799,0
274,23571717.2799,13.6774,0,23571717.2799,0
275,24612597.36,13.742,0,24131482,481115.36
276,24135000,13.8065,3518,24131482,0
277,24131482,13.8711,0,24131482,0
278,24131482,13.9358,0,24131482,0
279,24131482,14.0004,0,24131482,0
280,24131482,14.0654,0,24131482,0
281,24131482,14.1301,0,24131482,0
282,24131482,14.1578,0,24131482,0
283,24131482,14.1849,0,24131482,0
284,24131482,14.212,0,24131482,0
285,24880055.82,14.2392,748573.82,24131482,0
286,25677018.22,14.2664,1545536.22,24131482,0
287,25973353.715,14.3068,2718092.6225,23255261.0924,0
288,23255261.0924,14.3466,0,23255261.0924,0
289,23255261.0924,14.3866,0,23255261.0924,0
290,23255261.0924,14.4265,0,23255261.0924,0
291,23255261.0924,14.4664,0,23255261.0924,0
292,23255261.0924,14.5062,0,23255261.0924,0
293,24112597.36,14.5856,0,23631482,481115.36
294,23631482,14.6511,0,23631482,0
295,23631482,14.7158,0,23631482,0
296,23631482,14.7805,0,23631482,0
297,23631482,14.8442,0,23631482,0
298,23631482,14.9082,0,23631482,0
299,24218407.57,14.936,586925.57,23631482,0
300,25072933.9756,14.9632,2014153.5871,23058780.3885,0
301,25072933.9756,14.9904,2014153.5871,23058780.3885,0
302,25507286.0015,15.0172,2448505.6129,23058780.3885,0
303,27321431.3565,15.0439,4262650.968,23058780.3885,0
304,26142288.5928,15.0841,3368872.3595,22773416.2332,0
305,26994860.8681,15.1238,4221444.6348,22773416.2332,0
306,26994860.8681,15.1639,4221444.6348,22773416.2332,0
307,27866954.5675,15.2044,5093538.3343,22773416.2332,0
308,27866954.5675,15.2447,5093538.3343,22773416.2332,0
309,24934263.28,15.3103,1302781.28,23631482,0
310,24434263.28,15.3751,802781.28,23631482,0
311,24334263.28,15.44,702781.28,23631482,0
312,24315378.64,15.5053,702781.28,23131482,481115.36
313,23837781.28,15.57,706299.28,23131482,0
314,23758553.88,15.6348,627071.88,23131482,0
315,23752058.38,15.7,620576.38,23131482,0
316,23517256.49,15.7646,385774.49,23131482,0
317,23513738.49,15.83,382256.49,23131482,0
318,23283560.32,15.8949,152078.32,23131482,0
319,23283560.32,15.96,152078.32,23131482,0
320,23283560.32,16.0253,152078.32,23131482,0
321,23183560.32,16.09,52078.32,23131482,0
322,23134986.5,16.1549,3504.5,23131482,0
323,23116101.86,16.2199,3504.5,22631482,481115.36
324,22639986.5,16.285,8504.5,22631482,0
325,22631485.1946,16.3503,8504.5,22622980.6946,0
326,22622980.6946,16.4151,0,22622980.6946,0
327,22622980.6946,16.4807,0,22622980.6946,0
328,22622980.6946,16.5465,0,22622980.6946,0
329,22622980.6946,16.6122,0,22622980.6946,0
330,22622980.6946,16.6768,0,22622980.6946,0
331,22083015.0773,16.7048,0,22083015.0773,0
332,22083015.0773,16.732,0,22083015.0773,0
333,22083015.0773,16.7592,0,22083015.0773,0
334,23505410.9294,16.7864,1422395.8521,22083015.0773,0
335,25094161.3191,16.8136,3011146.2419,22083015.0773,0
336,27055510.0837,16.8541,5245783.5689,21809726.5149,0
337,28480220.1988,16.8946,6670493.6839,21809726.5149,0
338,29366837.3209,16.9351,7557110.8061,21809726.5149,0
339,29366837.3209,16.9755,7557110.8061,21809726.5149,0
340,29366837.3209,17.0159,7557110.8061,21809726.5149,0
341,24652813.7246,17.0818,2029833.03,22622980.6946,0
342,23908635.7446,17.1471,1285655.05,22622980.6946,0
343,23860061.9246,17.2122,1237081.23,22622980.6946,0
344,23511682.4546,17.2769,888701.76,22622980.6946,0
345,23464893.5346,17.3422,841912.84,22622980.6946,0
346,23428377.5546,17.407,805396.86,22622980.6946,0
347,23018972.3546,17.4718,395991.66,22622980.6946,0
348,22676601.3646,17.5365,53620.67,22622980.6946,0
349,22657904.545,17.6012,53620.67,22123168.515,481115.36
350,21669812.9324,17.6665,60643.17,21609169.7624,0
351,21656328.9124,17.7317,47159.15,21609169.7624,0
352,21652810.9124,17.7968,43641.15,21609169.7624,0
353,21615885.3424,17.8618,6715.58,21609169.7624,0
354,21612380.8424,17.9265,3211.08,21609169.7624,0
355,21609169.7624,17.9915,0,21609169.7624,0
356,21609169.7624,18.0561,0,21609169.7624,0
357,21609169.7624,18.1209,0,21609169.7624,0
358,21609169.7624,18.1856,0,21609169.7624,0
359,21609169.7624,18.2507,0,21609169.7624,0
360,21708435.3353,18.2787,113302.9136,21595132.4217,0
361,21900440.4734,18.3059,305308.0517,21595132.4217,0
362,22130097.7873,18.3331,534965.3656,21595132.4217,0
363,23944243.1423,18.3603,2349110.7206,21595132.4217,0
364,25730159.326,18.3877,4135026.9043,21595132.4217,0
365,24805205.5644,18.4281,3477323.9087,21327881.6557,0
366,22129408.0656,18.468,801526.41,21327881.6557,0
367,22129408.0656,18.5081,801526.41,21327881.6557,0
368,23000135.4818,18.5483,1672253.8261,21327881.6557,0
369,23928112.7017,18.5884,2600231.046,21327881.6557,0
370,23928112.7017,18.6286,2600231.046,21327881.6557,0
371,22234689.2224,18.6943,625519.46,21609169.7624,0
372,22155461.8224,18.7593,546292.06,21609169.7624,0
373,22108709.4524,18.8244,499539.69,21609169.7624,0
374,22013945.5724,18.8894,404775.81,21609169.7624,0
375,22429414.2445,18.9547,704869.2256,21724545.0189,0
376,22376879.9917,19.0198,652334.9728,21724545.0189,0
377,22367188.9742,19.0849,652334.9728,21233738.6414,481115.36
378,21886073.6142,19.1496,652334.9728,21233738.6414,0
379,21445144.0046,19.2142,211405.3632,21233738.6414,0
380,21251032.213,19.2786,17293.5716,21233738.6414,0
381,21251032.213,19.3436,17293.5716,21233738.6414,0
382,21233738.6414,19.4082,0,21233738.6414,0
383,21233738.6414,19.4731,0,21233738.6414,0
384,21233738.6414,19.538,0,21233738.6414,0
385,21233738.6414,19.603,0,21233738.6414,0
386,21233738.6414,19.6682,0,21233738.6414,0
387,21107249.7661,19.6961,0,21107249.7661,0
388,21107249.7661,19.7233,0,21107249.7661,0
389,21107249.7661,19.7504,0,21107249.7661,0
390,21579158.4345,19.7776,471908.6684,21107249.7661,0
391,23393303.7895,19.8048,2286054.0234,21107249.7661,0
392,25757741.2286,19.8458,4911704.4321,20846036.7965,0
393,27092613.3163,19.8865,6246576.5198,20846036.7965,0
394,26479336.9442,19.9266,5633300.1477,20846036.7965,0
395,26479336.9442,19.9668,5633300.1477,20846036.7965,0
396,26479336.9442,20.0071,5633300.1477,20846036.7965,0
397,25576758.4032,20.047,4730721.6067,20846036.7965,0
398,25576758.4032,20.0873,4730721.6067,20846036.7965,0
399,25576758.4032,20.1276,4730721.6067,20846036.7965,0
400,46071347.9383,20.1682,28440862.3769,17630485.5614,0
401,50779387.9505,20.2088,28440862.3769,22338525.5736,0
402,29373282.4436,20.2872,2469292.0792,26903990.3644,0
403,29189409.9939,20.3522,2285419.6295,26903990.3644,0
404,29056821.832,20.4173,2152831.4677,26903990.3644,0
405,28682305.701,20.4824,1778315.3366,26903990.3644,0
406,28663918.456,20.5476,1759928.0916,26903990.3644,0
407,28649188.9673,20.6126,1745198.6029,26903990.3644,0
408,28571982.2312,20.678,1667991.8668,26903990.3644,0
409,28562291.2136,20.7432,1667991.8668,26413183.9869,481115.36
410,28087644.4864,20.8081,1674460.4996,26413183.9869,0
411,27655908.4993,20.8738,1242724.5125,26413183.9869,0
412,21985656.7763,20.9386,1242724.5125,20742932.2639,0
413,21979188.1436,21.0037,1236255.8797,20742932.2639,0
414,21887251.9187,21.0685,1144319.6548,20742932.2639,0
415,21887251.9187,21.1337,1144319.6548,20742932.2639,0
416,21519507.0193,21.1982,776574.7554,20742932.2639,0
417,21501119.7743,21.2629,758187.5105,20742932.2639,0
418,21411502.9717,21.3276,668570.7078,20742932.2639,0
419,21411502.9717,21.3925,668570.7078,20742932.2639,0
420,21401811.9542,21.4573,668570.7078,20252125.8864,481115.36
421,20920696.5942,21.5219,668570.7078,20252125.8864,0
422,20920696.5942,21.587,668570.7078,20252125.8864,0
423,20920696.5942,21.6521,668570.7078,20252125.8864,0
424,20920696.5942,21.7177,668570.7078,20252125.8864,0
425,21102185.1023,21.7825,1130031.2687,19972153.8336,0
426,20988436.8636,21.8106,856952.4087,20131484.4548,0
427,20988436.8636,21.8379,856952.4087,20131484.4548,0
428,21053656.1917,21.865,922171.7368,20131484.4548,0
429,21722941.7717,21.8922,317745.9968,20131484.4548,1273711.32
430,24005984.2138,21.9195,3874499.7589,20131484.4548,0
431,46386043.5573,21.96,29570596.2611,16815447.2963,0
432,49850288.8097,22.0005,33034841.5134,16815447.2963,0
433,23978475.2767,22.0405,5889316.6604,16815447.2963,1273711.32
434,27580132.6711,22.0808,9490974.0548,16815447.2963,1273711.32
435,27082371.7885,22.121,8993213.1722,16815447.2963,1273711.32
436,27082371.7885,22.1611,8993213.1722,16815447.2963,1273711.32
437,31572445.0102,22.2018,9778872.544,16815447.2963,4978125.17
438,17172366.5948,22.2418,9860002.1248,0,7312364.47
439,17172366.5948,22.282,9860002.1248,0,7312364.47
440,17172366.5948,22.3224,9860002.1248,0,7312364.47
441,17230407.5767,22.3629,12252282.4067,0,4978125.17
442,17230407.5767,22.4031,12252282.4067,0,4978125.17
443,3390640.4153,22.4687,2116929.0953,0,1273711.32
444,2237051.7838,22.5337,2237051.7838,0,0
445,1614763.3745,22.5984,1614763.3745,0,0
446,1016216.8078,22.6633,1016216.8078,0,0
447,696642.9806,22.7282,696642.9806,0,0
448,546582.616,22.7928,546582.616,0,0
449,426459.9275,22.8576,426459.9275,0,0
450,9016310.32,22.9224,8792599,0,223711.32
451,5134695.02,22.987,3792599,0,1342096.02
452,3380125.22,23.0516,858679,0,2521446.22
453,2941496.22,23.1164,420050,0,2521446.22
454,1762146.02,23.1811,420050,0,1342096.02
455,1552146.02,23.2458,420050,0,1132096.02
456,1552146.02,23.3106,420050,0,1132096.02
457,1552146.02,23.3755,420050,0,1132096.02
458,1552146.02,23.4404,420050,0,1132096.02
459,1184142.02,23.5053,52046,0,1132096.02
460,1184142.02,23.5703,52046,0,1132096.02
461,1184142.02,23.6352,52046,0,1132096.02
462,1184142.02,23.7003,52046,0,1132096.02
463,1184142.02,23.7657,52046,0,1132096.02
464,14972.6386,23.7939,1261.3186,0,13711.32
465,14972.6386,23.8213,1261.3186,0,13711.32
466,14972.6386,23.8486,1261.3186,0,13711.32
467,629500.8994,23.8759,615789.5794,0,13711.32
468,1819816.5989,23.9032,1806105.2789,0,13711.32
469,10042004.5785,23.9438,10028293.2585,0,13711.32
470,12871584.3413,23.9846,12857873.0213,0,13711.32
471,12871584.3413,24.0249,12857873.0213,0,13711.32
472,12871584.3413,24.0652,12857873.0213,0,13711.32
473,13989969.0413,24.1057,12857873.0213,0,1132096.02
474,45291109.02,24.171,44159013,0,1132096.02
475,38057546.9212,24.2364,33305174.7191,0,4752372.2021
476,30462085.2924,24.3015,25709713.0903,0,4752372.2021
477,28358460.5114,24.3666,23606088.3093,0,4752372.2021
478,26344024.2224,24.4319,21591652.0203,0,4752372.2021
479,17626981.3535,24.497,12874609.1514,0,4752372.2021
480,14777843.7428,24.5619,10014025.3807,11446.16,4752372.2021
481,12804512.3411,24.6267,9963280.3219,11446.16,2829785.8591
482,3233667.2339,24.6916,392435.2148,11446.16,2829785.8591
483,438154.1739,24.7566,392435.2148,11446.16,34272.7991
484,96464.0179,24.8214,50745.0588,11446.16,34272.7991
485,96464.0179,24.8862,50745.0588,11446.16,34272.7991
486,62191.2188,24.9511,50745.0588,11446.16,0
487,62191.2188,25.0162,50745.0588,11446.16,0
488,62191.2188,25.0816,50745.0588,11446.16,0
489,62191.2188,25.1473,50745.0588,11446.16,0
490,11446.16,25.2121,0,11446.16,0
491,1446.16,25.2777,0,1446.16,0
492,0,25.3425,0,0,0
