1,17811849701,0.045503,13739867170,0,4071982531
2,15624605431,0.06997,12010748020,0,3613857411
3,13482412991,0.093869,10768555580,0,2713857411
4,11793687066,0.12154,10279829655,0,1513857411
5,10140519421,0.14576,8616624560,10037450,1513857411
6,8737918031,0.17037,7214023170,10037450,1513857411
7,7437118306,0.19428,5940921735,10037450,1486159121
8,6645963661,0.21862,5219211010,10037450,1416715201
9,5874348011,0.24284,4447595360,10037450,1416715201
10,5308852259,0.26723,3697595360,10037450,1601219449
11,4818338479,0.29621,3207081580,10037450,1601219449
12,4476140534,0.32222,2864883635,10037450,1601219449
13,4172252586,0.34618,2864883635,83761380,1223607571
14,3905379316,0.37037,2598010365,83761380,1223607571
15,3394634716,0.39428,2087265765,83761380,1223607571
16,3164835446,0.41855,2122623775,83761380,958450291
17,2920507309,0.4437,1702519950,83761380,1134225979
18,2478798749,0.46875,1702519950,83761380,692517419
19,2171291669,0.4933,1702519950,83761380,385010339
20,2033151584,0.51766,1564379865,83761380,385010339
21,1796291669,0.54154,1327519950,83761380,385010339
22,1662626950,0.56582,1327519950,10037450,325069550
23,1559500681,0.58971,1198212715,36218416,325069550
24,1559500681,0.614,1198212715,36218416,325069550
25,252724947.7182,0.63846,184124794.2857,841149.7818,67759003.6507
26,252724947.7182,0.66272,184124794.2857,841149.7818,67759003.6507
27,252724947.7182,0.68729,184124794.2857,841149.7818,67759003.6507
28,252724947.7182,0.7115,184124794.2857,841149.7818,67759003.6507
29,252724947.7182,0.73902,184124794.2857,841149.7818,67759003.6507
30,813765176,0.77716,230195810,36218416,547350950
31,588434514,0.81288,452791860,36218416,99424238
32,425069824,0.85004,289427170,36218416,99424238
33,330067174,0.88569,194424520,36218416,99424238
34,286508629,0.92148,108559660,36218416,141730553
35,244202314,0.95707,108559660,36218416,99424238
36,222328583,0.99357,112866895,10037450,99424238
37,217906995,1.0306,207869545,10037450,0
38,217906995,1.0662,207869545,10037450,0
39,217906995,1.1018,207869545,10037450,0
40,217906995,1.1374,207869545,10037450,0
41,217906995,1.173,207869545,10037450,0
42,167906995,1.2332,157869545,10037450,0
43,117995495,1.292,107958045,10037450,0
44,68212870,1.3497,58175420,10037450,0
45,19486185,1.4069,9448735,10037450,0
46,10037450,1.4646,0,10037450,0
47,5037450,1.5221,0,5037450,0
48,4537450,1.5809,0,4537450,0
49,4537450,1.6397,0,4537450,0
50,46705.14,1.6993,46705.14,0,0
51,0,1.7571,0,0,0
