1,8808391278,0.05206,7748486815,0,1059904463
2,7601709158,0.078042,6097665605,0,1504043553
3,6793604658,0.10413,5253862280,35698825,1504043553
4,6017638145,0.12985,4531048195,35698825,1450891125
5,5399886790,0.15591,3794072335,106579785,1499234670
6,4843346942,0.18209,3331371035,106579785,1405396122
7,4291676508,0.20842,2805984935,106579785,1379111788
8,3773499053,0.23471,2261567630,132819635,1379111788
9,3260923733,0.2605,1875363620,132819635,1252740478
10,2775154840,0.28669,1405127575,132819635,1237207630
11,2376161751,0.31254,1286412575,132819635,956929541
12,2001161751,0.33863,911412575,132819635,956929541
13,1718646256,0.36437,628897080,132819635,956929541
14,1544404596,0.39054,454655420,132819635,956929541
15,1379006526,0.41697,326223370,132819635,919963521
16,1337769950,0.44268,200835780,132819635,1004114535
17,1330592643,0.46887,200835780,132819635,996937228
18,1330592643,0.49457,200835780,132819635,996937228
19,1330592643,0.52066,200835780,132819635,996937228
20,1330592643,0.54676,200835780,132819635,996937228
21,1304352793,0.57307,200835780,106579785,996937228
22,1304352793,0.59947,200835780,106579785,996937228
23,1304352793,0.62537,200835780,106579785,996937228
24,1304352793,0.65167,200835780,106579785,996937228
25,581085881.6978,0.67783,18762775.3097,8708725.6083,553614380.7798
26,426083150.549,0.70419,32428046.1099,13832111.1678,379822993.2714
27,341387146.1724,0.73017,44321083.6383,13832111.1678,283233951.3663
28,206825947.5615,0.75642,44321083.6383,13832111.1678,148672752.7554
29,68864026.0215,0.78248,55031914.8538,13832111.1678,0
30,59380772.3087,0.80863,45050994.3006,14329778.0081,0
31,56463790.7116,0.83488,45050994.3006,11412796.4111,0
32,56418073.2045,0.86072,45005276.7934,11412796.4111,0
33,52754104.8932,0.88832,41341308.4821,11412796.4111,0
34,48836231.9516,0.9153,37423435.5405,11412796.4111,0
35,48836231.9516,0.94152,37423435.5405,11412796.4111,0
36,48836231.9516,0.96783,37423435.5405,11412796.4111,0
37,48836231.9516,0.99376,37423435.5405,11412796.4111,0
38,48836231.9516,1.0201,37423435.5405,11412796.4111,0
39,1071478549,1.059,931805600,139672949,0
40,884214324,1.0973,558427615,139672949,186113760
41,836026879,1.1358,510240170,139672949,186113760
42,836026879,1.1741,510240170,139672949,186113760
43,836026879,1.2124,510240170,139672949,186113760
44,836026879,1.2513,510240170,139672949,186113760
45,836026879,1.2897,510240170,139672949,186113760
46,709913119,1.353,560240170,149672949,0
47,678403119,1.4154,528730170,149672949,0
48,654700644,1.4774,505027695,149672949,0
49,636210644,1.5399,486537695,149672949,0
50,103539965.8474,1.6023,66767837.3221,32859026.1252,3913102.4
51,98707919.2633,1.6647,64213824.818,32859026.1252,1635068.32
52,81009528.0699,1.727,40515433.6247,32859026.1252,7635068.32
53,73437114.6244,1.7894,32943020.1792,32859026.1252,7635068.32
54,71103021.3844,1.8519,32943020.1792,32859026.1252,5300975.08
55,69670169.4241,1.917,32943020.1792,31426174.165,5300975.08
56,68400466.4686,1.9792,31673317.2237,31426174.165,5300975.08
57,48650653.0247,2.0417,9686349.1841,19663328.7606,19300975.08
58,40042942.7257,2.1044,2631207.966,17310759.6797,20100975.08
59,37053860.8257,2.1673,2631207.966,17310759.6797,17111893.18
60,34619981.0492,2.2295,197328.1895,17310759.6797,17111893.18
61,32566179.5292,2.292,197328.1895,17310759.6797,15058091.66
62,29037360.5692,2.3544,197328.1895,17310759.6797,11529272.7
63,26684791.4883,2.4169,197328.1895,14958190.5988,11529272.7
64,24784791.4883,2.479,197328.1895,14958190.5988,9629272.7
65,22884791.4883,2.5417,197328.1895,14958190.5988,7729272.7
66,20984791.4883,2.6041,197328.1895,14958190.5988,5829272.7
67,19532222.4074,2.6664,197328.1895,12605621.5179,6729272.7
68,14531659.2388,2.7292,197328.1895,9617528.2493,4716802.8
69,13581659.2388,2.7916,197328.1895,9617528.2493,3766802.8
70,13281659.2388,2.8544,197328.1895,9617528.2493,3466802.8
71,13046402.3307,2.919,197328.1895,9382271.3412,3466802.8
72,12811145.4226,2.9814,197328.1895,9147014.4331,3466802.8
73,12613817.2331,3.0438,0,9147014.4331,3466802.8
74,12518817.2331,3.1062,0,9147014.4331,3371802.8
75,117608498.4938,3.1689,0,28408810.1672,89199688.3266
76,116067422.8696,3.2322,0,28408810.1672,87658612.7025
77,116067422.8696,3.2954,0,28408810.1672,87658612.7025
78,116067422.8696,3.3588,0,28408810.1672,87658612.7025
79,113643373.9651,3.422,0,28408810.1672,85234563.7979
80,113643373.9651,3.4853,0,28408810.1672,85234563.7979
81,74211569.9094,3.5474,969011.02,28408810.1672,44833748.7223
82,74211569.9094,3.6111,969011.02,28408810.1672,44833748.7223
83,46186711.4623,3.6735,1352962.74,0,44833748.7223
84,45830484.8723,3.7363,996736.15,0,44833748.7223
85,45820484.8723,3.799,986736.15,0,44833748.7223
86,36418113.6086,3.8611,986736.15,0,35431377.4586
87,36418113.6086,3.9269,986736.15,0,35431377.4586
88,36418113.6086,3.9903,986736.15,0,35431377.4586
89,35921357.6386,4.0532,489980.18,0,35431377.4586
90,17067643.9366,4.1152,489980.18,0,16577663.7566
91,17067643.9366,4.1782,489980.18,0,16577663.7566
92,16798305.1694,4.241,489980.18,0,16308324.9894
93,16798305.1694,4.3043,489980.18,0,16308324.9894
94,16760560.2194,4.3669,452235.23,0,16308324.9894
95,16760560.2194,4.43,452235.23,0,16308324.9894
96,16750560.2194,4.4931,442235.23,0,16308324.9894
97,14595850.0821,4.5556,442235.23,0,14153614.8521
98,13013768.9773,4.6184,442235.23,0,12571533.7473
99,13013768.9773,4.6809,442235.23,0,12571533.7473
100,46592220.1373,4.7441,1502808.2871,0,45089411.8502
101,32839923.2846,4.8066,1502808.2871,237014.05,31100100.9476
102,1569911.8251,4.8689,1332897.7751,237014.05,0
103,1535929.7227,4.9339,1298915.6727,237014.05,0
104,1501947.6203,4.9961,1264933.5703,237014.05,0
105,1484956.5691,5.0583,1247942.5191,237014.05,0
106,1474956.5691,5.1205,1247942.5191,227014.05,0
107,1464956.5691,5.1823,1247942.5191,217014.05,0
108,1464956.5691,5.245,1247942.5191,217014.05,0
109,1464956.5691,5.3077,1247942.5191,217014.05,0
110,1464956.5691,5.3703,1247942.5191,217014.05,0
111,1464956.5691,5.4331,1247942.5191,217014.05,0
112,7427690.2056,5.4606,5654449.7974,1773240.4082,0
113,7427690.2056,5.4871,5654449.7974,1773240.4082,0
114,7427690.2056,5.5133,5654449.7974,1773240.4082,0
115,7427690.2056,5.5399,5654449.7974,1773240.4082,0
116,1807962.205,5.566,34721.7968,1773240.4082,0
117,1807962.205,5.5927,34721.7968,1773240.4082,0
118,1807962.205,5.6192,34721.7968,1773240.4082,0
119,1807962.205,5.6451,34721.7968,1773240.4082,0
120,1807962.205,5.6716,34721.7968,1773240.4082,0
121,22828930,5.7112,1127525,21701405,0
122,22828930,5.7502,1127525,21701405,0
123,22828930,5.7888,1127525,21701405,0
124,22828930,5.8276,1127525,21701405,0
125,13912275.3329,5.8663,11137.7329,0,13901137.6
126,2026984.0829,5.9057,11137.7329,0,2015846.35
127,2026984.0829,5.9458,11137.7329,0,2015846.35
128,2026984.0829,5.9847,11137.7329,0,2015846.35
129,2026984.0829,6.0232,11137.7329,0,2015846.35
130,2026984.0829,6.0621,11137.7329,0,2015846.35
131,224677.184,6.1253,7663.134,217014.05,0
132,217014.05,6.1886,0,217014.05,0
133,217014.05,6.2497,0,217014.05,0
134,217014.05,6.3107,0,217014.05,0
135,217014.05,6.3725,0,217014.05,0
136,217014.05,6.4345,0,217014.05,0
137,1773240.4082,6.461,0,1773240.4082,0
138,1773240.4082,6.4868,0,1773240.4082,0
139,1773240.4082,6.5123,0,1773240.4082,0
140,1773240.4082,6.5381,0,1773240.4082,0
141,1773240.4082,6.5637,0,1773240.4082,0
142,20629568.6646,6.6021,0,20629568.6646,0
143,20629568.6646,6.6403,0,20629568.6646,0
144,20629568.6646,6.6785,0,20629568.6646,0
145,20629568.6646,6.7167,0,20629568.6646,0
146,20629568.6646,6.7549,0,20629568.6646,0
147,217014.05,6.8182,0,217014.05,0
148,217014.05,6.8795,0,217014.05,0
149,217014.05,6.9419,0,217014.05,0
150,2015846.35,7.0034,0,0,2015846.35
151,1065766.47,7.0644,89011.02,0,976755.45
152,744505.92,7.1254,89011.02,0,655494.9
153,697250.87,7.1866,41755.97,0,655494.9
154,697250.87,7.2481,41755.97,0,655494.9
155,697250.87,7.3098,41755.97,0,655494.9
156,697250.87,7.3718,41755.97,0,655494.9
157,697250.87,7.4342,41755.97,0,655494.9
158,50743431.1431,7.4608,642931.3334,0,50100499.8097
159,50743431.1431,7.4869,642931.3334,0,50100499.8097
160,50743431.1431,7.5129,642931.3334,0,50100499.8097
161,12853963.0565,7.5385,1836347.688,3816011.8419,7201603.5266
162,11677681.3004,7.5641,1836347.688,3816011.8419,6025321.7705
163,11677681.3004,7.5906,1836347.688,3816011.8419,6025321.7705
164,11677681.3004,7.6167,1836347.688,3816011.8419,6025321.7705
165,11677681.3004,7.6422,1836347.688,3816011.8419,6025321.7705
166,11677681.3004,7.6679,1836347.688,3816011.8419,6025321.7705
167,2053289.1944,7.706,206233.4944,0,1847055.7
168,496925.5944,7.7437,206233.4944,0,290692.1
169,496925.5944,7.7819,206233.4944,0,290692.1
170,496925.5944,7.8195,206233.4944,0,290692.1
171,496925.5944,7.8572,206233.4944,0,290692.1
172,496925.5944,7.895,206233.4944,0,290692.1
173,290166.42,7.9566,41755.97,0,248410.45
174,248410.45,8.0177,0,0,248410.45
175,24841045,8.0791,0,0,24841045
176,24841045,8.1412,0,0,24841045
177,24841045,8.2036,0,0,24841045
178,5738646.95,8.2645,77507.9,467014.05,5194125
179,544521.95,8.3256,77507.9,467014.05,0
180,526348.06,8.3865,59334.01,467014.05,0
181,494521.95,8.4475,27507.9,467014.05,0
182,494521.95,8.5091,27507.9,467014.05,0
183,494521.95,8.5709,27507.9,467014.05,0
184,494521.95,8.633,27507.9,467014.05,0
185,494521.95,8.6941,27507.9,467014.05,0
186,4239560.6381,8.7208,423548.7962,3816011.8419,0
187,4239560.6381,8.7467,423548.7962,3816011.8419,0
188,4239560.6381,8.7724,423548.7962,3816011.8419,0
189,4239560.6381,8.7981,423548.7962,3816011.8419,0
190,4239560.6381,8.8239,423548.7962,3816011.8419,0
191,44530676.1407,8.8623,135862.0178,44394814.1229,0
192,44530676.1407,8.9005,135862.0178,44394814.1229,0
193,44530676.1407,8.9387,135862.0178,44394814.1229,0
194,44530676.1407,8.977,135862.0178,44394814.1229,0
195,44530676.1407,9.0153,135862.0178,44394814.1229,0
196,367014.05,9.0768,0,367014.05,0
197,367014.05,9.1387,0,367014.05,0
198,367014.05,9.2003,0,367014.05,0
199,367014.05,9.2614,0,367014.05,0
200,36701405,9.3239,0,36701405,0
201,2998903.2684,9.3504,0,2998903.2684,0
202,2998903.2684,9.376,0,2998903.2684,0
203,2998903.2684,9.4016,0,2998903.2684,0
204,2998903.2684,9.4272,0,2998903.2684,0
205,2998903.2684,9.4528,0,2998903.2684,0
206,4965846.35,9.4909,0,0,4965846.35
207,4965846.35,9.5292,0,0,4965846.35
208,4965846.35,9.5672,0,0,4965846.35
209,4965846.35,9.605,0,0,4965846.35
210,4965846.35,9.6428,0,0,4965846.35
211,2465846.35,9.7046,0,0,2465846.35
212,2144585.8,9.7658,0,0,2144585.8
213,1849505.92,9.8268,894011.02,0,955494.9
214,1634265.35,9.8878,678770.45,0,955494.9
215,1534265.35,9.9488,578770.45,0,955494.9
216,1434265.35,10.0098,478770.45,0,955494.9
217,1364265.35,10.0709,478770.45,0,885494.9
218,1364265.35,10.1323,478770.45,0,885494.9
219,1364265.35,10.1951,478770.45,0,885494.9
220,1364265.35,10.2568,478770.45,0,885494.9
221,1364265.35,10.3188,478770.45,0,885494.9
222,75051556.0694,10.3453,7371796.7472,0,67679759.3221
223,75051556.0694,10.371,7371796.7472,0,67679759.3221
224,75051556.0694,10.3968,7371796.7472,0,67679759.3221
225,84554516.2319,10.4232,4702631.9384,0,79851884.2935
226,83228603.8928,10.4489,2919731.3493,456988.25,79851884.2935
227,83228603.8928,10.4748,2919731.3493,456988.25,79851884.2935
228,83228603.8928,10.5008,2919731.3493,456988.25,79851884.2935
229,83228603.8928,10.5267,2919731.3493,456988.25,79851884.2935
230,83228603.8928,10.5527,2919731.3493,456988.25,79851884.2935
231,2353642.9921,10.591,1468148.0921,0,885494.9
232,2353642.9921,10.629,1468148.0921,0,885494.9
233,2353642.9921,10.6669,1468148.0921,0,885494.9
234,2353642.9921,10.7048,1468148.0921,0,885494.9
235,2353642.9921,10.7431,1468148.0921,0,885494.9
236,982749.95,10.8048,197255.05,0,785494.9
237,893976.54,10.8661,108481.64,0,785494.9
238,813976.54,10.9273,108481.64,0,705494.9
239,755237.09,10.9884,108481.64,0,646755.45
240,744010.5,11.0495,97255.05,0,646755.45
241,744010.5,11.1107,97255.05,0,646755.45
242,744010.5,11.172,97255.05,0,646755.45
243,744010.5,11.2334,97255.05,0,646755.45
244,744010.5,11.295,97255.05,0,646755.45
245,59278181.5428,11.3229,955269.2826,0,58322912.2602
246,59278181.5428,11.3488,955269.2826,0,58322912.2602
247,59278181.5428,11.3746,955269.2826,0,58322912.2602
248,59278181.5428,11.4004,955269.2826,0,58322912.2602
249,59278181.5428,11.4264,955269.2826,0,58322912.2602
250,41257082.2552,11.4649,4144790.0041,0,37112292.2511
251,41257082.2552,11.503,4144790.0041,0,37112292.2511
252,41257082.2552,11.5413,4144790.0041,0,37112292.2511
253,41257082.2552,11.5795,4144790.0041,0,37112292.2511
254,41257082.2552,11.6172,4144790.0041,0,37112292.2511
255,546755.45,11.6786,0,0,546755.45
256,546755.45,11.7396,0,0,546755.45
257,546755.45,11.8008,0,0,546755.45
258,546755.45,11.8622,0,0,546755.45
259,546755.45,11.9241,0,0,546755.45
260,49305143.2936,11.9506,0,0,49305143.2936
261,49305143.2936,11.9764,0,0,49305143.2936
262,49305143.2936,12.0022,0,0,49305143.2936
263,49305143.2936,12.0277,0,0,49305143.2936
264,49305143.2936,12.0535,0,0,49305143.2936
265,31374065.8085,12.0919,0,0,31374065.8085
266,31374065.8085,12.1302,0,0,31374065.8085
267,31374065.8085,12.1682,0,0,31374065.8085
268,31374065.8085,12.2064,0,0,31374065.8085
269,31374065.8085,12.2447,0,0,31374065.8085
270,496755.45,12.3064,0,0,496755.45
271,496755.45,12.3675,0,0,496755.45
272,496755.45,12.4286,0,0,496755.45
273,496755.45,12.4907,0,0,496755.45
274,496755.45,12.5537,0,0,496755.45
275,49675545,12.5803,0,0,49675545
276,49675545,12.6058,0,0,49675545
277,49675545,12.6314,0,0,49675545
278,49675545,12.6569,0,0,49675545
279,49675545,12.6825,0,0,49675545
280,28504952.5872,12.721,0,0,28504952.5872
281,28504952.5872,12.759,0,0,28504952.5872
282,28504952.5872,12.797,0,0,28504952.5872
283,28504952.5872,12.8353,0,0,28504952.5872
284,28504952.5872,12.8735,0,0,28504952.5872
285,486755.45,12.9348,0,0,486755.45
286,486755.45,12.9957,0,0,486755.45
287,486755.45,13.0567,0,0,486755.45
288,486755.45,13.1178,0,0,486755.45
289,486755.45,13.1793,0,0,486755.45
290,48675545,13.2057,0,0,48675545
291,48675545,13.2313,0,0,48675545
292,48675545,13.2569,0,0,48675545
293,48675545,13.2826,0,0,48675545
294,48675545,13.3082,0,0,48675545
295,27931129.9429,13.3461,0,0,27931129.9429
296,27931129.9429,13.3839,0,0,27931129.9429
297,27931129.9429,13.422,0,0,27931129.9429
298,27931129.9429,13.4598,0,0,27931129.9429
299,27931129.9429,13.4976,0,0,27931129.9429
300,47675545,13.5592,0,0,47675545
301,47675545,13.6201,0,0,47675545
302,47675545,13.6812,0,0,47675545
303,47675545,13.743,0,0,47675545
304,47675545,13.8053,0,0,47675545
305,47675545,13.8322,0,0,47675545
306,47675545,13.8577,0,0,47675545
307,47675545,13.8833,0,0,47675545
308,47675545,13.909,0,0,47675545
309,47675545,13.9347,0,0,47675545
310,27357307.2986,13.9729,0,0,27357307.2986
311,27357307.2986,14.0114,0,0,27357307.2986
312,27357307.2986,14.0501,0,0,27357307.2986
313,27357307.2986,14.088,0,0,27357307.2986
314,27357307.2986,14.126,0,0,27357307.2986
315,46675545,14.1875,0,0,46675545
316,32508646.95,14.2484,187507.9,127014.05,32194125
317,314521.95,14.3092,187507.9,127014.05,0
318,127014.05,14.3701,0,127014.05,0
319,77014.05,14.431,0,77014.05,0
320,67014.05,14.4918,0,67014.05,0
321,57014.05,14.5527,0,57014.05,0
322,47014.05,14.6138,0,47014.05,0
323,47014.05,14.6747,0,47014.05,0
324,47014.05,14.7358,0,47014.05,0
325,4701405,14.7972,0,4701405,0
326,4701405,14.8586,0,4701405,0
327,47014.05,14.885,0,47014.05,0
328,47014.05,14.9107,0,47014.05,0
329,47014.05,14.9364,0,47014.05,0
330,47014.05,14.9624,0,47014.05,0
331,47014.05,14.9883,0,47014.05,0
332,47014.05,15.0293,0,47014.05,0
333,47014.05,15.0669,0,47014.05,0
334,47014.05,15.1045,0,47014.05,0
335,47014.05,15.1425,0,47014.05,0
336,47014.05,15.1824,0,47014.05,0
337,1301137.6,15.2448,0,0,1301137.6
338,368410.45,15.3057,0,0,368410.45
339,108410.45,15.3665,0,0,108410.45
340,108410.45,15.4273,0,0,108410.45
341,108410.45,15.4883,0,0,108410.45
342,108410.45,15.5502,0,0,108410.45
343,108410.45,15.6121,0,0,108410.45
344,10841045,15.639,0,0,10841045
345,10841045,15.6647,0,0,10841045
346,10841045,15.6903,0,0,10841045
347,10841045,15.7159,0,0,10841045
348,6248646.95,15.7414,307507.9,747014.05,5194125
349,1054521.95,15.7669,307507.9,747014.05,0
350,61885018.0842,15.7929,8967201.5421,52917816.5421,0
351,61885018.0842,15.8189,8967201.5421,52917816.5421,0
352,61885018.0842,15.8448,8967201.5421,52917816.5421,0
353,61885018.0842,15.8707,8967201.5421,52917816.5421,0
354,247014.05,15.9089,0,247014.05,0
355,247014.05,15.947,0,247014.05,0
356,247014.05,15.9848,0,247014.05,0
357,247014.05,16.0229,0,247014.05,0
358,247014.05,16.061,0,247014.05,0
359,24701405,16.1226,0,24701405,0
360,24701405,16.1836,0,24701405,0
361,24701405,16.2447,0,24701405,0
362,24701405,16.306,0,24701405,0
363,24701405,16.3679,0,24701405,0
364,17498257.4708,16.3946,0,17498257.4708,0
365,6742133.25,16.4203,0,0,6742133.25
366,6686657.85,16.4458,0,0,6686657.85
367,6686657.85,16.4716,0,0,6686657.85
368,6686657.85,16.4977,0,0,6686657.85
369,6686657.85,16.5234,0,0,6686657.85
370,6686657.85,16.5494,0,0,6686657.85
371,258590669.4142,16.5876,73370821.4166,393677.34,184826170.6576
372,185845607.6476,16.6256,0,1019436.99,184826170.6576
373,135079110.8954,16.6635,0,1019436.99,134059673.9054
374,24769010.8384,16.7013,4371740.9528,1019436.99,19377832.8956
375,6006321.2543,16.7393,1810547.013,4195774.2413,0
376,6006321.2543,16.7769,1810547.013,4195774.2413,0
377,6006321.2543,16.8147,1810547.013,4195774.2413,0
378,6006321.2543,16.8527,1810547.013,4195774.2413,0
379,6006321.2543,16.8907,1810547.013,4195774.2413,0
380,101978105.43,16.953,34406.43,101943699,0
381,101946279.32,17.0144,2580.32,101943699,0
382,63070301.29,17.0753,494336.29,62575965,0
383,12578545.32,17.1362,2580.32,12575965,0
384,12578545.32,17.1973,2580.32,12575965,0
385,12575965,17.2583,0,12575965,0
386,12575965,17.3201,0,12575965,0
387,12575965,17.381,0,12575965,0
388,12575965,17.4422,0,12575965,0
389,12575965,17.5035,0,12575965,0
390,8908702.7039,17.5298,0,8908702.7039,0
391,8908702.7039,17.5556,0,8908702.7039,0
392,8908702.7039,17.5812,0,8908702.7039,0
393,8908702.7039,17.6068,0,8908702.7039,0
394,8908702.7039,17.6325,0,8908702.7039,0
395,517598.5424,17.671,0,517598.5424,0
396,517598.5424,17.7091,0,517598.5424,0
397,517598.5424,17.747,0,517598.5424,0
398,517598.5424,17.785,0,517598.5424,0
399,517598.5424,17.823,0,517598.5424,0
400,221603,17.8846,221603,0,0
401,121603,17.9454,121603,0,0
402,21603,18.0062,21603,0,0
403,0,18.067,0,0,0
