1,41746170821,0.11393,31427136555,0,10319034266
2,37501830446,0.19163,29882796180,0,7619034266
3,34568847601,0.27,28749813335,0,5819034266
4,32602152378,0.34671,26729705430,0,5872446948
5,30959241458,0.42348,24852562985,0,6106678473
6,28993027158,0.50029,24461348685,0,4531678473
7,27402443583,0.57691,22821322915,0,4581120668
8,26054031477,0.65513,21297190910,0,4756840567
9,24728620199,0.73198,20547190910,0,4181429289
10,23434427764,0.80866,19183638065,69360410,4181429289
11,22315522989,0.88553,18063935675,70158025,4181429289
12,21235434251,0.96181,17133649220,70158025,4031627006
13,20258270916,1.0385,16108834855,117809055,4031627006
14,19316877467,1.1166,15382518340,123632315,3810726812
15,18409849922,1.193,14475490795,123632315,3810726812
16,17518474632,1.2712,14193919910,123632315,3200922407
17,16647900369,1.3479,13443919910,123632315,3080348144
18,15831669564,1.4246,12693919910,123632315,3014117339
19,14513104316,1.5012,12318919910,123632315,2070552091
20,13472326362,1.5777,11568919910,123632315,1779774137
21,12748275302,1.6547,10818919910,149581255,1779774137
22,12050190484,1.7345,10068919910,149581255,1831689319
23,11355600059,1.8118,9374329485,149581255,1831689319
24,10673466184,1.8966,8692195610,149581255,1831689319
25,1625966380.8113,1.9737,1309257403.2892,2370064.2301,314338913.2921
26,1536932588.92,2.0506,1259846196.7385,2370064.2301,274716327.9514
27,1444595081.2815,2.127,1176905922.8804,2777845.1006,264911313.3005
28,1349695843.2583,2.2049,1085107832.65,2777845.1006,261810165.5077
29,1287275841.1992,2.2837,1022347882.8727,3117792.8188,261810165.5077
30,1226197775.3196,2.3608,961269816.9931,3117792.8188,261810165.5077
31,1166240663.3797,2.4379,961269816.9931,4051154.7365,200919691.6501
32,1108484451.8979,2.5143,903513605.5113,4051154.7365,200919691.6501
33,1056703022.234,2.5911,851732175.8474,4051154.7365,200919691.6501
34,1006010269.1901,2.6678,801039422.8035,4051154.7365,200919691.6501
35,962251678.8336,2.7442,757280832.447,4051154.7365,200919691.6501
36,907523265.9412,2.821,725770718.5234,4051154.7365,177701392.6813
37,863909764.4943,2.898,682157217.0765,4051154.7365,177701392.6813
38,821773532.8451,2.9747,639965832.8844,4106307.2794,177701392.6813
39,782697599.9067,3.0519,600889899.946,4106307.2794,177701392.6813
40,746040825.8438,3.1284,563789560.6653,4549872.4972,177701392.6813
41,709674785.8017,3.2064,527423520.6232,4549872.4972,177701392.6813
42,674240496.5409,3.285,491989231.3624,4549872.4972,177701392.6813
43,640555280.8785,3.3615,491989231.3624,4549872.4972,144016177.0189
44,610351241.585,3.4386,461785192.069,4549872.4972,144016177.0189
45,580708789.8618,3.5149,432142740.3457,4549872.4972,144016177.0189
46,552907112.9599,3.5916,404341063.4438,4549872.4972,144016177.0189
47,526921330.9327,3.6696,378355281.4167,4549872.4972,144016177.0189
48,501357389.0467,3.7464,352791339.5306,4549872.4972,144016177.0189
49,477603556.721,3.8231,329037507.205,4549872.4972,144016177.0189
50,465637978.0329,3.9011,319417189.9121,3849913.63,142370874.4908
51,390700018.0829,3.9774,338521439.989,3849913.63,48328664.4639
52,375459036.4695,4.054,338521439.989,3849913.63,33087682.8505
53,239031197.5708,4.1318,235181283.9408,3849913.63,0
54,204013981.9783,4.2085,200164068.3483,3849913.63,0
55,192203557.608,4.2868,188361620.128,3841937.48,0
56,159054650.0537,4.3632,155212712.5737,3841937.48,0
57,150905096.9107,4.4401,146663047.3307,4242049.58,0
58,145306703.894,4.5167,141064654.314,4242049.58,0
59,140637276.4539,4.5928,135987852.1339,4649424.32,0
60,136236075.7004,4.6697,131586651.3804,4649424.32,0
61,132755297.3214,4.7487,127452635.9114,5302661.41,0
62,129607961.2616,4.8263,124305299.8516,5302661.41,0
63,128716134.866,4.9049,122875470.296,5840664.57,0
64,128716134.866,4.981,122875470.296,5840664.57,0
65,128425160.216,5.0575,122875470.296,5549689.92,0
66,128425160.216,5.1377,122875470.296,5549689.92,0
67,128425160.216,5.2142,122875470.296,5549689.92,0
68,128425160.216,5.2942,122875470.296,5549689.92,0
69,128425160.216,5.371,122875470.296,5549689.92,0
70,1296371952,5.4935,741402960,554968992,0
71,1158473547,5.6068,653504555,504968992,0
72,1078571807,5.7193,569135370,509436437,0
73,1005611357,5.8303,496174920,509436437,0
74,938564972,5.9418,479128535,459436437,0
75,251260535.4765,6.0531,48918116.465,200423011.0915,1919407.92
76,220943144.321,6.1645,44016251.5752,170889779.7058,6037113.04
77,198921434.5847,6.2767,45320172.0251,147564149.5196,6037113.04
78,178638379.677,6.3879,49512590.3507,123088676.2862,6037113.04
79,158697000.5873,6.499,49512590.3507,103147297.1966,6037113.04
80,139111134.5995,6.6103,49512590.3507,83561431.2087,6037113.04
81,123896064.25,6.7225,34297520.0013,83561431.2087,6037113.04
82,112021941.6273,6.8335,34297520.0013,71687308.586,6037113.04
83,101850545.3335,6.9445,24126123.7075,71687308.586,6037113.04
84,92287392.9774,7.0557,24126123.7075,62124156.2299,6037113.04
85,87093023.3537,7.1683,28408858.0186,52647052.295,6037113.04
86,82093705.0891,7.2791,38902945.0792,37153646.97,6037113.04
87,79640898.123,7.39,36450138.113,37153646.97,6037113.04
88,77810970.778,7.5009,34620210.768,37153646.97,6037113.04
89,76060147.2181,7.6115,33316290.3181,37153646.97,5590209.93
90,74339527.8981,7.7254,33316290.3181,37153646.97,3869590.61
91,73647984.9581,7.8373,33316290.3181,37153646.97,3178047.67
92,73329879.7981,7.9537,33316290.3181,37153646.97,2859942.51
93,73294793.2731,8.0644,33281203.7932,37153646.97,2859942.51
94,73294793.2731,8.1753,33281203.7932,37153646.97,2859942.51
95,73294793.2731,8.2877,33281203.7932,37153646.97,2859942.51
96,73294793.2731,8.3995,33281203.7932,37153646.97,2859942.51
97,73138816.7072,8.5106,19125227.2273,37153646.97,16859942.51
98,59138816.7072,8.6217,19125227.2273,37153646.97,2859942.51
99,59138816.7072,8.7326,19125227.2273,37153646.97,2859942.51
100,73630067.741,8.8437,12115821.9458,47683615.3972,13830630.398
101,73630067.741,8.9547,12115821.9458,47683615.3972,13830630.398
102,73630067.741,9.0658,12115821.9458,47683615.3972,13830630.398
103,478082593,9.2527,84537710,107550632,285994251
104,418082593,9.4353,84537710,107550632,225994251
105,374898413,9.6177,45820975,103083187,225994251
106,332502068,9.8012,3424630,103083187,225994251
107,314502068,9.9839,3424630,103083187,207994251
108,174502068,10.1674,3424630,103083187,67994251
109,136002727,10.35,4741145,98083187,33178395
110,126164827,10.5324,4741145,98083187,23340495
111,113351971,10.7179,4741145,98083187,10527639
112,106300207,10.9058,4741145,98083187,3475875
113,102364762,11.0882,4741145,94147742,3475875
114,92364762,11.2709,4741145,84147742,3475875
115,88564446,11.4538,4741145,80347426,3475875
116,85088571,11.6362,4741145,80347426,0
117,81663941,11.8186,1316515,80347426,0
118,80347426,12.0009,0,80347426,0
119,79347426,12.1833,0,79347426,0
120,78347426,12.3658,0,78347426,0
121,77524166,12.5479,0,77524166,0
122,77524166,12.7306,0,77524166,0
123,77524166,12.9134,0,77524166,0
124,77524166,13.0975,0,77524166,0
125,52258999.52,13.28,683773.52,51575226,0
126,30913688.21,13.4635,989342.21,29924346,0
127,20913688.21,13.6486,989342.21,19924346,0
128,11009490.96,13.8338,1085144.96,9924346,0
129,6735781.96,14.0215,1135144.96,5600637,0
130,4525189.88,14.204,1135144.96,600637,2789407.92
131,1735781.96,14.3878,1135144.96,600637,0
132,1135144.96,14.5702,1135144.96,0,0
133,638295.7,14.7527,638295.7,0,0
134,538295.7,14.935,538295.7,0,0
135,438295.7,15.1175,438295.7,0,0
136,338295.7,15.3008,338295.7,0,0
137,238295.7,15.4833,238295.7,0,0
138,138295.7,15.6655,138295.7,0,0
139,51371.44,15.8486,51371.44,0,0
140,5568.69,16.0306,5568.69,0,0
141,0,16.2145,0,0,0
