1,22893013182,0.063288,17901353500,0,4991659682
2,20487736925,0.104,15498765250,0,4988971675
3,18188858655,0.14395,13319182835,0,4869675820
4,16508581415,0.18343,11638905595,0,4869675820
5,15080308786,0.22318,10460814795,0,4619493991
6,13701859643,0.26287,9020240480,0,4681619163
7,12508147574,0.30242,8763573415,0,3744574159
8,11374636718,0.34183,7460574825,0,3914061893
9,10057400288,0.38109,7013691315,0,3043708973
10,9311323418,0.42032,6263691315,3923130,3043708973
11,8575694923,0.45973,5528062820,3923130,3043708973
12,7860917823,0.49954,4813285720,3923130,3043708973
13,7157871743,0.53906,4063285720,3923130,3090662893
14,6177574512,0.57845,3313285720,9121015,2855167777
15,5630222598,0.61773,3028432750,9121015,2592668833
16,5036294934,0.65698,2653432750,9121015,2373741169
17,4604154384,0.69672,2671292200,9121015,1923741169
18,4192856928,0.73621,2671292200,9121015,1512443713
19,3849136833,0.77582,2327572105,9121015,1512443713
20,3531288328,0.8154,2009723600,9121015,1512443713
21,3245759743,0.85506,1785157075,9121015,1451481653
22,2990151887,0.89592,1599344915,9121015,1381685957
23,2760191720,0.93539,1438854470,24530409,1296806841
24,2432183912,0.97461,1438854470,24530409,968799033
25,485236154.0019,1.014,170242239.9576,247407.6745,314746506.3697
26,430841053.6295,1.0536,170242239.9576,625823.6879,259972989.984
27,376877685.7789,1.0933,170242239.9576,912642.8184,205722803.0028
28,335532729.9561,1.1334,171170875.7471,912642.8184,163449211.3906
29,237960086.2329,1.1731,171170875.7471,912642.8184,65876567.6674
30,210871860.1786,1.2128,144082649.6927,912642.8184,65876567.6674
31,187353110.0547,1.2524,120169247.8614,1307294.5258,65876567.6674
32,163934005.0827,1.2917,120169247.8614,1307294.5258,42457462.6954
33,148258317.7997,1.3312,103907410.8182,1893444.286,42457462.6954
34,134004386.4106,1.3709,103907410.8182,1515028.2727,28581947.3197
35,105422439.0909,1.4104,103907410.8182,1515028.2727,0
36,94359011.4064,1.4499,92843983.1337,1515028.2727,0
37,85632833.1612,1.4895,84117804.8885,1515028.2727,0
38,77878955.3351,1.529,76363927.0624,1515028.2727,0
39,41853665.3509,1.5687,40338637.0782,1515028.2727,0
40,40851380.218,1.6082,39336351.9453,1515028.2727,0
41,39922744.4285,1.648,38407716.1558,1515028.2727,0
42,39752251.2919,1.6874,38237223.0192,1515028.2727,0
43,39596835.9323,1.7269,38237223.0192,1359612.9131,0
44,39596835.9323,1.7665,38237223.0192,1359612.9131,0
45,39596835.9323,1.8059,38237223.0192,1359612.9131,0
46,39596835.9323,1.8455,38237223.0192,1359612.9131,0
47,39596835.9323,1.8851,38237223.0192,1359612.9131,0
48,341450010,1.9434,206644730,134805280,0
49,268018020,2.001,133212740,134805280,0
50,57133510.1032,2.0587,14478917.2669,42654592.8363,0
51,39000798.5377,2.1165,16027267.1121,22973531.4256,0
52,34943520.6376,2.1743,11969989.212,22973531.4256,0
53,33168187.569,2.2321,10194656.1434,22973531.4256,0
54,31619837.7238,2.29,8646306.2982,22973531.4256,0
55,31036005.5406,2.3478,8062474.115,22973531.4256,0
56,29646617.2735,2.4056,8646306.2982,21000310.9752,0
57,29646617.2735,2.4633,8646306.2982,21000310.9752,0
58,29646617.2735,2.5211,8646306.2982,21000310.9752,0
59,29646617.2735,2.5792,8646306.2982,21000310.9752,0
60,29646617.2735,2.6372,8646306.2982,21000310.9752,0
61,95544957,2.7324,53792425,41752532,0
62,67106912,2.8266,53792425,13314487,0
63,40495817,2.9207,27181330,13314487,0
64,28053917,3.0149,14739430,13314487,0
65,19187707,3.1093,5873220,13314487,0
66,13314487,3.2035,0,13314487,0
67,8116602,3.2977,0,8116602,0
68,3116602,3.3919,0,3116602,0
69,2116602,3.4866,0,2116602,0
70,1116602,3.5807,0,1116602,0
71,616602,3.6748,0,616602,0
72,616602,3.7693,0,616602,0
73,616602,3.8646,0,616602,0
74,616602,3.9606,0,616602,0
75,9883.8,4.0555,9883.8,0,0
76,0,4.1511,0,0,0
