1,41581725741,0.33238,33389054270,0,8192671471
2,38010887075,0.45309,30056717920,0,7954169155
3,35281305275,0.57151,27375928310,0,7905376965
4,32828512720,0.69023,25329843575,0,7498669145
5,30679424555,0.80856,23180755410,0,7498669145
6,28641873535,0.92719,21360735830,0,7281137705
7,26748959965,1.0495,19860735830,0,6888224135
8,25210021574,1.1696,18306948750,14848689,6888224135
9,23726477139,1.2926,16823404315,14848689,6888224135
10,22326373684,1.411,15423300860,14848689,6888224135
11,20984378694,1.5293,14284593420,31053584,6668731690
12,19835052237,1.6488,13136706310,31053584,6667292343
13,18849921344,1.7675,12175994160,31053584,6642873600
14,17895045683,1.8866,11395030845,31053584,6468961254
15,16901780930,2.0065,11623668860,31053584,5247058486
16,15986215990,2.1248,10670701310,49004414,5266510266
17,15105144636,2.2431,9803862040,49004414,5252278182
18,14224647886,2.3612,8923365290,49004414,5252278182
19,13367728161,2.4796,8564016565,49004414,4754707182
20,12568819671,2.5976,8215108075,49004414,4304707182
21,11938298050,2.7169,7759147565,49004414,4130146071
22,11351255895,2.8353,7172105410,49004414,4130146071
23,10765921214,2.9535,7037341260,49004414,3679575540
24,9498301582,3.0731,6388508780,49004414,3060788388
25,1740394775.9185,3.192,808931013.7813,490044.14,930973717.9972
26,1659986783.7089,3.3107,773712271.7137,490044.14,885784467.8552
27,1581369366.4307,3.4372,784667767.7758,490044.14,796211554.515
28,1511851119.5145,3.5915,784667767.7758,490044.14,726693307.5987
29,1445634883.6067,3.7094,770128745.512,490044.14,675016093.9548
30,1389213381.7788,3.8256,725418943.4531,490044.14,663304394.1857
31,1335210617.1944,3.9419,671075243.7786,830979.23,663304394.1857
32,1290337054.4304,4.0615,626201681.0147,830979.23,663304394.1857
33,1246342581.5464,4.1807,530393089.6209,830979.23,715118512.6955
34,1145970095.5058,4.2994,505659941.2729,830979.23,639479175.0028
35,1102358742.4077,4.4165,462048588.1749,830979.23,639479175.0028
36,1064600170.5151,4.5328,424290016.2823,830979.23,639479175.0028
37,1027963900.9095,4.6492,412211437.4728,830979.23,614921484.2067
38,926647797.6,4.7653,381754640.751,830979.23,544062177.619
39,893640476.1238,4.882,381754640.751,830979.23,511054856.1428
40,868795083.4127,4.9983,356336824.4699,1403402.8,511054856.1428
41,846028611.4687,5.1144,356336824.4699,1711229.85,487980557.1488
42,824261466.7253,5.2306,356336824.4699,1711229.85,466213412.4054
43,807747305.7719,5.3467,339822663.5164,1711229.85,466213412.4054
44,793043647.7571,5.4629,325119005.5017,1711229.85,466213412.4054
45,779005116.7772,5.5791,311080474.5218,1711229.85,466213412.4054
46,766643797.9232,5.6954,298719155.6678,1711229.85,466213412.4054
47,735887647.3912,5.8114,267963005.1358,1711229.85,466213412.4054
48,724658451.5084,5.9275,267963005.1358,1711229.85,454984216.5226
49,708032123.049,6.0436,267963005.1358,1711229.85,438357888.0632
50,959398926.2861,6.1599,205047228.2858,1711229.85,752640468.1503
51,944772003.8818,6.2761,205047228.2858,2079424.47,737645351.1261
52,936182681.1811,6.3923,207936155.1113,2079424.47,726167101.5998
53,899807215.3364,6.5106,236320778.8182,2079424.47,661407012.0482
54,744687324.3698,6.6268,236320778.8182,2079424.47,506287121.0816
55,593017303.993,6.744,264705402.5252,2079424.47,326232476.9978
56,560519480.7385,6.8634,232207579.2707,2079424.47,326232476.9978
57,532134857.0315,6.985,203822955.5638,2079424.47,326232476.9978
58,503869536.4313,7.1062,194977715.2811,2079424.47,306812396.6802
59,345066021.3447,7.2299,193793033.8107,2079424.47,149193563.064
60,297914973.6516,7.3519,185721460.7272,2079424.47,110114088.4544
61,287154743.5218,7.4704,214106084.4341,2079424.47,70969234.6177
62,255540257.8994,7.5884,182832533.9017,1738489.38,70969234.6177
63,235990797.7052,7.7065,228176907.8274,2283542.78,5530347.0979
64,179931006.5516,7.8246,172117116.6738,2283542.78,5530347.0979
65,154973097.4438,7.9439,152689554.6638,2283542.78,0
66,144080588.5486,8.0631,141797045.7686,2283542.78,0
67,138442374.757,8.1813,136158831.977,2283542.78,0
68,133885367.6148,8.3002,131601824.8348,2283542.78,0
69,129352984.7012,8.4188,127069441.9212,2283542.78,0
70,125347385.7887,8.537,122477251.8487,2870133.94,0
71,122890953.9608,8.655,120020820.0208,2870133.94,0
72,120650112.0545,8.7735,117779978.1145,2870133.94,0
73,119134823.5179,8.8914,116264689.5779,2870133.94,0
74,118181908.5554,9.0112,115311774.6154,2870133.94,0
75,214013578.3058,9.1295,185333287.1192,6970329.8366,21709961.35
76,178933526.1942,9.2481,134392136.8932,8571018.8009,35970370.5
77,153435765.7302,9.3663,108894376.4293,8571018.8009,35970370.5
78,141600358.6801,9.4864,93001549.1891,8571018.8009,40027790.69
79,128319948.3401,9.6045,93001549.1891,8571018.8009,26747380.35
80,117914764.4631,9.7231,93001549.1891,9557487.844,15355727.43
81,116219973.1692,9.8415,91306757.8953,9557487.844,15355727.43
82,113660580.8586,9.9607,90137538.02,8167315.4086,15355727.43
83,112530545.6684,10.0818,89007502.8298,8167315.4086,15355727.43
84,112530545.6684,10.2046,89007502.8298,8167315.4086,15355727.43
85,112530545.6684,10.3228,89007502.8298,8167315.4086,15355727.43
86,112530545.6684,10.4762,89007502.8298,8167315.4086,15355727.43
87,112530545.6684,10.6007,89007502.8298,8167315.4086,15355727.43
88,1679888311,10.7801,475724155,336301003,867863153
89,1543424909,10.9562,504709550,336301003,702414356
90,1339754310,11.1337,504709550,295681716,539363044
91,1284852606,11.3093,504709550,295681716,484461340
92,1231989411,11.489,501846355,245681716,484461340
93,1180255421,11.664,450112365,245681716,484461340
94,1129188620,11.8403,360062115,284665165,484461340
95,1079188620,12.0182,360062115,234665165,484461340
96,1048405915,12.1953,360062115,203882460,484461340
97,1019420520,12.3708,331076720,203882460,484461340
98,993433652,12.5474,344570195,203882460,444980997
99,973824087,12.7232,324960630,203882460,444980997
100,246239781.8455,12.8995,39109506.734,28886147.4022,178244127.7093
101,211578141.1131,13.0791,49059514.0651,28886147.4022,133632479.6459
102,176285633.129,13.2597,49059514.0651,38009725.044,89216394.0199
103,152709642.0762,13.4354,49059514.0651,38009725.044,65640402.9671
104,106585712.4592,13.6113,49059514.0651,38009725.044,19516473.3501
105,87069239.1091,13.7873,49059514.0651,38009725.044,0
106,83960477.1864,13.9642,49059514.0651,34900963.1213,0
107,71204212.2375,14.1401,36303249.1162,34900963.1213,0
108,69052402.3624,14.3157,42313120.1725,26739282.1899,0
109,68151860.2223,14.4926,41412578.0324,26739282.1899,0
110,59028282.5804,14.6685,41412578.0324,17615704.548,0
111,58207823.6686,14.8439,40592119.1205,17615704.548,0
112,50499200.9423,15.0208,40592119.1205,9907081.8218,0
113,42933003.5156,15.1975,33025921.6939,9907081.8218,0
114,42579272.3636,15.3729,32672190.5419,9907081.8218,0
115,42579272.3636,15.5494,32672190.5419,9907081.8218,0
116,42579272.3636,15.7279,32672190.5419,9907081.8218,0
117,42579272.3636,15.9009,32672190.5419,9907081.8218,0
118,42579272.3636,16.0764,32672190.5419,9907081.8218,0
119,436871271,16.3691,389551090,47320181,0
120,386871271,16.6535,339551090,47320181,0
121,336871271,16.9388,289551090,47320181,0
122,286871271,17.2235,239551090,47320181,0
123,236871271,17.5081,189551090,47320181,0
124,193264341,17.7995,145944160,47320181,0
125,26214421.5012,18.0844,14628220.3516,11586201.1496,0
126,20936439.1804,18.3688,8374902.7635,12561536.4169,0
127,17203353.5825,18.658,4641817.1656,12561536.4169,0
128,14650765.4967,18.9554,4209387.0681,10441378.4286,0
129,12202296.1745,19.2648,4209387.0681,7992909.1065,0
130,9753826.8524,19.5495,4209387.0681,5544439.7844,0
131,7807090.5184,19.8347,4209387.0681,3597703.4503,0
132,6138892.4485,20.1204,2541188.9982,3597703.4503,0
133,4619642.943,20.4046,2541188.9982,2078453.9449,0
134,3280961.2003,20.6891,1202507.2555,2078453.9449,0
135,2078453.9449,20.9746,0,2078453.9449,0
136,1859469.4949,21.2606,25862.4823,1833607.0126,0
137,1737046.0288,21.5477,25862.4823,1711183.5465,0
138,1711183.5465,21.8347,0,1711183.5465,0
139,1614622.5627,22.1217,25862.4823,1588760.0804,0
140,1588760.0804,22.4111,0,1588760.0804,0
141,1492199.0966,22.6963,25862.4823,1466336.6143,0
142,1466336.6143,22.9814,0,1466336.6143,0
143,1369775.6305,23.2661,25862.4823,1343913.1482,0
144,1343913.1482,23.5517,0,1343913.1482,0
145,1247352.1644,23.8362,25862.4823,1221489.6821,0
146,1221489.6821,24.1209,0,1221489.6821,0
147,1124928.6983,24.4058,25862.4823,1099066.216,0
148,1099066.216,24.6919,0,1099066.216,0
149,1002505.2322,24.9776,25862.4823,976642.7499,0
150,732613.1226,25.2708,240309.8095,492303.3131,0
151,258410.9752,25.5553,253208.7358,5202.2395,0
152,134583.5785,25.8398,129381.339,5202.2395,0
153,18984.6907,26.1254,13782.4512,5202.2395,0
154,5202.2395,26.4103,0,5202.2395,0
155,883.5249,26.6956,883.5249,0,0
156,0,26.9807,0,0,0
