1,1.775716801246974e+17,0.043896
2,9.791407845353574e+16,0.05417
3,6.941720630757732e+16,0.064298
4,3.332235704598286e+16,0.074392
5,1.684716828653722e+16,0.084239
6,1.266757352763138e+16,0.094068
7,1.062458005563595e+16,0.1039
8,1.062458005563595e+16,0.11373
9,1.062458005563595e+16,0.12361
10,7425894455635950,0.13876
11,4441037779356550,0.15395
12,2036782079367195,0.16803
13,542632288513320,0.18212
14,430754827937940,0.19623
15,326219018791815,0.21031
16,134744778791815,0.22438
17,116511478781170,0.23846
18,94199359391045,0.25256
19,38992065656125,0.26662
20,16679946266000,0.28072
21,7869099889800,0.29482
22,1638409146125,0.30889
23,0,0.32304
