1,4.989957291672759e+17,0.53739
2,4.012526952594788e+17,0.56627
3,3.165278740004411e+17,0.59497
4,2.415452582919913e+17,0.62368
5,1.976552416068509e+17,0.65243
6,1.661986474592324e+17,0.68112
7,1.41986368383918e+17,0.7099
8,1.102934595209308e+17,0.73859
9,9.537800327396181e+16,0.76728
10,8.158806634701802e+16,0.79592
11,7.155531335812313e+16,0.82458
12,5.031581711882675e+16,0.8532
13,4.096594768356498e+16,0.8819
14,3.78563386868341e+16,0.91055
15,3.485017823629633e+16,0.9392
16,3.364619792850585e+16,0.96787
17,3.195371287788071e+16,0.99649
18,3.144187718679688e+16,1.0254
19,3.168564471804501e+16,1.0549
20,3.224105637968436e+16,1.0844
21,2.773267997621964e+16,1.1275
22,2.333534877621964e+16,1.1696
23,1.950682537693909e+16,1.2116
24,1.420278716519661e+16,1.2535
25,1.050438416519661e+16,1.2954
26,7333833407034029,1.3373
27,6443915731752984,1.3794
28,5607366337411864,1.4213
29,4831452947315419,1.4632
30,4052344077820946,1.505
31,3381130601424821,1.5469
32,2718168125287763,1.5889
33,2106612685896168,1.6308
34,1528104818383990,1.6727
35,1004851858383990,1.7145
36,644280264582865,1.7564
37,397926673823615,1.7982
38,267792612244095,1.84
39,196825679764095,1.8819
40,145046544986245,1.9238
41,99958895320810,1.9657
42,58105905392565,2.0076
43,25831088401345,2.0495
44,15497044553345,2.0913
45,7064741278125,2.1332
46,0,2.1751
