1,3.319553352277049e+18,0.56259
2,3.035367028873535e+18,0.96433
3,2.780096445985274e+18,1.3655
4,2.548357501985969e+18,1.7664
5,2.324363019308086e+18,2.1686
6,2.132489060048442e+18,2.5702
7,1.991032203181028e+18,2.971
8,1.822508902412619e+18,3.3718
9,1.711665171039926e+18,3.7727
10,1.615151057232428e+18,4.174
11,1.522785997827191e+18,4.5748
12,1.445510176398467e+18,4.9758
13,1.369628663678083e+18,5.3789
14,1.294388430536264e+18,5.7796
15,1.22605192813897e+18,6.1803
16,1.158372338411761e+18,6.5811
17,1.092134450539904e+18,6.9828
18,1.039733681382827e+18,7.3836
19,9.87451265197575e+17,7.7841
20,9.368533003528599e+17,8.186
21,8.871017320891581e+17,8.587
22,8.412045297842643e+17,8.9875
23,7.780434490226028e+17,9.3883
24,7.355744870513981e+17,9.789
25,6.96647878000697e+17,10.1891
26,6.61164975264338e+17,10.5899
27,6.265740644417038e+17,10.9903
28,5.976804349782232e+17,11.3926
29,5.753768158251827e+17,11.7927
30,5.5501674669819e+17,12.1929
31,5.381214560574567e+17,12.5934
32,5.215410498952835e+17,12.9936
33,5.056803672449585e+17,13.3939
34,4.921150203976838e+17,13.7939
35,4.833034912433934e+17,14.195
36,4.753882292165808e+17,14.5954
37,4.625028222669507e+17,14.9952
38,4.548229684867093e+17,15.3953
39,4.472575487998355e+17,15.7959
40,4.404626681672417e+17,16.1959
41,4.375503881456682e+17,16.5962
42,4.349471447265043e+17,16.996
43,4.345544428589075e+17,17.3974
44,4.342387067489674e+17,17.7971
45,4.341742634377782e+17,18.1971
46,4.342387067489674e+17,18.5981
47,4.344391592853928e+17,18.9995
48,4.158712377173937e+17,19.597
49,3.973156194460029e+17,20.1945
50,3.791898407888079e+17,20.7915
51,3.611059073346046e+17,21.3876
52,3.463297035062838e+17,21.9844
53,3.33675769156746e+17,22.581
54,3.220280841717256e+17,23.1794
55,3.093338587089078e+17,23.7759
56,2.983749143740696e+17,24.3724
57,2.885058269132358e+17,24.9686
58,2.799672207385106e+17,25.5648
59,2.699551799569247e+17,26.1618
60,2.614870028212072e+17,26.7584
61,2.530220401130432e+17,27.3545
62,2.446951204384621e+17,27.9506
63,2.365991913409586e+17,28.5469
64,2.293520840981521e+17,29.1441
65,2.228140365563168e+17,29.7402
66,2.169571800738948e+17,30.3367
67,2.118144426944749e+17,30.933
68,2.067761585076546e+17,31.529
69,2.018862841943444e+17,32.1246
70,1.971678889309325e+17,32.7229
71,1.925899396181822e+17,33.3186
72,1.880824427481344e+17,33.9149
73,1.8260426246887e+17,34.5111
74,1.781313015581556e+17,35.1071
75,1.737555113828094e+17,35.7057
76,1.693884402721262e+17,36.3024
77,1.651783631651714e+17,36.8987
78,1.610223809183412e+17,37.4946
79,1.572463019935092e+17,38.0901
80,1.536415264730516e+17,38.6874
81,1.500630009686832e+17,39.2833
82,1.441380834966839e+17,39.88
83,1.405919563680959e+17,40.4762
84,1.374266821906356e+17,41.0717
85,1.341568139180082e+17,41.6692
86,1.310072093628336e+17,42.2646
87,1.2800710080564e+17,42.8606
88,1.2509417200564e+17,43.4564
89,1.222469164776957e+17,44.0521
90,1.194487699899029e+17,44.6501
91,1.166744287356815e+17,45.2459
92,1.139272987723174e+17,45.8422
93,1.112987931621753e+17,46.438
94,1.087361511621753e+17,47.034
95,1.043663804602501e+17,47.6312
96,1.018872954389846e+17,48.2271
97,9.945789706463165e+16,48.8234
98,9.720926835571694e+16,49.4194
99,9.497366831975749e+16,50.0152
100,9.289550051033757e+16,50.6127
101,9.085093617136058e+16,51.2081
102,8.885522505523869e+16,51.8042
103,8.701894801861411e+16,52.4
104,8.521749719239056e+16,52.9956
105,8.359564271239059e+16,53.5929
106,8.197414514332872e+16,54.1883
107,8.040666371731661e+16,54.7847
108,7.885712870766328e+16,55.3801
109,7.736455979115712e+16,55.9756
110,7.588409021213414e+16,56.5733
111,7.451194782273342e+16,57.1683
112,7.31472457216363e+16,57.764
113,7.181796378399626e+16,58.3595
114,7.06075246148381e+16,58.9549
115,6.943694747488675e+16,59.5516
116,6.830993367299298e+16,60.1471
117,6.727644119299299e+16,60.7427
118,6.63110006464543e+16,61.3385
119,6.538908248645431e+16,61.9336
120,6.453629336761991e+16,62.5312
121,6.370709997943401e+16,63.1265
122,6.288002534453259e+16,63.7219
123,6.158016464091214e+16,64.3182
124,6.082042256766582e+16,64.9135
125,6.009767199105376e+16,65.5102
126,5.937575723655827e+16,66.1055
127,5.865980630370675e+16,66.7016
128,5.796068723084608e+16,67.2979
129,5.726560153484608e+16,67.8933
130,5.663334051804608e+16,68.4902
131,5.601229699232453e+16,69.0855
132,5.539263092414003e+16,69.6816
133,5.481858813992997e+16,70.2771
134,5.367746310328637e+16,70.8725
135,5.31372914367971e+16,71.4693
136,5.260036499994333e+16,72.0648
137,5.206554382076792e+16,72.6605
138,5.153104846076792e+16,73.2556
139,5.104632215084144e+16,73.8507
140,5.058972698546026e+16,74.4476
141,4.991941665414454e+16,75.0423
142,4.936344151500758e+16,75.6375
143,4.892147903837174e+16,76.2329
144,4.848556928180476e+16,76.8282
145,4.805388552755034e+16,77.4252
146,4.76142578090914e+16,78.0198
147,4.71870426090914e+16,78.6146
148,4.676579959891507e+16,79.2098
149,4.634582904712809e+16,79.8045
150,4.522665931817431e+16,80.4013
151,4.481759533914543e+16,80.9961
152,4.442393008065009e+16,81.591
153,4.404386888065009e+16,82.1861
154,4.368038870495186e+16,82.7812
155,4.332519286495186e+16,83.3772
156,4.300196929280258e+16,83.9719
157,4.270287537880259e+16,84.5667
158,4.23431186953414e+16,85.1617
159,4.150204067461659e+16,85.757
160,4.086884150405114e+16,86.3549
161,4.057904911320166e+16,86.9494
162,4.029365912930295e+16,87.544
163,3.994647076817053e+16,88.1394
164,3.967545842102248e+16,88.7345
165,3.893098730780427e+16,89.3315
166,3.856548082593986e+16,89.9264
167,3.832736647660642e+16,90.521
168,3.803670011273787e+16,91.1163
169,3.780238193234558e+16,91.711
170,3.755550930745226e+16,92.3079
171,3.697004952475654e+16,92.9028
172,3.667301280273926e+16,93.4977
173,3.646159464790114e+16,94.0926
174,3.626488957280837e+16,94.6876
175,3.607056555371862e+16,95.284
176,3.588346579626886e+16,95.879
177,3.459748955626886e+16,96.4738
178,3.442541179182739e+16,97.069
179,3.42895892432349e+16,97.6639
180,3.416605509273186e+16,98.261
181,3.40703852824306e+16,98.856
182,3.393213806351332e+16,99.4507
183,3.38378723139737e+16,100.0456
184,3.374386317492774e+16,100.6407
185,3.365219419348282e+16,101.2371
186,3.354934632811196e+16,101.8319
187,3.346733690286692e+16,102.427
188,3.338736132354924e+16,103.0221
189,3.320570516929852e+16,103.6167
190,3.312879137072457e+16,104.2133
191,3.306172729648856e+16,104.8083
192,3.299806731368016e+16,105.4036
193,3.271223101521778e+16,105.9989
194,3.244928531584494e+16,106.5941
195,3.239948420237133e+16,107.1902
196,3.235016684402357e+16,107.7855
197,3.230406091749622e+16,108.3802
198,3.21149137269877e+16,108.9753
199,3.091840704063638e+16,109.57
200,3.019507270599914e+16,110.1658
201,2.991627558444057e+16,110.7616
202,2.981725842726866e+16,111.3567
203,2.977123044168774e+16,111.9514
204,2.97282614253683e+16,112.5467
205,2.96867503024083e+16,113.1446
206,2.96469639794483e+16,113.74
207,2.96089024564883e+16,114.335
208,2.95725657335283e+16,114.9302
209,2.953630920112518e+16,115.525
210,2.950169727816518e+16,116.1198
211,2.946765495577918e+16,116.7166
212,2.943476783281918e+16,117.3116
213,2.940347261433918e+16,117.9067
214,2.937231029137918e+16,118.5018
215,2.934287276841918e+16,119.0965
216,2.931390074993918e+16,119.693
217,2.928618802697918e+16,120.2878
218,2.925953920849918e+16,120.8828
219,2.923355128553918e+16,121.4777
220,2.920880974157966e+16,122.0727
221,2.918448412309966e+16,122.6697
222,2.916022100013966e+16,123.2645
223,2.913637491453966e+16,123.8597
224,2.911309483989966e+16,124.455
225,2.908988844022081e+16,125.0497
226,2.906675275462081e+16,125.6474
227,2.904411587998081e+16,126.2421
228,2.902157755702081e+16,126.8374
229,2.899915227142081e+16,127.4329
230,2.897714985294081e+16,128.0275
231,2.895515617830081e+16,128.6247
232,2.893344129270081e+16,129.2196
233,2.891209081806081e+16,129.8153
234,2.889092916280497e+16,130.4103
235,2.886992467720497e+16,131.005
236,2.884911115424497e+16,131.6016
237,2.882840387960497e+16,132.1963
238,2.880810979400497e+16,132.7918
239,2.878804571936497e+16,133.3867
240,2.876836650088497e+16,133.9815
241,2.874878281528497e+16,134.5813
242,2.872936194064497e+16,135.1761
243,2.871027321768497e+16,135.7713
244,2.869139993208497e+16,136.3663
245,2.867262225744497e+16,136.961
246,2.865445937184497e+16,137.5574
247,2.863632489720497e+16,138.1518
248,2.861883362256497e+16,138.7471
249,2.860138113696497e+16,139.3423
250,2.858401721400497e+16,139.9372
251,2.856666119552497e+16,140.5341
252,2.854944939187697e+16,141.1292
253,2.817584678146837e+16,141.7246
254,2.813990282876405e+16,142.3201
255,2.806809501171874e+16,142.9151
256,2.805088320807074e+16,143.5114
257,2.803403513343074e+16,144.1059
258,2.801729304783074e+16,144.7011
259,2.800108817319074e+16,145.2963
260,2.798505648759074e+16,145.8915
261,2.796941736463074e+16,146.488
262,2.795385568999074e+16,147.0829
263,2.793853440439074e+16,147.6776
264,2.793853440439074e+16,148.0788
265,2.793853440439074e+16,148.4779
266,2.815780607108754e+16,148.876
267,2.814277325260754e+16,149.4734
268,2.812785477796754e+16,150.0674
269,2.811324389236754e+16,150.662
270,2.809896861772754e+16,151.2563
271,2.80847083398635e+16,151.8505
272,2.80704494943435e+16,152.4466
273,2.80563762488235e+16,153.0408
274,2.804239360200822e+16,153.6347
275,2.802847927904822e+16,154.229
276,2.801457879344822e+16,154.8232
277,2.800069114792822e+16,155.419
278,2.798698910240822e+16,156.013
279,2.797335702776822e+16,156.6074
280,2.795974670456822e+16,157.2015
281,2.794623025904822e+16,157.7956
282,2.793289703100202e+16,158.3928
283,2.791970694540202e+16,158.9869
284,2.790654496828202e+16,159.581
285,2.789355259116202e+16,160.1757
286,2.788056371652202e+16,160.7705
287,2.786774093940202e+16,161.3661
288,2.78549740060189e+16,161.9602
289,2.78422643875389e+16,162.5548
290,2.78296112104189e+16,163.149
291,2.78171276332989e+16,163.743
292,2.78046479476989e+16,164.339
293,2.77923022730589e+16,164.9334
294,2.77799882959389e+16,165.5275
295,2.77677329804189e+16,166.1218
296,2.77555434574589e+16,166.716
297,2.77433923342589e+16,167.3125
298,2.77312479571389e+16,167.9066
299,2.77192731800189e+16,168.5009
300,2.77073280302589e+16,169.095
301,2.76954247147389e+16,169.6889
302,2.76835379068989e+16,170.2848
303,2.76716784359158e+16,170.8791
304,2.76598732587958e+16,171.4732
305,2.76481039731958e+16,172.0673
306,2.76364014985558e+16,172.6616
307,2.76247659214358e+16,173.2576
308,2.76132146059158e+16,173.8517
309,2.760171790036156e+16,174.4462
310,2.758765444380156e+16,175.0407
311,2.757441978724156e+16,175.6353
312,2.756201393068156e+16,176.2309
313,2.755043687412156e+16,176.8256
314,2.753897089700156e+16,177.4197
315,2.752767451988156e+16,178.0141
316,2.751647520436156e+16,178.6083
317,2.750529213396156e+16,179.204
318,2.749416535684156e+16,179.7981
319,2.748309380708156e+16,180.3946
320,2.747203492148156e+16,180.989
321,2.746107585108156e+16,181.5832
322,2.745011867396156e+16,182.1795
323,2.743927135844156e+16,182.7743
324,2.742848378132156e+16,183.3689
325,2.741770307427946e+16,183.9634
326,2.740695481771946e+16,184.5581
327,2.739621974731946e+16,185.1537
328,2.738552782411946e+16,185.7481
329,2.737490984699946e+16,186.3423
330,2.736378118951693e+16,186.9373
331,2.734959647639693e+16,187.5314
332,2.733558136327693e+16,188.1252
333,2.732173585015693e+16,188.7212
334,2.730805993703693e+16,189.3154
335,2.729455362391693e+16,189.9104
336,2.728121691079693e+16,190.5099
337,2.726804979767693e+16,191.104
338,2.725505228455693e+16,191.7007
339,2.724222437143693e+16,192.2955
340,2.722956605831693e+16,192.8901
341,2.721707734519693e+16,193.4845
342,2.720475823207693e+16,194.0786
343,2.719260871895693e+16,194.6748
344,2.718062880583693e+16,195.2694
345,2.716881849271693e+16,195.8643
346,2.715717777959693e+16,196.4591
347,2.714570666647693e+16,197.0535
348,2.713440515335693e+16,197.6496
349,2.712327324023693e+16,198.2441
350,2.711231092711693e+16,198.8393
351,2.710151821399693e+16,199.434
352,2.709089510087693e+16,200.0282
353,2.708038403047693e+16,200.6252
354,2.706988871495693e+16,201.2197
355,2.705942399199693e+16,201.8145
356,2.704897047887693e+16,202.4094
357,2.703858406039693e+16,203.0038
358,2.702823557479693e+16,203.5995
359,2.701794850439693e+16,204.1939
360,2.700766459127693e+16,204.7889
361,2.699746664151693e+16,205.3839
362,2.698732332599693e+16,205.9781
363,2.697719011815693e+16,206.5748
364,2.696707580503693e+16,207.169
365,2.695701273463693e+16,207.7635
366,2.694706802151693e+16,208.3581
367,2.693714856495693e+16,208.9525
368,2.692730949455693e+16,209.548
369,2.691751817903693e+16,210.1425
370,2.690774306591693e+16,210.7377
371,2.689810498031693e+16,211.3323
372,2.688848990991693e+16,211.9267
373,2.687888439679693e+16,212.5243
374,2.686944508127693e+16,213.1191
375,2.686000916815693e+16,213.7136
376,2.685061809775693e+16,214.3082
377,2.684129374799693e+16,214.9027
378,2.683199896279693e+16,215.4985
379,2.682273264967693e+16,216.0931
380,2.681349992647693e+16,216.6882
381,2.680433285607693e+16,217.2832
382,2.679523614295693e+16,217.8775
383,2.678614548639693e+16,218.4736
384,2.677705817087693e+16,219.0681
385,2.676800338567693e+16,219.6626
386,2.675906031527693e+16,220.2579
387,2.675013262967693e+16,220.8531
388,2.674120551655693e+16,221.4497
389,2.673239073135693e+16,222.0445
390,2.672363321823693e+16,222.6393
391,2.671489329527693e+16,223.234
392,2.670615797975693e+16,223.8284
393,2.669743890935693e+16,224.4248
394,2.668885099623693e+16,225.0193
395,2.668027621103693e+16,225.6139
396,2.667178114063693e+16,226.2087
397,2.666333039087693e+16,226.8035
398,2.665491207775693e+16,227.3995
399,2.664652876223693e+16,227.9937
400,2.663814915439693e+16,228.5883
401,2.662981436919693e+16,229.1834
402,2.662148210314621e+16,229.7776
403,2.661321103274621e+16,230.3747
404,2.660494917618621e+16,230.969
405,2.659673189058621e+16,231.5639
406,2.658863710538621e+16,232.159
407,2.657450250733373e+16,232.7543
408,2.655912503733373e+16,233.3509
409,2.654417956733373e+16,233.9455
410,2.652966609733373e+16,234.5402
411,2.651558462733373e+16,235.1351
412,2.650193515733373e+16,235.73
413,2.648871768733373e+16,236.3267
414,2.647593221733373e+16,236.9211
415,2.646357874733373e+16,237.5159
416,2.645165727733373e+16,238.1105
417,2.644016780733373e+16,238.7056
418,2.642911033733373e+16,239.3017
419,2.641848486733373e+16,239.8965
420,2.640829139733373e+16,240.4913
421,2.639852992733373e+16,241.0861
422,2.638920045733373e+16,241.6805
423,2.638030298733373e+16,242.2763
424,2.637183751733373e+16,242.8711
425,2.636377429885373e+16,243.4658
426,2.635572722845373e+16,244.0604
427,2.634769375845373e+16,244.6556
428,2.633966244293373e+16,245.2519
429,2.633183937253373e+16,245.8482
430,2.632406584933373e+16,246.4428
431,2.631638653381373e+16,247.0386
432,2.630878506381373e+16,247.6334
433,2.630118599341373e+16,248.2292
434,2.629360884365373e+16,248.8241
435,2.628610195805373e+16,249.4191
436,2.627866890149373e+16,250.0141
437,2.627129383109373e+16,250.6091
438,2.626396651557373e+16,251.2069
439,2.625679704557373e+16,251.8061
440,2.624964597517373e+16,252.4011
441,2.624267065965373e+16,252.9962
442,2.623569581533501e+16,253.5908
443,2.622876874493501e+16,254.1865
444,2.622197225933501e+16,254.7814
445,2.621456020989501e+16,255.3762
446,2.620776372429501e+16,255.9713
447,2.620037727485501e+16,256.5665
448,2.619358078925501e+16,257.1624
449,2.618621993981501e+16,257.7581
450,2.617942345421501e+16,258.3533
451,2.617208820477501e+16,258.9483
452,2.616529171917501e+16,259.543
453,2.615798206973501e+16,260.138
454,2.615118558413501e+16,260.7349
455,2.614390153469501e+16,261.3292
456,2.613710504909501e+16,261.9241
457,2.612984659965501e+16,262.5188
458,2.612305011405501e+16,263.1133
459,2.611581726461501e+16,263.7095
460,2.610902077901501e+16,264.3043
461,2.610181352957501e+16,264.8999
462,2.609501704397501e+16,265.4947
463,2.608783539453501e+16,266.0892
464,2.608103890893501e+16,266.6856
465,2.607388285949501e+16,267.2803
466,2.606708637389501e+16,267.8752
467,2.605995592445501e+16,268.47
468,2.605315943885501e+16,269.0648
469,2.604605458941501e+16,269.6614
470,2.603925810381501e+16,270.256
471,2.603217885437501e+16,270.8515
472,2.602538236877501e+16,271.4459
473,2.601832871933501e+16,272.0407
474,2.601153223373501e+16,272.6378
475,2.600450418429501e+16,273.2326
476,2.599770769869501e+16,273.828
477,2.599070524925501e+16,274.4232
478,2.598390876365501e+16,275.018
479,2.597693191421501e+16,275.6154
480,2.597013542861501e+16,276.2103
481,2.596318417917501e+16,276.8054
482,2.595638769357501e+16,277.4006
483,2.58391023065582e+16,277.8008
484,2.58391023065582e+16,278.2002
485,2.595638769357501e+16,278.5985
486,2.594946204413501e+16,279.1943
487,2.594266555853501e+16,279.7892
488,2.593576550909501e+16,280.3843
489,2.592896902349501e+16,280.9779
490,2.592209457405501e+16,281.575
491,2.591529808845501e+16,282.1688
492,2.590844923901501e+16,282.7637
493,2.590165275341501e+16,283.3577
494,2.589482950397501e+16,283.9517
495,2.588803301837501e+16,284.5469
496,2.588123536893501e+16,285.1407
497,2.587443888333501e+16,285.735
498,2.586766683389501e+16,286.3294
499,2.586087034829501e+16,286.9232
500,2.585412389885501e+16,287.5189
501,2.584732741325501e+16,288.1128
502,2.584058994325501e+16,288.7071
503,2.583386909381501e+16,289.3012
504,2.582707260821501e+16,289.8955
505,2.582036905845501e+16,290.491
506,2.581366598805501e+16,291.0851
507,2.580697073861501e+16,291.6799
508,2.580017425301501e+16,292.2746
509,2.579350460357501e+16,292.869
510,2.578670811797501e+16,293.4661
511,2.578006406853501e+16,294.0598
512,2.577326758293501e+16,294.6538
513,2.576664157509501e+16,295.2483
514,2.576001825957501e+16,295.8425
515,2.575339981013501e+16,296.4384
516,2.574660332453501e+16,297.0328
517,2.573999906797501e+16,297.6268
518,2.573340621853501e+16,298.2211
519,2.572660973293501e+16,298.8152
520,2.572004248349501e+16,299.4114
521,2.571324599789501e+16,300.0053
522,2.570670434845501e+16,300.5993
523,2.569990786285501e+16,301.1936
524,2.569339181341501e+16,301.7877
525,2.568659532781501e+16,302.3835
526,2.568010487837501e+16,302.9775
527,2.567330839277501e+16,303.5718
528,2.566682932237501e+16,304.1661
529,2.566036447293501e+16,304.7604
530,2.565356798733501e+16,305.3571
531,2.564712873789501e+16,305.9511
532,2.564033225229501e+16,306.5451
533,2.563391860285501e+16,307.1401
534,2.562712211725501e+16,307.7344
535,2.562073406781501e+16,308.33
536,2.561393758221501e+16,308.9243
537,2.560757513277501e+16,309.5187
538,2.560077864717501e+16,310.1131
539,2.559444179773501e+16,310.7099
540,2.558764531213501e+16,311.3054
541,2.558132783709501e+16,311.901
542,2.557501351389501e+16,312.4957
543,2.556870226445501e+16,313.09
544,2.556190577885501e+16,313.6842
545,2.555560030885501e+16,314.2797
546,2.554931465941501e+16,314.8745
547,2.554251817381501e+16,315.4684
548,2.553624685829501e+16,316.0631
549,2.552998680885501e+16,316.6575
550,2.552319032325501e+16,317.2527
551,2.551693169301501e+16,317.8467
552,2.551067662261501e+16,318.4411
553,2.550444217317501e+16,319.0355
554,2.549764568757501e+16,319.63
555,2.549143683813501e+16,320.2257
556,2.548464035253501e+16,320.8202
557,2.547845710309501e+16,321.4145
558,2.547166061749501e+16,322.0089
559,2.546550296805501e+16,322.6033
560,2.545870648245501e+16,323.1989
561,2.545257443301501e+16,323.7933
562,2.544577794741501e+16,324.388
563,2.543967149797501e+16,324.9825
564,2.543287501237501e+16,325.577
565,2.542678892677501e+16,326.1722
566,2.542050789112086e+16,326.7665
567,2.541442180552086e+16,327.3605
568,2.540765278888086e+16,327.9552
569,2.540156670328086e+16,328.5494
570,2.539482008664086e+16,329.144
571,2.538873400104086e+16,329.7392
572,2.538200978440086e+16,330.334
573,2.537592369880086e+16,330.9283
574,2.536922188216086e+16,331.5229
575,2.536313579656086e+16,332.117
576,2.535645637992086e+16,332.7135
577,2.535037029432086e+16,333.3079
578,2.534371327768086e+16,333.9025
579,2.533762719208086e+16,334.4968
580,2.533099257544086e+16,335.091
581,2.532490648984086e+16,335.6865
582,2.531829427320086e+16,336.281
583,2.531220818760086e+16,336.8755
584,2.530561837096086e+16,337.4698
585,2.529953228536086e+16,338.064
586,2.529296486872086e+16,338.6613
587,2.528687878312086e+16,339.2551
588,2.528033376648086e+16,339.8499
589,2.527424768088086e+16,340.4447
590,2.526772506424086e+16,341.0389
591,2.526163897864086e+16,341.6348
592,2.525513876200086e+16,342.2291
593,2.524905267640086e+16,342.824
594,2.522923046014742e+16,343.4181
595,2.445056934425436e+16,344.0125
596,2.192296114693739e+16,344.6097
597,2.151769746693739e+16,345.2038
598,2.151075112693739e+16,345.7987
599,2.150420478693739e+16,346.3935
600,2.149805844693739e+16,346.9881
601,2.149202737653739e+16,347.5841
602,2.148571614692338e+16,348.1784
603,2.147930767852338e+16,348.7735
604,2.147320961012338e+16,349.3679
605,2.146722144108338e+16,349.9625
606,2.146130212556338e+16,350.5585
607,2.145542865556338e+16,351.1523
608,2.144959870580338e+16,351.7469
609,2.144381103740338e+16,352.3414
610,2.143803558084338e+16,352.9356
611,2.143226975060338e+16,353.5313
612,2.142652341060338e+16,354.1252
613,2.142095609508338e+16,354.7197
614,2.141547882668338e+16,355.3144
615,2.141003735668338e+16,355.9088
616,2.140466998764338e+16,356.5056
617,2.139932364764338e+16,357.0997
618,2.139405061740338e+16,357.6938
619,2.138883530188338e+16,358.2885
620,2.138366843348338e+16,358.8832
621,2.137852543772338e+16,359.4791
622,2.137345284196338e+16,360.0732
623,2.136844337196338e+16,360.6677
624,2.136344117620338e+16,361.2622
625,2.135848103308338e+16,361.8562
626,2.135352468332338e+16,362.4527
627,2.134857802676338e+16,363.0471
628,2.134363168676338e+16,363.6413
629,2.133869989100338e+16,364.2359
630,2.133382748316338e+16,364.831
631,2.132896608740338e+16,365.4289
632,2.132410961900338e+16,366.0231
633,2.131925449580338e+16,366.6182
634,2.131443261460338e+16,367.2131
635,2.130962287148338e+16,367.8077
636,2.130481699028338e+16,368.404
637,2.130002599452338e+16,368.9985
638,2.129523611332338e+16,369.593
639,2.129045588308338e+16,370.1877
640,2.128568200188338e+16,370.7827
641,2.128092412068338e+16,371.3795
642,2.127617755164338e+16,371.9748
643,2.127101230780338e+16,372.57
644,2.126626573876338e+16,373.1648
645,2.126113889492338e+16,373.7593
646,2.125639232588338e+16,374.3558
647,2.125130388204338e+16,374.9503
648,2.124655731300338e+16,375.545
649,2.124150726916338e+16,376.1399
650,2.123676070012338e+16,376.7346
651,2.123174905628338e+16,377.3314
652,2.122700248724338e+16,377.9261
653,2.122202924340338e+16,378.5205
654,2.121728267436338e+16,379.1153
655,2.121234783052338e+16,379.7098
656,2.120760126148338e+16,380.3063
657,2.120270481764338e+16,380.9013
658,2.119795824860338e+16,381.4958
659,2.119310020476338e+16,382.0907
660,2.118835363572338e+16,382.6854
661,2.118353399188338e+16,383.2816
662,2.117878742284338e+16,383.8761
663,2.117400617900338e+16,384.4707
664,2.116925960996338e+16,385.0654
665,2.116451676612338e+16,385.6605
666,2.115977019708338e+16,386.2564
667,2.115502831588338e+16,386.8508
668,2.115030243468338e+16,387.4451
669,2.114558183892338e+16,388.0398
670,2.114087195772338e+16,388.6347
671,2.113616751388338e+16,389.2307
672,2.113142094484338e+16,389.8255
673,2.112672706364338e+16,390.4204
674,2.112204918244338e+16,391.0153
675,2.111737936404338e+16,391.6098
676,2.111271332020338e+16,392.2063
677,2.110796675116338e+16,392.8016
678,2.110330486996338e+16,393.3968
679,2.109864552684338e+16,393.9918
680,2.109399170844338e+16,394.5864
681,2.108934151268338e+16,395.1823
682,2.108469563148338e+16,395.7771
683,2.108005781308338e+16,396.3719
684,2.107542793188338e+16,396.9667
685,2.107080028804338e+16,397.5612
686,2.106605371900338e+16,398.157
687,2.106142904396338e+16,398.7532
688,2.105680722556338e+16,399.3482
689,2.105219334436338e+16,399.943
690,2.104758752596338e+16,400.5379
691,2.104298964476338e+16,401.1322
692,2.103839982636338e+16,401.7294
693,2.103381058252338e+16,402.3242
694,2.102906401348338e+16,402.919
695,2.102448213228338e+16,403.5137
696,2.101990233652338e+16,404.1082
697,2.101532486652338e+16,404.7068
698,2.101075104812338e+16,405.3014
699,2.100618516692338e+16,405.8963
700,2.100162734852338e+16,406.4914
701,2.099707650468338e+16,407.0862
702,2.091841945750657e+16,407.4895
703,2.091841945750657e+16,407.8876
704,2.099707650468338e+16,408.2856
705,2.099232993564338e+16,408.8814
706,2.098778005444338e+16,409.4752
707,2.098323371444338e+16,410.0689
708,2.097868764604338e+16,410.6647
709,2.097414582764338e+16,411.2588
710,2.096961194644338e+16,411.8529
711,2.096508612804338e+16,412.4469
712,2.096056824684338e+16,413.0409
713,2.095605580300338e+16,413.6364
714,2.095130923396338e+16,414.2301
715,2.094679941556338e+16,414.8248
716,2.094229001980338e+16,415.4189
717,2.093778107668338e+16,416.0129
718,2.093327919548338e+16,416.6086
719,2.092878537708338e+16,417.2027
720,2.092429949588338e+16,417.7967
721,2.091982167748338e+16,418.3906
722,2.091534763364338e+16,418.9844
723,2.091060106460338e+16,419.5798
724,2.090613118340338e+16,420.1737
725,2.090166936500338e+16,420.7682
726,2.089721548380338e+16,421.3624
727,2.089276966540338e+16,421.9563
728,2.088833066964338e+16,422.5533
729,2.088389278844338e+16,423.1472
730,2.087945714460338e+16,423.7412
731,2.087471057556338e+16,424.3354
732,2.087028075716338e+16,424.93
733,2.086585887596338e+16,425.5256
734,2.086144505756338e+16,426.1191
735,2.085703917636338e+16,426.7133
736,2.084766130355286e+16,427.3079
737,2.084326348515286e+16,427.9017
738,2.083886624131286e+16,428.4972
739,2.083411967227286e+16,429.0915
740,2.082973785387286e+16,429.6858
741,2.082536925811286e+16,430.2804
742,2.082100343971286e+16,430.8746
743,2.081664459587286e+16,431.4701
744,2.081189802683286e+16,432.0647
745,2.080753948371286e+16,432.6591
746,2.080318966531286e+16,433.2532
747,2.079885584691286e+16,433.8474
748,2.079453540307286e+16,434.4432
749,2.078978883403286e+16,435.0373
750,2.078547101563286e+16,435.6311
751,2.078116919723286e+16,436.2257
752,2.077687100147286e+16,436.8196
753,2.077258357123286e+16,437.4155
754,2.076829775283286e+16,438.0092
755,2.076401570899286e+16,438.6037
756,2.075926913995286e+16,439.198
757,2.075499932155286e+16,439.792
758,2.075074550315286e+16,440.3886
759,2.074649824275286e+16,440.9829
760,2.074225459891286e+16,441.5774
761,2.073750802987286e+16,442.1717
762,2.073327021147286e+16,442.766
763,2.072903895107286e+16,443.3619
764,2.072481115531286e+16,443.9558
765,2.072058933691286e+16,444.5497
766,2.071637407651286e+16,445.1439
767,2.071216593339286e+16,445.7381
768,2.070796011499286e+16,446.3336
769,2.070375487115286e+16,446.9277
770,2.069900830211286e+16,447.5217
771,2.069480904171286e+16,448.1164
772,2.069061922331286e+16,448.7105
773,2.068643596291286e+16,449.3063
774,2.068226214451286e+16,449.9001
775,2.067809488411286e+16,450.4941
776,2.067392804027286e+16,451.0885
777,2.066918147123286e+16,451.6831
778,2.066502365283286e+16,452.279
779,2.066086625707286e+16,452.8736
780,2.065671499667286e+16,453.4679
781,2.065256865667286e+16,454.0623
782,2.064842318667286e+16,454.6567
783,2.064428136827286e+16,455.2531
784,2.064014610787286e+16,455.8472
785,2.063601766403286e+16,456.4415
786,2.063127109499286e+16,457.0357
787,2.062714527659286e+16,457.6297
788,2.062301950755286e+16,458.2256
789,2.061830866371286e+16,458.8198
790,2.061418289467286e+16,459.4141
791,2.060951045083286e+16,460.0085
792,2.060538468179286e+16,460.603
793,2.060075063795286e+16,461.1996
794,2.059662486891286e+16,461.7935
795,2.059202922507286e+16,462.388
796,2.058790345603286e+16,462.982
797,2.058334621219286e+16,463.5761
798,2.057922044315286e+16,464.1715
799,2.057470159931286e+16,464.7665
800,2.057057583027286e+16,465.3607
801,2.056609538643286e+16,465.955
802,2.056196961739286e+16,466.5494
803,2.055752757355286e+16,467.1433
804,2.055340180451286e+16,467.7398
805,2.054899816067286e+16,468.3343
806,2.054487239163286e+16,468.9286
807,2.054050714779286e+16,469.5227
808,2.053638137875286e+16,470.1167
809,2.053205453491286e+16,470.7135
810,2.052792876587286e+16,471.3072
811,2.052364032203286e+16,471.9019
812,2.051951455299286e+16,472.4963
813,2.051526450915286e+16,473.0905
814,2.051113874011286e+16,473.6866
815,2.050692709627286e+16,474.2808
816,2.050280132723286e+16,474.8751
817,2.049862808339286e+16,475.4698
818,2.049450231435286e+16,476.0639
819,2.049036747051286e+16,476.6604
820,2.048624170147286e+16,477.2547
821,2.048212244107286e+16,477.8493
822,2.047800458451286e+16,478.4439
823,2.047389476611286e+16,479.038
824,2.046979150571286e+16,479.634
825,2.046569506187286e+16,480.2282
826,2.046156929283286e+16,480.8229
827,2.045747547443286e+16,481.4186
828,2.045338821403286e+16,482.0128
829,2.044930121827286e+16,482.6092
830,2.044521846851286e+16,483.2037
831,2.044114065011286e+16,483.798
832,2.043706938971286e+16,484.3926
833,2.043300757131286e+16,484.9874
834,2.042894952747286e+16,485.5844
835,2.042482375843286e+16,486.1785
836,2.042076601531286e+16,486.7726
837,2.041671075491286e+16,487.3674
838,2.041266493651286e+16,487.9613
839,2.040862567611286e+16,488.5579
840,2.040459585771286e+16,489.1523
841,2.040057259731286e+16,489.7473
842,2.039655295347286e+16,490.3427
843,2.039242718443286e+16,490.9371
844,2.038841058867286e+16,491.5335
845,2.038439677027286e+16,492.1287
846,2.038038950987286e+16,492.7231
847,2.037639169147286e+16,493.3177
848,2.037240043107286e+16,493.9116
849,2.036841861267286e+16,494.5079
850,2.036443736883286e+16,495.1021
851,2.036031159979286e+16,495.6979
852,2.035633633939286e+16,496.2928
853,2.035237052099286e+16,496.8874
854,2.034841126059286e+16,497.4836
855,2.034446144219286e+16,498.0775
856,2.034051524643286e+16,498.6724
857,2.033657198603286e+16,499.2672
858,2.033262914219286e+16,499.8617
859,2.032850337315286e+16,500.4583
860,2.032456955475286e+16,501.0525
861,2.032064229435286e+16,501.6467
862,2.031672447595286e+16,502.2413
863,2.031281321555286e+16,502.8357
864,2.030890587243286e+16,503.4317
865,2.030500142859286e+16,504.026
866,2.030087565955286e+16,504.6207
867,2.029697384115286e+16,505.2152
868,2.029307858075286e+16,505.8095
869,2.028919276235286e+16,506.406
870,2.028531350195286e+16,507.0003
871,2.028143770619286e+16,507.5948
872,2.027756788779286e+16,508.1891
873,2.027370184395286e+16,508.7838
874,2.026957607491286e+16,509.3803
875,2.026571281451286e+16,509.9745
876,2.026185899611286e+16,510.5688
877,2.025801173571286e+16,511.1639
878,2.025417391731286e+16,511.7582
879,2.025034265691286e+16,512.3547
880,2.024651501307286e+16,512.9493
881,2.024238924403286e+16,513.5438
882,2.023856742563286e+16,514.1382
883,2.023475216523286e+16,514.7329
884,2.023094634683286e+16,515.329
885,2.022714095107286e+16,515.9235
886,2.022334169067286e+16,516.5183
887,2.021954706043286e+16,517.1129
888,2.021575724203286e+16,517.7073
889,2.021196799819286e+16,518.3042
890,2.020784222915286e+16,518.8986
891,2.020405896875286e+16,519.493
892,2.020028515035286e+16,520.0877
893,2.019651788995286e+16,520.6826
894,2.019276007155286e+16,521.2787
895,2.018900312843286e+16,521.8734
896,2.018525186803286e+16,522.4677
897,2.018150102419286e+16,523.0621
898,2.017737525515286e+16,523.6567
899,2.017362891515286e+16,524.2541
900,2.016988291861802e+16,524.8489
901,2.016614110021802e+16,525.4441
902,2.016240508934634e+16,526.0389
903,2.015866982894634e+16,526.6337
904,2.015494401054634e+16,527.2319
905,2.015122475014634e+16,527.8264
906,2.014751128014634e+16,528.4212
907,2.014379883630634e+16,529.0157
908,2.013967306726634e+16,529.61
909,2.013596324886634e+16,530.206
910,2.013225998846634e+16,530.8005
911,2.012856617006634e+16,531.3953
912,2.012487890966634e+16,531.9898
913,2.012120109126634e+16,532.5849
914,2.011752704742634e+16,533.1813
915,2.011340127838634e+16,533.7759
916,2.010972987798634e+16,534.3707
917,2.010605861758634e+16,534.9653
918,2.010239679918634e+16,535.5602
919,2.009874153878634e+16,536.1556
920,2.009509572038634e+16,536.7518
921,2.004059099688952e+16,537.1539
922,2.004059099688952e+16,537.552
923,2.009509572038634e+16,537.9503
924,2.009145645998634e+16,538.5452
925,2.008782081614634e+16,539.139
926,2.008369504710634e+16,539.7351
927,2.008006522870634e+16,540.3296
928,2.007644196830634e+16,540.924
929,2.007282814990634e+16,541.518
930,2.006922074950634e+16,542.1117
931,2.006561348910634e+16,542.7078
932,2.006200694598634e+16,543.3017
933,2.005840844849729e+16,543.896
934,2.005382299816649e+16,544.4902
935,2.005022517976649e+16,545.0843
936,2.004662793592649e+16,545.6797
937,2.004250216688649e+16,546.2736
938,2.003891090648649e+16,546.868
939,2.003532908808649e+16,547.4621
940,2.003175382768649e+16,548.056
941,2.002818800928649e+16,548.6526
942,2.002462874888649e+16,549.2461
943,2.002106990504649e+16,549.8404
944,2.001694413600649e+16,550.4347
945,2.001339431760649e+16,551.0288
946,2.000985091720649e+16,551.6251
947,2.000630765680649e+16,552.2195
948,2.000277383840649e+16,552.8141
949,1.999924657800649e+16,553.4079
950,1.999572613416649e+16,554.0016
951,1.999160036512649e+16,554.5972
952,1.998808254672649e+16,555.1911
953,1.998457128632649e+16,555.7849
954,1.998106631728649e+16,556.3793
955,1.997696347344649e+16,556.9732
956,1.997345850440649e+16,557.5683
957,1.996939406056649e+16,558.1619
958,1.996588909152649e+16,558.7563
959,1.996186304768649e+16,559.3505
960,1.995835807864649e+16,559.9444
961,1.995437043480649e+16,560.5407
962,1.995086546576649e+16,561.1349
963,1.994691622192649e+16,561.7288
964,1.994341125288649e+16,562.3236
965,1.993950040904649e+16,562.9175
966,1.993599544000649e+16,563.5132
967,1.993212299616649e+16,564.107
968,1.992861802712649e+16,564.7015
969,1.992478398328649e+16,565.2958
970,1.992127901424649e+16,565.8899
971,1.991748337040649e+16,566.4854
972,1.991397840136649e+16,567.0793
973,1.991022115752649e+16,567.6729
974,1.990671618848649e+16,568.2673
975,1.990299734464649e+16,568.8612
976,1.989949237560649e+16,569.4568
977,1.989581193176649e+16,570.0505
978,1.989230696272649e+16,570.6447
979,1.988866491888649e+16,571.2391
980,1.988515994984649e+16,571.8335
981,1.988155630600649e+16,572.4296
982,1.987805133696649e+16,573.024
983,1.987448609312649e+16,573.6182
984,1.987098112408649e+16,574.2124
985,1.986745428024649e+16,574.8067
986,1.986394931120649e+16,575.4024
987,1.986044749280649e+16,575.9963
988,1.985695223240649e+16,576.5905
989,1.985346026520649e+16,577.1848
990,1.984997182136649e+16,577.7789
991,1.984646685232649e+16,578.375
992,1.984298103392649e+16,578.9694
993,1.983950163352649e+16,579.5635
994,1.983602237312649e+16,580.1581
995,1.983255255472649e+16,580.7525
996,1.982908929432649e+16,581.3484
997,1.982563315120649e+16,581.9424
998,1.982217933280649e+16,582.5368
999,1.981872928896649e+16,583.1309
1000,1.981522431992649e+16,583.7251
1001,1.981177705952649e+16,584.3205
