1,1.672279088400418e+18,0.20145
2,1.34292307514956e+18,0.27542
3,1.137390422509267e+18,0.34939
4,9.394252477566044e+17,0.42309
5,7.952641908068115e+17,0.49711
6,7.12253971519858e+17,0.57085
7,6.424610664456488e+17,0.64475
8,5.797015396757349e+17,0.71872
9,5.171317534123317e+17,0.79274
10,4.580139963914115e+17,0.86652
11,4.012672537914006e+17,0.94035
12,3.523014977979587e+17,1.0141
13,3.14855864804193e+17,1.0885
14,2.774252286960642e+17,1.1631
15,2.455565222148209e+17,1.237
16,2.173642165034071e+17,1.3107
17,1.705655862542221e+17,1.3846
18,1.432215201850642e+17,1.4583
19,1.168287250990722e+17,1.5323
20,9.056501007161053e+16,1.606
21,7.77458067613209e+16,1.6798
22,6.781227986413442e+16,1.7534
23,5.909276959341078e+16,1.8272
24,5.398462351363192e+16,1.9008
25,5.015167103293434e+16,1.9746
26,4.869134466553072e+16,2.0482
27,4.775985965216894e+16,2.1222
28,4.701813858638779e+16,2.1959
29,4.149217662648602e+16,2.2696
30,4.083769538485631e+16,2.3432
31,4.027713889817087e+16,2.4169
32,3.980448549121727e+16,2.4905
33,3.933304305022374e+16,2.5642
34,3.900160128884542e+16,2.6377
35,3.874919424549177e+16,2.7116
36,3.871847303937895e+16,2.7853
37,3.870562351957663e+16,2.859
38,3.870340494696582e+16,2.9327
39,3.870340494696582e+16,3.0065
40,3.870340494696582e+16,3.0802
41,2.731839138696583e+16,3.1904
42,2.15141127897109e+16,3.2995
43,1.897544681698644e+16,3.4087
44,1.671159081698644e+16,3.5176
45,1.446026366011602e+16,3.6265
46,1.250177974011602e+16,3.7351
47,1.070771094011602e+16,3.8438
48,8954650540116016,3.9525
49,7223406298943916,4.0612
50,5897312884907436,4.1715
51,4813087969017177,4.2801
52,3797973569017177,4.3888
53,2819502891911257,4.4975
54,2295835829560375,4.6059
55,1877906549560375,4.7146
56,1542512981560375,4.8234
57,1233708988081175,4.932
58,1060007680263330,5.0405
59,912134416128460,5.1493
60,790130992562460,5.2577
61,668801346591880,5.3664
62,567681804541880,5.4748
63,484993769599083,5.5835
64,403762226047878,5.6919
65,343039620846873,5.8007
66,282698686156423,5.9092
67,239290082063543,6.0178
68,188660854788005,6.1264
69,174200165698205,6.235
70,162137841906285,6.3434
71,12270885698205,6.4519
72,3568387106205,6.5606
73,2248429768200,6.6691
74,2081983368200,6.7774
75,1921936968200,6.886
76,1768290568200,6.9943
77,1621044168200,7.1032
78,1480197768200,7.2139
79,1345751368200,7.3226
80,1217704968200,7.4309
81,1096058568200,7.5394
82,980812168200,7.6479
83,871965768200,7.7563
84,769519368200,7.8646
85,673472968200,7.9732
86,583826568200,8.086
87,500580168200,8.1999
88,423733768200,8.3107
89,353287368200,8.4205
90,289240968200,8.529
91,231594568200,8.6375
92,180348168200,8.746
93,135501768200,8.8545
94,97055368200,8.9628
95,65008968200,9.0713
96,39362568200,9.1799
97,20116168200,9.2884
98,7269768200,9.3967
99,823368200,9.5055
100,0,9.6139
