1,1.99436833390566e+17,0.21516
2,9.930570791315744e+16,0.23001
3,3.772801551124863e+16,0.24445
4,2.494229971359913e+16,0.2589
5,1.865012024521321e+16,0.27333
6,1.462943436013944e+16,0.28781
7,1.246616707991501e+16,0.30223
8,1.008619898402624e+16,0.31668
9,9481412365208236,0.33114
10,9481412365208236,0.34556
11,9481412365208236,0.36007
12,4620825974236390,0.38429
13,1581253974236390,0.40524
14,922941255111890,0.42604
15,564469557626885,0.44689
16,299588274859680,0.46771
17,135088742898000,0.48854
18,0,0.5093
