1,6.975483838730759e+16,0.063494
2,5.828018115386582e+16,0.07684
3,4.721078691534242e+16,0.089747
4,3.871209940758402e+16,0.10257
5,3.161851429838066e+16,0.11546
6,2.871978369791765e+16,0.12839
7,2.471040628507347e+16,0.14127
8,2.421216473627347e+16,0.15416
9,2.438090497537471e+16,0.16703
10,2.480934080548777e+16,0.17996
11,1.639684820548777e+16,0.19944
12,1.155815140548777e+16,0.21828
13,7276197641965104,0.23698
14,4718847235731244,0.25556
15,2981581463886470,0.27415
16,1874696183886470,0.29275
17,1229699143886470,0.31132
18,880204540852862,0.32995
19,636866871508142,0.34852
20,409281384925662,0.36713
21,194812889212487,0.38576
22,158285817350162,0.40435
23,112294861080642,0.42296
24,60857177872837,0.44155
25,29430804712712,0.46032
26,0,0.47895
