1,2.183938601456676e+18,0.41543
2,1.908584142825532e+18,0.57107
3,1.685555572033729e+18,0.72498
4,1.505988798176135e+18,0.87816
5,1.328737371850746e+18,1.0317
6,1.154520199016905e+18,1.1849
7,1.010457712737025e+18,1.3383
8,8.921595864437219e+17,1.4915
9,8.101027137200312e+17,1.6449
10,7.432160338646554e+17,1.7981
11,6.816326692500353e+17,1.9513
12,6.230496521024746e+17,2.1046
13,5.792947749454019e+17,2.258
14,5.368914878333981e+17,2.4111
15,4.992334365328692e+17,2.5645
16,4.657926925691939e+17,2.7211
17,4.32715990889587e+17,2.8746
18,4.107855067134339e+17,3.0282
19,3.893928992579023e+17,3.1816
20,3.718775705340207e+17,3.3352
21,3.588743316199194e+17,3.4889
22,3.487602210646056e+17,3.6451
23,3.450063209344682e+17,3.8041
24,3.421507682587078e+17,3.9588
25,3.393582256519528e+17,4.1122
26,3.35547259575183e+17,4.2654
27,3.328801351762606e+17,4.4186
28,3.100595662191965e+17,4.5721
29,3.080170721353755e+17,4.7257
30,3.059966058195617e+17,4.8791
31,3.047294539344691e+17,5.0325
32,3.047512693897002e+17,5.1857
33,3.051329066115903e+17,5.3392
34,2.868801119275593e+17,5.5699
35,2.709864980051561e+17,5.8007
36,2.559545852051562e+17,6.0322
37,2.426409408526275e+17,6.266
38,2.297306670353642e+17,6.4996
39,2.176826724353642e+17,6.7281
40,2.077584271642806e+17,6.9559
41,1.983344689285542e+17,7.1836
42,1.898470831143388e+17,7.411
43,1.821242395143388e+17,7.6386
44,1.74493437684876e+17,7.8662
45,1.672313752312371e+17,8.0936
46,1.604830655997745e+17,8.3208
47,1.537530261597746e+17,8.5482
48,1.440478576490884e+17,8.7791
49,1.376112037507089e+17,9.0068
50,1.314215590882839e+17,9.2344
51,1.253763812119915e+17,9.4624
52,1.198413942520047e+17,9.6936
53,1.143268856343254e+17,9.9244
54,1.091171710831955e+17,10.1519
55,1.04114276907311e+17,10.3795
56,9.837027205047288e+16,10.6074
57,9.345879845245424e+16,10.8347
58,8.938604561368371e+16,11.0621
59,8.538668112216523e+16,11.2897
60,8.240968860081523e+16,11.5168
61,7.945629680775941e+16,11.7481
62,7.625513360775941e+16,11.9757
63,7.362077072071867e+16,12.2033
64,7.108356175563438e+16,12.4313
65,6.86102643231661e+16,12.6609
66,6.616930950821485e+16,12.8888
67,6.377161360623219e+16,13.116
68,6.151209795482819e+16,13.3432
69,5.925474950369003e+16,13.5704
70,5.705488500902719e+16,13.7977
71,5.506987782837542e+16,14.0249
72,5.316890263938859e+16,14.2521
73,5.130547538778342e+16,14.4789
74,4.970437818870422e+16,14.7102
75,4.811639263823841e+16,14.9377
76,4.671242469037697e+16,15.1651
77,4.533702780746963e+16,15.3928
78,4.166009156160506e+16,15.6219
79,4.041437029778298e+16,15.8544
80,3.919941616971496e+16,16.0817
81,3.807558870339782e+16,16.3089
82,3.525464180964552e+16,16.5362
83,3.426202945975382e+16,16.7634
84,3.324940571762776e+16,16.9905
85,3.23006509687998e+16,17.2177
86,3.081305024880016e+16,17.4447
87,2.996156091648137e+16,17.675
88,2.916567344708154e+16,17.9026
89,2.842882825493394e+16,18.1298
90,2.769454177835218e+16,18.3572
91,2.696683306319474e+16,18.5846
92,2.626855303185947e+16,18.8139
93,2.559767011299202e+16,19.0409
94,2.494150339299202e+16,19.268
95,2.42860079071537e+16,19.4949
96,2.364006900791422e+16,19.722
97,2.27985880545145e+16,19.9489
98,2.219618876548438e+16,20.1759
99,2.173614234982172e+16,20.4029
100,2.024122914982172e+16,20.6327
101,1.978309104582947e+16,20.8619
102,1.932786576582947e+16,21.0891
103,1.886582071984591e+16,21.3166
104,1.842664543274467e+16,21.544
105,1.799042931475954e+16,21.777
106,1.755830475350954e+16,22.0101
107,1.713568127864304e+16,22.2431
108,1.679439766023736e+16,22.4759
109,1.647341828881716e+16,22.7043
110,1.617902316881716e+16,22.9311
111,1.590159007856473e+16,23.1581
112,1.472992158320982e+16,23.3849
113,1.43590449986097e+16,23.6134
114,1.40990078905023e+16,23.8423
115,1.38392123131526e+16,24.0694
116,1.337652804840406e+16,24.2968
117,1.311825235092006e+16,24.5241
118,1.287090918028984e+16,24.7565
119,1.262494558351779e+16,24.9848
120,1.239512972923938e+16,25.2116
121,1.217987258000587e+16,25.4382
122,1.167364257414776e+16,25.6651
123,1.036214139421385e+16,25.8917
124,8852556924615339,26.1186
125,8494966204615339,26.3456
126,8170558902619835,26.5725
127,7990209773490555,26.8031
128,7819944334078690,27.0302
129,7649817072768910,27.2579
130,7481961499518839,27.4854
131,7321291406027177,27.7149
132,7188161592765257,27.9416
133,7069707378160377,28.1686
134,6979186729659067,28.3954
135,6911572361640487,28.6224
136,6849763732114847,28.8489
137,6793538292657972,29.076
138,6749547826253152,29.3026
139,6320881265294432,29.5293
140,6164642304349307,29.7593
141,5851816550634771,29.9866
142,5768218488920593,30.2137
143,5725319886213313,30.441
144,5575072619661073,30.6723
145,5525903745994948,30.905
146,5381030604114193,31.1321
147,5339294058777988,31.359
148,5308694018586863,31.5858
149,5280724677094383,31.8123
150,5253381295894383,32.0392
151,5226483850769383,32.2657
152,5200650869569383,32.4925
153,5176328288369383,32.7232
154,5153516107169383,32.9504
155,5132214325969383,33.1773
156,5112422944769383,33.4048
157,5094141963569383,33.6323
158,5077371382369383,33.8662
159,5061956130769383,34.0931
160,5046695949569383,34.3201
161,5032672697969383,34.547
162,5018922916769383,34.774
163,5006291665169383,35.0007
164,4993844600369383,35.2278
165,4981605219169383,35.4545
166,4969462154369383,35.6841
167,4957160927512258,35.9141
168,4707179385014188,36.1412
169,4663897071910697,36.3682
170,4637951424102463,36.5958
171,4626079390552858,36.8231
172,4614797267654858,37.0531
173,4582999841691013,37.28
174,4571760590091013,37.5067
175,5190757305978013,37.6653
176,4571760590091013,37.8217
177,5190757305978013,37.9753
178,5443159664602791,38.1293
179,4573286304602791,38.3574
180,4562557323402791,38.5841
181,4552710071802791,38.8148
182,4543491490602791,39.0459
183,4535036239002791,39.2728
184,4527328057802791,39.4994
185,4519684143402791,39.7261
186,4512088229002791,39.9524
187,4504540314602791,40.1787
188,4497040400202791,40.4048
189,4489588485802791,40.6316
190,4482184571402791,40.8579
191,4474828657002791,41.084
192,4467520742602791,41.3101
193,4460260828202791,41.5364
194,4453048913802791,41.7679
195,4445884999402791,41.9946
196,4438769085002791,42.2213
197,4431701170602791,42.4481
198,4424637919002791,42.6765
199,4417618004602791,42.9093
200,4410646090202791,43.1408
201,4403722175802791,43.3678
202,4396846261402791,43.5941
203,4384247452813927,43.8208
204,4376814193861449,44.0473
205,4054323793861449,44.2739
206,4033280555395449,44.5002
207,4014402465477147,44.7302
208,4007703816196702,44.959
209,4002032564596702,45.1857
210,3996446095396702,45.412
211,3991102826196702,45.6395
212,3985913253956702,45.8696
213,3980813184756702,46.102
214,3975940351156702,46.3323
215,3971083481956702,46.5586
216,3966226648356702,46.7849
217,3961385814756702,47.011
218,3956560981156702,47.2376
219,3951752147556702,47.4641
220,3946959313956702,47.6951
221,3942182480356702,47.9219
222,3937421646756702,48.1486
223,3932676813156702,48.3754
224,3927947979556702,48.6046
225,3923235145956702,48.8374
226,3918538312356702,49.07
227,3913857478756702,49.3024
228,3909192645156702,49.5331
229,3904543811556702,49.7595
230,3899910977956702,49.9858
231,3895294144356702,50.212
232,3890680475156702,50.4383
233,3886079641556702,50.6679
234,3881494807956702,50.8947
235,3876925974356702,51.1213
236,3872373140756702,51.3482
237,3867836307156702,51.5752
238,3863315473556702,51.8087
239,3858810639956702,52.0413
240,3854321806356702,52.2695
241,3849848972756702,52.4959
242,3845392139156702,52.7225
243,3840951305556702,52.9489
244,3836513827156702,53.1754
245,3832088993556702,53.4017
246,3827680159956702,53.6309
247,3823287326356702,53.858
248,3818910492756702,54.0852
249,3814537014356702,54.3123
250,3810166545156702,54.5391
251,3805805711556702,54.772
252,3801460877956702,55.0044
253,3797132044356702,55.2322
254,3792819210756702,55.4584
255,3788509732356702,55.6851
256,3784212898756702,55.9113
257,3779918404127582,56.1378
258,3775627838127582,56.3639
259,3771347004527582,56.5906
260,3767067752927582,56.8214
261,3762802919327582,57.0484
262,3758544353327582,57.2754
263,3754295519727582,57.5022
264,3750050041327582,57.7313
265,3745817207727582,57.958
266,3741590641727582,58.185
267,3737373808127582,58.4115
268,3733172974527582,58.6384
269,3728978408527582,58.8647
270,3724793574927582,59.091
271,3720612096527582,59.3175
272,3716443262927582,59.5438
273,3712280696927582,59.7737
274,3708127863327582,60.0003
275,3703043423610206,60.2273
276,3697336433450206,60.4546
277,3692282243290206,60.6838
278,3687880853130206,60.9106
279,3683715374730206,61.1374
280,3679584808730206,61.3638
281,3675457539530206,61.5905
282,3671356061130206,61.817
283,3667257495130206,62.0437
284,3663190929130206,62.27
285,3659153450730206,62.4966
286,3655118884730206,62.727
287,3651116318730206,62.9541
288,3647142840330206,63.181
289,3643172274330206,63.4084
290,3639233708330206,63.6383
291,3635324229930206,63.8652
292,3631417663930206,64.0919
293,3627533594730206,64.3184
294,3623659028730206,64.5451
295,3619813550330206,64.7717
296,3615968960170206,64.9982
297,3612126394170206,65.225
298,3608315828170206,65.4516
299,3604518349770206,65.6804
300,3600739783770206,65.9098
301,3596993217770206,66.1367
302,3593259739370206,66.3634
303,3589545173370206,66.5913
304,3585862607370206,66.8232
305,3582193128970206,67.0563
306,3578542562970206,67.2833
307,3574896002170206,67.5101
308,3571265441370206,67.7367
309,3567646875370206,67.9633
310,3564032314570206,68.1901
311,3560426836170206,68.417
312,3556828275370206,68.6468
313,3553241709370206,68.8742
314,3549659148570206,69.1012
315,3546092587770206,69.3286
316,3542538021770206,69.5575
317,3538987460970206,69.7846
318,3535445982570206,70.0113
319,3531911421770206,70.238
320,3531911421770206,70.3933
321,3531911421770206,70.5462
322,3547065490490428,70.6988
323,3530385707258428,70.9264
324,3526863141258428,71.1529
325,3523344580458428,71.3792
326,3519842019658428,71.6058
327,3516351453658428,71.8357
328,3512864892858428,72.0628
329,3509387414458428,72.294
330,3505916853658428,72.5264
331,3502458287658428,72.7529
332,3499003726858428,72.9795
333,3495565166058428,73.2058
334,3492138600058428,73.432
335,3488716039258428,73.6585
336,3485302560858428,73.8847
337,3481896000058428,74.111
338,3478501434058428,74.3373
339,3475110873258428,74.5639
340,3471736312458428,74.7934
341,3468373746458428,75.0203
342,3465015185658428,75.2467
343,3461665707258428,75.474
344,3458323146458428,75.7024
345,3454992580458428,75.9289
346,3451666019658428,76.1552
347,3448346229498428,76.3814
348,3445035668698428,76.608
349,3441734190298428,76.8342
350,3438435624298428,77.0603
351,3435141063498428,77.2867
352,3431862502698428,77.5129
353,3428595936698428,77.7427
354,3425333375898428,77.9692
355,3422086815098428,78.196
356,3418849336698428,78.4228
357,3415614770698428,78.6514
358,3412384209898428,78.8781
359,3409169649098428,79.1045
360,3405967083098428,79.3307
361,3402768522298428,79.5568
362,3399585961498428,79.783
363,3396412483098428,80.0098
364,3393241917098428,80.2362
365,3388679491009964,80.4625
366,3385512930209964,80.6921
367,3382362369409964,80.9191
368,3379227808609964,81.1456
369,3376109247809964,81.3725
370,3372999769409964,81.5991
371,3369897208609964,81.8279
372,3366810647809964,82.0543
373,3363740087009964,82.2805
374,3360685526209964,82.5068
375,3357640047809964,82.7337
376,3354601487009964,82.9604
377,3351578926209964,83.1868
378,3348572365409964,83.413
379,3345581804609964,83.6422
380,3342600326209964,83.869
381,3339625765409964,84.0956
382,3336669706694464,84.3225
383,3333732837494464,84.551
384,3330815359094464,84.7779
385,3327902003894464,85.0041
386,3324992391094464,85.2305
387,3322111035894464,85.4568
388,3319233423094464,85.6832
389,3316371226294464,85.9096
390,3313521871094464,86.1365
391,3310675674294464,86.363
392,3307830061494464,86.5895
393,3304999864694464,86.8206
394,3302182509494464,87.0472
395,3299368312694464,87.274
396,3296554699894464,87.501
397,3293756503094464,87.7324
398,3290971147894464,87.9608
399,3288188951094464,88.1874
400,3285407338294464,88.4137
401,3282628348134464,88.6403
402,3279854869734464,88.8667
403,3277101514534464,89.0932
404,3274351317734464,89.3195
405,3271601704934464,89.546
406,3268867508134464,89.7756
407,3266146152934464,90.0024
408,3263427956134464,90.2295
409,3260710343334464,90.4564
410,3257998253094464,90.6855
411,3255296056294464,90.9121
412,3252606701094464,91.1386
413,3249920504294464,91.365
414,3247234891494464,91.5914
415,3244564694694464,91.8176
416,3241907339494464,92.044
417,3239253142694464,92.2704
418,3236599529894464,92.4967
419,3233961333094464,92.7263
420,3231335977894464,92.9531
421,3228713781094464,93.18
422,3226092168294464,93.4069
423,3223485971494464,93.6364
424,3220892616294464,93.8688
425,3218302419494464,94.0954
426,3215712806694464,94.3216
427,3213138609894464,94.5483
428,3210577254694464,94.7745
429,3208019057894464,95.0008
430,3205461445094464,95.2274
431,3202919248294464,95.4539
432,3200389893094464,95.6817
433,3197863696294464,95.9102
434,3195338083494464,96.1368
435,3192827886694464,96.3635
436,3190330531494464,96.5908
437,3187836334694464,96.8195
438,3185342721894464,97.0461
439,3182864525094464,97.2727
440,3180394855894464,97.4991
441,3177929500694464,97.7256
442,3175467303894464,97.952
443,3173021107094464,98.1786
444,3170575494294464,98.405
445,3168142139094464,98.6327
446,3165711942294464,98.8633
447,3163290804054464,99.0904
448,3160876607254464,99.3175
449,3158462994454464,99.5444
450,3156061639254464,99.7791
451,3153663442454464,100.0069
452,3151281245654464,100.2333
453,3148899632854464,100.4599
454,3146466263754156,100.6866
455,3143827702954156,100.9131
456,3141205142154156,101.1396
457,3138598581354156,101.366
458,3136008020554156,101.5923
459,3133433459754156,101.8233
460,3130874898954156,102.0499
461,3128332338154156,102.2768
462,3125805777354156,102.5041
463,3123295216554156,102.7341
464,3123295216554156,102.8933
465,3123295216554156,103.0497
466,3280770275065934,103.2064
467,3124820931065934,103.4344
468,3122326370265934,103.6611
469,3119847809465934,103.8872
470,3117385248665934,104.1133
471,3114537449303027,104.3396
472,3111939038343027,104.5658
473,3109569683143027,104.7953
474,3107201672183027,105.0223
475,3104835475383027,105.2495
476,3102485278583027,105.4806
477,3100147923383027,105.7131
478,3097813726583027,105.9453
479,3095495529783027,106.1714
480,3093190174583027,106.3975
481,3090887977783027,106.6238
482,3088601780983027,106.85
483,3086022378061907,107.0761
484,3083749022861907,107.3025
485,3081507667661907,107.5287
486,3079294189261907,107.7608
487,3077084834061907,107.9873
488,3074907478861907,108.2141
489,3072749288701907,108.4408
490,3070227684061907,108.668
491,3068062205661907,108.8963
492,3065916850461907,109.1226
493,3063779239501907,109.349
494,3061653049341907,109.5751
495,3059179444701907,109.8015
496,3057061966301907,110.0277
497,3054948611101907,110.2541
498,3052848484701907,110.4802
499,3050754294541907,110.7103
500,3048328689901907,110.9388
501,3046247334701907,111.1655
502,3044177856301907,111.392
503,3042109729901907,111.6191
504,3040047539741907,111.8488
505,3037669935101907,112.0815
506,3035620579901907,112.3087
507,3033584453501907,112.5352
508,3031562975101907,112.7614
509,3029532784941907,112.9876
510,3027203180301907,113.2137
511,3025185825101907,113.4399
512,3023169991341907,113.6689
513,3021165864941907,113.8959
514,3019180509741907,114.1241
515,3017198319581907,114.3512
516,3014916714941907,114.581
517,3012927236541907,114.8078
518,3010955110141907,115.0339
519,3008988303981907,115.2602
520,3006850276541907,115.4865
521,3004896921341907,115.713
522,3002946115181907,115.9394
523,3000808087741907,116.1658
524,2998857897581907,116.3922
525,2996624292941907,116.6211
526,2994682814541907,116.8487
527,2992742688141907,117.0755
528,2990807881981907,117.3024
529,2988669854541907,117.529
530,2986748499341907,117.7623
531,2984827161341907,117.9936
532,2982908355181907,118.2203
533,2980770327741907,118.4466
534,2978852137581907,118.6731
535,2976666532941907,118.8998
536,2974758406541907,119.1264
537,2972851147469887,119.3534
538,2970948341309887,119.5801
539,2968810313869887,119.8097
540,2966911375869887,120.0366
541,2965017897469887,120.2631
542,2963128542269887,120.4904
543,2961236989869887,120.7226
544,2959350183709887,120.9553
545,2957212156269887,121.1862
546,2955325966109887,121.4124
547,2953188361469887,121.6389
548,2951311823469887,121.8652
549,2949435697069887,122.0917
550,2947562341869887,122.3179
551,2945686789469887,122.5442
552,2943815053949887,122.7743
553,2941944247789887,123.0008
554,2939806220349887,123.2277
555,2937948865149887,123.4549
556,2936089312749887,123.6856
557,2934234506589887,123.9167
558,2932096479149887,124.1436
559,2930242341149887,124.3701
560,2928396862749887,124.5964
561,2926542672589887,124.8228
562,2924453067949887,125.0491
563,2922608941549887,125.2757
564,2920767586349887,125.5019
565,2918924033949887,125.7315
566,2917085227789887,125.9582
567,2914947200349887,126.185
568,2913115462349887,126.4124
569,2911290107149887,126.642
570,2909462554749887,126.8689
571,2907639748589887,127.0955
572,2905501721149887,127.3221
573,2903686997229887,127.5485
574,2901874870829887,127.7749
575,2900065515629887,128.0015
576,2898253963229887,128.2281
577,2896444625229887,128.4546
578,2894637819069887,128.6853
579,2892499791629887,128.9127
580,2890693601469887,129.1395
581,2888651996829887,129.3668
582,2886854518429887,129.594
583,2885060049229887,129.8238
584,2883266694029887,130.0505
585,2881471141629887,130.277
586,2879680335469887,130.5034
587,2877542308029887,130.7304
588,2875755370029887,130.9567
589,2873978014829887,131.1834
590,2872198462429887,131.4097
591,2870423656269887,131.6377
592,2868285628829887,131.8676
593,2866511438669887,132.0946
594,2864517834029887,132.3212
595,2862753296029887,132.5489
596,2860989169629887,132.7802
597,2859227814429887,133.013
598,2857464262029887,133.2435
599,2855705455869887,133.47
600,2853567428429887,133.6967
601,2851817950029887,133.9234
602,2850072594829887,134.1502
603,2848325042429887,134.3767
604,2846582236269887,134.6038
605,2844444208829887,134.8334
606,2842702018669887,135.0603
607,2840756414029887,135.2876
608,2840756414029887,135.441
609,2840756414029887,135.5966
610,2851375342910109,135.7492
611,2839230699518109,135.9773
612,2837487461118109,136.2038
613,2835745323118109,136.43
614,2834013196718109,136.6562
615,2832283841518109,136.8822
616,2830552289118109,137.1082
617,2828825050718109,137.3346
618,2827098244558109,137.5605
619,2824960217118109,137.7898
620,2823240479118109,138.0161
621,2821527123918109,138.2429
622,2819811571518109,138.4708
623,2818100333118109,138.6983
624,2816389526958109,138.9246
625,2814251499518109,139.1509
626,2812550021118109,139.3768
627,2810839830958109,139.6031
628,2808894226318109,139.8293
629,2807182987918109,140.0556
630,2805482861518109,140.2817
631,2803785506318109,140.508
632,2802085953918109,140.738
633,2800388615918109,140.9648
634,2798693377518109,141.1913
635,2796998571358109,141.418
636,2794860543918109,141.6459
637,2793167910158109,141.8738
638,2791481858398109,142.1001
639,2789800503198109,142.3263
640,2788116950798109,142.5528
641,2786437712398109,142.7792
642,2784758906238109,143.0054
643,2782620878798109,143.232
644,2780945940798109,143.458
645,2779277814398109,143.688
646,2777612459198109,143.915
647,2775944906798109,144.1418
648,2774281668398109,144.3685
649,2772618862238109,144.5962
650,2770480834798109,144.8228
651,2768818644638109,145.0491
652,2766857039998109,145.2753
653,2765187561598109,145.5015
654,2763524323198109,145.7278
655,2761871785198109,145.954
656,2760222429998109,146.1805
657,2758570877598109,146.4071
658,2756923639198109,146.6366
659,2755276833038109,146.8636
660,2753138805598109,147.0901
661,2751502679198109,147.317
662,2749869323998109,147.5433
663,2748233771598109,147.7714
664,2746602533198109,147.998
665,2744971727038109,148.2246
666,2742833699598109,148.4509
667,2741203509438109,148.6775
668,2739241904798109,148.9039
669,2737610666398109,149.1305
670,2735980528398109,149.3567
671,2734359049998109,149.5831
672,2732741694798109,149.8124
673,2731122142398109,150.039
674,2729506903998109,150.2653
675,2727892097838109,150.4923
676,2725754070398109,150.7201
677,2724146332398109,150.9466
678,2722542205998109,151.173
679,2720940850798109,151.3992
680,2719337298398109,151.6255
681,2717738059998109,151.852
682,2716139253838109,152.0782
683,2714001226398109,152.3047
684,2712403036238109,152.5314
685,2710441431598109,152.7607
686,2708842193198109,152.9875
687,2707256837998109,153.2141
688,2705669285598109,153.4409
689,2704083947598109,153.6691
690,2702500709198109,153.8958
691,2700917903038109,154.1224
692,2698779875598109,154.3486
693,2697206397198109,154.5753
694,2695634270798109,154.8019
695,2694064915598109,155.0284
696,2692493363198109,155.2548
697,2690926124798109,155.4809
698,2689359318638109,155.71
699,2687221291198109,155.9369
700,2685655101038109,156.1634
701,2683693496398109,156.3905
702,2682126257998109,156.6187
703,2680563319998109,156.8457
704,2679009964798109,157.0721
705,2677454412398109,157.2987
706,2675903173998109,157.5251
707,2674352367838109,157.7516
708,2672214340398109,157.9782
709,2670673802398109,158.2048
710,2669133675998109,158.4311
711,2667596320798109,158.6604
712,2666056768398109,158.892
713,2664521962238109,159.1189
714,2662383934798109,159.3455
715,2660852330336514,159.5724
716,2659326851936514,159.7991
717,2657792661776514,160.0294
718,2655831057136514,160.256
719,2654309701936514,160.4826
720,2652786149536514,160.7093
721,2651267343376514,160.936
722,2649129315936514,161.1623
723,2647611177936514,161.3887
724,2646094723136514,161.6152
725,2644586596736514,161.845
726,2643081241536514,162.0717
727,2641573689136514,162.2987
728,2640070882976514,162.5263
729,2637932855536514,162.7534
730,2636433532736514,162.9803
731,2634937794736514,163.2073
732,2633448439536514,163.4338
733,2631956887136514,163.6605
734,2630470080976514,163.887
735,2628332053536514,164.1136
736,2626845863376514,164.34
737,2624916258736514,164.5669
738,2623415803936514,164.798
739,2621922325536514,165.025
740,2620446199136514,165.2518
741,2618972843936514,165.479
742,2617497291536514,165.7087
743,2616023953536514,165.9359
744,2614552301776514,166.1626
745,2613081495616514,166.389
746,2610943468176514,166.6157
747,2609475013376514,166.8423
748,2608006858336514,167.0687
749,2606539535536514,167.2955
750,2605082180336514,167.522
751,2603622627936514,167.7524
752,2603622627936514,167.9057
753,2603622627936514,168.0581
754,2761097686448292,168.2106
755,2605148342448292,168.4369
756,2603692690688292,168.6658
757,2602224535648292,168.8922
758,2600769729488292,169.1184
759,2598631702048292,169.3444
760,2597177511888292,169.5705
761,2595263907248292,169.7968
762,2593811452448292,170.023
763,2592360514448292,170.2492
764,2590915036048292,170.4752
765,2589470909648292,170.7101
766,2588029554448292,170.9378
767,2586586002048292,171.1642
768,2585146350288292,171.3908
769,2583678195248292,171.6174
770,2582239389088292,171.8455
771,2580101361648292,172.0721
772,2578666038848292,172.2984
773,2577237500848292,172.5249
774,2575812145648292,172.7513
775,2574384593248292,172.9774
776,2572960941488292,173.2035
777,2571492786448292,173.4299
778,2570069980288292,173.6593
779,2567931952848292,173.888
780,2566509762688292,174.1146
781,2564628158048292,174.3409
782,2563191703248292,174.5679
783,2561779576848292,174.7964
784,2560370221648292,175.0234
785,2558958669248292,175.2499
786,2557551017488292,175.476
787,2556082862448292,175.7023
788,2554676056288292,175.9283
789,2552538028848292,176.1546
790,2551131890848292,176.3808
791,2549727436048292,176.6083
792,2548324113248292,176.8381
793,2546926634848292,177.0647
794,2545533279648292,177.2912
795,2544137727248292,177.518
796,2542746075488292,177.7469
797,2541277920448292,177.9734
798,2539887114288292,178.2004
799,2537749086848292,178.4267
800,2536358896688292,178.6532
801,2534493292048292,178.8795
802,2533104837248292,179.1057
803,2531719403488292,179.3323
804,2530335665488292,179.5585
805,2528955539088292,179.788
806,2527560500288292,180.0147
807,2526181461488292,180.2411
808,2524801335088292,180.4681
809,2523422296288292,180.6968
810,2522044941088292,180.9233
811,2520665388688292,181.1499
812,2519289736928292,181.3759
813,2517821581888292,181.6023
814,2516446775728292,181.8286
815,2514308748288292,182.0548
816,2512937425488292,182.2811
817,2511573299088292,182.5072
818,2510194260288292,182.7369
819,2508831221488292,182.9637
820,2507467095088292,183.1903
821,2506104056288292,183.4173
822,2504742701088292,183.646
823,2503379148688292,183.8728
824,2502017810688292,184.0993
825,2500658158928292,184.3256
826,2499190003888292,184.5521
827,2497831197728292,184.7787
828,2495693170288292,185.005
829,2494336715488292,185.2315
830,2492982791568292,185.4577
831,2491634665168292,185.6871
832,2490271626368292,185.914
833,2488924587568292,186.1407
834,2487576461168292,186.3673
835,2486231105968292,186.5959
836,2484883553568292,186.8233
837,2483538406669812,187.0502
838,2482194754909812,187.2769
839,2480726599869812,187.5032
840,2479383793709812,187.7297
841,2477245766269812,187.9559
842,2475903576109812,188.1824
843,2474053971469812,188.4089
844,2472704493069812,188.639
845,2471364038269812,188.8663
846,2470024715469812,189.093
847,2468685777469812,189.3198
848,2467353651069812,189.5463
849,2466022393069812,189.7753
850,2464693037869812,190.0019
851,2463361485469812,190.2286
852,2462033833709812,190.455
853,2460565678669812,190.6819
854,2459238872509812,190.9082
855,2457100845069812,191.1349
856,2455784307069812,191.3611
857,2454468180669812,191.5873
858,2453152922669812,191.8174
859,2451839567469812,192.0441
860,2450524015069812,192.2712
861,2449212363309812,192.4978
862,2447744208269812,192.7269
863,2446433402109812,192.9536
864,2444295374669812,193.1802
865,2442985184509812,193.4068
866,2441167579869812,193.6333
867,2439843125069812,193.8602
868,2438535802269812,194.0868
869,2437234323869812,194.3132
870,2435934197469812,194.5399
871,2434634939469812,194.77
872,2433337584269812,194.9967
873,2432038031869812,195.2255
874,2430742380109812,195.4527
875,2429274225069812,195.6804
876,2427979418909812,195.9073
877,2425841391469812,196.1339
878,2424547253469812,196.3603
879,2423254798669812,196.5871
880,2421970672269812,196.8136
881,2420687414269812,197.0401
882,2419406059069812,197.2668
883,2418122506669812,197.4931
884,2416842854909812,197.7235
885,2415374699869812,197.9508
886,2414095893709812,198.1776
887,2411957866269812,198.4049
888,2410679676109812,198.6325
889,2408878071469812,198.8605
890,2407601616669812,199.0873
891,2406326293869812,199.314
892,2405054555869812,199.5404
893,2403784800829812,199.7672
894,2402322749069812,199.9937
895,2401052994029812,200.2204
896,2401052994029812,200.3771
897,2401052994029812,200.53
898,2411671922910034,200.6856
899,2399527279518034,200.9127
900,2398081227758034,201.1407
901,2396811472718034,201.3675
902,2395381420958034,201.5938
903,2394111665918034,201.8201
904,2392697614158034,202.0466
905,2391427859118034,202.273
906,2390029807358034,202.4991
907,2388760052318034,202.7254
908,2387378000558034,202.9514
909,2386108245518034,203.1777
910,2384742193758034,203.404
911,2383472438718034,203.6316
912,2382122386958034,203.8603
913,2380852631918034,204.0867
914,2379518580158034,204.3135
915,2378248825118034,204.5402
916,2376930773358034,204.7675
917,2375661018318034,204.994
918,2374358966558034,205.2203
919,2373089211518034,205.4465
920,2371803159758034,205.6729
921,2370533404718034,205.8991
922,2369263352958034,206.1261
923,2367993597918034,206.3525
924,2366725471518034,206.579
925,2365458213518034,206.8086
926,2364192858318034,207.0352
927,2362925305918034,207.2624
928,2361662499758034,207.4894
929,2359524472318034,207.7181
930,2358270420558034,207.9447
931,2357000665518034,208.1712
932,2355747187118034,208.3974
933,2354495060718034,208.6241
934,2353243802718034,208.8505
935,2351994447518034,209.0767
936,2350742895118034,209.3029
937,2349493557118034,209.5292
938,2348246750958034,209.7586
939,2346108723518034,209.9849
940,2344862533358034,210.2113
941,2343092928718034,210.438
942,2341832473918034,210.6658
943,2340589151118034,210.8922
944,2339351099358034,211.1186
945,2338081344318034,211.345
946,2336845217918034,211.5711
947,2335609959918034,211.7975
948,2334376604718034,212.0238
949,2333141052318034,212.2503
950,2331910246158034,212.4766
951,2329772218718034,212.7064
952,2328543763918034,212.9337
953,2327125296296749,213.1605
954,2325686057896749,213.3874
955,2324262819496749,213.6149
956,2322855581096749,213.8415
957,2321464342696749,214.0681
958,2320089104296749,214.2943
959,2318729865896749,214.523
960,2317386627496749,214.7493
961,2316059389096749,214.9755
962,2314748150696749,215.2017
963,2313452912296749,215.4278
964,2312144107656749,215.657
965,2310341117496749,215.8838
966,2309045879096749,216.1104
967,2307766640696749,216.3374
968,2306473836056749,216.5666
969,2304718845896749,216.7932
970,2303439607496749,217.0196
971,2302176369096749,217.2461
972,2300899564456749,217.4724
973,2299192574296749,217.6986
974,2297929335896749,217.9249
975,2296675857496749,218.1512
976,2295428619096749,218.3774
977,2294167814456749,218.6043
978,2292492824296749,218.8339
979,2291245585896749,219.0606
980,2290014347496749,219.2874
981,2288769542856749,219.514
982,2287142552696749,219.7414
983,2285911314296749,219.968
984,2284684452737249,220.1946
985,2283462400977249,220.421
986,2282192645937249,220.648
987,2280971167537249,220.8747
988,2279751041137249,221.1011
989,2278531783137249,221.3276
990,2277314427937249,221.5538
991,2276094875537249,221.7853
992,2274879637137249,222.0121
993,2273650832497249,222.2388
994,2272055842337249,222.4658
995,2270840603937249,222.6931
996,2269625797777249,222.921
997,2267487770337249,223.1481
998,2266275141757444,223.3746
999,2265063818957444,223.6012
1000,2263857767197444,223.8276
1001,2262588012157444,224.054
