1,7.056526387560677e+18,0.76526
2,5.727166152653174e+18,1.2032
3,4.638760314120616e+18,1.6404
4,4.16585345539044e+18,2.0771
5,3.791644060438293e+18,2.514
6,3.425193703000366e+18,2.9506
7,3.072483599101439e+18,3.3872
8,2.802305580017671e+18,3.8274
9,2.536679228425477e+18,4.2644
10,2.30967893506255e+18,4.7042
11,2.137516972896186e+18,5.1408
12,1.977320648524584e+18,5.577
13,1.82645496327001e+18,6.0134
14,1.677571687412126e+18,6.4507
15,1.545467828384254e+18,6.8899
16,1.430987720640883e+18,7.3266
17,1.320739377956014e+18,7.765
18,1.227307779407034e+18,8.201
19,1.14729045424732e+18,8.6373
20,1.068367670057859e+18,9.0731
21,1.005629853644815e+18,9.5149
22,9.143012583090235e+17,9.9533
23,8.604378864796724e+17,10.3902
24,8.129968696964073e+17,10.8368
25,7.685680727727194e+17,11.2736
26,7.251106119901925e+17,11.7094
27,6.901210846474641e+17,12.1452
28,6.591679372136841e+17,12.5848
29,6.320233718339322e+17,13.0208
30,6.070706006414012e+17,13.4575
31,5.822389346791309e+17,13.8985
32,5.585468849269763e+17,14.3342
33,5.351947279253105e+17,14.7698
34,5.130101560240448e+17,15.2058
35,4.945518285997167e+17,15.6454
36,4.773755798676041e+17,16.0808
37,4.602241654140866e+17,16.5178
38,4.446910298924278e+17,16.9532
39,4.291808397254025e+17,17.3883
40,4.168362376613984e+17,17.8236
41,4.074909569431781e+17,18.2589
42,4.008651966164418e+17,18.6984
43,3.96903069057034e+17,19.1344
44,3.932962562397048e+17,19.5706
45,3.905153389985311e+17,20.0062
46,3.88911380008796e+17,20.4417
47,3.87536052591561e+17,20.877
48,3.865279828901375e+17,21.3123
49,3.865279828901375e+17,21.7512
50,3.869383806085688e+17,22.1874
51,3.629530015511372e+17,22.8387
52,3.45544604458742e+17,23.4885
53,3.312762113711738e+17,24.1382
54,3.175419731606835e+17,24.793
55,3.055292248507816e+17,25.4436
56,2.939190956253939e+17,26.0936
57,2.834553855967289e+17,26.7436
58,2.733751678680748e+17,27.3928
59,2.641143460619912e+17,28.0456
60,2.552787509096833e+17,28.6964
61,2.468128607141119e+17,29.3458
62,2.384782952264941e+17,29.995
63,2.302496842078605e+17,30.6468
64,2.225314730723036e+17,31.2965
65,2.148249933617185e+17,31.9469
66,2.077872223671361e+17,32.5962
67,2.009098943766761e+17,33.2454
68,1.943507873774881e+17,33.8979
69,1.880690089927581e+17,34.5515
70,1.820128198732289e+17,35.2006
71,1.760100014601496e+17,35.8496
72,1.70435045658229e+17,36.5013
73,1.654455189367215e+17,37.1512
74,1.604688339982998e+17,37.8013
75,1.561870943182998e+17,38.4502
76,1.520251093204845e+17,39.0991
77,1.463718340107438e+17,39.751
78,1.411090138298958e+17,40.4033
79,1.370336276842179e+17,41.0527
80,1.330463827220396e+17,41.7014
81,1.300766141388573e+17,42.3507
82,1.27059207351564e+17,43.0029
83,1.241141955645266e+17,43.6541
84,1.212218381359512e+17,44.3028
85,1.176982906527781e+17,44.9524
86,1.140126922751715e+17,45.6038
87,1.110973896715867e+17,46.2526
88,1.082217510047256e+17,46.9023
89,1.054080306950137e+17,47.5509
90,1.025959900765148e+17,48.1995
91,9.99545083308585e+16,48.8514
92,9.74224533432752e+16,49.5019
93,9.48989081156e+16,50.1502
94,9.24286363352449e+16,50.7986
95,8.922964731893813e+16,51.4484
96,8.698216847619878e+16,52.098
97,8.395334981648704e+16,52.7472
98,8.021310652924267e+16,53.3948
99,7.802230255107173e+16,54.0428
100,7.603832927577931e+16,54.6938
101,7.407283940831106e+16,55.3425
102,7.211916805290328e+16,55.9915
103,7.020505365145492e+16,56.64
104,6.829890529919154e+16,57.2876
105,6.470973024859046e+16,57.9384
106,6.281950503525035e+16,58.5909
107,6.106932575307699e+16,59.2388
108,5.941093085786877e+16,59.8862
109,5.775359005943858e+16,60.5377
110,5.618582315339084e+16,61.1864
111,5.467922537137214e+16,61.836
112,5.319058595518096e+16,62.4834
113,5.175251547358179e+16,63.1311
114,5.031620099893054e+16,63.7828
115,4.802350526196152e+16,64.4305
116,4.669445575174787e+16,65.0815
117,4.550690653455628e+16,65.7295
118,4.361039010121916e+16,66.3771
119,4.242491074121916e+16,67.0277
120,4.125021452327924e+16,67.6774
121,3.917910579921197e+16,68.3246
122,3.809489489590119e+16,68.9721
123,3.701614891037115e+16,69.6222
124,3.594608853997453e+16,70.2697
125,3.488436494916234e+16,70.9181
126,3.384325780939303e+16,71.5654
127,3.280489969686034e+16,72.2126
128,3.177784657757331e+16,72.8667
129,3.081552917235646e+16,73.5173
130,2.955463823443978e+16,74.1652
131,2.878730250945964e+16,74.8127
132,2.809079256678745e+16,75.4605
133,2.74305793929849e+16,76.1105
134,2.678831103434894e+16,76.7606
135,2.623042956950382e+16,77.4074
136,2.491166436950382e+16,78.054
137,2.36790866687315e+16,78.7052
138,2.314673792121342e+16,79.3524
139,2.261501842437369e+16,80.0024
140,2.211024442437369e+16,80.6494
141,2.163920913417481e+16,81.2962
142,2.117353847816299e+16,81.9456
143,2.074136809633902e+16,82.5934
144,2.026403150800482e+16,83.2402
145,1.985915451405643e+16,83.8873
146,1.946227547519168e+16,84.5363
147,1.899765078761788e+16,85.1854
148,1.847511454176664e+16,85.8339
149,1.808093103065682e+16,86.4807
150,1.768952394960899e+16,87.1268
151,1.731335302307139e+16,87.7759
152,1.695244124308439e+16,88.4227
153,1.660509587942751e+16,89.0704
154,1.628446624057567e+16,89.7172
155,1.596705800879571e+16,90.3637
156,1.565199728057391e+16,91.0134
157,1.53645007635414e+16,91.6617
158,1.514913801869628e+16,92.308
159,1.494738204002804e+16,92.9551
160,1.434074779937421e+16,93.604
161,1.411641114433444e+16,94.2512
162,1.391687383479217e+16,94.9
163,1.367167289131726e+16,95.5466
164,1.348197870821025e+16,96.193
165,1.329833753124394e+16,96.8426
166,1.314979100539868e+16,97.4903
167,1.300501599335729e+16,98.137
168,1.286055399947117e+16,98.7835
169,1.191177639947117e+16,99.4303
170,1.178833528128113e+16,100.0801
171,1.166838749701585e+16,100.7283
172,1.151412827750334e+16,101.3746
173,1.140234382901167e+16,102.0214
174,1.129601470881327e+16,102.6712
175,1.117453345856604e+16,103.3182
176,1.107813907280311e+16,103.9668
177,1.098438070573623e+16,104.614
178,1.051044154785257e+16,105.2601
179,1.035095395087009e+16,105.91
180,1.026762656013117e+16,106.5589
181,1.019378029417271e+16,107.205
182,1.01229474976987e+16,107.8513
183,1.006210927826758e+16,108.5009
184,1.000245577621598e+16,109.1479
185,9947090672153084,109.7952
186,9897736689433084,110.4416
187,9851265906713084,111.0879
188,9806130827789580,111.7367
189,9761898614044630,112.3848
190,9718311031324630,113.0316
191,9677606648604630,113.6778
192,9639785465884630,114.3236
193,9604847483164630,114.9727
194,9570446415888830,115.6221
195,9538391633168830,116.2683
196,9509220050448830,116.9146
197,9482646926496784,117.5628
198,9456358543776784,118.2097
199,9431714723343164,118.857
200,9408309540623164,119.5031
201,9385495619023164,120.1496
202,9358884375894332,120.8013
203,9325805073174332,121.4496
204,9298664970454332,122.0981
205,9277464067734332,122.7446
206,9256942085014332,123.3907
207,9236941065001326,124.0401
208,9212940215750960,124.6885
209,9193620829848600,125.3349
210,9175982047128600,125.9809
211,9160720344408600,126.6307
212,9145964761688600,127.2769
213,9132594739928600,127.9259
214,9119586318168600,128.5723
215,9106939496408600,129.2183
216,9094654274648600,129.8695
217,9082730652888600,130.5166
218,9070858270168600,131.1639
219,9059296248408600,131.81
220,9048095826648600,132.4574
221,9037257004888600,133.1081
222,9026779783128600,133.7558
223,9016664161368600,134.4028
224,9006910139608599,135.0508
225,8997517717848599,135.7096
226,8988486896088599,136.3564
227,8979497713368599,137.0037
228,8970828491608599,137.6495
229,8962520869848599,138.2955
230,8954314208328599,138.9454
231,8946368186568599,139.5949
232,8938783764808599,140.2409
233,8931560943048599,140.8876
234,8924699721288599,141.5355
235,8918200099528599,142.184
236,8911875265848599,142.8342
237,8905737244088599,143.4803
238,8899770918088599,144.1269
239,8893836592088599,144.7795
240,8887934266088599,145.4266
241,8882063940088599,146.0729
242,8876225614088599,146.7195
243,8870409352568599,147.3657
244,8864603026568599,148.0147
245,8858826604808599,148.6652
246,8853052278808599,149.3116
247,8847309952808599,149.9581
248,8841599626808599,150.6078
249,8835921300808599,151.2548
250,8830274974808599,151.9036
251,8824660648808599,152.5499
252,8819078322808599,153.1958
253,8813502289128599,153.8451
254,8807951963128599,154.493
255,8802405859467199,155.1394
256,8627501375365259,155.786
257,8621983049365259,156.4332
258,8616485336165259,157.0845
259,8610999010165259,157.733
260,8605533296965259,158.3795
261,8600078970965259,159.0268
262,8594645257765259,159.6759
263,8589222931765259,160.3235
264,8583808110005259,160.97
265,8578406396805259,161.6159
266,8573016070805259,162.2629
267,8567646357605259,162.9145
268,8562288031605259,163.562
269,8556950318405259,164.2099
270,8551623992405259,164.8568
271,8546318279205259,165.5064
272,8541023953205259,166.1532
273,8535750240005259,166.8008
274,8530487914005259,167.4472
275,8530487914005259,167.8841
276,8530487914005259,168.3166
277,8596978030691989,168.7526
278,8563915665054305,169.399
279,8558298802494305,170.0449
280,8553057089294305,170.6906
281,8547826763294305,171.3361
282,8542617050094305,171.9848
283,8537418724094305,172.631
284,8532241010894305,173.2766
285,8527074684894305,173.9224
286,8521928971694305,174.5706
287,8516786423294305,175.2166
288,8511652097294305,175.8635
289,8506524834734305,176.5096
290,8501411121534305,177.1549
291,8496300573134305,177.8031
292,8491198247134305,178.4506
293,8486116533934305,179.097
294,8481037985534305,179.7433
295,8475967659534305,180.3898
296,8470914437774305,181.0404
297,8465864724574305,181.6867
298,8460818176174305,182.3321
299,8455779850174305,182.9779
300,8450762136974305,183.6282
301,8445747588574305,184.2742
302,8440741262574305,184.9206
303,8435757535996750,185.5667
304,8430774987596750,186.212
305,8425800661596750,186.8603
306,8420850113196750,187.5063
307,8415907787196750,188.1521
308,8410970047196750,188.7977
309,8406051498796750,189.4438
310,8401141172796750,190.0926
311,8396251432796750,190.7389
312,8391364884396750,191.3848
313,8386486558396750,192.0304
314,8381632009996750,192.6797
315,8376785683996750,193.3254
316,8371943943996750,193.9729
317,8367116710316750,194.6193
318,8362294161916750,195.2652
319,8357479835916750,195.9177
320,8352686095916750,196.5642
321,8347895547516750,197.2099
322,8343107695916750,197.8557
323,8338325369916750,198.5043
324,8333553518316750,199.1504
325,8328794969916750,199.7972
326,8324039118316750,200.4434
327,8319288792316750,201.0888
328,8314543052316750,201.7377
329,8309803200716750,202.3837
330,8305072882716750,203.0313
331,8300346334316750,203.6766
332,8295622482716750,204.3226
333,8290904156716750,204.9716
334,8286196305116750,205.6179
335,8281498565116750,206.2639
336,8276804016716750,206.91
337,8272112165116750,207.5583
338,8267420543356750,208.2044
339,8262734217356750,208.8507
340,8258058365756750,209.4968
341,8253395817356750,210.1425
342,8248735965756750,210.7919
343,8244081639756750,211.4381
344,8239431899756750,212.0836
345,8234788048156750,212.7292
346,8230150385596750,213.3749
347,8225519837196750,214.0233
348,8220891985596750,214.6699
349,8216269659596750,215.3157
350,8211657807996750,215.9618
351,8207056067996750,216.6107
352,8202457519596750,217.2569
353,8197861667996750,217.9033
354,8193271341996750,218.5493
355,8188691490396750,219.1948
356,8183555035064050,219.8431
357,8178988486664050,220.4897
358,8174434746664050,221.1356
359,8169896428664050,221.7814
360,8165361880264050,222.4277
361,8160856140264050,223.0772
362,8156353591864050,223.7248
363,8151883043464050,224.3707
364,8147425303464050,225.0166
365,8142986755064050,225.6659
366,8138565493864050,226.3122
367,8134155753864050,226.9589
368,8129750372574995,227.6046
369,8125361111374995,228.2503
370,8120999371374995,228.8993
371,8116642110174995,229.546
372,8112295792174995,230.1918
373,8097661818323115,230.8382
374,7909692964800485,231.4869
375,7905362943040485,232.1332
376,7901037681840485,232.78
377,7896723941840485,233.426
378,7892430680640485,234.0722
379,7888164940640485,234.7231
380,7883900326640485,235.3697
381,7879639065440485,236.0162
382,7875409804240485,236.6624
383,7871192064240485,237.3086
384,7866994803040485,237.9573
385,7862825063040485,238.6045
386,7858659801840485,239.2512
387,7854511739280485,239.8972
388,7850378478080485,240.5455
389,7846256738080485,241.1923
390,7842155476880485,241.8393
391,7838072794160485,242.4855
392,7833999054160485,243.1317
393,7829929792960485,243.7808
394,7825892531760485,244.4276
395,7821866791760485,245.0739
396,7817861530560485,245.7198
397,7813883790560485,246.366
398,7809908050960485,247.0162
399,7805934789760485,247.663
400,7801966368000485,248.3092
401,7798025106800485,248.9553
402,7794095366800485,249.6039
403,7790186105600485,250.2518
404,7786292222880485,250.8996
405,7782410482880485,251.5456
406,7778533221680485,252.1918
407,7774687960480485,252.8417
408,7770854220480485,253.4898
409,7767040959280485,254.1357
410,7763255219280485,254.7826
411,7759473958080485,255.429
412,7755713983469035,256.0797
413,7750625936669035,256.7282
414,7746888196669035,257.3746
415,7743183113949035,258.0207
416,7739493373949035,258.6726
417,7735812034349035,259.3192
418,7732153571789035,259.9667
419,7728511831789035,260.613
420,7724905010029035,261.2593
421,7721304963229035,261.91
422,7717711223229035,262.5579
423,7714165483229035,263.2041
424,7710649200509035,263.85
425,7707151460509035,264.4992
426,7703701720509035,265.1462
427,7700299980509035,265.794
428,7696902566509035,266.4405
429,7693548826509035,267.0865
430,7690221343789035,267.7378
431,7686915603789035,268.3848
432,7683657863789035,269.0322
433,7680412642029035,269.6786
434,7677202902029035,270.3251
435,7674034039469035,270.975
436,7670872299469035,271.6228
437,7667733616749035,272.269
438,7664597728749035,272.916
439,7661477840749035,273.5654
440,7658364100749035,274.2124
441,7655255561149035,274.8599
442,7652151673149035,275.5061
443,7649063785149035,276.1521
444,7645991897149035,276.8019
445,7642921495949035,277.4497
446,7639855755949035,278.0959
447,7636799867949035,278.7422
448,7633759979949035,279.3884
449,7630721578749035,280.0383
450,7627697690749035,280.6862
451,7624679950749035,281.3322
452,7621672062749035,281.9792
453,7618665661549035,282.6291
454,7615673773549035,283.2758
455,7612697885549035,283.9239
456,7609723484349035,284.5706
457,7606753744349035,285.2174
458,7603793856349035,285.8672
459,7600843973629035,286.515
460,7597900085629035,287.1612
461,7594957684429035,287.8074
462,7592029796429035,288.455
463,7589108056429035,289.1061
464,7586196168429035,289.7542
465,7583285767229035,290.4004
466,7580389879229035,291.047
467,7577494197149035,291.6963
468,7574610575389035,292.3432
469,7571730059789035,292.9908
470,7568850171789035,293.6372
471,7565971770589035,294.2833
472,7563098030589035,294.9332
473,7560234142589035,295.581
474,7557386254589035,296.2276
475,7554539853389035,296.8741
476,7551707965389035,297.5234
477,7548882225389035,298.1711
478,7546066337389035,298.8192
479,7543251936189035,299.466
480,7540437796589035,300.1123
481,7537637908589035,300.7616
482,7534851026509035,301.4095
483,7532066684909035,302.056
484,7529282796909035,302.7027
485,7526500395709035,303.3493
486,7523732054109035,303.9992
487,7520964166109035,304.6477
488,7518199874109035,305.2944
489,7515438791389035,305.941
490,7512686449789035,306.5891
491,7509934561789035,307.2391
492,7507184160589035,307.8875
493,7504447818989035,308.534
494,7501711930989035,309.1811
495,7498991589389035,309.8305
496,7496271701389035,310.4789
497,7493553300189035,311.1255
498,7490837008189035,311.7721
499,7488132666589035,312.4188
500,7485428778589035,313.0701
501,7482740436989035,313.7182
502,7474715767733740,314.1537
503,7474715767733740,314.5873
504,7482740436989035,315.0202
505,7480052548989035,315.6712
506,7477366147789035,316.318
507,7474686885229035,316.9641
508,7472008803149035,317.6098
509,7469336461549035,318.2558
510,7466664573549035,318.9051
511,7463996281549035,319.5518
512,7461339939949035,320.1978
513,7458684051949035,320.8437
514,7456029650749035,321.4912
515,7453389309149035,322.1424
516,7450749421149035,322.7895
517,7448121551469035,323.4361
518,7445497209869035,324.0818
519,7442873321869035,324.7317
520,7440250920669035,325.3777
521,7437630628669035,326.0248
522,7435022287069035,326.671
523,7432414399069035,327.3165
524,7429822057469035,327.9661
525,7427230169469035,328.6128
526,7424639768269035,329.2584
527,7422063426669035,329.9047
528,7419487538669035,330.5536
529,7416915246669035,331.2004
530,7414342963949035,331.8468
531,7411773681869035,332.4935
532,7409213340269035,333.1392
533,7406653452269035,333.7888
534,7404095051069035,334.4357
535,7401550709469035,335.0824
536,7399006821469035,335.7286
537,7396476607469035,336.375
538,7393948265869035,337.0252
539,7391420377869035,337.6718
540,7388893976669035,338.3178
541,7386369684669035,338.9639
542,7383847662909035,339.6124
543,7381335321309035,340.259
544,7378823433309035,340.9057
545,7376327091709035,341.5519
546,7373831203709035,342.1985
547,7371336802509035,342.8481
548,7368856460909035,343.4954
549,7366376572909035,344.1418
550,7363900280909035,344.7905
551,7361435939309035,345.4366
552,7358972051309035,346.086
553,7356509650109035,346.7334
554,7354049168029035,347.3791
555,7351600826429035,348.0253
556,7349152938429035,348.6738
557,7346720596829035,349.3204
558,7344288708829035,349.9671
559,7341858307629035,350.6134
560,7339430015629035,351.2594
561,7337013674029035,351.9103
562,7334597786029035,352.5566
563,7332197444429035,353.2023
564,7329797556429035,353.8484
565,7327399155229035,354.4969
566,7325014813629035,355.297
567,7322630925629035,355.9448
568,7320247442909035,356.591
569,7317867150909035,357.2369
570,7315498809309035,357.8858
571,7313130921309035,358.5324
572,7310764520109035,359.1783
573,7308412178509035,359.8241
574,7306060290509035,360.4717
575,7303708608429035,361.1195
576,7301371900029035,361.7662
577,7299035558429035,362.4123
578,7296699670429035,363.0584
579,7294365269229035,363.7071
580,7292032977229035,364.3533
581,7289712268829035,365.0003
582,7287391927229035,365.6462
583,7285072039229035,366.2919
584,7282767330829035,366.9416
585,7280462989229035,367.5886
586,7278159101229035,368.2344
587,7275856700029035,368.8809
588,7273567991629035,369.5304
589,7271279650029035,370.1787
590,7268991762029035,370.8263
591,7266707470029035,371.4722
592,7264434761629035,372.1181
593,7262162420029035,372.769
594,7259890532029035,373.4163
595,7257620130829035,374.063
596,7255363422429035,374.7104
597,7253107080829035,375.3572
598,7250851192829035,376.0076
599,7248608310749035,376.6549
600,7246366971149035,377.3009
601,7244126262749035,377.9476
602,7241885921149035,378.5967
603,7239646033149035,379.2432
604,7237407631949035,379.8903
605,7235171339949035,380.5364
606,7232946631549035,381.1828
607,7230722289949035,381.8395
608,7228498401949035,382.4876
609,7226289693549035,383.1346
610,7224081351949035,383.7812
611,7221873463949035,384.4282
612,7219667062749035,385.0779
613,7217472380029035,385.7268
614,7215279671629035,386.3733
615,7213087330029035,387.0192
616,7210895442029035,387.6688
617,7208705779469035,388.3155
618,7206517487469035,388.9641
619,7204340779069035,389.6098
620,7202164437469035,390.2556
621,7199988549469035,390.9053
622,7197814148269035,391.5528
623,7195653439869035,392.1986
624,7193493018109035,392.8452
625,7191332676509035,393.4931
626,7189172788509035,394.1413
627,7187028080109035,394.7893
628,7184883738509035,395.4358
629,7182739850509035,396.0822
630,7180597449309035,396.7321
631,7178457157309035,397.3792
632,7176318284349035,398.0267
633,7174184202269035,398.6731
634,7172055493869035,399.3191
635,7169926978269035,399.9694
636,7167798636669035,400.616
637,7165670748669035,401.2634
638,7163558040269035,401.9097
639,7161445698669035,402.558
640,7159333651869035,403.206
641,7157221763869035,403.8529
642,7155112605818155,404.4994
643,7153013245338155,405.1463
644,7140602080218155,405.7957
645,7138505371818155,406.4436
646,7136409030218155,407.0906
647,7134313142218155,407.7366
648,7132220850218155,408.3827
649,7130140141818155,409.0321
650,7128059800218155,409.6789
651,7125979912218155,410.3252
652,7123906863418155,410.9715
653,7121835513418155,411.6197
654,7119770805018155,412.2665
655,7117706463418155,412.9139
656,7115642302938155,413.5599
657,7103295137818155,414.2061
658,7101231043818155,414.8577
659,7099167155818155,415.5046
660,7097118447418155,416.151
661,7095070105818155,416.7979
662,7093022217818155,417.4441
663,7090977925818155,418.0932
664,7088936877018155,418.7412
665,7086897204058155,419.3887
666,7084857854058155,420.035
667,7082825145658155,420.6842
668,7080792804058155,421.3312
669,7078760916058155,421.9783
670,7076731955578155,422.6242
671,7064448790458155,423.2705
672,7062423508378155,423.9204
673,7060406799978155,424.5678
674,7058390458378155,425.2147
675,7056374364378155,425.8609
676,7054358476378155,426.5096
677,7052349427578155,427.1569
678,7050342077578155,427.8044
679,7048336194858155,428.4511
680,7046335486458155,429.0973
681,7044335144858155,429.7488
682,7042335256858155,430.3961
683,7040338964858155,431.0435
684,7038343201258155,431.6897
685,7036349440778155,432.336
686,7024130275658155,432.9852
687,7022145567258155,433.633
688,7020161225658155,434.2791
689,7018177337658155,434.9265
690,7016196860458155,435.5754
691,7014219811658155,436.2223
692,7012244461658155,436.8698
693,7010275753258155,437.5161
694,7008307411658155,438.1622
695,7006339317658155,438.8113
696,7004371429658155,439.4588
697,7002407666058155,440.1051
698,7000449105578155,440.7516
699,6988293940458155,441.3976
700,6986341232058155,442.0471
701,6984388890458155,442.6945
702,6982437002458155,443.3411
703,6980488710458155,443.9878
704,6978541770858155,444.6402
705,6976596722058155,445.2872
706,6974653372058155,445.9345
707,6972712899098155,446.5813
708,6970776190698155,447.2274
709,6968839849098155,447.8779
710,6966903961098155,448.5254
711,6964972197498155,449.1721
712,6963048837018155,449.8185
713,6950957671898155,450.4658
714,6949036963498155,451.1148
715,6947116621898155,451.7623
716,6945196527898155,452.4091
717,6943276639898155,453.0554
718,6941360157818155,453.705
719,6939447109018155,454.3521
720,6937535759018155,454.9996
721,6935631050618155,455.6463
722,6933726709018155,456.2925
723,6931822821018155,456.9431
724,6929922529018155,457.5902
725,6928022765418155,458.2365
726,6926134057018155,458.8833
727,6924245715418155,459.5338
728,6922357554938155,460.1808
729,6917074005602860,460.6153
730,6917074005602860,461.0479
731,6922357554938155,461.4805
732,6910330389818155,462.1277
733,6908442501818155,462.7767
734,6906561453018155,463.4236
735,6904682103018155,464.0695
736,6902809394618155,464.7152
737,6900937053018155,465.361
738,6899064959018155,466.0112
739,6897193071018155,466.6584
740,6895325307418155,467.304
741,6893468599018155,467.9497
742,6891612257418155,468.5981
743,6889756369418155,469.2446
744,6887896379018155,469.8913
745,6886040491018155,470.5371
746,6884187530538155,471.1832
747,6872224365418155,471.8315
748,6870372073418155,472.4786
749,6868523024618155,473.1243
750,6866675674618155,473.7697
751,6864834401658155,474.4152
752,6862993693258155,475.0648
753,6861153351658155,475.7119
754,6859313463658155,476.3578
755,6857469473258155,477.0034
756,6855629585258155,477.6533
757,6853790300896344,478.2995
758,6849267486096344,478.9462
759,6844882355296344,479.5922
760,6840529224496344,480.238
761,6836208093696344,480.8873
762,6831918962896344,481.5341
763,6827661832096344,482.1799
764,6823436701296344,482.8256
765,6819243570496344,483.474
766,6815082439696344,484.1223
767,6810953308896344,484.7689
768,6806856178096344,485.415
769,6802791047296344,486.0606
770,6798757916496344,486.7093
771,6794756785696344,487.3552
772,6790787654896344,488.0017
773,6786850524096344,488.6472
774,6782945393296344,489.2931
775,6779072262496344,489.9446
776,6775231131696344,490.5914
777,6771422000896344,491.2373
778,6767644870096344,491.8831
779,6763899739296344,492.5323
780,6760186608496344,493.1795
781,6756505477696344,493.8259
782,6752856346896344,494.4726
783,6749239216096344,495.1196
784,6745654085296344,495.7681
785,6742100954496344,496.4152
786,6738579823696344,497.0614
787,6735090692896344,497.7072
788,6731633562096344,498.353
789,6728208431296344,499.0021
790,6724815300496344,499.6491
791,6721454169696344,500.2947
792,6718125038896344,500.9412
793,6714827908096344,501.5897
794,6711562777296344,502.2365
795,6708329646496344,502.8836
796,6705128515696344,503.5297
797,6701959384896344,504.1757
798,6698822254096344,504.8248
799,6695717123296344,505.4719
800,6692643992496344,506.1179
801,6689602861696344,506.7641
802,6686593730896344,507.41
803,6683616600096344,508.0612
804,6680671469296344,508.7086
805,6677758338496344,509.3542
806,6674877207696344,510.0001
807,6672028076896344,510.6495
808,6669210946096344,511.2957
809,6666425815296344,511.9424
810,6663672684496344,512.5884
811,6660951553696344,513.2342
812,6658262422896344,513.8838
813,6655605292096344,514.5303
814,6652980161296344,515.1771
815,6650387030496344,515.823
816,6647825899696344,516.4698
817,6645296768896344,517.1188
818,6642799638096344,517.7667
819,6640334497454299,518.4127
820,6637636405495275,519.0589
821,6635800641895275,519.7077
822,6633967778375275,520.3541
823,6632051296295275,521.0004
824,6630226587895275,521.6462
825,6628402246295275,522.2922
826,6626578358295275,522.9416
827,6624750367895275,523.5887
828,6622926479895275,524.2354
829,6621108719415275,524.8823
830,6609225554295275,525.5312
831,6607408471575275,526.1784
832,6605591422775275,526.8256
833,6603776072775275,527.4717
834,6601967364375275,528.1179
835,6600159022775275,528.7673
836,6598351134775275,529.4138
837,6596539144375275,530.0605
838,6594731256375275,530.707
839,6592923574295275,531.3526
840,6591045910775275,532.0019
841,6589238228695275,532.6504
842,6587408565175275,533.2967
843,6585600883095275,533.9431
844,6583796591095275,534.5917
845,6581992827495275,535.2386
846,6580194005735275,535.8856
847,6578401297335275,536.5322
848,6576608955735275,537.1783
849,6574817067735275,537.8268
850,6573021077335275,538.4749
851,6571229189335275,539.1211
852,6569444140535275,539.7674
853,6567660790535275,540.4134
854,6565878230055275,541.0643
855,6554091064935275,541.7116
856,6552314356535275,542.3583
857,6550538014935275,543.0043
858,6548762126935275,543.653
859,6546982136535275,544.3002
860,6545206248535275,544.9477
861,6543434484935275,545.5937
862,6541668821415275,546.2394
863,6539861139335275,546.8885
864,6538100430935275,547.5372
865,6536340089335275,548.1834
866,6534579977335275,548.8296
867,6532820089335275,549.477
868,6531056098935275,550.1254
869,6529296210935275,550.7736
870,6527539918935275,551.4199
871,6525784031735275,552.066
872,6524030982935275,552.7165
873,6522279632935275,553.3628
874,6520532272455275,554.0107
875,6508825107335275,554.6578
876,6507078795569728,555.3038
877,6504853764049728,555.9536
878,6493723469969728,556.6015
879,6491533638449728,557.2477
880,6480467344369728,557.8941
881,6478312712849728,558.5428
882,6467310418769728,559.1899
883,6465190987249728,559.8373
884,6454252693169728,560.4837
885,6452168461649728,561.1299
886,6441294167569728,561.78
887,6439245136049728,562.4267
888,6428434841969728,563.074
889,6426421010449728,563.72
890,6415674716369728,564.3666
891,6413696084849728,565.0166
892,6403013790769728,565.6637
893,6401070359249728,566.3099
894,6390452065169728,566.9565
895,6388543833649728,567.605
896,6377989539569728,568.2518
897,6376116508049728,568.899
898,6365626213969728,569.545
899,6363788382449728,570.1915
900,6353362088369728,570.8447
901,6351559456849728,571.4919
902,6341197162769728,572.1392
903,6339429731249728,572.7859
904,6329131437169728,573.4319
905,6327386728769728,574.0822
906,6325642840769728,574.7296
907,6323894850369728,575.3761
908,6322150962369728,576.0226
909,6320411075169728,576.6732
910,6318671311569728,577.3207
911,6316934527569728,577.9677
912,6314986050369728,578.6143
913,6313249266369728,579.2605
914,6311332789169728,579.9102
915,6309596005169728,580.5573
916,6307711527969728,581.2047
917,6305974743969728,581.8511
918,6304122266769728,582.4997
919,6302385482769728,583.1483
920,6300565005569728,583.7957
921,6298828221569728,584.4423
922,6297039744369728,585.0889
923,6295302960369728,585.7386
924,6293546483169728,586.3863
925,6291809699169728,587.0335
926,6290077467649728,587.6797
927,6279843173569728,588.3259
928,6277580314370470,588.976
929,6266017709410470,589.6235
930,6254691904450470,590.2699
931,6243602899490470,590.9162
932,6232750694530470,591.5654
933,6222135289570470,592.213
934,6211756684610470,592.8602
935,6201614879650470,593.5065
936,6191709874690470,594.1532
937,6182041669730470,594.8033
938,6180244656130470,595.4502
939,6178482842530470,596.0976
940,6176754134130470,596.7444
941,6175026246130470,597.3911
942,6173294255730470,598.0412
943,6171566367730470,598.6892
944,6169839754130470,599.3358
945,6168113681170470,599.9825
946,6166389203970470,600.6316
947,6164652419970470,601.2792
948,6162928532770470,601.9268
949,6161207483970470,602.5734
950,6159488133970470,603.2199
951,6157775425570470,603.8714
952,6156063537570470,604.5199
953,6154347547170470,605.1665
954,6152636585525350,605.8137
955,6150928293525350,606.4611
956,6147200363710055,606.9004
957,6147200363710055,607.3336
958,6150928293525350,607.7666
959,6149220406325350,608.4145
960,6147512642725350,609.0611
961,6145812580165350,609.7104
962,6144113698085350,610.3585
963,6142416989685350,611.0049
964,6140720877685350,611.6508
965,6139028400485350,612.2964
966,6137291616485350,612.9485
967,6135599729285350,613.5955
968,6133908315685350,614.2421
969,6132219266885350,614.8891
970,6130531916885350,615.5378
971,6128847926485350,616.1843
972,6127167218085350,616.8311
973,6125491330885350,617.4769
974,6123815567285350,618.1224
975,6122150858885350,618.7715
976,6120490381685350,619.4184
977,6118753597685350,620.0652
978,6117093305685350,620.7111
979,6115433418485350,621.357
980,6113776369685350,622.0066
981,6112120156085350,622.6537
982,6110464806085350,623.2999
983,6108816097685350,623.9459
984,6107167985685350,624.5949
985,6105524098485350,625.2413
986,6103880334885350,625.8883
987,6102243802725350,626.535
988,6100607812325350,627.1808
989,6098975103925350,627.8294
990,6097344971765350,628.4764
991,6095716494565350,629.1224
992,6093979710565350,629.7688
993,6092351345589670,630.4145
994,6090723458389670,631.0642
995,6089098409589670,631.7113
996,6087474677429670,632.3572
997,6085851327429670,633.0036
998,6084230313829670,633.6551
999,6082612981669670,634.3022
1000,6080996273269670,634.9491
1001,6079381259269670,635.595
