1,3.336123829982424e+17,0.17584
2,2.024213332025152e+17,0.54717
3,3.415698437420429e+17,1.2093
4,4.727608935377702e+17,1.5647
5,6.811484786373376e+17,1.9191
6,7.187195976410363e+17,2.2673
7,6.791280371028756e+17,2.6276
8,7.381957590458627e+17,3.0445
9,8.011677577271386e+17,3.4223
10,7.421000357841518e+17,3.8048
11,7.816915963223123e+17,4.1648
12,6.425430857827845e+17,4.5222
13,5.113520359870573e+17,4.9241
14,6.505005465265851e+17,5.272
15,7.740456294300384e+17,5.6392
16,7.364745104263396e+17,5.9913
17,9.242631748544973e+17,6.3446
18,8.689371430654954e+17,6.6919
19,9.06508262069194e+17,7.0408
20,9.618342938581961e+17,7.3888
21,1.194764112299531e+18,7.7379
22,7.442818544283922e+17,8.0869
23,3.636976069771476e+17,8.4334
24,4.948886567728749e+17,8.7802
25,6.533401501049896e+17,9.1287
26,5.221491003092623e+17,9.484
27,4.890199425292682e+17,9.8372
28,6.202109923249955e+17,10.1971
29,9.16985210568855e+17,10.5484
30,6.295907464116411e+17,10.8989
31,4.983996966159137e+17,11.2509
32,6.375571263985116e+17,11.599
33,7.687481761942392e+17,11.9481
34,9.771357612938066e+17,12.2949
35,1.032461793082809e+18,12.6413
36,1.220241538267896e+18,12.9885
37,1.164915506478894e+18,13.3383
38,1.326191780253527e+18,13.6924
39,7.908670201862738e+17,14.0665
40,6.596759703905463e+17,14.439
41,8.189233185531219e+17,14.8039
42,7.857941607731278e+17,15.1518
43,1.005473653897866e+18,15.5007
44,7.086994356540065e+17,15.8619
45,4.294369169860241e+17,16.2098
46,5.907131907606568e+17,16.5569
47,7.418285934340008e+17,16.9075
48,1.00832074508519e+18,17.2544
49,8.564091840112401e+17,17.6017
50,7.068831825710194e+17,17.9484
51,6.555197013761052e+17,18.2965
52,7.941073039558408e+17,18.6488
53,1.052317543373701e+18,19.0183
54,7.75432185748498e+17,19.3819
55,1.071045636879886e+18,19.7325
56,7.250503681174117e+17,20.083
57,8.863266418920442e+17,20.4375
58,1.037442044565388e+18,20.8246
59,1.004312886785394e+18,21.1726
60,1.301087105029254e+18,21.5203
61,1.02102873153081e+18,21.8818
62,7.254152803994228e+17,22.2528
63,8.866915541740554e+17,22.6073
64,1.03860281167786e+18,22.9559
65,1.308279596931473e+18,23.3038
66,1.156368339427668e+18,23.6594
67,1.002645812153729e+18,24.0266
68,9.512823309588146e+17,24.3761
69,1.09009458661231e+18,24.7233
70,1.34830482603017e+18,25.0781
71,1.071419468404967e+18,25.4559
72,1.367032919536355e+18,25.8257
73,1.682847930793605e+18,26.194
74,1.084563187451489e+18,26.5609
75,7.885759047950205e+17,26.9266
76,6.413069154539867e+17,27.2738
77,5.101158656582595e+17,27.621
78,6.573848549992932e+17,27.9687
79,9.505344526726618e+17,28.3163
80,8.390612831289226e+17,28.6623
81,8.287892456953487e+17,29.009
82,8.731507876538676e+17,29.3571
83,7.864615777426706e+17,29.7078
84,8.760551064852193e+17,30.0602
85,8.398140433282067e+17,30.4082
86,7.768420446469307e+17,30.7593
87,8.365344188054181e+17,31.1086
88,8.99506417486694e+17,31.4584
89,9.864323364444879e+17,31.8079
90,8.880936766849325e+17,32.1555
91,9.44381570085818e+17,32.504
92,8.131905202900906e+17,32.8536
93,7.048949953177597e+17,33.2024
94,8.014791288580125e+17,33.5608
95,9.097746538303432e+17,33.9178
96,9.126409272708777e+17,34.2718
97,8.535732053278908e+17,34.6271
98,8.979347472864097e+17,34.9785
99,9.846239571976067e+17,35.3269
100,9.402624152390879e+17,35.6768
1,3.339111769920621e+17,36.044
2,2.078319289624199e+17,36.3982
3,1.166739149009785e+17,36.7551
4,6.20714991474187e+16,37.1069
5,3.95392098942195e+16,37.4602
6,3.544966442435656e+16,37.8122
7,4.085924282979538e+16,38.1663
8,4.494878829965833e+16,38.5209
9,5.057644376186299e+16,38.8739
10,4.516686535642417e+16,39.225
11,4.107731988656123e+16,39.5713
12,4.648689829200006e+16,39.9182
13,6.330631861592671e+16,40.2683
14,5.767866315372204e+16,40.6148
15,5.226908474828321e+16,40.962
16,5.635863021814614e+16,41.3104
17,6.176820862358498e+16,41.6648
18,6.739586408578965e+16,42.0116
19,6.198628568035082e+16,42.3612
20,5.789674021048788e+16,42.7127
21,7.87398331121377e+16,43.0636
22,6.192041278821104e+16,43.4123
23,5.629275732600637e+16,43.7655
24,6.03823027958693e+16,44.1185
25,6.398963174523335e+16,44.4739
26,5.980933336681182e+16,44.8239
27,6.519230841047498e+16,45.1751
28,6.93726067888965e+16,45.5218
29,8.669389307284458e+16,45.8689
30,8.131091802918141e+16,46.2192
31,6.600995825807398e+16,46.5706
32,8.282937858200064e+16,46.9192
33,7.720172311979597e+16,47.2688
34,7.311217764993302e+16,47.62
35,1.251385196220844e+17,47.9688
36,1.048967617596631e+17,48.3165
37,8.80773414357365e+16,48.6631
38,7.745934577574038e+16,49.0163
39,5.798195367755576e+16,49.3684
40,6.339153208299458e+16,49.7183
41,6.748107755285753e+16,50.1243
42,7.310873301506221e+16,50.4768
43,6.769915460962338e+16,50.859
44,6.360960913976043e+16,51.2091
45,6.901918754519927e+16,51.5578
46,9.874206163483357e+16,51.9094
47,9.333248322939475e+16,52.259
48,9.627726279558243e+16,52.6072
49,1.003668082654454e+17,52.9553
50,9.74220286992577e+16,53.3033
51,1.028316071046965e+17,53.6507
52,1.057763866708842e+17,53.9999
53,1.016868412010213e+17,54.3479
54,1.137095082459348e+17,54.6961
55,1.08299929840496e+17,55.0465
56,1.123894753103589e+17,55.3953
57,1.177990537157978e+17,55.7461
58,1.551469589078324e+17,56.1007
59,1.047437692778242e+17,56.4536
60,9.118644571657277e+16,56.8328
61,8.279383096192776e+16,57.1862
62,9.404704707971722e+16,57.5352
63,1.024396618343623e+17,57.8831
