1,1.063113450696695e+17,0.063425
2,7.871146142772826e+16,0.073186
3,5.97929957847064e+16,0.082821
4,4.103813370040177e+16,0.092384
5,2.061423674656516e+16,0.10185
6,9359197794796376,0.1113
7,4239242472945590,0.12136
8,4320626777644007,0.13081
9,3905128973906066,0.1406
10,4320626777644007,0.15058
11,4239242472945590,0.16122
12,4320626777644007,0.17166
13,3905128973906066,0.1814
14,4320626777644007,0.19122
15,4239242472945590,0.20111
16,4320626777644007,0.21135
17,3905128973906066,0.22108
18,4320626777644007,0.23081
19,4239242472945590,0.24066
20,4320626777644007,0.25092
21,3905128973906066,0.26069
22,4320626777644007,0.2704
23,4239242472945590,0.28029
24,4320626777644007,0.29074
25,3905128973906066,0.30049
26,4320626777644007,0.31014
27,4239242472945590,0.31999
28,4320626777644007,0.33022
29,3905128973906066,0.34009
30,4320626777644007,0.35006
31,4239242472945590,0.35993
32,4320626777644007,0.37016
33,3905128973906066,0.3797
34,4320626777644007,0.38932
35,4239242472945590,0.39926
36,4320626777644007,0.40949
37,3905128973906066,0.41904
38,4320626777644007,0.42868
39,4239242472945590,0.43857
40,4320626777644007,0.44883
41,3905128973906066,0.45865
42,4320626777644007,0.46848
43,4239242472945590,0.4783
44,4320626777644007,0.48849
45,3905128973906066,0.49801
46,4320626777644007,0.50762
47,4239242472945590,0.51746
48,4320626777644007,0.52775
49,3905128973906066,0.53728
50,4320626777644007,0.54702
51,4239242472945590,0.55701
52,4320626777644007,0.5677
53,3905128973906066,0.57744
54,4320626777644007,0.58706
55,4239242472945590,0.59716
56,4320626777644007,0.60774
57,3905128973906066,0.61751
58,4320626777644007,0.62741
59,4239242472945590,0.63767
60,4320626777644007,0.6482
61,3905128973906066,0.65802
62,4320626777644007,0.66793
63,4239242472945590,0.67812
64,4320626777644007,0.68863
65,3905128973906066,0.69836
66,4320626777644007,0.70821
67,4239242472945590,0.71842
68,4320626777644007,0.72891
69,3905128973906066,0.73866
70,4320626777644007,0.74868
71,4239242472945590,0.75888
72,4320626777644007,0.76939
73,3905128973906066,0.77905
74,4320626777644007,0.78864
75,4239242472945590,0.79887
76,4320626777644007,0.80949
77,3905128973906066,0.8195
78,4320626777644007,0.82955
79,4239242472945590,0.83977
80,4320626777644007,0.85035
81,3905128973906066,0.86036
82,4320626777644007,0.87046
83,4239242472945590,0.88058
84,4320626777644007,0.89102
85,3905128973906066,0.90089
86,4320626777644007,0.91076
87,4239242472945590,0.92102
88,4320626777644007,0.93151
89,3905128973906066,0.94132
90,4320626777644007,0.95125
91,4239242472945590,0.96153
92,4320626777644007,0.97205
93,3905128973906066,0.98208
94,4320626777644007,0.99178
95,4239242472945590,1.002
96,4320626777644007,1.0126
97,3905128973906066,1.0225
98,4320626777644007,1.0324
99,4239242472945590,1.0426
100,4320626777644007,1.0533
101,3905128973906066,1.0633
102,4320626777644007,1.0734
103,4239242472945590,1.0836
104,4320626777644007,1.0938
105,3905128973906066,1.1033
106,4320626777644007,1.1129
107,4239242472945590,1.1227
108,4320626777644007,1.1329
109,3905128973906066,1.1424
110,4320626777644007,1.152
111,4239242472945590,1.1619
112,4320626777644007,1.1721
113,3905128973906066,1.1816
114,4320626777644007,1.1912
115,4239242472945590,1.201
116,4320626777644007,1.2113
117,3905128973906066,1.221
118,4320626777644007,1.2308
119,4239242472945590,1.2406
120,4320626777644007,1.2509
121,3905128973906066,1.2607
122,4320626777644007,1.2703
123,4239242472945590,1.2802
124,4320626777644007,1.2904
125,3905128973906066,1.2999
126,4320626777644007,1.3095
127,4239242472945590,1.3194
128,4320626777644007,1.3297
129,3905128973906066,1.3394
130,4320626777644007,1.3492
131,4239242472945590,1.359
132,4320626777644007,1.3693
133,3905128973906066,1.3788
134,4320626777644007,1.3885
135,4239242472945590,1.3983
136,4320626777644007,1.4085
137,3905128973906066,1.4183
138,4320626777644007,1.428
139,4239242472945590,1.4378
140,4320626777644007,1.448
141,3905128973906066,1.4578
142,4320626777644007,1.4676
143,4239242472945590,1.4775
144,4320626777644007,1.4878
145,3905128973906066,1.4975
146,4320626777644007,1.5073
147,4239242472945590,1.5171
148,4320626777644007,1.5274
149,3905128973906066,1.5372
150,4320626777644007,1.547
151,4239242472945590,1.557
152,4320626777644007,1.5672
153,3905128973906066,1.5767
154,4320626777644007,1.5863
155,4239242472945590,1.5962
156,4320626777644007,1.6064
157,3905128973906066,1.6162
158,4320626777644007,1.6259
159,4239242472945590,1.6357
160,4320626777644007,1.6459
161,3905128973906066,1.6555
162,4320626777644007,1.6651
163,4239242472945590,1.6749
164,4320626777644007,1.6851
165,3905128973906066,1.6946
166,4320626777644007,1.7042
167,4239242472945590,1.714
168,4320626777644007,1.7243
169,3905128973906066,1.7339
170,4320626777644007,1.7435
171,4239242472945590,1.7533
172,4320626777644007,1.7635
173,3905128973906066,1.7733
174,4320626777644007,1.7829
175,4239242472945590,1.7927
176,4320626777644007,1.803
177,3905128973906066,1.8125
178,4320626777644007,1.8221
179,4239242472945590,1.832
180,4320626777644007,1.8422
181,3905128973906066,1.8517
182,4320626777644007,1.8614
183,4239242472945590,1.8712
184,4320626777644007,1.8814
185,3905128973906066,1.8909
186,4320626777644007,1.9008
187,4239242472945590,1.9107
188,4320626777644007,1.9216
189,3905128973906066,1.9313
190,4320626777644007,1.9411
191,4239242472945590,1.9513
192,4320626777644007,1.9619
193,3905128973906066,1.9714
194,4320626777644007,1.981
195,4239242472945590,1.9912
196,4320626777644007,2.0017
197,3905128973906066,2.0115
198,4320626777644007,2.0213
199,4239242472945590,2.0315
200,4320626777644007,2.042
201,3905128973906066,2.0517
202,4320626777644007,2.0616
203,4239242472945590,2.072
204,4320626777644007,2.0825
205,3905128973906066,2.0922
206,4320626777644007,2.1021
207,4239242472945590,2.1122
208,4320626777644007,2.1228
209,3905128973906066,2.1326
210,4320626777644007,2.1425
211,4239242472945590,2.1526
212,4320626777644007,2.1633
213,3905128973906066,2.1731
214,4320626777644007,2.183
215,4239242472945590,2.1932
216,4320626777644007,2.2038
217,3905128973906066,2.2136
218,4320626777644007,2.2235
219,4239242472945590,2.2336
220,4320626777644007,2.2442
221,3905128973906066,2.2539
222,4320626777644007,2.2636
223,4239242472945590,2.2737
224,4320626777644007,2.2841
225,3905128973906066,2.2939
226,4320626777644007,2.3038
227,4239242472945590,2.314
228,4320626777644007,2.3244
229,3905128973906066,2.3342
230,4320626777644007,2.3442
231,4239242472945590,2.3544
232,4320626777644007,2.3648
233,3905128973906066,2.3747
234,4320626777644007,2.3846
235,4239242472945590,2.3947
236,4320626777644007,2.4051
237,3905128973906066,2.4149
238,4320626777644007,2.4248
239,4239242472945590,2.435
240,4320626777644007,2.4456
241,3905128973906066,2.4554
242,4320626777644007,2.4652
243,4239242472945590,2.4753
244,4320626777644007,2.4859
245,3905128973906066,2.4957
246,4320626777644007,2.5055
247,4239242472945590,2.5156
248,4320626777644007,2.5261
249,3905128973906066,2.5359
250,4320626777644007,2.5458
251,4239242472945590,2.556
252,4320626777644007,2.5666
253,3905128973906066,2.5764
254,4320626777644007,2.5864
255,4239242472945590,2.5974
256,4320626777644007,2.6085
257,3905128973906066,2.6196
258,4320626777644007,2.6306
259,4239242472945590,2.6418
260,4320626777644007,2.6523
261,3905128973906066,2.6622
262,4320626777644007,2.672
263,4239242472945590,2.682
264,4320626777644007,2.6923
265,3905128973906066,2.7024
266,4320626777644007,2.7123
267,4239242472945590,2.7222
268,4320626777644007,2.7325
269,3905128973906066,2.7422
270,4320626777644007,2.7521
271,4239242472945590,2.7624
272,4320626777644007,2.773
273,3905128973906066,2.7831
274,4320626777644007,2.793
275,4239242472945590,2.8032
276,4320626777644007,2.8137
277,3905128973906066,2.8238
278,4320626777644007,2.8335
279,4239242472945590,2.8437
280,4320626777644007,2.8542
281,3905128973906066,2.8641
282,4320626777644007,2.8739
283,4239242472945590,2.884
284,4320626777644007,2.8945
285,3905128973906066,2.9045
286,4320626777644007,2.9142
287,4239242472945590,2.9244
288,4320626777644007,2.9349
289,3905128973906066,2.9448
290,4320626777644007,2.9547
291,4239242472945590,2.9651
292,4320626777644007,2.9756
293,3905128973906066,2.9855
294,4320626777644007,2.9954
295,4239242472945590,3.0057
296,4320626777644007,3.0163
297,3905128973906066,3.0261
298,4320626777644007,3.036
299,4239242472945590,3.0462
300,4320626777644007,3.0568
301,3905128973906066,3.0666
302,4320626777644007,3.0765
303,4239242472945590,3.0868
304,4320626777644007,3.0974
305,3905128973906066,3.1073
306,4320626777644007,3.1171
307,4239242472945590,3.1274
308,4320626777644007,3.138
309,3905128973906066,3.148
310,4320626777644007,3.1581
311,4239242472945590,3.1682
312,4320626777644007,3.1784
313,3905128973906066,3.1879
314,4320626777644007,3.1975
315,4239242472945590,3.2073
316,4320626777644007,3.2175
317,3905128973906066,3.2272
318,4320626777644007,3.2369
319,4239242472945590,3.2468
320,4320626777644007,3.2569
321,3905128973906066,3.2664
322,4320626777644007,3.2761
323,4239242472945590,3.2859
324,4320626777644007,3.2961
325,3905128973906066,3.3058
326,4320626777644007,3.3156
327,4239242472945590,3.3255
328,4320626777644007,3.3357
329,3905128973906066,3.3452
330,4320626777644007,3.3548
331,4239242472945590,3.3647
332,4320626777644007,3.3749
333,3905128973906066,3.3845
334,4320626777644007,3.3941
335,4239242472945590,3.4039
336,4320626777644007,3.4142
337,3905128973906066,3.4239
338,4320626777644007,3.4335
339,4239242472945590,3.4433
340,4320626777644007,3.4535
341,3905128973906066,3.4633
342,4320626777644007,3.4731
343,4239242472945590,3.483
344,4320626777644007,3.4934
345,3905128973906066,3.503
346,4320626777644007,3.5126
347,4239242472945590,3.5224
348,4320626777644007,3.5326
349,3905128973906066,3.5421
350,4320626777644007,3.5519
351,4239242472945590,3.5617
352,4320626777644007,3.5719
353,3905128973906066,3.5814
354,4320626777644007,3.591
355,4239242472945590,3.6009
356,4320626777644007,3.6111
357,3905128973906066,3.6208
358,4320626777644007,3.6307
359,4239242472945590,3.6405
360,4320626777644007,3.6508
361,3905128973906066,3.6605
362,4320626777644007,3.6703
363,4239242472945590,3.6802
364,4320626777644007,3.6904
365,3905128973906066,3.7002
366,4320626777644007,3.71
367,4239242472945590,3.7198
368,4320626777644007,3.73
369,3905128973906066,3.7395
370,4320626777644007,3.7491
371,4239242472945590,3.7589
372,4320626777644007,3.7691
373,3905128973906066,3.7789
374,4320626777644007,3.7887
375,4239242472945590,3.7985
376,4320626777644007,3.8087
377,3905128973906066,3.8183
378,4320626777644007,3.8279
379,4239242472945590,3.8377
380,4320626777644007,3.8479
381,3905128973906066,3.8574
382,4320626777644007,3.867
383,4239242472945590,3.8769
384,4320626777644007,3.8871
385,3905128973906066,3.8966
386,4320626777644007,3.9063
387,4239242472945590,3.9162
388,4320626777644007,3.9266
389,3905128973906066,3.9362
390,4320626777644007,3.9459
391,4239242472945590,3.9558
392,4320626777644007,3.9661
393,3905128973906066,3.9757
394,4320626777644007,3.9853
395,4239242472945590,3.9951
396,4320626777644007,4.0053
397,3905128973906066,4.0149
398,4320626777644007,4.0245
399,4239242472945590,4.0344
400,4320626777644007,4.0445
401,3905128973906066,4.054
402,4320626777644007,4.0637
403,4239242472945590,4.0737
404,4320626777644007,4.0842
405,3905128973906066,4.0941
406,4320626777644007,4.1041
407,4239242472945590,4.1142
408,4320626777644007,4.1249
409,3905128973906066,4.1348
410,4320626777644007,4.1446
411,4239242472945590,4.1548
412,4320626777644007,4.1652
413,3905128973906066,4.175
414,4320626777644007,4.1846
415,4239242472945590,4.1945
416,4320626777644007,4.2046
417,3905128973906066,4.2141
418,4320626777644007,4.2238
419,4239242472945590,4.2336
420,4320626777644007,4.2438
421,3905128973906066,4.2533
422,4320626777644007,4.2629
423,4239242472945590,4.2728
424,4320626777644007,4.283
425,3905128973906066,4.2925
426,4320626777644007,4.3021
427,4239242472945590,4.312
428,4320626777644007,4.3223
429,3905128973906066,4.3319
430,4320626777644007,4.3414
431,4239242472945590,4.3514
432,4320626777644007,4.3617
433,3905128973906066,4.3714
434,4320626777644007,4.3811
435,4239242472945590,4.3912
436,4320626777644007,4.4014
437,3905128973906066,4.4112
438,4320626777644007,4.4211
439,4239242472945590,4.4309
440,4320626777644007,4.4411
441,3905128973906066,4.451
442,4320626777644007,4.4608
443,4239242472945590,4.4707
444,4320626777644007,4.4808
445,3905128973906066,4.4904
446,4320626777644007,4.5
447,4239242472945590,4.5099
448,4320626777644007,4.5201
449,3905128973906066,4.5296
450,4320626777644007,4.5392
451,4239242472945590,4.549
452,4320626777644007,4.5594
453,3905128973906066,4.5691
454,4320626777644007,4.5788
455,4239242472945590,4.5887
456,4320626777644007,4.5989
457,3905128973906066,4.6084
458,4320626777644007,4.618
459,4239242472945590,4.6279
460,4320626777644007,4.6382
461,3905128973906066,4.6477
462,4320626777644007,4.6574
463,4239242472945590,4.6672
464,4320626777644007,4.6776
465,3905128973906066,4.6873
466,4320626777644007,4.6969
467,4239242472945590,4.7068
468,4320626777644007,4.7171
469,3905128973906066,4.7266
470,4320626777644007,4.7362
471,4239242472945590,4.746
472,4320626777644007,4.7563
473,3905128973906066,4.7658
474,4320626777644007,4.7754
475,4239242472945590,4.7853
476,4320626777644007,4.7955
477,3905128973906066,4.8052
478,4320626777644007,4.815
479,4239242472945590,4.8249
480,4320626777644007,4.8354
481,3905128973906066,4.8449
482,4320626777644007,4.8547
483,4239242472945590,4.8646
484,4320626777644007,4.8748
485,3905128973906066,4.8844
486,4320626777644007,4.894
487,4239242472945590,4.9042
488,4320626777644007,4.9146
489,3905128973906066,4.9244
490,4320626777644007,4.934
491,4239242472945590,4.944
492,4320626777644007,4.9542
493,3905128973906066,4.964
494,4320626777644007,4.9738
495,4239242472945590,4.9837
496,4320626777644007,4.994
497,3905128973906066,5.0036
498,4320626777644007,5.0131
499,4239242472945590,5.023
500,4320626777644007,5.0332
501,3905128973906066,5.0427
502,4320626777644007,5.0524
503,4239242472945590,5.0623
504,4320626777644007,5.0726
505,3905128973906066,5.0822
506,4320626777644007,5.0918
507,4239242472945590,5.1016
508,4320626777644007,5.112
509,3905128973906066,5.1218
510,4320626777644007,5.1315
511,4239242472945590,5.1414
512,4320626777644007,5.1516
513,3905128973906066,5.1613
514,4320626777644007,5.1712
515,4239242472945590,5.1813
516,4320626777644007,5.1915
517,3905128973906066,5.201
518,4320626777644007,5.2106
519,4239242472945590,5.2205
520,4320626777644007,5.2307
521,3905128973906066,5.2404
522,4320626777644007,5.25
523,4239242472945590,5.2599
524,4320626777644007,5.2702
525,3905128973906066,5.2799
526,4320626777644007,5.2897
527,4239242472945590,5.2996
528,4320626777644007,5.3099
529,3905128973906066,5.3196
530,4320626777644007,5.3293
531,4239242472945590,5.3393
532,4320626777644007,5.3495
533,3905128973906066,5.359
534,4320626777644007,5.3686
535,4239242472945590,5.3785
536,4320626777644007,5.3887
537,3905128973906066,5.3984
538,4320626777644007,5.4082
539,4239242472945590,5.4181
540,4320626777644007,5.4283
541,3905128973906066,5.4378
542,4320626777644007,5.4476
543,4239242472945590,5.4574
544,4320626777644007,5.4677
545,3905128973906066,5.4774
546,4320626777644007,5.487
547,4239242472945590,5.4968
548,4320626777644007,5.507
549,3905128973906066,5.5165
550,4320626777644007,5.5261
551,4239242472945590,5.536
552,4320626777644007,5.5463
553,3905128973906066,5.5563
554,4320626777644007,5.566
555,4239242472945590,5.5758
556,4320626777644007,5.5861
557,3905128973906066,5.5966
558,4320626777644007,5.6073
559,4239242472945590,5.6179
560,4320626777644007,5.6281
561,3905128973906066,5.6377
562,4320626777644007,5.6474
563,4239242472945590,5.6574
564,4320626777644007,5.6676
565,3905128973906066,5.6772
566,4320626777644007,5.6868
567,4239242472945590,5.6966
568,4320626777644007,5.7068
569,3905128973906066,5.7164
570,4320626777644007,5.726
571,4239242472945590,5.7359
572,4320626777644007,5.7461
573,3905128973906066,5.7558
574,4320626777644007,5.7653
575,4239242472945590,5.7752
576,4320626777644007,5.7857
577,3905128973906066,5.7956
578,4320626777644007,5.8053
579,4239242472945590,5.8152
580,4320626777644007,5.8255
581,3905128973906066,5.8351
582,4320626777644007,5.8447
583,4239242472945590,5.8546
584,4320626777644007,5.8648
585,3905128973906066,5.8743
586,4320626777644007,5.884
587,4239242472945590,5.8939
588,4320626777644007,5.9044
589,3905128973906066,5.9143
590,4320626777644007,5.924
591,4239242472945590,5.9339
592,4320626777644007,5.9441
593,3905128973906066,5.9537
594,4320626777644007,5.9633
595,4239242472945590,5.9732
596,4320626777644007,5.9834
597,3905128973906066,5.993
598,4320626777644007,6.0026
599,4239242472945590,6.0124
600,4320626777644007,6.0227
601,3905128973906066,6.0323
602,4320626777644007,6.0419
603,4239242472945590,6.0517
604,4320626777644007,6.062
605,3905128973906066,6.0716
606,4320626777644007,6.0813
607,4239242472945590,6.0911
608,4320626777644007,6.1013
609,3905128973906066,6.1108
610,4320626777644007,6.1204
611,4239242472945590,6.1303
612,4320626777644007,6.1405
613,3905128973906066,6.15
614,4320626777644007,6.1596
615,4239242472945590,6.1695
616,4320626777644007,6.1797
617,3905128973906066,6.1892
618,4320626777644007,6.1988
619,4239242472945590,6.2087
620,4320626777644007,6.2189
621,3905128973906066,6.2286
622,4320626777644007,6.2382
623,4239242472945590,6.248
624,4320626777644007,6.2583
625,3905128973906066,6.2678
626,4320626777644007,6.2774
627,4239242472945590,6.2873
628,4320626777644007,6.2975
629,3905128973906066,6.307
630,4320626777644007,6.3166
631,4239242472945590,6.3265
632,4320626777644007,6.3367
633,3905128973906066,6.3462
634,4320626777644007,6.3558
635,4239242472945590,6.3657
636,4320626777644007,6.3759
637,3905128973906066,6.3855
638,4320626777644007,6.3951
639,4239242472945590,6.4051
640,4320626777644007,6.4153
641,3905128973906066,6.425
642,4320626777644007,6.4347
643,4239242472945590,6.4445
644,4320626777644007,6.4548
645,3905128973906066,6.4646
646,4320626777644007,6.4745
647,4239242472945590,6.4843
648,4320626777644007,6.4946
649,3905128973906066,6.5041
650,4320626777644007,6.5138
651,4239242472945590,6.5236
652,4320626777644007,6.5339
653,3905128973906066,6.5434
654,4320626777644007,6.5532
655,4239242472945590,6.563
656,4320626777644007,6.5733
657,3905128973906066,6.5829
658,4320626777644007,6.5925
659,4239242472945590,6.6024
660,4320626777644007,6.6126
661,3905128973906066,6.6223
662,4320626777644007,6.632
663,4239242472945590,6.6419
664,4320626777644007,6.6521
665,3905128973906066,6.6616
666,4320626777644007,6.6712
667,4239242472945590,6.6811
668,4320626777644007,6.6913
669,3905128973906066,6.7009
670,4320626777644007,6.7105
671,4239242472945590,6.7203
672,4320626777644007,6.7306
673,3905128973906066,6.7405
674,4320626777644007,6.7501
675,4239242472945590,6.7599
676,4320626777644007,6.7701
677,3905128973906066,6.7798
678,4320626777644007,6.7894
679,4239242472945590,6.7992
680,4320626777644007,6.8095
681,3905128973906066,6.8192
682,4320626777644007,6.8289
683,4239242472945590,6.8387
684,4320626777644007,6.8489
685,3905128973906066,6.8584
686,4320626777644007,6.868
687,4239242472945590,6.8779
688,4320626777644007,6.8883
689,3905128973906066,6.8978
690,4320626777644007,6.9074
691,4239242472945590,6.9172
692,4320626777644007,6.9275
693,3905128973906066,6.9371
694,4320626777644007,6.9467
695,4239242472945590,6.9566
696,4320626777644007,6.9668
697,3905128973906066,6.9763
698,4320626777644007,6.986
699,4239242472945590,6.9959
700,4320626777644007,7.0062
701,3905128973906066,7.0159
702,4320626777644007,7.0255
703,4239242472945590,7.0353
704,4320626777644007,7.0456
705,3905128973906066,7.0552
706,4320626777644007,7.0648
707,4239242472945590,7.0747
708,4320626777644007,7.0851
709,3905128973906066,7.0946
710,4320626777644007,7.1043
711,4239242472945590,7.1141
712,4320626777644007,7.1243
713,3905128973906066,7.1339
714,4320626777644007,7.1436
715,4239242472945590,7.1534
716,4320626777644007,7.1637
717,3905128973906066,7.1733
718,4320626777644007,7.1829
719,4239242472945590,7.1928
720,4320626777644007,7.203
721,3905128973906066,7.2127
722,4320626777644007,7.2223
723,4239242472945590,7.2322
724,4320626777644007,7.2424
725,3905128973906066,7.2521
726,4320626777644007,7.262
727,4239242472945590,7.2719
728,4320626777644007,7.2821
729,3905128973906066,7.2917
730,4320626777644007,7.3013
731,4239242472945590,7.3111
732,4320626777644007,7.3214
733,3905128973906066,7.3311
734,4320626777644007,7.3407
735,4239242472945590,7.3506
736,4320626777644007,7.3608
737,3905128973906066,7.3704
738,4320626777644007,7.38
739,4239242472945590,7.3898
740,4320626777644007,7.4
741,3905128973906066,7.4097
742,4320626777644007,7.4193
743,4239242472945590,7.4291
744,4320626777644007,7.4395
745,3905128973906066,7.4491
746,4320626777644007,7.4587
747,4239242472945590,7.4686
748,4320626777644007,7.479
749,3905128973906066,7.4885
750,4320626777644007,7.4982
751,4239242472945590,7.508
752,4320626777644007,7.5182
753,3905128973906066,7.5277
754,4320626777644007,7.5373
755,4239242472945590,7.5471
756,4320626777644007,7.5574
757,3905128973906066,7.567
758,4320626777644007,7.5765
759,4239242472945590,7.5864
760,4320626777644007,7.5966
761,3905128973906066,7.6062
762,4320626777644007,7.6158
763,4239242472945590,7.6256
764,4320626777644007,7.6359
765,3905128973906066,7.6454
766,4320626777644007,7.6551
767,4239242472945590,7.665
768,4320626777644007,7.6753
769,3905128973906066,7.6848
770,4320626777644007,7.6945
771,4239242472945590,7.7043
772,4320626777644007,7.7145
773,3905128973906066,7.7242
774,4320626777644007,7.7341
775,4239242472945590,7.7468
776,4320626777644007,7.757
777,3905128973906066,7.7668
778,4320626777644007,7.7766
779,4239242472945590,7.7864
780,4320626777644007,7.7966
781,3905128973906066,7.8062
782,4320626777644007,7.8157
783,4239242472945590,7.8257
784,4320626777644007,7.8359
785,3905128973906066,7.8455
786,4320626777644007,7.8551
787,4239242472945590,7.8649
788,4320626777644007,7.8751
789,3905128973906066,7.8848
790,4320626777644007,7.8944
791,4239242472945590,7.9047
792,4320626777644007,7.9149
793,3905128973906066,7.9245
794,4320626777644007,7.9342
795,4239242472945590,7.944
796,4320626777644007,7.9542
797,3905128973906066,7.9637
798,4320626777644007,7.9733
799,4239242472945590,7.9832
800,4320626777644007,7.9934
801,3905128973906066,8.0029
802,4320626777644007,8.0125
803,4239242472945590,8.0224
804,4320626777644007,8.0326
805,3905128973906066,8.0422
806,4320626777644007,8.0518
807,4239242472945590,8.0617
808,4320626777644007,8.0719
809,3905128973906066,8.0814
810,4320626777644007,8.091
811,4239242472945590,8.1009
812,4320626777644007,8.1111
813,3905128973906066,8.1208
814,4320626777644007,8.1306
815,4239242472945590,8.1405
816,4320626777644007,8.1508
817,3905128973906066,8.1605
818,4320626777644007,8.1703
819,4239242472945590,8.1802
820,4320626777644007,8.1904
821,3905128973906066,8.1999
822,4320626777644007,8.2095
823,4239242472945590,8.2193
824,4320626777644007,8.2296
825,3905128973906066,8.2391
826,4320626777644007,8.2489
827,4239242472945590,8.2588
828,4320626777644007,8.269
829,3905128973906066,8.2788
830,4320626777644007,8.2884
831,4239242472945590,8.2983
832,4320626777644007,8.3085
833,3905128973906066,8.3184
834,4320626777644007,8.3282
835,4239242472945590,8.338
836,4320626777644007,8.3482
837,3905128973906066,8.3579
838,4320626777644007,8.3677
839,4239242472945590,8.3776
840,4320626777644007,8.3879
841,3905128973906066,8.3975
842,4320626777644007,8.407
843,4239242472945590,8.417
844,4320626777644007,8.4272
845,3905128973906066,8.4367
846,4320626777644007,8.4464
847,4239242472945590,8.4563
848,4320626777644007,8.4665
849,3905128973906066,8.4761
850,4320626777644007,8.4857
851,4239242472945590,8.4956
852,4320626777644007,8.5057
853,3905128973906066,8.5152
854,4320626777644007,8.5248
855,4239242472945590,8.5347
856,4320626777644007,8.5449
857,3905128973906066,8.5545
858,4320626777644007,8.5641
859,4239242472945590,8.5739
860,4320626777644007,8.5841
861,3905128973906066,8.5945
862,4320626777644007,8.6053
863,4239242472945590,8.616
864,4320626777644007,8.6264
865,3905128973906066,8.636
866,4320626777644007,8.6457
867,4239242472945590,8.6556
868,4320626777644007,8.6659
869,3905128973906066,8.6754
870,4320626777644007,8.6851
871,4239242472945590,8.6949
872,4320626777644007,8.7052
873,3905128973906066,8.7147
874,4320626777644007,8.7243
875,4239242472945590,8.7341
876,4320626777644007,8.7443
877,3905128973906066,8.7538
878,4320626777644007,8.7634
879,4239242472945590,8.7732
880,4320626777644007,8.7834
881,3905128973906066,8.7929
882,4320626777644007,8.8025
883,4239242472945590,8.8123
884,4320626777644007,8.8225
885,3905128973906066,8.8322
886,4320626777644007,8.8418
887,4239242472945590,8.8517
888,4320626777644007,8.8621
889,3905128973906066,8.8716
890,4320626777644007,8.8813
891,4239242472945590,8.8911
892,4320626777644007,8.9012
893,3905128973906066,8.9108
894,4320626777644007,8.9204
895,4239242472945590,8.9303
896,4320626777644007,8.9405
897,3905128973906066,8.9501
898,4320626777644007,8.9597
899,4239242472945590,8.9695
900,4320626777644007,8.98
901,3905128973906066,8.9896
902,4320626777644007,8.9991
903,4239242472945590,9.009
904,4320626777644007,9.0192
905,3905128973906066,9.0289
906,4320626777644007,9.0386
907,4239242472945590,9.0484
908,4320626777644007,9.0587
909,3905128973906066,9.0682
910,4320626777644007,9.0778
911,4239242472945590,9.0877
912,4320626777644007,9.098
913,3905128973906066,9.1075
914,4320626777644007,9.1171
915,4239242472945590,9.1269
916,4320626777644007,9.1372
917,3905128973906066,9.1467
918,4320626777644007,9.1563
919,4239242472945590,9.1662
920,4320626777644007,9.1765
921,3905128973906066,9.1862
922,4320626777644007,9.1959
923,4239242472945590,9.2057
924,4320626777644007,9.2159
925,3905128973906066,9.2254
926,4320626777644007,9.235
927,4239242472945590,9.2448
928,4320626777644007,9.2549
929,3905128973906066,9.2644
930,4320626777644007,9.274
931,4239242472945590,9.2839
932,4320626777644007,9.294
933,3905128973906066,9.3036
934,4320626777644007,9.3132
935,4239242472945590,9.3231
936,4320626777644007,9.3333
937,3905128973906066,9.343
938,4320626777644007,9.3527
939,4239242472945590,9.3625
940,4320626777644007,9.3727
941,3905128973906066,9.3822
942,4320626777644007,9.3918
943,4239242472945590,9.4016
944,4320626777644007,9.4118
945,3905128973906066,9.4213
946,4320626777644007,9.4309
947,4239242472945590,9.4407
948,4320626777644007,9.4509
949,3905128973906066,9.4604
950,4320626777644007,9.47
951,4239242472945590,9.4799
952,4320626777644007,9.4901
953,3905128973906066,9.4996
954,4320626777644007,9.5092
955,4239242472945590,9.519
956,4320626777644007,9.5294
957,3905128973906066,9.539
958,4320626777644007,9.5487
959,4239242472945590,9.5587
960,4320626777644007,9.5689
961,3905128973906066,9.5787
962,4320626777644007,9.5883
963,4239242472945590,9.5981
964,4320626777644007,9.6083
965,3905128973906066,9.6181
966,4320626777644007,9.6279
967,4239242472945590,9.6377
968,4320626777644007,9.6479
969,3905128973906066,9.6575
970,4320626777644007,9.6671
971,4239242472945590,9.6769
972,4320626777644007,9.6871
973,3905128973906066,9.6969
974,4320626777644007,9.7067
975,4239242472945590,9.7165
976,4320626777644007,9.7267
977,3905128973906066,9.7363
978,4320626777644007,9.7461
979,4239242472945590,9.7559
980,4320626777644007,9.766
981,3905128973906066,9.7756
982,4320626777644007,9.7852
983,4239242472945590,9.795
984,4320626777644007,9.8052
985,3905128973906066,9.8147
986,4320626777644007,9.8243
987,4239242472945590,9.8342
988,4320626777644007,9.8444
989,3905128973906066,9.8541
990,4320626777644007,9.8639
991,4239242472945590,9.8737
992,4320626777644007,9.8841
993,3905128973906066,9.8937
994,4320626777644007,9.9034
995,4239242472945590,9.9133
996,4320626777644007,9.9237
997,3905128973906066,9.9334
998,4320626777644007,9.943
999,4239242472945590,9.9529
1000,4320626777644007,9.9631
1001,3905128973906066,9.9726
1002,4320626777644007,9.9822
1003,4239242472945590,9.9921
1004,4320626777644007,10.0023
1005,3905128973906066,10.0119
1006,4320626777644007,10.0215
1007,4239242472945590,10.0313
1008,4320626777644007,10.0416
1009,3905128973906066,10.0511
1010,4320626777644007,10.0608
1011,4239242472945590,10.0706
1012,4320626777644007,10.0809
1013,3905128973906066,10.0904
1014,4320626777644007,10.1
1015,4239242472945590,10.1099
1016,4320626777644007,10.1201
1017,3905128973906066,10.1296
1018,4320626777644007,10.1393
1019,4239242472945590,10.1491
1020,4320626777644007,10.1593
1021,3905128973906066,10.1688
1022,4320626777644007,10.1784
1023,4239242472945590,10.1882
1024,4320626777644007,10.1985
1025,3905128973906066,10.2082
1026,4320626777644007,10.218
1027,4239242472945590,10.2279
1028,4320626777644007,10.2381
1029,3905128973906066,10.2479
1030,4320626777644007,10.2577
1031,4239242472945590,10.2676
1032,4320626777644007,10.2779
1033,3905128973906066,10.2876
1034,4320626777644007,10.2975
1035,4239242472945590,10.3073
1036,4320626777644007,10.3177
1037,3905128973906066,10.3274
1038,4320626777644007,10.3371
1039,4239242472945590,10.3469
1040,4320626777644007,10.3571
1041,3905128973906066,10.3666
1042,4320626777644007,10.3762
1043,4239242472945590,10.3861
1044,4320626777644007,10.3962
1045,3905128973906066,10.4057
1046,4320626777644007,10.4153
1047,4239242472945590,10.4252
1048,4320626777644007,10.4354
1049,3905128973906066,10.445
1050,4320626777644007,10.4547
1051,4239242472945590,10.4645
1052,4320626777644007,10.4747
1053,3905128973906066,10.4845
1054,4320626777644007,10.4942
1055,4239242472945590,10.5041
1056,4320626777644007,10.5144
1057,3905128973906066,10.5241
1058,4320626777644007,10.5339
1059,4239242472945590,10.5437
1060,4320626777644007,10.554
1061,3905128973906066,10.5635
1062,4320626777644007,10.5731
1063,4239242472945590,10.583
1064,4320626777644007,10.5932
1065,3905128973906066,10.6029
1066,4320626777644007,10.6127
1067,4239242472945590,10.6225
1068,4320626777644007,10.6327
1069,3905128973906066,10.6424
1070,4320626777644007,10.6523
1071,4239242472945590,10.6621
1072,4320626777644007,10.6723
1073,3905128973906066,10.6819
1074,4320626777644007,10.6916
1075,4239242472945590,10.7014
1076,4320626777644007,10.7116
1077,3905128973906066,10.7214
1078,4320626777644007,10.7312
1079,4239242472945590,10.741
1080,4320626777644007,10.7514
1081,3905128973906066,10.7611
1082,4320626777644007,10.771
1083,4239242472945590,10.7808
1084,4320626777644007,10.791
1085,3905128973906066,10.8007
1086,4320626777644007,10.8103
1087,4239242472945590,10.8201
1088,4320626777644007,10.8303
1089,3905128973906066,10.8399
1090,4320626777644007,10.8495
1091,4239242472945590,10.8594
1092,4320626777644007,10.8696
1093,3905128973906066,10.8793
1094,4320626777644007,10.889
1095,4239242472945590,10.8988
1096,4320626777644007,10.9092
1097,3905128973906066,10.9187
1098,4320626777644007,10.9283
1099,4239242472945590,10.9381
1100,4320626777644007,10.9483
1101,3905128973906066,10.9578
1102,4320626777644007,10.9674
1103,4239242472945590,10.9773
1104,4320626777644007,10.9875
1105,3905128973906066,10.997
1106,4320626777644007,11.0066
1107,4239242472945590,11.0165
1108,4320626777644007,11.0267
1109,3905128973906066,11.0363
1110,4320626777644007,11.046
1111,4239242472945590,11.0558
1112,4320626777644007,11.066
1113,3905128973906066,11.0758
1114,4320626777644007,11.0857
1115,4239242472945590,11.0955
1116,4320626777644007,11.1058
1117,3905128973906066,11.1153
1118,4320626777644007,11.1249
1119,4239242472945590,11.1347
1120,4320626777644007,11.1449
1121,3905128973906066,11.1544
1122,4320626777644007,11.164
1123,4239242472945590,11.1738
1124,4320626777644007,11.184
1125,3905128973906066,11.1936
1126,4320626777644007,11.2032
1127,4239242472945590,11.213
1128,4320626777644007,11.2233
1129,3905128973906066,11.233
1130,4320626777644007,11.2426
1131,4239242472945590,11.2524
1132,4320626777644007,11.2626
1133,3905128973906066,11.2721
1134,4320626777644007,11.2817
1135,4239242472945590,11.2915
1136,4320626777644007,11.3016
1137,3905128973906066,11.3111
1138,4320626777644007,11.3207
1139,4239242472945590,11.3306
1140,4320626777644007,11.3409
1141,3905128973906066,11.3504
1142,4320626777644007,11.36
1143,4239242472945590,11.3698
1144,4320626777644007,11.38
1145,3905128973906066,11.3895
1146,4320626777644007,11.3991
1147,4239242472945590,11.409
1148,4320626777644007,11.4192
1149,3905128973906066,11.429
1150,4320626777644007,11.4387
1151,4239242472945590,11.4486
1152,4320626777644007,11.4588
1153,3905128973906066,11.4684
1154,4320626777644007,11.478
1155,4239242472945590,11.4878
1156,4320626777644007,11.498
1157,3905128973906066,11.5076
1158,4320626777644007,11.5172
1159,4239242472945590,11.527
1160,4320626777644007,11.5372
1161,3905128973906066,11.5467
1162,4320626777644007,11.5564
1163,4239242472945590,11.5663
1164,4320626777644007,11.5765
1165,3905128973906066,11.5861
1166,4320626777644007,11.5967
1167,4239242472945590,11.6077
1168,4320626777644007,11.6184
1169,3905128973906066,11.6281
1170,4320626777644007,11.6379
1171,4239242472945590,11.6477
1172,4320626777644007,11.6579
1173,3905128973906066,11.6674
1174,4320626777644007,11.677
1175,4239242472945590,11.6869
1176,4320626777644007,11.6971
1177,3905128973906066,11.7066
1178,4320626777644007,11.7162
1179,4239242472945590,11.7261
1180,4320626777644007,11.7363
1181,3905128973906066,11.7458
1182,4320626777644007,11.7554
1183,4239242472945590,11.7653
1184,4320626777644007,11.7755
1185,3905128973906066,11.7852
1186,4320626777644007,11.7949
1187,4239242472945590,11.8047
1188,4320626777644007,11.8149
1189,3905128973906066,11.8244
1190,4320626777644007,11.834
1191,4239242472945590,11.8439
1192,4320626777644007,11.8541
1193,3905128973906066,11.8639
1194,4320626777644007,11.8735
1195,4239242472945590,11.8834
1196,4320626777644007,11.8936
1197,3905128973906066,11.9032
1198,4320626777644007,11.9129
1199,4239242472945590,11.9228
1200,4320626777644007,11.9331
1201,3905128973906066,11.9426
1202,4320626777644007,11.9523
1203,4239242472945590,11.9622
1204,4320626777644007,11.9724
1205,3905128973906066,11.9819
1206,4320626777644007,11.9915
1207,4239242472945590,12.0014
1208,4320626777644007,12.0116
1209,3905128973906066,12.0211
1210,4320626777644007,12.0307
1211,4239242472945590,12.0406
1212,4320626777644007,12.0508
1213,3905128973906066,12.0606
1214,4320626777644007,12.0702
1215,4239242472945590,12.0801
1216,4320626777644007,12.0903
1217,3905128973906066,12.0999
1218,4320626777644007,12.1095
1219,4239242472945590,12.1193
1220,4320626777644007,12.1295
1221,3905128973906066,12.1391
1222,4320626777644007,12.1489
1223,4239242472945590,12.1587
1224,4320626777644007,12.169
1225,3905128973906066,12.1784
1226,4320626777644007,12.1882
1227,4239242472945590,12.198
1228,4320626777644007,12.2082
1229,3905128973906066,12.2177
1230,4320626777644007,12.2273
1231,4239242472945590,12.2371
1232,4320626777644007,12.2474
1233,3905128973906066,12.2571
1234,4320626777644007,12.2667
1235,4239242472945590,12.2766
1236,4320626777644007,12.2868
1237,3905128973906066,12.2964
1238,4320626777644007,12.306
1239,4239242472945590,12.3159
1240,4320626777644007,12.3261
1241,3905128973906066,12.3358
1242,4320626777644007,12.3455
1243,4239242472945590,12.3553
1244,4320626777644007,12.3655
1245,3905128973906066,12.375
1246,4320626777644007,12.3846
1247,4239242472945590,12.3945
1248,4320626777644007,12.4048
1249,3905128973906066,12.4143
1250,4320626777644007,12.4239
1251,4239242472945590,12.4337
1252,4320626777644007,12.4439
1253,3905128973906066,12.4535
1254,4320626777644007,12.4631
1255,4239242472945590,12.4729
1256,4320626777644007,12.4831
1257,3905128973906066,12.4927
1258,4320626777644007,12.5023
1259,4239242472945590,12.5122
1260,4320626777644007,12.5224
1261,3905128973906066,12.5321
1262,4320626777644007,12.5418
1263,4239242472945590,12.5517
1264,4320626777644007,12.5619
1265,3905128973906066,12.5715
1266,4320626777644007,12.5811
1267,4239242472945590,12.5909
1268,4320626777644007,12.6014
1269,3905128973906066,12.6109
1270,4320626777644007,12.6205
1271,4239242472945590,12.6303
1272,4320626777644007,12.6406
1273,3905128973906066,12.6502
1274,4320626777644007,12.6598
1275,4239242472945590,12.6697
1276,4320626777644007,12.6799
1277,3905128973906066,12.6896
1278,4320626777644007,12.6992
1279,4239242472945590,12.7091
1280,4320626777644007,12.7194
1281,3905128973906066,12.729
1282,4320626777644007,12.7386
1283,4239242472945590,12.7484
1284,4320626777644007,12.7586
1285,3905128973906066,12.7681
1286,4320626777644007,12.7777
1287,4239242472945590,12.7875
1288,4320626777644007,12.7977
1289,3905128973906066,12.8072
1290,4320626777644007,12.8168
1291,4239242472945590,12.8267
1292,4320626777644007,12.8369
1293,3905128973906066,12.8464
1294,4320626777644007,12.856
1295,4239242472945590,12.8659
1296,4320626777644007,12.8762
1297,3905128973906066,12.8859
1298,4320626777644007,12.8955
1299,4239242472945590,12.9054
1300,4320626777644007,12.9156
1301,3905128973906066,12.9252
1302,4320626777644007,12.9348
1303,4239242472945590,12.9448
1304,4320626777644007,12.955
1305,3905128973906066,12.9645
1306,4320626777644007,12.9741
1307,4239242472945590,12.984
1308,4320626777644007,12.9942
1309,3905128973906066,13.0037
1310,4320626777644007,13.0133
1311,4239242472945590,13.0231
1312,4320626777644007,13.0333
1313,3905128973906066,13.0429
1314,4320626777644007,13.0525
1315,4239242472945590,13.0624
1316,4320626777644007,13.0726
1317,3905128973906066,13.0823
1318,4320626777644007,13.092
1319,4239242472945590,13.1018
1320,4320626777644007,13.112
1321,3905128973906066,13.1216
1322,4320626777644007,13.1312
1323,4239242472945590,13.141
1324,4320626777644007,13.1512
1325,3905128973906066,13.1608
1326,4320626777644007,13.1704
1327,4239242472945590,13.1802
1328,4320626777644007,13.1904
1329,3905128973906066,13.1999
1330,4320626777644007,13.2095
1331,4239242472945590,13.2193
1332,4320626777644007,13.2296
1333,3905128973906066,13.2392
1334,4320626777644007,13.249
1335,4239242472945590,13.2588
1336,4320626777644007,13.269
1337,3905128973906066,13.2785
1338,4320626777644007,13.2881
1339,4239242472945590,13.2979
1340,4320626777644007,13.3081
1341,3905128973906066,13.3176
1342,4320626777644007,13.3272
1343,4239242472945590,13.3371
1344,4320626777644007,13.3473
1345,3905128973906066,13.3569
1346,4320626777644007,13.3665
1347,4239242472945590,13.3763
1348,4320626777644007,13.3866
1349,3905128973906066,13.3961
1350,4320626777644007,13.4057
1351,4239242472945590,13.4155
1352,4320626777644007,13.4257
1353,3905128973906066,13.4355
1354,4320626777644007,13.4452
1355,4239242472945590,13.455
1356,4320626777644007,13.4652
1357,3905128973906066,13.4748
1358,4320626777644007,13.4844
1359,4239242472945590,13.4942
1360,4320626777644007,13.5044
1361,3905128973906066,13.514
1362,4320626777644007,13.5236
1363,4239242472945590,13.5335
1364,4320626777644007,13.5437
1365,3905128973906066,13.5533
1366,4320626777644007,13.5629
1367,4239242472945590,13.5728
1368,4320626777644007,13.583
1369,3905128973906066,13.5925
1370,4320626777644007,13.6021
1371,4239242472945590,13.612
1372,4320626777644007,13.6223
1373,3905128973906066,13.632
1374,4320626777644007,13.6417
1375,4239242472945590,13.6515
1376,4320626777644007,13.6617
1377,3905128973906066,13.6713
1378,4320626777644007,13.6809
1379,4239242472945590,13.6907
1380,4320626777644007,13.7009
1381,3905128973906066,13.7104
1382,4320626777644007,13.7201
1383,4239242472945590,13.7299
1384,4320626777644007,13.74
1385,3905128973906066,13.7496
1386,4320626777644007,13.7592
1387,4239242472945590,13.769
1388,4320626777644007,13.7792
1389,3905128973906066,13.7889
1390,4320626777644007,13.7985
1391,4239242472945590,13.8083
1392,4320626777644007,13.8185
1393,3905128973906066,13.828
1394,4320626777644007,13.8378
1395,4239242472945590,13.8476
1396,4320626777644007,13.8578
1397,3905128973906066,13.8673
1398,4320626777644007,13.8769
1399,4239242472945590,13.8868
1400,4320626777644007,13.8971
1401,3905128973906066,13.907
1402,4320626777644007,13.9166
1403,4239242472945590,13.9266
1404,4320626777644007,13.9369
1405,3905128973906066,13.9464
1406,4320626777644007,13.956
1407,4239242472945590,13.9659
1408,4320626777644007,13.9761
1409,3905128973906066,13.9859
1410,4320626777644007,13.9955
1411,4239242472945590,14.0054
1412,4320626777644007,14.0156
1413,3905128973906066,14.0251
1414,4320626777644007,14.0347
1415,4239242472945590,14.0445
1416,4320626777644007,14.0549
1417,3905128973906066,14.0644
1418,4320626777644007,14.074
1419,4239242472945590,14.0839
1420,4320626777644007,14.0942
1421,3905128973906066,14.1037
1422,4320626777644007,14.1133
1423,4239242472945590,14.1232
1424,4320626777644007,14.1334
1425,3905128973906066,14.143
1426,4320626777644007,14.1527
1427,4239242472945590,14.1625
1428,4320626777644007,14.1728
1429,3905128973906066,14.1826
1430,4320626777644007,14.1922
1431,4239242472945590,14.2021
1432,4320626777644007,14.2124
1433,3905128973906066,14.222
1434,4320626777644007,14.2315
1435,4239242472945590,14.2414
1436,4320626777644007,14.2517
1437,3905128973906066,14.2613
1438,4320626777644007,14.2709
1439,4239242472945590,14.2808
1440,4320626777644007,14.2911
1441,3905128973906066,14.3007
1442,4320626777644007,14.3103
1443,4239242472945590,14.3202
1444,4320626777644007,14.3304
1445,3905128973906066,14.3401
1446,4320626777644007,14.3497
1447,4239242472945590,14.3595
1448,4320626777644007,14.3697
1449,3905128973906066,14.3792
1450,4320626777644007,14.3888
1451,4239242472945590,14.3987
1452,4320626777644007,14.4089
1453,3905128973906066,14.4184
1454,4320626777644007,14.428
1455,4239242472945590,14.4379
1456,4320626777644007,14.4481
1457,3905128973906066,14.4577
1458,4320626777644007,14.4673
1459,4239242472945590,14.4771
1460,4320626777644007,14.4874
1461,3905128973906066,14.4969
1462,4320626777644007,14.5065
1463,4239242472945590,14.5164
1464,4320626777644007,14.5267
1465,3905128973906066,14.5365
1466,4320626777644007,14.5461
1467,4239242472945590,14.5562
1468,4320626777644007,14.5665
1469,3905128973906066,14.576
1470,4320626777644007,14.5856
1471,4239242472945590,14.5964
1472,4320626777644007,14.6076
1473,3905128973906066,14.6182
1474,4320626777644007,14.6296
1475,4239242472945590,14.6395
1476,4320626777644007,14.6497
1477,3905128973906066,14.6592
1478,4320626777644007,14.6689
1479,4239242472945590,14.6787
1480,4320626777644007,14.6889
1481,3905128973906066,14.6985
1482,4320626777644007,14.7081
1483,4239242472945590,14.7179
1484,4320626777644007,14.7281
1485,3905128973906066,14.7379
1486,4320626777644007,14.7475
1487,4239242472945590,14.7574
1488,4320626777644007,14.7677
1489,3905128973906066,14.7774
1490,4320626777644007,14.7871
1491,4239242472945590,14.7969
1492,4320626777644007,14.8071
1493,3905128973906066,14.8166
1494,4320626777644007,14.8262
1495,4239242472945590,14.8361
1496,4320626777644007,14.8464
1497,3905128973906066,14.856
1498,4320626777644007,14.8656
1499,4239242472945590,14.8755
1500,4320626777644007,14.8858
1501,3905128973906066,14.8953
1502,4320626777644007,14.905
1503,4239242472945590,14.9148
1504,4320626777644007,14.925
1505,3905128973906066,14.9348
1506,4320626777644007,14.9445
1507,4239242472945590,14.9543
1508,4320626777644007,14.9646
1509,3905128973906066,14.9743
1510,4320626777644007,14.9839
1511,4239242472945590,14.9938
1512,4320626777644007,15.0041
1513,3905128973906066,15.0136
1514,4320626777644007,15.0232
1515,4239242472945590,15.033
1516,4320626777644007,15.0433
1517,3905128973906066,15.0528
1518,4320626777644007,15.0624
1519,4239242472945590,15.0724
1520,4320626777644007,15.0828
1521,3905128973906066,15.0924
1522,4320626777644007,15.1021
1523,4239242472945590,15.112
1524,4320626777644007,15.1222
1525,3905128973906066,15.1317
1526,4320626777644007,15.1413
1527,4239242472945590,15.1512
1528,4320626777644007,15.1614
1529,3905128973906066,15.1712
1530,4320626777644007,15.181
1531,4239242472945590,15.1909
1532,4320626777644007,15.2011
1533,3905128973906066,15.2108
1534,4320626777644007,15.2206
1535,4239242472945590,15.2305
1536,4320626777644007,15.2408
1537,3905128973906066,15.2504
1538,4320626777644007,15.26
1539,4239242472945590,15.2699
1540,4320626777644007,15.2802
1541,3905128973906066,15.2899
1542,4320626777644007,15.2997
1543,4239242472945590,15.3096
1544,4320626777644007,15.3198
1545,3905128973906066,15.3296
1546,4320626777644007,15.3394
1547,4239242472945590,15.3492
1548,4320626777644007,15.3595
1549,3905128973906066,15.3691
1550,4320626777644007,15.3787
1551,4239242472945590,15.3886
1552,4320626777644007,15.3989
1553,3905128973906066,15.4084
1554,4320626777644007,15.418
1555,4239242472945590,15.4279
1556,4320626777644007,15.4381
1557,3905128973906066,15.4479
1558,4320626777644007,15.4578
1559,4239242472945590,15.4676
1560,4320626777644007,15.4779
1561,3905128973906066,15.4876
1562,4320626777644007,15.4973
1563,4239242472945590,15.5071
1564,4320626777644007,15.5174
1565,3905128973906066,15.5271
1566,4320626777644007,15.5369
1567,4239242472945590,15.5469
1568,4320626777644007,15.5572
1569,3905128973906066,15.5667
1570,4320626777644007,15.5763
1571,4239242472945590,15.5862
1572,4320626777644007,15.5965
1573,3905128973906066,15.606
1574,4320626777644007,15.6156
1575,4239242472945590,15.6254
1576,4320626777644007,15.6357
1577,3905128973906066,15.6453
1578,4320626777644007,15.655
1579,4239242472945590,15.6649
1580,4320626777644007,15.6751
1581,3905128973906066,15.6846
1582,4320626777644007,15.6943
1583,4239242472945590,15.7041
1584,4320626777644007,15.7144
1585,3905128973906066,15.7239
1586,4320626777644007,15.7335
1587,4239242472945590,15.7433
1588,4320626777644007,15.7536
1589,3905128973906066,15.7632
1590,4320626777644007,15.7728
1591,4239242472945590,15.7827
1592,4320626777644007,15.7929
1593,3905128973906066,15.8025
1594,4320626777644007,15.8121
1595,4239242472945590,15.8219
1596,4320626777644007,15.8323
1597,3905128973906066,15.842
1598,4320626777644007,15.8517
1599,4239242472945590,15.8614
1600,4320626777644007,15.8716
1601,3905128973906066,15.8811
1602,4320626777644007,15.8907
1603,4239242472945590,15.9006
1604,4320626777644007,15.9109
1605,3905128973906066,15.9205
1606,4320626777644007,15.9301
1607,4239242472945590,15.94
1608,4320626777644007,15.9502
1609,3905128973906066,15.9597
1610,4320626777644007,15.9693
1611,4239242472945590,15.9791
1612,4320626777644007,15.9893
1613,3905128973906066,15.9988
1614,4320626777644007,16.0084
1615,4239242472945590,16.0182
1616,4320626777644007,16.0283
1617,3905128973906066,16.0379
1618,4320626777644007,16.0476
1619,4239242472945590,16.0575
1620,4320626777644007,16.0676
1621,3905128973906066,16.0771
1622,4320626777644007,16.0867
1623,4239242472945590,16.0965
1624,4320626777644007,16.1067
1625,3905128973906066,16.1162
1626,4320626777644007,16.1258
1627,4239242472945590,16.1356
1628,4320626777644007,16.1458
1629,3905128973906066,16.1553
1630,4320626777644007,16.1649
1631,4239242472945590,16.1747
1632,4320626777644007,16.1849
1633,3905128973906066,16.1947
1634,4320626777644007,16.2043
1635,4239242472945590,16.2141
1636,4320626777644007,16.2242
1637,3905128973906066,16.2337
1638,4320626777644007,16.2434
1639,4239242472945590,16.2532
1640,4320626777644007,16.2634
1641,3905128973906066,16.2729
1642,4320626777644007,16.2825
1643,4239242472945590,16.2923
1644,4320626777644007,16.3025
1645,3905128973906066,16.312
1646,4320626777644007,16.3216
1647,4239242472945590,16.3314
1648,4320626777644007,16.3415
1649,3905128973906066,16.3512
1650,4320626777644007,16.3608
1651,4239242472945590,16.3705
1652,4320626777644007,16.3808
1653,3905128973906066,16.3905
1654,4320626777644007,16.4001
1655,4239242472945590,16.4099
1656,4320626777644007,16.4201
1657,3905128973906066,16.4296
1658,4320626777644007,16.4393
1659,4239242472945590,16.4493
1660,4320626777644007,16.4596
1661,3905128973906066,16.4691
1662,4320626777644007,16.4787
1663,4239242472945590,16.4885
1664,4320626777644007,16.4989
1665,3905128973906066,16.5085
1666,4320626777644007,16.5181
1667,4239242472945590,16.528
1668,4320626777644007,16.5382
1669,3905128973906066,16.5477
1670,4320626777644007,16.5575
1671,4239242472945590,16.5672
1672,4320626777644007,16.5774
1673,3905128973906066,16.5869
1674,4320626777644007,16.5965
1675,4239242472945590,16.6063
1676,4320626777644007,16.6164
1677,3905128973906066,16.626
1678,4320626777644007,16.6356
1679,4239242472945590,16.6454
1680,4320626777644007,16.6556
1681,3905128973906066,16.6651
1682,4320626777644007,16.6747
1683,4239242472945590,16.6845
1684,4320626777644007,16.6949
1685,3905128973906066,16.7044
1686,4320626777644007,16.7141
1687,4239242472945590,16.724
1688,4320626777644007,16.7341
1689,3905128973906066,16.7437
1690,4320626777644007,16.7534
1691,4239242472945590,16.7632
1692,4320626777644007,16.7733
1693,3905128973906066,16.7828
1694,4320626777644007,16.7925
1695,4239242472945590,16.8023
1696,4320626777644007,16.8124
1697,3905128973906066,16.8219
1698,4320626777644007,16.8315
1699,4239242472945590,16.8418
1700,4320626777644007,16.8522
1701,3905128973906066,16.8617
1702,4320626777644007,16.8713
1703,4239242472945590,16.8815
1704,4320626777644007,16.892
1705,3905128973906066,16.9017
1706,4320626777644007,16.9114
1707,4239242472945590,16.9216
1708,4320626777644007,16.9322
1709,3905128973906066,16.9419
1710,4320626777644007,16.9516
1711,4239242472945590,16.9617
1712,4320626777644007,16.9722
1713,3905128973906066,16.982
1714,4320626777644007,16.9918
1715,4239242472945590,17.0019
1716,4320626777644007,17.0124
1717,3905128973906066,17.022
1718,4320626777644007,17.0316
1719,4239242472945590,17.0416
1720,4320626777644007,17.0521
1721,3905128973906066,17.0616
1722,4320626777644007,17.0712
1723,4239242472945590,17.0813
1724,4320626777644007,17.0918
1725,3905128973906066,17.1013
1726,4320626777644007,17.111
1727,4239242472945590,17.1211
1728,4320626777644007,17.1316
1729,3905128973906066,17.1413
1730,4320626777644007,17.151
1731,4239242472945590,17.1611
1732,4320626777644007,17.1715
1733,3905128973906066,17.1812
1734,4320626777644007,17.1911
1735,4239242472945590,17.2012
1736,4320626777644007,17.2114
1737,3905128973906066,17.221
1738,4320626777644007,17.2306
1739,4239242472945590,17.2408
1740,4320626777644007,17.2513
1741,3905128973906066,17.2608
1742,4320626777644007,17.2704
1743,4239242472945590,17.2805
1744,4320626777644007,17.291
1745,3905128973906066,17.3005
1746,4320626777644007,17.3101
1747,4239242472945590,17.3202
1748,4320626777644007,17.3306
1749,3905128973906066,17.3404
1750,4320626777644007,17.35
1751,4239242472945590,17.3602
1752,4320626777644007,17.3707
1753,3905128973906066,17.3805
1754,4320626777644007,17.3904
1755,4239242472945590,17.4004
1756,4320626777644007,17.4109
1757,3905128973906066,17.4207
1758,4320626777644007,17.4305
1759,4239242472945590,17.4406
1760,4320626777644007,17.451
1761,3905128973906066,17.4607
1762,4320626777644007,17.4706
1763,4239242472945590,17.4806
1764,4320626777644007,17.491
1765,3905128973906066,17.5007
1766,4320626777644007,17.5103
1767,4239242472945590,17.5204
1768,4320626777644007,17.5309
1769,3905128973906066,17.5406
1770,4320626777644007,17.5505
1771,4239242472945590,17.5607
1772,4320626777644007,17.5711
1773,3905128973906066,17.5808
1774,4320626777644007,17.5911
1775,4239242472945590,17.6021
1776,4320626777644007,17.6136
1777,3905128973906066,17.6236
1778,4320626777644007,17.6337
1779,4239242472945590,17.6439
1780,4320626777644007,17.6544
1781,3905128973906066,17.6642
1782,4320626777644007,17.6738
1783,4239242472945590,17.684
1784,4320626777644007,17.6945
1785,3905128973906066,17.7041
1786,4320626777644007,17.7137
1787,4239242472945590,17.7239
1788,4320626777644007,17.7343
1789,3905128973906066,17.7441
1790,4320626777644007,17.7538
1791,4239242472945590,17.7638
1792,4320626777644007,17.7742
1793,3905128973906066,17.784
1794,4320626777644007,17.7939
1795,4239242472945590,17.804
1796,4320626777644007,17.8146
1797,3905128973906066,17.8244
1798,4320626777644007,17.8343
1799,4239242472945590,17.8444
1800,4320626777644007,17.8547
1801,3905128973906066,17.8642
1802,4320626777644007,17.8739
1803,4239242472945590,17.8837
1804,4320626777644007,17.8939
1805,3905128973906066,17.9035
1806,4320626777644007,17.9134
1807,4239242472945590,17.9234
1808,4320626777644007,17.9336
1809,3905128973906066,17.9433
1810,4320626777644007,17.9532
1811,4239242472945590,17.9631
1812,4320626777644007,17.9732
1813,3905128973906066,17.9827
1814,4320626777644007,17.9923
1815,4239242472945590,18.0022
1816,4320626777644007,18.0124
1817,3905128973906066,18.0219
1818,4320626777644007,18.0315
1819,4239242472945590,18.0415
1820,4320626777644007,18.0517
1821,3905128973906066,18.0612
1822,4320626777644007,18.0708
1823,4239242472945590,18.0806
1824,4320626777644007,18.0909
1825,3905128973906066,18.1007
1826,4320626777644007,18.1103
1827,4239242472945590,18.1201
1828,4320626777644007,18.1302
1829,3905128973906066,18.1397
1830,4320626777644007,18.1493
1831,4239242472945590,18.1592
1832,4320626777644007,18.1693
1833,3905128973906066,18.1789
1834,4320626777644007,18.1885
1835,4239242472945590,18.1983
1836,4320626777644007,18.2084
1837,3905128973906066,18.218
1838,4320626777644007,18.2276
1839,4239242472945590,18.2374
1840,4320626777644007,18.2476
1841,3905128973906066,18.2571
1842,4320626777644007,18.2667
1843,4239242472945590,18.2766
1844,4320626777644007,18.2868
1845,3905128973906066,18.2964
1846,4320626777644007,18.306
1847,4239242472945590,18.3159
1848,4320626777644007,18.3261
1849,3905128973906066,18.3357
1850,4320626777644007,18.3454
1851,4239242472945590,18.3552
1852,4320626777644007,18.3653
1853,3905128973906066,18.3749
1854,4320626777644007,18.3845
1855,4239242472945590,18.3943
1856,4320626777644007,18.4044
1857,3905128973906066,18.414
1858,4320626777644007,18.4235
1859,4239242472945590,18.4334
1860,4320626777644007,18.4436
1861,3905128973906066,18.4532
1862,4320626777644007,18.4628
1863,4239242472945590,18.4726
1864,4320626777644007,18.4828
1865,3905128973906066,18.4924
1866,4320626777644007,18.502
1867,4239242472945590,18.5119
1868,4320626777644007,18.522
1869,3905128973906066,18.5315
1870,4320626777644007,18.5411
1871,4239242472945590,18.551
1872,4320626777644007,18.5616
1873,3905128973906066,18.5713
1874,4320626777644007,18.5811
1875,4239242472945590,18.5911
1876,4320626777644007,18.6013
1877,3905128973906066,18.6108
1878,4320626777644007,18.6204
1879,4239242472945590,18.6303
1880,4320626777644007,18.6405
1881,3905128973906066,18.6501
1882,4320626777644007,18.6596
1883,4239242472945590,18.6694
1884,4320626777644007,18.6796
1885,3905128973906066,18.6891
1886,4320626777644007,18.6987
1887,4239242472945590,18.7086
1888,4320626777644007,18.7188
1889,3905128973906066,18.7283
1890,4320626777644007,18.7379
1891,4239242472945590,18.7477
1892,4320626777644007,18.7579
1893,3905128973906066,18.7675
1894,4320626777644007,18.7771
1895,4239242472945590,18.7869
1896,4320626777644007,18.7971
1897,3905128973906066,18.8067
1898,4320626777644007,18.8163
1899,4239242472945590,18.8261
1900,4320626777644007,18.8363
1901,3905128973906066,18.8458
1902,4320626777644007,18.8555
1903,4239242472945590,18.8652
1904,4320626777644007,18.8754
1905,3905128973906066,18.8849
1906,4320626777644007,18.8945
1907,4239242472945590,18.9043
1908,4320626777644007,18.9145
1909,3905128973906066,18.9241
1910,4320626777644007,18.9337
1911,4239242472945590,18.9435
1912,4320626777644007,18.9537
1913,3905128973906066,18.9632
1914,4320626777644007,18.9728
1915,4239242472945590,18.9826
1916,4320626777644007,18.9928
1917,3905128973906066,19.0025
1918,4320626777644007,19.0121
1919,4239242472945590,19.022
1920,4320626777644007,19.0321
1921,3905128973906066,19.0417
1922,4320626777644007,19.0513
1923,4239242472945590,19.0612
1924,4320626777644007,19.0714
1925,3905128973906066,19.0814
1926,4320626777644007,19.0912
1927,4239242472945590,19.1011
1928,4320626777644007,19.1114
1929,3905128973906066,19.1209
1930,4320626777644007,19.1305
1931,4239242472945590,19.1404
1932,4320626777644007,19.1505
1933,3905128973906066,19.1601
1934,4320626777644007,19.1697
1935,4239242472945590,19.1795
1936,4320626777644007,19.1896
1937,3905128973906066,19.1992
1938,4320626777644007,19.2088
1939,4239242472945590,19.2186
1940,4320626777644007,19.2288
1941,3905128973906066,19.2387
1942,4320626777644007,19.2485
1943,4239242472945590,19.2583
1944,4320626777644007,19.2685
1945,3905128973906066,19.278
1946,4320626777644007,19.2876
1947,4239242472945590,19.2974
1948,4320626777644007,19.3075
1949,3905128973906066,19.317
1950,4320626777644007,19.3266
1951,4239242472945590,19.3364
1952,4320626777644007,19.3469
1953,3905128973906066,19.3564
1954,4320626777644007,19.3661
1955,4239242472945590,19.376
1956,4320626777644007,19.3862
1957,3905128973906066,19.3959
1958,4320626777644007,19.4056
1959,4239242472945590,19.4153
1960,4320626777644007,19.4255
1961,3905128973906066,19.435
1962,4320626777644007,19.4446
1963,4239242472945590,19.4545
1964,4320626777644007,19.4646
1965,3905128973906066,19.4741
1966,4320626777644007,19.4837
1967,4239242472945590,19.4936
1968,4320626777644007,19.5038
1969,3905128973906066,19.5133
1970,4320626777644007,19.5229
1971,4239242472945590,19.5327
1972,4320626777644007,19.5429
1973,3905128973906066,19.5526
1974,4320626777644007,19.5623
1975,4239242472945590,19.5721
1976,4320626777644007,19.5823
1977,3905128973906066,19.5921
1978,4320626777644007,19.6017
1979,4239242472945590,19.6115
1980,4320626777644007,19.6216
1981,3905128973906066,19.6311
1982,4320626777644007,19.6407
1983,4239242472945590,19.6506
1984,4320626777644007,19.6608
1985,3905128973906066,19.6703
1986,4320626777644007,19.6799
1987,4239242472945590,19.6897
1988,4320626777644007,19.6999
1989,3905128973906066,19.7095
1990,4320626777644007,19.7191
1991,4239242472945590,19.729
1992,4320626777644007,19.7392
1993,3905128973906066,19.7488
1994,4320626777644007,19.7585
1995,4239242472945590,19.7682
1996,4320626777644007,19.7785
1997,3905128973906066,19.788
1998,4320626777644007,19.7977
1999,4239242472945590,19.8075
2000,4320626777644007,19.8176
2001,3905128973906066,19.8271
