1,3.123920195554327e+17,0.50385
2,2.420783615057761e+17,2.324
3,1.877604161208701e+17,2.9311
4,1.480337126818112e+17,3.3103
5,1.089083361512706e+17,3.6538
6,7.942779049738086e+16,4.0114
7,5.411692606994197e+16,4.3513
8,4.156439884000482e+16,4.6942
9,3.408842765942041e+16,5.0351
10,3.207858862619125e+16,5.3819
11,3.09461563243204e+16,5.723
12,3.083764959448967e+16,6.0632
13,3.052323409349931e+16,6.4028
14,2.993209496334916e+16,6.7457
15,2.991954422867967e+16,7.086
16,2.993209496334916e+16,7.4264
17,3.036953502398914e+16,7.7696
18,2.374742241397201e+16,8.1327
19,2.023365681797201e+16,8.4976
20,1.673945907797201e+16,8.848
21,1.349323124725196e+16,9.1987
22,1.095629926345802e+16,9.5489
23,8672736906560684,9.8998
24,7071904277925301,10.2497
25,5880355545925301,10.6022
26,4944662986076446,10.9532
27,4116614791837702,11.304
28,3348628241997956,11.663
29,2596839192287000,12.0131
30,1900387491522279,12.3647
31,1424065219440385,12.7156
32,1108465813994126,13.0668
33,848018327605630.1,13.4172
34,650164759306254,13.768
35,503171442506254.1,14.1197
36,376157821706254,14.4799
37,268728830610426.5,14.8299
38,183782325010426.5,15.201
39,151112154203477,15.5839
40,123633764956129.5,15.9354
41,97024292504254.52,16.2881
42,74737613072339.81,16.6398
43,56889978483199.41,16.9928
44,43359867248449.41,17.3416
45,36148631740911.8,17.708
46,32966047811371.4,18.0592
47,32214624426531.8,18.4108
48,31833417842531.8,18.7625
49,31455731258531.8,19.1487
50,31081564674531.8,19.5004
51,30710918090531.8,19.8527
52,30343791506531.8,20.2067
53,29980184922531.8,20.564
54,29620098338531.8,20.9155
55,29263531754531.8,21.2668
56,28910485170531.8,21.6175
57,288502766908879.6,21.9615
58,28910485170531.8,22.3045
59,288502766908879.6,22.6459
60,831208652910079.6,22.9893
61,288502766908879.6,23.3839
62,28910485170531.8,23.7371
63,11381754474737.9,24.0885
64,11100446370737.9,24.4396
65,10822658266737.9,24.7907
66,10548390162737.9,25.1434
67,10277642058737.9,25.4956
68,10010413954737.9,25.8438
69,9746705850737.9,26.196
70,9486517746737.9,26.5517
71,9229849642737.9,26.9032
72,8976701538737.9,27.2551
73,8727073434737.9,27.6567
74,8480965330737.9,28.0044
75,8238377226737.9,28.367
76,7999309122737.9,28.7491
77,7763761018737.9,29.1126
78,7531732914737.9,29.4604
79,7303224810737.9,29.8139
80,7078236706737.9,30.1661
81,6856768602737.9,30.5245
82,6638820498737.9,30.8743
83,6424392394737.9,31.2272
84,6213484290737.9,31.5815
85,6006096186737.9,31.932
86,5802228082737.9,32.2858
87,5601879978737.9,32.6408
88,5405051874737.9,32.9965
89,5211743770737.9,33.3524
90,5021955666737.9,33.7125
91,4835687562737.9,34.072
92,4652939458737.9,34.4249
93,4473711354737.9,34.7794
94,4298003250737.9,35.1341
95,4125815146737.9,35.4869
96,3957147042737.9,35.8412
97,3791998938737.9,36.1901
98,3630370834737.9,36.5449
99,3472262730737.9,36.9081
100,699923963495459,37.2727
101,3472262730737.9,37.6456
102,699923963495459,38.0094
103,1785879831635222,38.3683
104,699923963495459,38.7547
105,3472262730737.9,39.1318
106,3317674626737.9,39.508
107,3166606522737.9,39.892
108,3019058418737.9,40.2472
109,2875030314737.9,40.6118
110,2734522210737.9,40.9745
111,2597534106737.9,41.3302
112,2464066002737.9,41.6968
113,2334117898737.9,42.0666
114,2207689794737.9,42.4208
115,2084781690737.9,42.785
116,1965393586737.9,43.1399
117,1849525482737.9,43.5021
118,1737177378737.9,43.8461
119,1628349274737.9,44.254
120,1523041170737.9,44.6043
121,1421253066737.9,44.9618
122,1322984962737.9,45.3216
123,1228236858737.9,45.6907
124,1137008754737.9,46.0486
125,1049300650737.9,46.3993
126,965112546737.9,46.7468
127,884444442737.9,47.0968
128,807296338737.9,47.4466
129,733668234737.9,47.8021
130,663560130737.9,48.1499
131,596972026737.9,48.4974
132,533903922737.9,48.8444
133,474355818737.9,49.1923
134,418327714737.9,49.5402
135,365819610737.9,49.8883
136,316831506737.9,50.2379
137,271363402737.9,50.5874
138,229415298737.9,50.9357
139,190987194737.9,51.2858
140,156079090737.9,51.6408
141,124690986737.9,52.0024
142,96822882737.9,52.3704
143,96822882737.9,52.7162
144,96822882737.9,53.0671
145,259689104621085.7,53.4208
146,96822882737.9,53.7711
147,72474778737.9,54.1249
148,51646674737.9,54.4753
149,34338570737.9,54.8225
150,20550466737.9,55.1748
151,10282362737.9,55.5269
152,3534258737.9,55.8784
153,306154737.9,56.23
154,0,56.6329
