1,7.734170875738054e+16,0.055174
2,5.567228325905667e+16,0.063931
3,3.699553242513238e+16,0.072331
4,1.953168319008814e+16,0.080609
5,9789532810908728,0.089215
6,6557004776096478,0.097516
7,5185759538907080,0.10591
8,5185759538907080,0.11423
9,5861863553766594,0.12249
10,5185759538907080,0.13273
11,5185759538907080,0.1411
12,5861863553766594,0.1494
13,5185759538907080,0.15897
14,5185759538907080,0.1675
15,5861863553766594,0.17576
16,5185759538907080,0.1855
17,5185759538907080,0.19418
18,5861863553766594,0.20286
19,5185759538907080,0.21255
20,5185759538907080,0.22125
21,5861863553766594,0.22988
22,5185759538907080,0.23904
23,5185759538907080,0.24776
24,5861863553766594,0.25643
25,5185759538907080,0.2656
26,5185759538907080,0.27426
27,5861863553766594,0.28305
28,5185759538907080,0.2923
29,5185759538907080,0.30118
30,5861863553766594,0.30972
31,5185759538907080,0.31875
32,5185759538907080,0.32769
33,5861863553766594,0.33642
34,5185759538907080,0.34564
35,5185759538907080,0.35432
36,5861863553766594,0.36288
37,5185759538907080,0.37206
38,5185759538907080,0.38099
39,5861863553766594,0.38955
40,5185759538907080,0.39863
41,5185759538907080,0.40758
42,5861863553766594,0.41609
43,5185759538907080,0.42532
44,5185759538907080,0.43405
45,5861863553766594,0.4429
46,5185759538907080,0.45208
47,5185759538907080,0.46052
48,5861863553766594,0.46878
49,5185759538907080,0.47791
50,5185759538907080,0.48653
51,5861863553766594,0.49504
52,5185759538907080,0.50425
53,5185759538907080,0.51305
54,5861863553766594,0.52144
55,5185759538907080,0.53058
56,5185759538907080,0.5394
57,5861863553766594,0.5479
58,5185759538907080,0.55698
59,5185759538907080,0.56549
60,5861863553766594,0.57378
61,5185759538907080,0.583
62,5185759538907080,0.59172
63,5861863553766594,0.60003
64,5185759538907080,0.60924
65,5185759538907080,0.61773
66,5861863553766594,0.62606
67,5185759538907080,0.63524
68,5185759538907080,0.64397
69,5861863553766594,0.6523
70,5185759538907080,0.66136
71,5185759538907080,0.66995
72,5861863553766594,0.67833
73,5185759538907080,0.68739
74,5185759538907080,0.69601
75,5861863553766594,0.70434
76,5185759538907080,0.71327
77,5185759538907080,0.72183
78,5861863553766594,0.73013
79,5185759538907080,0.73923
80,5185759538907080,0.74784
81,5861863553766594,0.75645
82,5185759538907080,0.76547
83,5185759538907080,0.77396
84,5861863553766594,0.78221
85,5185759538907080,0.79129
86,5185759538907080,0.80005
87,5861863553766594,0.80867
88,5185759538907080,0.81772
89,5185759538907080,0.82628
90,5861863553766594,0.83481
91,5185759538907080,0.84386
92,5185759538907080,0.85244
93,5861863553766594,0.86095
94,5185759538907080,0.8701
95,5185759538907080,0.8789
96,5861863553766594,0.88745
97,5185759538907080,0.89665
98,5185759538907080,0.90525
99,5861863553766594,0.91376
100,5185759538907080,0.92286
101,5185759538907080,0.93143
102,5861863553766594,0.93993
103,5185759538907080,0.94914
104,5185759538907080,0.95784
105,5861863553766594,0.96633
106,5185759538907080,0.97553
107,5185759538907080,0.9843
108,5861863553766594,0.99279
109,5185759538907080,1.002
110,5185759538907080,1.0108
111,5861863553766594,1.0193
112,5185759538907080,1.0285
113,5185759538907080,1.0373
114,5861863553766594,1.046
115,5185759538907080,1.0551
116,5185759538907080,1.0639
117,5861863553766594,1.0726
118,5185759538907080,1.0817
119,5185759538907080,1.0905
120,5861863553766594,1.0992
121,5185759538907080,1.1083
122,5185759538907080,1.1173
123,5861863553766594,1.1259
124,5185759538907080,1.1353
125,5185759538907080,1.1443
126,5861863553766594,1.1527
127,5185759538907080,1.162
128,5185759538907080,1.1708
129,5861863553766594,1.1793
130,5185759538907080,1.1884
131,5185759538907080,1.197
132,5861863553766594,1.2056
133,5185759538907080,1.2148
134,5185759538907080,1.2236
135,5861863553766594,1.2321
136,5185759538907080,1.2413
137,5185759538907080,1.2501
138,5861863553766594,1.2587
139,5185759538907080,1.2679
140,5185759538907080,1.2766
141,5861863553766594,1.2851
142,5185759538907080,1.2943
143,5185759538907080,1.3032
144,5861863553766594,1.3117
145,5185759538907080,1.3209
146,5185759538907080,1.3295
147,5861863553766594,1.338
148,5185759538907080,1.3471
149,5185759538907080,1.3558
150,5861863553766594,1.3644
151,5185759538907080,1.3737
152,5185759538907080,1.3824
153,5861863553766594,1.3909
154,5185759538907080,1.4002
155,5185759538907080,1.409
156,5861863553766594,1.4175
157,5185759538907080,1.4267
158,5185759538907080,1.4356
159,5861863553766594,1.4441
160,5185759538907080,1.4532
161,5185759538907080,1.462
162,5861863553766594,1.4706
163,5185759538907080,1.4799
164,5185759538907080,1.4888
165,5861863553766594,1.4973
166,5185759538907080,1.5066
167,5185759538907080,1.5154
168,5861863553766594,1.5237
169,5185759538907080,1.5325
170,5185759538907080,1.5409
171,5861863553766594,1.5495
172,5185759538907080,1.5583
173,5185759538907080,1.5667
174,5861863553766594,1.5751
175,5185759538907080,1.5839
176,5185759538907080,1.5926
177,5861863553766594,1.6008
178,5185759538907080,1.6097
179,5185759538907080,1.6195
180,5861863553766594,1.6289
181,5185759538907080,1.6385
182,5185759538907080,1.6476
183,5861863553766594,1.6563
184,5185759538907080,1.6673
185,5185759538907080,1.6763
186,5861863553766594,1.685
187,5185759538907080,1.6939
188,5185759538907080,1.7026
189,5861863553766594,1.7109
190,5185759538907080,1.7199
191,5185759538907080,1.7287
192,5861863553766594,1.7373
193,5185759538907080,1.7462
194,5185759538907080,1.7546
195,5861863553766594,1.7629
196,5185759538907080,1.7716
197,5185759538907080,1.7802
198,5861863553766594,1.7886
199,5185759538907080,1.7975
200,5185759538907080,1.8061
201,5861863553766594,1.8144
202,5185759538907080,1.8232
203,5185759538907080,1.832
204,5861863553766594,1.8403
205,5185759538907080,1.8491
206,5185759538907080,1.8575
207,5861863553766594,1.8659
208,5185759538907080,1.8747
209,5185759538907080,1.8832
210,5861863553766594,1.8916
211,5185759538907080,1.9004
212,5185759538907080,1.909
213,5861863553766594,1.9173
214,5185759538907080,1.9261
215,5185759538907080,1.9347
216,5861863553766594,1.9432
217,5185759538907080,1.952
218,5185759538907080,1.9605
219,5861863553766594,1.9689
220,5185759538907080,1.9776
221,5185759538907080,1.9862
222,5861863553766594,1.9948
223,5185759538907080,2.0036
224,5185759538907080,2.0123
225,5861863553766594,2.0205
226,5185759538907080,2.0293
227,5185759538907080,2.038
228,5861863553766594,2.0463
229,5185759538907080,2.0552
230,5185759538907080,2.0637
231,5861863553766594,2.072
232,5185759538907080,2.0808
233,5185759538907080,2.0893
234,5861863553766594,2.0978
235,5185759538907080,2.1067
236,5185759538907080,2.1152
237,5861863553766594,2.1235
238,5185759538907080,2.1323
239,5185759538907080,2.141
240,5861863553766594,2.1493
241,5185759538907080,2.1583
242,5185759538907080,2.1667
243,5861863553766594,2.175
244,5185759538907080,2.1839
245,5185759538907080,2.1925
246,5861863553766594,2.201
247,5185759538907080,2.2098
248,5185759538907080,2.2182
249,5861863553766594,2.2265
250,5185759538907080,2.2353
251,5185759538907080,2.244
252,5861863553766594,2.2525
253,5185759538907080,2.2614
254,5185759538907080,2.27
255,5861863553766594,2.2783
256,5185759538907080,2.2872
257,5185759538907080,2.296
258,5861863553766594,2.3046
259,5185759538907080,2.3135
260,5185759538907080,2.3222
261,5861863553766594,2.3305
262,5185759538907080,2.3394
263,5185759538907080,2.3479
264,5861863553766594,2.3564
265,5185759538907080,2.3651
266,5185759538907080,2.3736
267,5861863553766594,2.3819
268,5185759538907080,2.3907
269,5185759538907080,2.3995
270,5861863553766594,2.4078
271,5185759538907080,2.4166
272,5185759538907080,2.425
273,5861863553766594,2.4333
274,5185759538907080,2.4422
275,5185759538907080,2.4507
276,5861863553766594,2.4593
277,5185759538907080,2.468
278,5185759538907080,2.4765
279,5861863553766594,2.4848
280,5185759538907080,2.4937
281,5185759538907080,2.5023
282,5861863553766594,2.5107
283,5185759538907080,2.5195
284,5185759538907080,2.528
285,5861863553766594,2.5363
286,5185759538907080,2.5451
287,5185759538907080,2.5537
288,5861863553766594,2.5621
289,5185759538907080,2.5708
290,5185759538907080,2.5794
291,5861863553766594,2.5881
292,5185759538907080,2.597
293,5185759538907080,2.6055
294,5861863553766594,2.6138
295,5185759538907080,2.6226
296,5185759538907080,2.6312
297,5861863553766594,2.6395
298,5185759538907080,2.6484
299,5185759538907080,2.6571
300,5861863553766594,2.6656
301,5185759538907080,2.6744
302,5185759538907080,2.683
303,5861863553766594,2.6913
304,5185759538907080,2.7002
305,5185759538907080,2.7087
306,5861863553766594,2.7173
307,5185759538907080,2.7261
308,5185759538907080,2.7346
309,5861863553766594,2.7431
310,5185759538907080,2.7519
311,5185759538907080,2.7605
312,5861863553766594,2.7688
313,5185759538907080,2.7776
314,5185759538907080,2.7864
315,5861863553766594,2.7949
316,5185759538907080,2.8037
317,5185759538907080,2.8122
318,5861863553766594,2.8206
319,5185759538907080,2.8294
320,5185759538907080,2.838
321,5861863553766594,2.8467
322,5185759538907080,2.8554
323,5185759538907080,2.864
324,5861863553766594,2.8723
325,5185759538907080,2.8811
326,5185759538907080,2.8899
327,5861863553766594,2.8984
328,5185759538907080,2.9072
329,5185759538907080,2.9157
330,5861863553766594,2.9239
331,5185759538907080,2.9326
332,5185759538907080,2.941
333,5861863553766594,2.9494
334,5185759538907080,2.9582
335,5185759538907080,2.9669
336,5861863553766594,2.9753
337,5185759538907080,2.9841
338,5185759538907080,2.9929
339,5861863553766594,3.0013
340,5185759538907080,3.0102
341,5185759538907080,3.0188
342,5861863553766594,3.0273
343,5185759538907080,3.0361
344,5185759538907080,3.0447
345,5861863553766594,3.053
346,5185759538907080,3.0618
347,5185759538907080,3.0702
348,5861863553766594,3.0785
349,5185759538907080,3.0873
350,5185759538907080,3.0962
351,5861863553766594,3.1047
352,5185759538907080,3.1135
353,5185759538907080,3.1219
354,5861863553766594,3.1302
355,5185759538907080,3.139
356,5185759538907080,3.1475
357,5861863553766594,3.1558
358,5185759538907080,3.1646
359,5185759538907080,3.1731
360,5861863553766594,3.1813
361,5185759538907080,3.1902
362,5185759538907080,3.1988
363,5861863553766594,3.2072
364,5185759538907080,3.216
365,5185759538907080,3.2244
366,5861863553766594,3.2327
367,5185759538907080,3.2415
368,5185759538907080,3.2501
369,5861863553766594,3.2584
370,5185759538907080,3.2672
371,5185759538907080,3.2756
372,5861863553766594,3.284
373,5185759538907080,3.2929
374,5185759538907080,3.3014
375,5861863553766594,3.3101
376,5185759538907080,3.3189
377,5185759538907080,3.3277
378,5861863553766594,3.3363
379,5185759538907080,3.3451
380,5185759538907080,3.3539
381,5861863553766594,3.3624
382,5185759538907080,3.3712
383,5185759538907080,3.3799
384,5861863553766594,3.3882
385,5185759538907080,3.3971
386,5185759538907080,3.4057
387,5861863553766594,3.4142
388,5185759538907080,3.4232
389,5185759538907080,3.4317
390,5861863553766594,3.4402
391,5185759538907080,3.449
392,5185759538907080,3.458
393,5861863553766594,3.4666
394,5185759538907080,3.4753
395,5185759538907080,3.4838
396,5861863553766594,3.4923
397,5185759538907080,3.5011
398,5185759538907080,3.5099
399,5861863553766594,3.5182
400,5185759538907080,3.5271
401,5185759538907080,3.5359
402,5861863553766594,3.5442
403,5185759538907080,3.553
404,5185759538907080,3.5616
405,5861863553766594,3.5701
406,5185759538907080,3.5788
407,5185759538907080,3.5872
408,5861863553766594,3.5955
409,5185759538907080,3.6043
410,5185759538907080,3.613
411,5861863553766594,3.6212
412,5185759538907080,3.63
413,5185759538907080,3.6384
414,5861863553766594,3.6469
415,5185759538907080,3.6557
416,5185759538907080,3.6643
417,5861863553766594,3.6725
418,5185759538907080,3.6813
419,5185759538907080,3.6897
420,5861863553766594,3.6982
421,5185759538907080,3.707
422,5185759538907080,3.7157
423,5861863553766594,3.7239
424,5185759538907080,3.7327
425,5185759538907080,3.7415
426,5861863553766594,3.7499
427,5185759538907080,3.7588
428,5185759538907080,3.7672
429,5861863553766594,3.7755
430,5185759538907080,3.7842
431,5185759538907080,3.7926
432,5861863553766594,3.8012
433,5185759538907080,3.8101
434,5185759538907080,3.8185
435,5861863553766594,3.827
436,5185759538907080,3.8358
437,5185759538907080,3.8446
438,5861863553766594,3.8531
439,5185759538907080,3.8619
440,5185759538907080,3.8705
441,5861863553766594,3.879
442,5185759538907080,3.8878
443,5185759538907080,3.8965
444,5861863553766594,3.9051
445,5185759538907080,3.9139
446,5185759538907080,3.9225
447,5861863553766594,3.9309
448,5185759538907080,3.9397
449,5185759538907080,3.9485
450,5861863553766594,3.9571
451,5185759538907080,3.966
452,5185759538907080,3.9746
453,5861863553766594,3.9831
454,5185759538907080,3.9919
455,5185759538907080,4.0007
456,5861863553766594,4.0092
457,5185759538907080,4.0179
458,5185759538907080,4.0263
459,5861863553766594,4.0346
460,5185759538907080,4.0434
461,5185759538907080,4.0518
462,5861863553766594,4.06
463,5185759538907080,4.0688
464,5185759538907080,4.0772
465,5861863553766594,4.0854
466,5185759538907080,4.0943
467,5185759538907080,4.1028
468,5861863553766594,4.1114
469,5185759538907080,4.1201
470,5185759538907080,4.1287
471,5861863553766594,4.1371
472,5185759538907080,4.146
473,5185759538907080,4.1547
474,5861863553766594,4.1633
475,5185759538907080,4.1721
476,5185759538907080,4.1805
477,5861863553766594,4.1887
478,5185759538907080,4.1976
479,5185759538907080,4.2063
480,5861863553766594,4.2147
481,5185759538907080,4.2234
482,5185759538907080,4.2318
483,5861863553766594,4.2401
484,5185759538907080,4.2489
485,5185759538907080,4.2579
486,5861863553766594,4.2664
487,5185759538907080,4.2751
488,5185759538907080,4.2836
489,5861863553766594,4.2918
490,5185759538907080,4.3007
491,5185759538907080,4.3095
492,5861863553766594,4.3179
493,5185759538907080,4.3267
494,5185759538907080,4.3352
495,5861863553766594,4.3435
496,5185759538907080,4.3524
497,5185759538907080,4.3608
498,5861863553766594,4.3691
499,5185759538907080,4.3779
500,5185759538907080,4.3865
501,5861863553766594,4.3948
502,5185759538907080,4.4037
503,5185759538907080,4.4122
504,5861863553766594,4.4207
505,5185759538907080,4.4295
506,5185759538907080,4.438
507,5861863553766594,4.4465
508,5185759538907080,4.4554
509,5185759538907080,4.4641
510,5861863553766594,4.4729
511,5185759538907080,4.4818
512,5185759538907080,4.4907
513,5861863553766594,4.499
514,5185759538907080,4.5078
515,5185759538907080,4.5166
516,5861863553766594,4.5249
517,5185759538907080,4.5336
518,5185759538907080,4.5421
519,5861863553766594,4.5504
520,5185759538907080,4.5592
521,5185759538907080,4.5678
522,5861863553766594,4.5764
523,5185759538907080,4.5853
524,5185759538907080,4.5938
525,5861863553766594,4.6022
526,5185759538907080,4.6111
527,5185759538907080,4.6205
528,5861863553766594,4.6294
529,5185759538907080,4.6384
530,5185759538907080,4.647
531,5861863553766594,4.6555
532,5185759538907080,4.6644
533,5185759538907080,4.6729
534,5861863553766594,4.6812
535,5185759538907080,4.69
536,5185759538907080,4.6985
537,5861863553766594,4.7068
538,5185759538907080,4.7156
539,5185759538907080,4.724
540,5861863553766594,4.7324
541,5185759538907080,4.7412
542,5185759538907080,4.7498
543,5861863553766594,4.7582
544,5185759538907080,4.7669
545,5185759538907080,4.7754
546,5861863553766594,4.7837
547,5185759538907080,4.7924
548,5185759538907080,4.8009
549,5861863553766594,4.8092
550,5185759538907080,4.818
551,5185759538907080,4.8264
552,5861863553766594,4.8347
553,5185759538907080,4.8436
554,5185759538907080,4.8521
555,5861863553766594,4.8606
556,5185759538907080,4.8694
557,5185759538907080,4.8778
558,5861863553766594,4.8862
559,5185759538907080,4.895
560,5185759538907080,4.9036
561,5861863553766594,4.9121
562,5185759538907080,4.9211
563,5185759538907080,4.9297
564,5861863553766594,4.9382
565,5185759538907080,4.947
566,5185759538907080,4.9557
567,5861863553766594,4.9642
568,5185759538907080,4.973
569,5185759538907080,4.9814
570,5861863553766594,4.9898
571,5185759538907080,4.9987
572,5185759538907080,5.0075
573,5861863553766594,5.016
574,5185759538907080,5.025
575,5185759538907080,5.0336
576,5861863553766594,5.0419
577,5185759538907080,5.0511
578,5185759538907080,5.0597
579,5861863553766594,5.0685
580,5185759538907080,5.0776
581,5185759538907080,5.0863
582,5861863553766594,5.0947
583,5185759538907080,5.1038
584,5185759538907080,5.113
585,5861863553766594,5.1214
586,5185759538907080,5.1305
587,5185759538907080,5.1392
588,5861863553766594,5.1478
589,5185759538907080,5.1569
590,5185759538907080,5.1658
591,5861863553766594,5.1744
592,5185759538907080,5.1835
593,5185759538907080,5.1926
594,5861863553766594,5.201
595,5185759538907080,5.2102
596,5185759538907080,5.2192
597,5861863553766594,5.2275
598,5185759538907080,5.2366
599,5185759538907080,5.2453
600,5861863553766594,5.2539
601,5185759538907080,5.2631
602,5185759538907080,5.2719
603,5861863553766594,5.2802
604,5185759538907080,5.2894
605,5185759538907080,5.2985
606,5861863553766594,5.3069
607,5185759538907080,5.316
608,5185759538907080,5.3249
609,5861863553766594,5.3333
610,5185759538907080,5.3425
611,5185759538907080,5.3515
612,5861863553766594,5.3601
613,5185759538907080,5.3693
614,5185759538907080,5.3779
615,5861863553766594,5.3863
616,5185759538907080,5.3955
617,5185759538907080,5.4043
618,5861863553766594,5.4129
619,5185759538907080,5.4221
620,5185759538907080,5.4306
621,5861863553766594,5.439
622,5185759538907080,5.4482
623,5185759538907080,5.4571
624,5861863553766594,5.4655
625,5185759538907080,5.4748
626,5185759538907080,5.4835
627,5861863553766594,5.4922
628,5185759538907080,5.5013
629,5185759538907080,5.5102
630,5861863553766594,5.5188
631,5185759538907080,5.5279
632,5185759538907080,5.5366
633,5861863553766594,5.5452
634,5185759538907080,5.5543
635,5185759538907080,5.5631
636,5861863553766594,5.5717
637,5185759538907080,5.5809
638,5185759538907080,5.5895
639,5861863553766594,5.598
640,5185759538907080,5.6072
641,5185759538907080,5.6159
642,5861863553766594,5.6244
643,5185759538907080,5.6336
644,5185759538907080,5.6422
645,5861863553766594,5.6505
646,5185759538907080,5.6598
647,5185759538907080,5.6684
648,5861863553766594,5.6769
649,5185759538907080,5.686
650,5185759538907080,5.6946
651,5861863553766594,5.7031
652,5185759538907080,5.7123
653,5185759538907080,5.7211
654,5861863553766594,5.7295
655,5185759538907080,5.7386
656,5185759538907080,5.7474
657,5861863553766594,5.756
658,5185759538907080,5.765
659,5185759538907080,5.7736
660,5861863553766594,5.7822
661,5185759538907080,5.7913
662,5185759538907080,5.7999
663,5861863553766594,5.8083
664,5185759538907080,5.8175
665,5185759538907080,5.8262
666,5861863553766594,5.8347
667,5185759538907080,5.8438
668,5185759538907080,5.8526
669,5861863553766594,5.8611
670,5185759538907080,5.8703
671,5185759538907080,5.8793
672,5861863553766594,5.8877
673,5185759538907080,5.8968
674,5185759538907080,5.9055
675,5861863553766594,5.9138
676,5185759538907080,5.923
677,5185759538907080,5.9318
678,5861863553766594,5.9401
679,5185759538907080,5.9493
680,5185759538907080,5.958
681,5861863553766594,5.9665
682,5185759538907080,5.9756
683,5185759538907080,5.9846
684,5861863553766594,5.9931
685,5185759538907080,6.0022
686,5185759538907080,6.0112
687,5861863553766594,6.02
688,5185759538907080,6.0292
689,5185759538907080,6.0378
690,5861863553766594,6.0463
691,5185759538907080,6.0554
692,5185759538907080,6.0642
693,5861863553766594,6.0726
694,5185759538907080,6.0817
695,5185759538907080,6.0905
696,5861863553766594,6.0988
697,5185759538907080,6.108
698,5185759538907080,6.1167
699,5861863553766594,6.1252
700,5185759538907080,6.1344
701,5185759538907080,6.1432
702,5861863553766594,6.1516
703,5185759538907080,6.1607
704,5185759538907080,6.1696
705,5861863553766594,6.1782
706,5185759538907080,6.1874
707,5185759538907080,6.1961
708,5861863553766594,6.2045
709,5185759538907080,6.2137
710,5185759538907080,6.2223
711,5861863553766594,6.2307
712,5185759538907080,6.2398
713,5185759538907080,6.2487
714,5861863553766594,6.257
715,5185759538907080,6.2662
716,5185759538907080,6.275
717,5861863553766594,6.2834
718,5185759538907080,6.2926
719,5185759538907080,6.3014
720,5861863553766594,6.3098
721,5185759538907080,6.319
722,5185759538907080,6.3276
723,5861863553766594,6.3363
724,5185759538907080,6.3456
725,5185759538907080,6.3543
726,5861863553766594,6.3628
727,5185759538907080,6.372
728,5185759538907080,6.3808
729,5861863553766594,6.389
730,5185759538907080,6.3981
731,5185759538907080,6.4068
732,5861863553766594,6.4153
733,5185759538907080,6.4245
734,5185759538907080,6.4332
735,5861863553766594,6.4417
736,5185759538907080,6.4508
737,5185759538907080,6.4595
738,5861863553766594,6.4679
739,5185759538907080,6.4772
740,5185759538907080,6.4859
741,5861863553766594,6.4944
742,5185759538907080,6.5036
743,5185759538907080,6.5122
744,5861863553766594,6.5206
745,5185759538907080,6.5298
746,5185759538907080,6.5384
747,5861863553766594,6.5469
748,5185759538907080,6.5561
749,5185759538907080,6.5648
750,5861863553766594,6.5733
751,5185759538907080,6.5824
752,5185759538907080,6.5913
753,5861863553766594,6.6001
754,5185759538907080,6.6095
755,5185759538907080,6.6179
756,5861863553766594,6.6262
757,5185759538907080,6.6355
758,5185759538907080,6.6443
759,5861863553766594,6.6532
760,5185759538907080,6.6623
761,5185759538907080,6.6712
762,5861863553766594,6.6797
763,5185759538907080,6.6889
764,5185759538907080,6.6978
765,5861863553766594,6.7063
766,5185759538907080,6.7154
767,5185759538907080,6.7242
768,5861863553766594,6.7327
769,5185759538907080,6.7418
770,5185759538907080,6.7506
771,5861863553766594,6.7591
772,5185759538907080,6.7683
773,5185759538907080,6.777
774,5861863553766594,6.7854
775,5185759538907080,6.7946
776,5185759538907080,6.8034
777,5861863553766594,6.8121
778,5185759538907080,6.8213
779,5185759538907080,6.8299
780,5861863553766594,6.8384
781,5185759538907080,6.8475
782,5185759538907080,6.8561
783,5861863553766594,6.8645
784,5185759538907080,6.8737
785,5185759538907080,6.8825
786,5861863553766594,6.891
787,5185759538907080,6.9002
788,5185759538907080,6.9091
789,5861863553766594,6.9176
790,5185759538907080,6.9269
791,5185759538907080,6.9357
792,5861863553766594,6.9442
793,5185759538907080,6.9534
794,5185759538907080,6.9622
795,5861863553766594,6.9709
796,5185759538907080,6.9801
797,5185759538907080,6.9889
798,5861863553766594,6.9975
799,5185759538907080,7.0068
800,5185759538907080,7.0156
801,5861863553766594,7.0243
802,5185759538907080,7.0334
803,5185759538907080,7.0424
804,5861863553766594,7.0508
805,5185759538907080,7.0599
806,5185759538907080,7.0687
807,5861863553766594,7.0772
808,5185759538907080,7.0863
809,5185759538907080,7.0951
810,5861863553766594,7.1035
811,5185759538907080,7.1127
812,5185759538907080,7.1215
813,5861863553766594,7.1299
814,5185759538907080,7.139
815,5185759538907080,7.1478
816,5861863553766594,7.1564
817,5185759538907080,7.1655
818,5185759538907080,7.1742
819,5861863553766594,7.1826
820,5185759538907080,7.1917
821,5185759538907080,7.2006
822,5861863553766594,7.2092
823,5185759538907080,7.2183
824,5185759538907080,7.227
825,5861863553766594,7.2354
826,5185759538907080,7.2445
827,5185759538907080,7.2533
828,5861863553766594,7.2618
829,5185759538907080,7.2709
830,5185759538907080,7.2796
831,5861863553766594,7.2884
832,5185759538907080,7.2974
833,5185759538907080,7.3061
834,5861863553766594,7.3147
835,5185759538907080,7.3238
836,5185759538907080,7.3327
837,5861863553766594,7.341
838,5185759538907080,7.3502
839,5185759538907080,7.3591
840,5861863553766594,7.3675
841,5185759538907080,7.3767
842,5185759538907080,7.3855
843,5861863553766594,7.3938
844,5185759538907080,7.4029
845,5185759538907080,7.4118
846,5861863553766594,7.4204
847,5185759538907080,7.4295
848,5185759538907080,7.4382
849,5861863553766594,7.4468
850,5185759538907080,7.4559
851,5185759538907080,7.4647
852,5861863553766594,7.4732
853,5185759538907080,7.4824
854,5185759538907080,7.4913
855,5861863553766594,7.4997
856,5185759538907080,7.5086
857,5185759538907080,7.5173
858,5861863553766594,7.5259
859,5185759538907080,7.5347
860,5185759538907080,7.5434
861,5861863553766594,7.5517
862,5185759538907080,7.5605
863,5185759538907080,7.5693
864,5861863553766594,7.5778
865,5185759538907080,7.5866
866,5185759538907080,7.5954
867,5861863553766594,7.6038
868,5185759538907080,7.6128
869,5185759538907080,7.6223
870,5861863553766594,7.6315
871,5185759538907080,7.6405
872,5185759538907080,7.6492
873,5861863553766594,7.6577
874,5185759538907080,7.6665
875,5185759538907080,7.6751
876,5861863553766594,7.6834
877,5185759538907080,7.6924
878,5185759538907080,7.7008
879,5861863553766594,7.7093
880,5185759538907080,7.7181
881,5185759538907080,7.7266
882,5861863553766594,7.735
883,5185759538907080,7.7439
884,5185759538907080,7.7527
885,5861863553766594,7.7611
886,5185759538907080,7.7701
887,5185759538907080,7.7786
888,5861863553766594,7.787
889,5185759538907080,7.7959
890,5185759538907080,7.8044
891,5861863553766594,7.8128
892,5185759538907080,7.8217
893,5185759538907080,7.8302
894,5861863553766594,7.8384
895,5185759538907080,7.8473
896,5185759538907080,7.8559
897,5861863553766594,7.8642
898,5185759538907080,7.8731
899,5185759538907080,7.8816
900,5861863553766594,7.8901
901,5185759538907080,7.8989
902,5185759538907080,7.9074
903,5861863553766594,7.9157
904,5185759538907080,7.9245
905,5185759538907080,7.9332
906,5861863553766594,7.9414
907,5185759538907080,7.9502
908,5185759538907080,7.9589
909,5861863553766594,7.9675
910,5185759538907080,7.9763
911,5185759538907080,7.9849
912,5861863553766594,7.9934
913,5185759538907080,8.0023
914,5185759538907080,8.0111
915,5861863553766594,8.0194
916,5185759538907080,8.0282
917,5185759538907080,8.0367
918,5861863553766594,8.045
919,5185759538907080,8.0539
920,5185759538907080,8.0625
921,5861863553766594,8.0709
922,5185759538907080,8.0798
923,5185759538907080,8.0884
924,5861863553766594,8.0969
925,5185759538907080,8.1057
926,5185759538907080,8.1143
927,5861863553766594,8.1228
928,5185759538907080,8.1315
929,5185759538907080,8.1399
930,5861863553766594,8.1483
931,5185759538907080,8.1571
932,5185759538907080,8.1656
933,5861863553766594,8.1741
934,5185759538907080,8.183
935,5185759538907080,8.1914
936,5861863553766594,8.1997
937,5185759538907080,8.2086
938,5185759538907080,8.2172
939,5861863553766594,8.2257
940,5185759538907080,8.2344
941,5185759538907080,8.2429
942,5861863553766594,8.2513
943,5185759538907080,8.2602
944,5185759538907080,8.2688
945,5861863553766594,8.2771
946,5185759538907080,8.2859
947,5185759538907080,8.2949
948,5861863553766594,8.3033
949,5185759538907080,8.3121
950,5185759538907080,8.3208
951,5861863553766594,8.3293
952,5185759538907080,8.3381
953,5185759538907080,8.3468
954,5861863553766594,8.3553
955,5185759538907080,8.3641
956,5185759538907080,8.3729
957,5861863553766594,8.3814
958,5185759538907080,8.3901
959,5185759538907080,8.3988
960,5861863553766594,8.4071
961,5185759538907080,8.4159
962,5185759538907080,8.4247
963,5861863553766594,8.4332
964,5185759538907080,8.442
965,5185759538907080,8.4506
966,5861863553766594,8.4591
967,5185759538907080,8.4679
968,5185759538907080,8.4764
969,5861863553766594,8.4848
970,5185759538907080,8.4937
971,5185759538907080,8.5024
972,5861863553766594,8.5109
973,5185759538907080,8.5197
974,5185759538907080,8.5283
975,5861863553766594,8.5368
976,5185759538907080,8.5456
977,5185759538907080,8.5541
978,5861863553766594,8.5624
979,5185759538907080,8.5712
980,5185759538907080,8.58
981,5861863553766594,8.5885
982,5185759538907080,8.5974
983,5185759538907080,8.6059
984,5861863553766594,8.6143
985,5185759538907080,8.6231
986,5185759538907080,8.6317
987,5861863553766594,8.6401
988,5185759538907080,8.6489
989,5185759538907080,8.6575
990,5861863553766594,8.6659
991,5185759538907080,8.6747
992,5185759538907080,8.6831
993,5861863553766594,8.6913
994,5185759538907080,8.7003
995,5185759538907080,8.7088
996,5861863553766594,8.7175
997,5185759538907080,8.7263
998,5185759538907080,8.7349
999,5861863553766594,8.7435
1000,5185759538907080,8.7523
1001,5185759538907080,8.7611
1002,5861863553766594,8.7699
1003,5185759538907080,8.7788
1004,5185759538907080,8.7873
1005,5861863553766594,8.7959
1006,5185759538907080,8.8048
1007,5185759538907080,8.8136
1008,5861863553766594,8.8219
1009,5185759538907080,8.8306
1010,5185759538907080,8.8392
1011,5861863553766594,8.8475
1012,5185759538907080,8.8564
1013,5185759538907080,8.865
1014,5861863553766594,8.8735
1015,5185759538907080,8.8822
1016,5185759538907080,8.8906
1017,5861863553766594,8.899
1018,5185759538907080,8.9079
1019,5185759538907080,8.9167
1020,5861863553766594,8.925
1021,5185759538907080,8.9344
1022,5185759538907080,8.9432
1023,5861863553766594,8.9517
1024,5185759538907080,8.9609
1025,5185759538907080,8.9696
1026,5861863553766594,8.9784
1027,5185759538907080,8.9875
1028,5185759538907080,8.9961
1029,5861863553766594,9.0049
1030,5185759538907080,9.0141
1031,5185759538907080,9.023
1032,5861863553766594,9.0314
1033,5185759538907080,9.0406
1034,5185759538907080,9.0493
1035,5861863553766594,9.0578
1036,5185759538907080,9.0669
1037,5185759538907080,9.0756
1038,5861863553766594,9.0842
1039,5185759538907080,9.0934
1040,5185759538907080,9.1022
1041,5861863553766594,9.1108
1042,5185759538907080,9.12
1043,5185759538907080,9.1289
1044,5861863553766594,9.1377
1045,5185759538907080,9.1469
1046,5185759538907080,9.1557
1047,5861863553766594,9.1642
1048,5185759538907080,9.1734
1049,5185759538907080,9.1823
1050,5861863553766594,9.1909
1051,5185759538907080,9.2002
1052,5185759538907080,9.209
1053,5861863553766594,9.2178
1054,5185759538907080,9.2269
1055,5185759538907080,9.2358
1056,5861863553766594,9.2443
1057,5185759538907080,9.2536
1058,5185759538907080,9.2624
1059,5861863553766594,9.271
1060,5185759538907080,9.2804
1061,5185759538907080,9.2894
1062,5861863553766594,9.298
1063,5185759538907080,9.3071
1064,5185759538907080,9.3159
1065,5861863553766594,9.3244
1066,5185759538907080,9.3337
1067,5185759538907080,9.3424
1068,5861863553766594,9.351
1069,5185759538907080,9.3602
1070,5185759538907080,9.3689
1071,5861863553766594,9.3774
1072,5185759538907080,9.3865
1073,5185759538907080,9.3953
1074,5861863553766594,9.4041
1075,5185759538907080,9.4133
1076,5185759538907080,9.4221
1077,5861863553766594,9.4308
1078,5185759538907080,9.4399
1079,5185759538907080,9.4492
1080,5861863553766594,9.458
1081,5185759538907080,9.4672
1082,5185759538907080,9.4757
1083,5861863553766594,9.4841
1084,5185759538907080,9.4929
1085,5185759538907080,9.5014
1086,5861863553766594,9.5097
1087,5185759538907080,9.5185
1088,5185759538907080,9.5269
1089,5861863553766594,9.5352
1090,5185759538907080,9.5439
1091,5185759538907080,9.5523
1092,5861863553766594,9.5606
1093,5185759538907080,9.5694
1094,5185759538907080,9.5778
1095,5861863553766594,9.5861
1096,5185759538907080,9.5949
1097,5185759538907080,9.6034
1098,5861863553766594,9.6117
1099,5185759538907080,9.6205
1100,5185759538907080,9.6292
1101,5861863553766594,9.6376
1102,5185759538907080,9.6464
1103,5185759538907080,9.6548
1104,5861863553766594,9.6636
1105,5185759538907080,9.6725
1106,5185759538907080,9.6809
1107,5861863553766594,9.6892
1108,5185759538907080,9.698
1109,5185759538907080,9.7066
1110,5861863553766594,9.7152
1111,5185759538907080,9.7239
1112,5185759538907080,9.7324
1113,5861863553766594,9.7406
1114,5185759538907080,9.7495
1115,5185759538907080,9.7584
1116,5861863553766594,9.7669
1117,5185759538907080,9.7757
1118,5185759538907080,9.7843
1119,5861863553766594,9.7927
1120,5185759538907080,9.8015
1121,5185759538907080,9.8099
1122,5861863553766594,9.8184
1123,5185759538907080,9.8273
1124,5185759538907080,9.8358
1125,5861863553766594,9.8443
1126,5185759538907080,9.8531
1127,5185759538907080,9.862
1128,5861863553766594,9.8707
1129,5185759538907080,9.8796
1130,5185759538907080,9.888
1131,5861863553766594,9.8965
1132,5185759538907080,9.9053
1133,5185759538907080,9.9141
1134,5861863553766594,9.9224
1135,5185759538907080,9.9312
1136,5185759538907080,9.9398
1137,5861863553766594,9.9483
1138,5185759538907080,9.9571
1139,5185759538907080,9.9657
1140,5861863553766594,9.9741
1141,5185759538907080,9.9829
1142,5185759538907080,9.9915
1143,5861863553766594,9.9998
1144,5185759538907080,10.0087
1145,5185759538907080,10.0172
1146,5861863553766594,10.0255
1147,5185759538907080,10.0343
1148,5185759538907080,10.0427
1149,5861863553766594,10.0511
1150,5185759538907080,10.0599
1151,5185759538907080,10.0685
1152,5861863553766594,10.0768
1153,5185759538907080,10.0856
1154,5185759538907080,10.0942
1155,5861863553766594,10.1026
1156,5185759538907080,10.1113
1157,5185759538907080,10.1199
1158,5861863553766594,10.1282
1159,5185759538907080,10.1372
1160,5185759538907080,10.1457
1161,5861863553766594,10.1543
1162,5185759538907080,10.1631
1163,5185759538907080,10.1715
1164,5861863553766594,10.1799
1165,5185759538907080,10.1887
1166,5185759538907080,10.1974
1167,5861863553766594,10.2059
1168,5185759538907080,10.2147
1169,5185759538907080,10.2232
1170,5861863553766594,10.2314
1171,5185759538907080,10.2402
1172,5185759538907080,10.249
1173,5861863553766594,10.2574
1174,5185759538907080,10.2663
1175,5185759538907080,10.2747
1176,5861863553766594,10.2831
1177,5185759538907080,10.2919
1178,5185759538907080,10.3005
1179,5861863553766594,10.309
1180,5185759538907080,10.3178
1181,5185759538907080,10.3263
1182,5861863553766594,10.3346
1183,5185759538907080,10.3434
1184,5185759538907080,10.3521
1185,5861863553766594,10.3605
1186,5185759538907080,10.3693
1187,5185759538907080,10.3777
1188,5861863553766594,10.3859
1189,5185759538907080,10.3947
1190,5185759538907080,10.4031
1191,5861863553766594,10.4113
1192,5185759538907080,10.4201
1193,5185759538907080,10.4285
1194,5861863553766594,10.437
1195,5185759538907080,10.4457
1196,5185759538907080,10.4541
1197,5861863553766594,10.4627
1198,5185759538907080,10.4715
1199,5185759538907080,10.4803
1200,5861863553766594,10.4888
1201,5185759538907080,10.4976
1202,5185759538907080,10.5061
1203,5861863553766594,10.5144
1204,5185759538907080,10.5232
1205,5185759538907080,10.5315
1206,5861863553766594,10.5399
1207,5185759538907080,10.5487
1208,5185759538907080,10.5571
1209,5861863553766594,10.5655
1210,5185759538907080,10.5742
1211,5185759538907080,10.5828
1212,5861863553766594,10.5911
1213,5185759538907080,10.6
1214,5185759538907080,10.6084
1215,5861863553766594,10.6173
1216,5185759538907080,10.6269
1217,5185759538907080,10.6356
1218,5861863553766594,10.6442
1219,5185759538907080,10.6531
1220,5185759538907080,10.6617
1221,5861863553766594,10.6702
1222,5185759538907080,10.679
1223,5185759538907080,10.6874
1224,5861863553766594,10.696
1225,5185759538907080,10.7049
1226,5185759538907080,10.7136
1227,5861863553766594,10.7221
1228,5185759538907080,10.7308
1229,5185759538907080,10.7395
1230,5861863553766594,10.7478
1231,5185759538907080,10.7567
1232,5185759538907080,10.7653
1233,5861863553766594,10.7739
1234,5185759538907080,10.7827
1235,5185759538907080,10.7912
1236,5861863553766594,10.7995
1237,5185759538907080,10.8083
1238,5185759538907080,10.817
1239,5861863553766594,10.8254
1240,5185759538907080,10.8342
1241,5185759538907080,10.8428
1242,5861863553766594,10.8512
1243,5185759538907080,10.86
1244,5185759538907080,10.8688
1245,5861863553766594,10.8771
1246,5185759538907080,10.8858
1247,5185759538907080,10.8943
1248,5861863553766594,10.9026
1249,5185759538907080,10.9115
1250,5185759538907080,10.92
1251,5861863553766594,10.9284
1252,5185759538907080,10.9372
1253,5185759538907080,10.9459
1254,5861863553766594,10.9544
1255,5185759538907080,10.9632
1256,5185759538907080,10.9717
1257,5861863553766594,10.9799
1258,5185759538907080,10.9886
1259,5185759538907080,10.9972
1260,5861863553766594,11.0055
1261,5185759538907080,11.0144
1262,5185759538907080,11.0229
1263,5861863553766594,11.0315
1264,5185759538907080,11.0403
1265,5185759538907080,11.0489
1266,5861863553766594,11.0574
1267,5185759538907080,11.0663
1268,5185759538907080,11.075
1269,5861863553766594,11.0834
1270,5185759538907080,11.0922
1271,5185759538907080,11.1009
1272,5861863553766594,11.1092
1273,5185759538907080,11.1182
1274,5185759538907080,11.1267
1275,5861863553766594,11.1351
1276,5185759538907080,11.1439
1277,5185759538907080,11.1527
1278,5861863553766594,11.1612
1279,5185759538907080,11.17
1280,5185759538907080,11.1785
1281,5861863553766594,11.1868
1282,5185759538907080,11.1956
1283,5185759538907080,11.2043
1284,5861863553766594,11.2126
1285,5185759538907080,11.2214
1286,5185759538907080,11.2298
1287,5861863553766594,11.2381
1288,5185759538907080,11.2468
1289,5185759538907080,11.2553
1290,5861863553766594,11.2636
1291,5185759538907080,11.2725
1292,5185759538907080,11.2812
1293,5861863553766594,11.2896
1294,5185759538907080,11.2986
1295,5185759538907080,11.3077
1296,5861863553766594,11.3164
1297,5185759538907080,11.3255
1298,5185759538907080,11.3343
1299,5861863553766594,11.3431
1300,5185759538907080,11.3519
1301,5185759538907080,11.3607
1302,5861863553766594,11.3691
1303,5185759538907080,11.3779
1304,5185759538907080,11.3865
1305,5861863553766594,11.3947
1306,5185759538907080,11.4036
1307,5185759538907080,11.4123
1308,5861863553766594,11.4208
1309,5185759538907080,11.4296
1310,5185759538907080,11.438
1311,5861863553766594,11.4468
1312,5185759538907080,11.4562
1313,5185759538907080,11.4651
1314,5861863553766594,11.4738
1315,5185759538907080,11.4827
1316,5185759538907080,11.4913
1317,5861863553766594,11.4997
1318,5185759538907080,11.5086
1319,5185759538907080,11.5173
1320,5861863553766594,11.5256
1321,5185759538907080,11.5346
1322,5185759538907080,11.5434
1323,5861863553766594,11.5521
1324,5185759538907080,11.5615
1325,5185759538907080,11.5704
1326,5861863553766594,11.5791
1327,5185759538907080,11.5883
1328,5185759538907080,11.5974
1329,5861863553766594,11.6062
1330,5185759538907080,11.6153
1331,5185759538907080,11.6239
1332,5861863553766594,11.6324
1333,5185759538907080,11.6415
1334,5185759538907080,11.6501
1335,5861863553766594,11.6588
1336,5185759538907080,11.6677
1337,5185759538907080,11.6763
1338,5861863553766594,11.6849
1339,5185759538907080,11.6937
1340,5185759538907080,11.7024
1341,5861863553766594,11.7109
1342,5185759538907080,11.7198
1343,5185759538907080,11.7285
1344,5861863553766594,11.7369
1345,5185759538907080,11.7458
1346,5185759538907080,11.7542
1347,5861863553766594,11.7626
1348,5185759538907080,11.7714
1349,5185759538907080,11.7798
1350,5861863553766594,11.7881
1351,5185759538907080,11.7969
1352,5185759538907080,11.8055
1353,5861863553766594,11.8139
1354,5185759538907080,11.8228
1355,5185759538907080,11.8312
1356,5861863553766594,11.8397
1357,5185759538907080,11.8485
1358,5185759538907080,11.8571
1359,5861863553766594,11.8653
1360,5185759538907080,11.8741
1361,5185759538907080,11.8831
1362,5861863553766594,11.8917
1363,5185759538907080,11.9006
1364,5185759538907080,11.9091
1365,5861863553766594,11.9175
1366,5185759538907080,11.9263
1367,5185759538907080,11.9351
1368,5861863553766594,11.9436
1369,5185759538907080,11.9524
1370,5185759538907080,11.9608
1371,5861863553766594,11.9691
1372,5185759538907080,11.9779
1373,5185759538907080,11.9865
1374,5861863553766594,11.995
1375,5185759538907080,12.0038
1376,5185759538907080,12.0125
1377,5861863553766594,12.0209
1378,5185759538907080,12.0297
1379,5185759538907080,12.0381
1380,5861863553766594,12.0463
1381,5185759538907080,12.0552
1382,5185759538907080,12.0639
1383,5861863553766594,12.0724
1384,5185759538907080,12.0812
1385,5185759538907080,12.0898
1386,5861863553766594,12.0984
1387,5185759538907080,12.1073
1388,5185759538907080,12.1159
1389,5861863553766594,12.1244
1390,5185759538907080,12.1333
1391,5185759538907080,12.1416
1392,5861863553766594,12.1499
1393,5185759538907080,12.1587
1394,5185759538907080,12.1673
1395,5861863553766594,12.1757
1396,5185759538907080,12.1845
1397,5185759538907080,12.193
1398,5861863553766594,12.2013
1399,5185759538907080,12.21
1400,5185759538907080,12.2187
1401,5861863553766594,12.2275
1402,5185759538907080,12.2371
1403,5185759538907080,12.2464
1404,5861863553766594,12.2552
1405,5185759538907080,12.264
1406,5185759538907080,12.2728
1407,5861863553766594,12.2817
1408,5185759538907080,12.2906
1409,5185759538907080,12.2993
1410,5861863553766594,12.308
1411,5185759538907080,12.3169
1412,5185759538907080,12.3257
1413,5861863553766594,12.3342
1414,5185759538907080,12.3431
1415,5185759538907080,12.3517
1416,5861863553766594,12.3602
1417,5185759538907080,12.369
1418,5185759538907080,12.3776
1419,5861863553766594,12.3861
1420,5185759538907080,12.3949
1421,5185759538907080,12.4037
1422,5861863553766594,12.4121
1423,5185759538907080,12.4209
1424,5185759538907080,12.4294
1425,5861863553766594,12.4376
1426,5185759538907080,12.4464
1427,5185759538907080,12.4548
1428,5861863553766594,12.4632
1429,5185759538907080,12.472
1430,5185759538907080,12.4806
1431,5861863553766594,12.4891
1432,5185759538907080,12.4979
1433,5185759538907080,12.5065
1434,5861863553766594,12.515
1435,5185759538907080,12.524
1436,5185759538907080,12.5326
1437,5861863553766594,12.5411
1438,5185759538907080,12.5499
1439,5185759538907080,12.5585
1440,5861863553766594,12.567
1441,5185759538907080,12.5759
1442,5185759538907080,12.5845
1443,5861863553766594,12.5929
1444,5185759538907080,12.6019
1445,5185759538907080,12.6105
1446,5861863553766594,12.6188
1447,5185759538907080,12.6276
1448,5185759538907080,12.636
1449,5861863553766594,12.6443
1450,5185759538907080,12.6532
1451,5185759538907080,12.6615
1452,5861863553766594,12.6698
1453,5185759538907080,12.6786
1454,5185759538907080,12.6872
1455,5861863553766594,12.6955
1456,5185759538907080,12.7044
1457,5185759538907080,12.713
1458,5861863553766594,12.7216
1459,5185759538907080,12.7304
1460,5185759538907080,12.7388
1461,5861863553766594,12.7473
1462,5185759538907080,12.7562
1463,5185759538907080,12.7648
1464,5861863553766594,12.7734
1465,5185759538907080,12.7826
1466,5185759538907080,12.794
1467,5861863553766594,12.8026
1468,5185759538907080,12.8114
1469,5185759538907080,12.8201
1470,5861863553766594,12.8285
1471,5185759538907080,12.8374
1472,5185759538907080,12.846
1473,5861863553766594,12.8544
1474,5185759538907080,12.8633
1475,5185759538907080,12.8722
1476,5861863553766594,12.8807
1477,5185759538907080,12.8895
1478,5185759538907080,12.898
1479,5861863553766594,12.9063
1480,5185759538907080,12.9151
1481,5185759538907080,12.9238
1482,5861863553766594,12.9326
1483,5185759538907080,12.9415
1484,5185759538907080,12.9501
1485,5861863553766594,12.9584
1486,5185759538907080,12.9673
1487,5185759538907080,12.9758
1488,5861863553766594,12.9843
1489,5185759538907080,12.9931
1490,5185759538907080,13.0017
1491,5861863553766594,13.0101
1492,5185759538907080,13.019
1493,5185759538907080,13.0278
1494,5861863553766594,13.0361
1495,5185759538907080,13.0449
1496,5185759538907080,13.0535
1497,5861863553766594,13.062
1498,5185759538907080,13.0708
1499,5185759538907080,13.0795
1500,5861863553766594,13.0879
1501,5185759538907080,13.0968
1502,5185759538907080,13.1055
1503,5861863553766594,13.1138
1504,5185759538907080,13.1227
1505,5185759538907080,13.1314
1506,5861863553766594,13.1399
1507,5185759538907080,13.1487
1508,5185759538907080,13.1572
1509,5861863553766594,13.1662
1510,5185759538907080,13.175
1511,5185759538907080,13.1838
1512,5861863553766594,13.1921
1513,5185759538907080,13.2012
1514,5185759538907080,13.2102
1515,5861863553766594,13.2186
1516,5185759538907080,13.2276
1517,5185759538907080,13.2363
1518,5861863553766594,13.2446
1519,5185759538907080,13.2538
1520,5185759538907080,13.2626
1521,5861863553766594,13.2712
1522,5185759538907080,13.2805
1523,5185759538907080,13.2894
1524,5861863553766594,13.2979
1525,5185759538907080,13.3072
1526,5185759538907080,13.316
1527,5861863553766594,13.3245
1528,5185759538907080,13.3337
1529,5185759538907080,13.3424
1530,5861863553766594,13.3508
1531,5185759538907080,13.36
1532,5185759538907080,13.3687
1533,5861863553766594,13.3773
1534,5185759538907080,13.3865
1535,5185759538907080,13.3953
1536,5861863553766594,13.4038
1537,5185759538907080,13.413
1538,5185759538907080,13.4214
1539,5861863553766594,13.4303
1540,5185759538907080,13.4403
1541,5185759538907080,13.4496
1542,5861863553766594,13.4584
1543,5185759538907080,13.4675
1544,5185759538907080,13.4762
1545,5861863553766594,13.485
1546,5185759538907080,13.494
1547,5185759538907080,13.5026
1548,5861863553766594,13.5113
1549,5185759538907080,13.5203
1550,5185759538907080,13.5291
1551,5861863553766594,13.5377
1552,5185759538907080,13.5468
1553,5185759538907080,13.5558
1554,5861863553766594,13.5645
1555,5185759538907080,13.5736
1556,5185759538907080,13.5822
1557,5861863553766594,13.5906
1558,5185759538907080,13.5997
1559,5185759538907080,13.6085
1560,5861863553766594,13.6177
1561,5185759538907080,13.6275
1562,5185759538907080,13.6366
1563,5861863553766594,13.6456
1564,5185759538907080,13.6546
1565,5185759538907080,13.6632
1566,5861863553766594,13.6717
1567,5185759538907080,13.6807
1568,5185759538907080,13.6894
1569,5861863553766594,13.6981
1570,5185759538907080,13.7072
1571,5185759538907080,13.716
1572,5861863553766594,13.7247
1573,5185759538907080,13.7338
1574,5185759538907080,13.7425
1575,5861863553766594,13.7511
1576,5185759538907080,13.7601
1577,5185759538907080,13.7692
1578,5861863553766594,13.7777
1579,5185759538907080,13.7868
1580,5185759538907080,13.7955
1581,5861863553766594,13.8042
1582,5185759538907080,13.8133
1583,5185759538907080,13.8219
1584,5861863553766594,13.8307
1585,5185759538907080,13.8398
1586,5185759538907080,13.8488
1587,5861863553766594,13.8577
1588,5185759538907080,13.8668
1589,5185759538907080,13.876
1590,5861863553766594,13.8845
1591,5185759538907080,13.8935
1592,5185759538907080,13.9023
1593,5861863553766594,13.9108
1594,5185759538907080,13.9199
1595,5185759538907080,13.9286
1596,5861863553766594,13.9372
1597,5185759538907080,13.9462
1598,5185759538907080,13.9548
1599,5861863553766594,13.9634
1600,5185759538907080,13.9725
1601,5185759538907080,13.9811
1602,5861863553766594,13.9896
1603,5185759538907080,13.9986
1604,5185759538907080,14.0072
1605,5861863553766594,14.0157
1606,5185759538907080,14.0248
1607,5185759538907080,14.0334
1608,5861863553766594,14.0419
1609,5185759538907080,14.0509
1610,5185759538907080,14.0595
1611,5861863553766594,14.0682
1612,5185759538907080,14.0772
1613,5185759538907080,14.0859
1614,5861863553766594,14.0944
1615,5185759538907080,14.1034
1616,5185759538907080,14.1122
1617,5861863553766594,14.1209
1618,5185759538907080,14.1299
1619,5185759538907080,14.1383
1620,5861863553766594,14.1466
1621,5185759538907080,14.1554
1622,5185759538907080,14.1642
1623,5861863553766594,14.1727
1624,5185759538907080,14.1814
1625,5185759538907080,14.1898
1626,5861863553766594,14.1981
1627,5185759538907080,14.207
1628,5185759538907080,14.2155
1629,5861863553766594,14.224
1630,5185759538907080,14.2327
1631,5185759538907080,14.2411
1632,5861863553766594,14.2496
1633,5185759538907080,14.2584
1634,5185759538907080,14.267
1635,5861863553766594,14.2754
1636,5185759538907080,14.2841
1637,5185759538907080,14.2928
1638,5861863553766594,14.3012
1639,5185759538907080,14.31
1640,5185759538907080,14.3187
1641,5861863553766594,14.3271
1642,5185759538907080,14.3358
1643,5185759538907080,14.3444
1644,5861863553766594,14.3527
1645,5185759538907080,14.3614
1646,5185759538907080,14.3698
1647,5861863553766594,14.378
1648,5185759538907080,14.3867
1649,5185759538907080,14.3951
1650,5861863553766594,14.4035
1651,5185759538907080,14.4123
1652,5185759538907080,14.421
1653,5861863553766594,14.4293
1654,5185759538907080,14.4381
1655,5185759538907080,14.4467
1656,5861863553766594,14.4549
1657,5185759538907080,14.4637
1658,5185759538907080,14.4725
1659,5861863553766594,14.4809
1660,5185759538907080,14.4896
1661,5185759538907080,14.498
1662,5861863553766594,14.5064
1663,5185759538907080,14.5153
1664,5185759538907080,14.5241
1665,5861863553766594,14.5326
1666,5185759538907080,14.5413
1667,5185759538907080,14.5497
1668,5861863553766594,14.558
1669,5185759538907080,14.5668
1670,5185759538907080,14.5752
1671,5861863553766594,14.5836
1672,5185759538907080,14.5925
1673,5185759538907080,14.6009
1674,5861863553766594,14.6092
1675,5185759538907080,14.618
1676,5185759538907080,14.6265
1677,5861863553766594,14.6349
1678,5185759538907080,14.6437
1679,5185759538907080,14.6521
1680,5861863553766594,14.6603
1681,5185759538907080,14.6691
1682,5185759538907080,14.6776
1683,5861863553766594,14.6861
1684,5185759538907080,14.6949
1685,5185759538907080,14.7035
1686,5861863553766594,14.712
1687,5185759538907080,14.7208
1688,5185759538907080,14.7294
1689,5861863553766594,14.7378
1690,5185759538907080,14.7465
1691,5185759538907080,14.755
1692,5861863553766594,14.7633
1693,5185759538907080,14.7721
1694,5185759538907080,14.7805
1695,5861863553766594,14.7889
1696,5185759538907080,14.7978
1697,5185759538907080,14.8062
1698,5861863553766594,14.8146
1699,5185759538907080,14.8234
1700,5185759538907080,14.8323
1701,5861863553766594,14.8407
1702,5185759538907080,14.8495
1703,5185759538907080,14.8583
1704,5861863553766594,14.8669
1705,5185759538907080,14.8757
1706,5185759538907080,14.8841
1707,5861863553766594,14.8923
1708,5185759538907080,14.901
1709,5185759538907080,14.9094
1710,5861863553766594,14.9177
1711,5185759538907080,14.9265
1712,5185759538907080,14.9349
1713,5861863553766594,14.9434
1714,5185759538907080,14.9522
1715,5185759538907080,14.9606
1716,5861863553766594,14.9688
1717,5185759538907080,14.9776
1718,5185759538907080,14.9862
1719,5861863553766594,14.9944
1720,5185759538907080,15.0033
1721,5185759538907080,15.0119
1722,5861863553766594,15.0205
1723,5185759538907080,15.0294
1724,5185759538907080,15.038
1725,5861863553766594,15.0464
1726,5185759538907080,15.0553
1727,5185759538907080,15.0641
1728,5861863553766594,15.0726
1729,5185759538907080,15.0814
1730,5185759538907080,15.0898
1731,5861863553766594,15.0981
1732,5185759538907080,15.107
1733,5185759538907080,15.1156
1734,5861863553766594,15.124
1735,5185759538907080,15.1328
1736,5185759538907080,15.1412
1737,5861863553766594,15.1494
1738,5185759538907080,15.1584
1739,5185759538907080,15.1669
1740,5861863553766594,15.1754
1741,5185759538907080,15.1842
1742,5185759538907080,15.1926
1743,5861863553766594,15.2011
1744,5185759538907080,15.2099
1745,5185759538907080,15.2185
1746,5861863553766594,15.227
1747,5185759538907080,15.2358
1748,5185759538907080,15.2446
1749,5861863553766594,15.2528
1750,5185759538907080,15.2618
1751,5185759538907080,15.2704
1752,5861863553766594,15.2787
1753,5185759538907080,15.2875
1754,5185759538907080,15.296
1755,5861863553766594,15.3043
1756,5185759538907080,15.3136
1757,5185759538907080,15.3224
1758,5861863553766594,15.3309
1759,5185759538907080,15.3396
1760,5185759538907080,15.3481
1761,5861863553766594,15.3563
1762,5185759538907080,15.3651
1763,5185759538907080,15.3737
1764,5861863553766594,15.3824
1765,5185759538907080,15.3911
1766,5185759538907080,15.3995
1767,5861863553766594,15.4078
1768,5185759538907080,15.4165
1769,5185759538907080,15.4251
1770,5861863553766594,15.4335
1771,5185759538907080,15.4422
1772,5185759538907080,15.4506
1773,5861863553766594,15.459
1774,5185759538907080,15.4678
1775,5185759538907080,15.4764
1776,5861863553766594,15.4846
1777,5185759538907080,15.4933
1778,5185759538907080,15.5018
1779,5861863553766594,15.5101
1780,5185759538907080,15.5189
1781,5185759538907080,15.5274
1782,5861863553766594,15.5361
1783,5185759538907080,15.5449
1784,5185759538907080,15.5534
1785,5861863553766594,15.5617
1786,5185759538907080,15.5705
1787,5185759538907080,15.5791
1788,5861863553766594,15.5877
1789,5185759538907080,15.5965
1790,5185759538907080,15.6051
1791,5861863553766594,15.6134
1792,5185759538907080,15.6222
1793,5185759538907080,15.6307
1794,5861863553766594,15.639
1795,5185759538907080,15.6477
1796,5185759538907080,15.6563
1797,5861863553766594,15.6646
1798,5185759538907080,15.6734
1799,5185759538907080,15.6818
1800,5861863553766594,15.69
1801,5185759538907080,15.6988
1802,5185759538907080,15.7072
1803,5861863553766594,15.7155
1804,5185759538907080,15.7243
1805,5185759538907080,15.7327
1806,5861863553766594,15.7409
1807,5185759538907080,15.7497
1808,5185759538907080,15.758
1809,5861863553766594,15.7663
1810,5185759538907080,15.7752
1811,5185759538907080,15.7836
1812,5861863553766594,15.7918
1813,5185759538907080,15.8006
1814,5185759538907080,15.809
1815,5861863553766594,15.8173
1816,5185759538907080,15.8261
1817,5185759538907080,15.8346
1818,5861863553766594,15.843
1819,5185759538907080,15.8517
1820,5185759538907080,15.8602
1821,5861863553766594,15.8685
1822,5185759538907080,15.8773
1823,5185759538907080,15.8858
1824,5861863553766594,15.894
1825,5185759538907080,15.9027
1826,5185759538907080,15.9113
1827,5861863553766594,15.9195
1828,5185759538907080,15.9283
1829,5185759538907080,15.9367
1830,5861863553766594,15.9449
1831,5185759538907080,15.9537
1832,5185759538907080,15.9621
1833,5861863553766594,15.9706
1834,5185759538907080,15.9793
1835,5185759538907080,15.9877
1836,5861863553766594,15.9962
1837,5185759538907080,16.005
1838,5185759538907080,16.0138
1839,5861863553766594,16.0222
1840,5185759538907080,16.0309
1841,5185759538907080,16.0396
1842,5861863553766594,16.0479
1843,5185759538907080,16.0567
1844,5185759538907080,16.0651
1845,5861863553766594,16.0734
1846,5185759538907080,16.0821
1847,5185759538907080,16.0906
1848,5861863553766594,16.0988
1849,5185759538907080,16.1077
1850,5185759538907080,16.1163
1851,5861863553766594,16.1249
1852,5185759538907080,16.1337
1853,5185759538907080,16.1421
1854,5861863553766594,16.1504
1855,5185759538907080,16.1592
1856,5185759538907080,16.168
1857,5861863553766594,16.1765
1858,5185759538907080,16.1853
1859,5185759538907080,16.1937
1860,5861863553766594,16.202
1861,5185759538907080,16.2108
1862,5185759538907080,16.2196
1863,5861863553766594,16.2282
1864,5185759538907080,16.2369
1865,5185759538907080,16.2453
1866,5861863553766594,16.2536
1867,5185759538907080,16.2625
1868,5185759538907080,16.2713
1869,5861863553766594,16.2796
1870,5185759538907080,16.2883
1871,5185759538907080,16.2968
1872,5861863553766594,16.3053
1873,5185759538907080,16.3141
1874,5185759538907080,16.3227
1875,5861863553766594,16.3311
1876,5185759538907080,16.3398
1877,5185759538907080,16.3482
1878,5861863553766594,16.3565
1879,5185759538907080,16.3653
1880,5185759538907080,16.374
1881,5861863553766594,16.3824
1882,5185759538907080,16.3912
1883,5185759538907080,16.3997
1884,5861863553766594,16.408
1885,5185759538907080,16.4169
1886,5185759538907080,16.4256
1887,5861863553766594,16.4339
1888,5185759538907080,16.4426
1889,5185759538907080,16.4511
1890,5861863553766594,16.4594
1891,5185759538907080,16.4682
1892,5185759538907080,16.4768
1893,5861863553766594,16.4854
1894,5185759538907080,16.4942
1895,5185759538907080,16.5026
1896,5861863553766594,16.511
1897,5185759538907080,16.5198
1898,5185759538907080,16.5286
1899,5861863553766594,16.5371
1900,5185759538907080,16.5459
1901,5185759538907080,16.5543
1902,5861863553766594,16.5626
1903,5185759538907080,16.5714
1904,5185759538907080,16.58
1905,5861863553766594,16.5886
1906,5185759538907080,16.5975
1907,5185759538907080,16.6061
1908,5861863553766594,16.6149
1909,5185759538907080,16.6245
1910,5185759538907080,16.6351
1911,5861863553766594,16.6435
1912,5185759538907080,16.6523
1913,5185759538907080,16.6607
1914,5861863553766594,16.669
1915,5185759538907080,16.6778
1916,5185759538907080,16.6862
1917,5861863553766594,16.6947
1918,5185759538907080,16.7034
1919,5185759538907080,16.712
1920,5861863553766594,16.7204
1921,5185759538907080,16.7292
1922,5185759538907080,16.738
1923,5861863553766594,16.7463
1924,5185759538907080,16.7551
1925,5185759538907080,16.7637
1926,5861863553766594,16.772
1927,5185759538907080,16.7807
1928,5185759538907080,16.7891
1929,5861863553766594,16.7975
1930,5185759538907080,16.8062
1931,5185759538907080,16.8146
1932,5861863553766594,16.8231
1933,5185759538907080,16.8319
1934,5185759538907080,16.8405
1935,5861863553766594,16.8488
1936,5185759538907080,16.8576
1937,5185759538907080,16.8664
1938,5861863553766594,16.8749
1939,5185759538907080,16.8838
1940,5185759538907080,16.8921
1941,5861863553766594,16.9004
1942,5185759538907080,16.9092
1943,5185759538907080,16.9179
1944,5861863553766594,16.9264
1945,5185759538907080,16.9353
1946,5185759538907080,16.9439
1947,5861863553766594,16.9526
1948,5185759538907080,16.9614
1949,5185759538907080,16.97
1950,5861863553766594,16.9786
1951,5185759538907080,16.9875
1952,5185759538907080,16.9961
1953,5861863553766594,17.0045
1954,5185759538907080,17.0134
1955,5185759538907080,17.022
1956,5861863553766594,17.0305
1957,5185759538907080,17.0393
1958,5185759538907080,17.048
1959,5861863553766594,17.0564
1960,5185759538907080,17.0652
1961,5185759538907080,17.0738
1962,5861863553766594,17.0823
1963,5185759538907080,17.0911
1964,5185759538907080,17.0997
1965,5861863553766594,17.1081
1966,5185759538907080,17.117
1967,5185759538907080,17.1257
1968,5861863553766594,17.1342
1969,5185759538907080,17.143
1970,5185759538907080,17.1516
1971,5861863553766594,17.1603
1972,5185759538907080,17.1691
1973,5185759538907080,17.1776
1974,5861863553766594,17.1861
1975,5185759538907080,17.1948
1976,5185759538907080,17.2034
1977,5861863553766594,17.2117
1978,5185759538907080,17.2205
1979,5185759538907080,17.2291
1980,5861863553766594,17.2375
1981,5185759538907080,17.2463
1982,5185759538907080,17.255
1983,5861863553766594,17.2634
1984,5185759538907080,17.2723
1985,5185759538907080,17.2809
1986,5861863553766594,17.2895
1987,5185759538907080,17.2983
1988,5185759538907080,17.3069
1989,5861863553766594,17.3154
1990,5185759538907080,17.3242
1991,5185759538907080,17.3328
1992,5861863553766594,17.3413
1993,5185759538907080,17.3501
1994,5185759538907080,17.3588
1995,5861863553766594,17.3673
1996,5185759538907080,17.3761
1997,5185759538907080,17.3847
1998,5861863553766594,17.3933
1999,5185759538907080,17.4022
2000,5185759538907080,17.4109
2001,5861863553766594,17.4195
