1,2.001396360143724e+17,0.13207
2,1.52479854616047e+17,0.15693
3,1.117439968572164e+17,0.1816
4,8.878071403802546e+16,0.20647
5,7.052485738776779e+16,0.23118
6,5.248911297579775e+16,0.25583
7,3.985687070205443e+16,0.28086
8,2.801811853962573e+16,0.30548
9,1.442121668465323e+16,0.3302
10,1.132646222963682e+16,0.35514
11,1.132646222963682e+16,0.3806
12,1.143367592210265e+16,0.40538
13,1.132646222963682e+16,0.43165
14,1.132646222963682e+16,0.45722
15,1.27466371492982e+16,0.48253
16,1.10509823151965e+16,0.50885
17,1.10509823151965e+16,0.53429
18,1.115819600766233e+16,0.55981
19,1.10509823151965e+16,0.58603
20,1.10509823151965e+16,0.61172
21,1.27466371492982e+16,0.63708
22,1.10509823151965e+16,0.66325
23,1.10509823151965e+16,0.68863
24,1.115819600766233e+16,0.71405
25,1.10509823151965e+16,0.74024
26,1.10509823151965e+16,0.76563
27,1.27466371492982e+16,0.79093
28,1.10509823151965e+16,0.81711
29,1.10509823151965e+16,0.84259
30,1.115819600766233e+16,0.86792
31,1.10509823151965e+16,0.89409
32,1.10509823151965e+16,0.92126
33,1.27466371492982e+16,0.9463
34,1.10509823151965e+16,0.97262
35,1.10509823151965e+16,0.99803
36,1.115819600766233e+16,1.0235
37,1.10509823151965e+16,1.0511
38,1.10509823151965e+16,1.0767
39,1.27466371492982e+16,1.102
40,1.10509823151965e+16,1.1275
41,1.10509823151965e+16,1.1523
42,1.115819600766233e+16,1.1769
43,1.10509823151965e+16,1.2026
44,1.10509823151965e+16,1.2274
45,1.27466371492982e+16,1.2522
46,1.10509823151965e+16,1.279
47,1.10509823151965e+16,1.3058
48,1.115819600766233e+16,1.332
49,1.10509823151965e+16,1.3587
50,1.10509823151965e+16,1.3849
51,1.27466371492982e+16,1.4107
52,1.10509823151965e+16,1.4373
53,1.10509823151965e+16,1.4627
54,1.115819600766233e+16,1.488
55,1.10509823151965e+16,1.5136
56,1.10509823151965e+16,1.5385
57,1.27466371492982e+16,1.5632
58,1.10509823151965e+16,1.5894
59,1.10509823151965e+16,1.6149
60,1.115819600766233e+16,1.6403
61,1.10509823151965e+16,1.6664
62,1.10509823151965e+16,1.6918
63,1.27466371492982e+16,1.7165
64,1.10509823151965e+16,1.7427
65,1.10509823151965e+16,1.7681
66,1.115819600766233e+16,1.7937
67,1.10509823151965e+16,1.8195
68,1.10509823151965e+16,1.8442
69,1.27466371492982e+16,1.869
70,1.10509823151965e+16,1.896
71,1.10509823151965e+16,1.9219
72,1.115819600766233e+16,1.9474
73,1.10509823151965e+16,1.9736
74,1.10509823151965e+16,1.9993
75,1.27466371492982e+16,2.0246
76,1.10509823151965e+16,2.0508
77,1.10509823151965e+16,2.0762
78,1.115819600766233e+16,2.1015
79,1.10509823151965e+16,2.1279
80,1.10509823151965e+16,2.154
81,1.27466371492982e+16,2.1803
82,1.10509823151965e+16,2.2066
83,1.10509823151965e+16,2.2328
84,1.115819600766233e+16,2.2589
85,1.10509823151965e+16,2.2855
86,1.10509823151965e+16,2.3117
87,1.27466371492982e+16,2.337
88,1.10509823151965e+16,2.3628
89,1.10509823151965e+16,2.3876
90,1.115819600766233e+16,2.4124
91,1.10509823151965e+16,2.4386
92,1.10509823151965e+16,2.464
93,1.27466371492982e+16,2.4894
94,1.10509823151965e+16,2.5148
95,1.10509823151965e+16,2.5397
96,1.115819600766233e+16,2.5643
97,1.10509823151965e+16,2.5902
98,1.10509823151965e+16,2.6158
99,1.27466371492982e+16,2.6412
100,1.10509823151965e+16,2.6674
101,1.10509823151965e+16,2.693
102,1.115819600766233e+16,2.7183
103,1.10509823151965e+16,2.7441
104,1.10509823151965e+16,2.7689
105,1.27466371492982e+16,2.7937
106,1.10509823151965e+16,2.8191
107,1.10509823151965e+16,2.8438
108,1.115819600766233e+16,2.8685
109,1.10509823151965e+16,2.8946
110,1.10509823151965e+16,2.9194
111,1.27466371492982e+16,2.9441
112,1.10509823151965e+16,2.9696
113,1.10509823151965e+16,2.9943
114,1.115819600766233e+16,3.0196
115,1.10509823151965e+16,3.0454
116,1.10509823151965e+16,3.0709
117,1.27466371492982e+16,3.0963
118,1.10509823151965e+16,3.1222
119,1.10509823151965e+16,3.1476
120,1.115819600766233e+16,3.173
121,1.10509823151965e+16,3.1987
122,1.10509823151965e+16,3.2241
123,1.27466371492982e+16,3.2495
124,1.10509823151965e+16,3.2751
125,1.10509823151965e+16,3.3005
126,1.115819600766233e+16,3.326
127,1.10509823151965e+16,3.3514
128,1.10509823151965e+16,3.3768
129,1.27466371492982e+16,3.4023
130,1.10509823151965e+16,3.4277
131,1.10509823151965e+16,3.4531
132,1.115819600766233e+16,3.4785
133,1.10509823151965e+16,3.5041
134,1.10509823151965e+16,3.5298
135,1.27466371492982e+16,3.5551
136,1.10509823151965e+16,3.5807
137,1.10509823151965e+16,3.6063
138,1.115819600766233e+16,3.6311
139,1.10509823151965e+16,3.6566
140,1.10509823151965e+16,3.6813
141,1.27466371492982e+16,3.7067
142,1.10509823151965e+16,3.7337
143,1.10509823151965e+16,3.7592
144,1.115819600766233e+16,3.7846
145,1.10509823151965e+16,3.8104
146,1.10509823151965e+16,3.8355
147,1.27466371492982e+16,3.8618
148,1.10509823151965e+16,3.888
149,1.10509823151965e+16,3.9146
150,1.115819600766233e+16,3.9395
151,1.10509823151965e+16,3.9679
152,1.10509823151965e+16,3.9974
153,1.27466371492982e+16,4.024
154,1.10509823151965e+16,4.0501
155,1.10509823151965e+16,4.0749
156,1.115819600766233e+16,4.0998
157,1.10509823151965e+16,4.1262
158,1.10509823151965e+16,4.1516
159,1.27466371492982e+16,4.1768
160,1.10509823151965e+16,4.2028
161,1.10509823151965e+16,4.228
162,1.115819600766233e+16,4.2526
163,1.10509823151965e+16,4.2791
164,1.10509823151965e+16,4.3044
165,1.27466371492982e+16,4.3291
166,1.10509823151965e+16,4.3547
167,1.10509823151965e+16,4.3802
168,1.115819600766233e+16,4.4057
169,1.10509823151965e+16,4.4329
170,1.10509823151965e+16,4.459
171,1.27466371492982e+16,4.485
172,1.10509823151965e+16,4.5112
173,1.10509823151965e+16,4.5366
174,1.115819600766233e+16,4.5613
175,1.10509823151965e+16,4.587
176,1.10509823151965e+16,4.6123
177,1.27466371492982e+16,4.6376
178,1.10509823151965e+16,4.6631
179,1.10509823151965e+16,4.6886
180,1.115819600766233e+16,4.7138
181,1.10509823151965e+16,4.7394
182,1.10509823151965e+16,4.7644
183,1.27466371492982e+16,4.7892
184,1.10509823151965e+16,4.8147
185,1.10509823151965e+16,4.8396
186,1.115819600766233e+16,4.8643
187,1.10509823151965e+16,4.8896
188,1.10509823151965e+16,4.9143
189,1.27466371492982e+16,4.939
190,1.10509823151965e+16,4.9642
191,1.10509823151965e+16,4.989
192,1.115819600766233e+16,5.0141
193,1.10509823151965e+16,5.0395
194,1.10509823151965e+16,5.0643
195,1.27466371492982e+16,5.089
196,1.10509823151965e+16,5.1146
197,1.10509823151965e+16,5.14
198,1.115819600766233e+16,5.1653
199,1.10509823151965e+16,5.1905
200,1.10509823151965e+16,5.2153
201,1.27466371492982e+16,5.24
202,1.10509823151965e+16,5.2652
203,1.10509823151965e+16,5.29
204,1.115819600766233e+16,5.3153
205,1.10509823151965e+16,5.3409
206,1.10509823151965e+16,5.3657
207,1.27466371492982e+16,5.3903
208,1.10509823151965e+16,5.4157
209,1.10509823151965e+16,5.441
210,1.115819600766233e+16,5.4657
211,1.10509823151965e+16,5.491
212,1.10509823151965e+16,5.5159
213,1.27466371492982e+16,5.5407
214,1.10509823151965e+16,5.566
215,1.10509823151965e+16,5.5908
216,1.115819600766233e+16,5.6154
217,1.10509823151965e+16,5.6407
218,1.10509823151965e+16,5.6655
219,1.27466371492982e+16,5.6902
220,1.10509823151965e+16,5.7156
221,1.10509823151965e+16,5.7409
222,1.115819600766233e+16,5.7656
223,1.10509823151965e+16,5.7911
224,1.10509823151965e+16,5.8167
225,1.27466371492982e+16,5.8427
226,1.10509823151965e+16,5.8689
227,1.10509823151965e+16,5.894
228,1.115819600766233e+16,5.9192
229,1.10509823151965e+16,5.9451
230,1.10509823151965e+16,5.9702
231,1.27466371492982e+16,5.995
232,1.10509823151965e+16,6.0207
233,1.10509823151965e+16,6.0456
234,1.115819600766233e+16,6.0702
235,1.10509823151965e+16,6.0955
236,1.10509823151965e+16,6.1202
237,1.27466371492982e+16,6.1449
238,1.10509823151965e+16,6.1701
239,1.10509823151965e+16,6.1949
240,1.115819600766233e+16,6.2196
241,1.10509823151965e+16,6.2452
242,1.10509823151965e+16,6.2702
243,1.27466371492982e+16,6.2949
244,1.10509823151965e+16,6.3201
245,1.10509823151965e+16,6.3449
246,1.115819600766233e+16,6.3695
247,1.10509823151965e+16,6.3948
248,1.10509823151965e+16,6.4197
249,1.27466371492982e+16,6.4444
250,1.10509823151965e+16,6.4699
251,1.10509823151965e+16,6.4948
252,1.115819600766233e+16,6.5197
253,1.10509823151965e+16,6.5449
254,1.10509823151965e+16,6.5699
255,1.27466371492982e+16,6.5945
256,1.10509823151965e+16,6.6197
257,1.10509823151965e+16,6.6445
258,1.115819600766233e+16,6.6691
259,1.10509823151965e+16,6.6943
260,1.10509823151965e+16,6.7191
261,1.27466371492982e+16,6.7437
262,1.10509823151965e+16,6.7689
263,1.10509823151965e+16,6.7937
264,1.115819600766233e+16,6.8183
265,1.10509823151965e+16,6.8435
266,1.10509823151965e+16,6.8683
267,1.27466371492982e+16,6.8929
268,1.10509823151965e+16,6.9206
269,1.10509823151965e+16,6.9472
270,1.115819600766233e+16,6.9719
271,1.10509823151965e+16,6.9971
272,1.10509823151965e+16,7.0222
273,1.27466371492982e+16,7.0469
274,1.10509823151965e+16,7.0721
275,1.10509823151965e+16,7.0968
276,1.115819600766233e+16,7.1216
277,1.10509823151965e+16,7.1468
278,1.10509823151965e+16,7.1716
279,1.27466371492982e+16,7.1962
280,1.10509823151965e+16,7.2215
281,1.10509823151965e+16,7.2462
282,1.115819600766233e+16,7.2709
283,1.10509823151965e+16,7.2963
284,1.10509823151965e+16,7.3211
285,1.27466371492982e+16,7.3457
286,1.10509823151965e+16,7.3709
287,1.10509823151965e+16,7.3957
288,1.115819600766233e+16,7.4206
289,1.10509823151965e+16,7.4458
290,1.10509823151965e+16,7.4705
291,1.27466371492982e+16,7.4951
292,1.10509823151965e+16,7.5206
293,1.10509823151965e+16,7.5454
294,1.115819600766233e+16,7.5703
295,1.10509823151965e+16,7.5955
296,1.10509823151965e+16,7.6203
297,1.27466371492982e+16,7.6449
298,1.10509823151965e+16,7.6703
299,1.10509823151965e+16,7.6951
300,1.115819600766233e+16,7.7197
301,1.10509823151965e+16,7.7449
302,1.10509823151965e+16,7.7697
303,1.27466371492982e+16,7.7943
304,1.10509823151965e+16,7.8199
305,1.10509823151965e+16,7.8446
306,1.115819600766233e+16,7.8695
307,1.10509823151965e+16,7.8947
308,1.10509823151965e+16,7.9195
309,1.27466371492982e+16,7.9441
310,1.10509823151965e+16,7.9695
311,1.10509823151965e+16,7.9945
312,1.115819600766233e+16,8.0192
313,1.10509823151965e+16,8.0445
314,1.10509823151965e+16,8.0692
315,1.27466371492982e+16,8.0939
316,1.10509823151965e+16,8.1192
317,1.10509823151965e+16,8.1444
318,1.115819600766233e+16,8.1705
319,1.10509823151965e+16,8.1969
320,1.10509823151965e+16,8.2225
321,1.27466371492982e+16,8.248
322,1.10509823151965e+16,8.2751
323,1.10509823151965e+16,8.3017
324,1.115819600766233e+16,8.3279
325,1.10509823151965e+16,8.3544
326,1.10509823151965e+16,8.3805
327,1.27466371492982e+16,8.4069
328,1.10509823151965e+16,8.4332
329,1.10509823151965e+16,8.4581
330,1.115819600766233e+16,8.4827
331,1.10509823151965e+16,8.5083
332,1.10509823151965e+16,8.5332
333,1.27466371492982e+16,8.558
334,1.10509823151965e+16,8.5837
335,1.10509823151965e+16,8.6087
336,1.115819600766233e+16,8.6334
337,1.10509823151965e+16,8.6591
338,1.10509823151965e+16,8.6839
339,1.27466371492982e+16,8.7085
340,1.10509823151965e+16,8.7339
341,1.10509823151965e+16,8.7589
342,1.115819600766233e+16,8.7843
343,1.10509823151965e+16,8.8106
344,1.10509823151965e+16,8.8363
345,1.27466371492982e+16,8.8618
346,1.10509823151965e+16,8.8882
347,1.10509823151965e+16,8.9136
348,1.115819600766233e+16,8.9392
349,1.10509823151965e+16,8.9654
350,1.10509823151965e+16,8.9912
351,1.27466371492982e+16,9.0173
352,1.10509823151965e+16,9.044
353,1.10509823151965e+16,9.0697
354,1.115819600766233e+16,9.095
355,1.10509823151965e+16,9.1213
356,1.10509823151965e+16,9.1468
357,1.27466371492982e+16,9.1721
358,1.10509823151965e+16,9.1981
359,1.10509823151965e+16,9.2228
360,1.115819600766233e+16,9.2476
361,1.10509823151965e+16,9.2738
362,1.10509823151965e+16,9.2993
363,1.27466371492982e+16,9.3245
364,1.10509823151965e+16,9.3506
365,1.10509823151965e+16,9.376
366,1.115819600766233e+16,9.4013
367,1.10509823151965e+16,9.4275
368,1.10509823151965e+16,9.4529
369,1.27466371492982e+16,9.4781
370,1.10509823151965e+16,9.5042
371,1.10509823151965e+16,9.5297
372,1.115819600766233e+16,9.5555
373,1.10509823151965e+16,9.5819
374,1.10509823151965e+16,9.6073
375,1.27466371492982e+16,9.6326
376,1.10509823151965e+16,9.6583
377,1.10509823151965e+16,9.6831
378,1.115819600766233e+16,9.7078
379,1.10509823151965e+16,9.7339
380,1.10509823151965e+16,9.7593
381,1.27466371492982e+16,9.7854
382,1.10509823151965e+16,9.8132
383,1.10509823151965e+16,9.8399
384,1.115819600766233e+16,9.8676
385,1.10509823151965e+16,9.8971
386,1.10509823151965e+16,9.9254
387,1.27466371492982e+16,9.9551
388,1.10509823151965e+16,9.9846
389,1.10509823151965e+16,10.0126
390,1.115819600766233e+16,10.0406
391,1.10509823151965e+16,10.0698
392,1.10509823151965e+16,10.0987
393,1.27466371492982e+16,10.1268
394,1.10509823151965e+16,10.1555
395,1.10509823151965e+16,10.1846
396,1.115819600766233e+16,10.2178
397,1.10509823151965e+16,10.2476
398,1.10509823151965e+16,10.2764
399,1.27466371492982e+16,10.3047
400,1.10509823151965e+16,10.3315
401,1.10509823151965e+16,10.4132
402,1.115819600766233e+16,10.4378
403,1.10509823151965e+16,10.4636
404,1.10509823151965e+16,10.4884
405,1.27466371492982e+16,10.5131
406,1.10509823151965e+16,10.5393
407,1.10509823151965e+16,10.5648
408,1.115819600766233e+16,10.5902
409,1.10509823151965e+16,10.6159
410,1.10509823151965e+16,10.6412
411,1.27466371492982e+16,10.6658
412,1.10509823151965e+16,10.6923
413,1.10509823151965e+16,10.7177
414,1.115819600766233e+16,10.7431
415,1.10509823151965e+16,10.7693
416,1.10509823151965e+16,10.7947
417,1.27466371492982e+16,10.8199
418,1.10509823151965e+16,10.8465
419,1.10509823151965e+16,10.8721
420,1.115819600766233e+16,10.8973
421,1.10509823151965e+16,10.9236
422,1.10509823151965e+16,10.949
423,1.27466371492982e+16,10.9743
424,1.10509823151965e+16,11
425,1.10509823151965e+16,11.0249
426,1.115819600766233e+16,11.0496
427,1.10509823151965e+16,11.0759
428,1.10509823151965e+16,11.1009
429,1.27466371492982e+16,11.1255
430,1.10509823151965e+16,11.1511
431,1.10509823151965e+16,11.1758
432,1.115819600766233e+16,11.2009
433,1.10509823151965e+16,11.2271
434,1.10509823151965e+16,11.2524
435,1.27466371492982e+16,11.2772
436,1.10509823151965e+16,11.3033
437,1.10509823151965e+16,11.3288
438,1.115819600766233e+16,11.3537
439,1.10509823151965e+16,11.38
440,1.10509823151965e+16,11.4055
441,1.27466371492982e+16,11.4302
442,1.10509823151965e+16,11.4558
443,1.10509823151965e+16,11.4806
444,1.115819600766233e+16,11.5053
445,1.10509823151965e+16,11.5315
446,1.10509823151965e+16,11.5569
447,1.27466371492982e+16,11.5823
448,1.10509823151965e+16,11.608
449,1.10509823151965e+16,11.6327
450,1.115819600766233e+16,11.6573
451,1.10509823151965e+16,11.6834
452,1.10509823151965e+16,11.709
453,1.27466371492982e+16,11.7343
454,1.10509823151965e+16,11.7608
455,1.10509823151965e+16,11.7863
456,1.115819600766233e+16,11.8116
457,1.10509823151965e+16,11.8378
458,1.10509823151965e+16,11.8636
459,1.27466371492982e+16,11.8882
460,1.10509823151965e+16,11.9146
461,1.10509823151965e+16,11.9396
462,1.115819600766233e+16,11.9643
463,1.10509823151965e+16,11.991
464,1.10509823151965e+16,12.0163
465,1.27466371492982e+16,12.0416
466,1.10509823151965e+16,12.0678
467,1.10509823151965e+16,12.0934
468,1.115819600766233e+16,12.1181
469,1.10509823151965e+16,12.1441
470,1.10509823151965e+16,12.1691
471,1.27466371492982e+16,12.1937
472,1.10509823151965e+16,12.2197
473,1.10509823151965e+16,12.2446
474,1.115819600766233e+16,12.2694
475,1.10509823151965e+16,12.2955
476,1.10509823151965e+16,12.321
477,1.27466371492982e+16,12.3462
478,1.10509823151965e+16,12.3725
479,1.10509823151965e+16,12.3979
480,1.115819600766233e+16,12.4231
481,1.10509823151965e+16,12.4493
482,1.10509823151965e+16,12.4747
483,1.27466371492982e+16,12.5
484,1.10509823151965e+16,12.5264
485,1.10509823151965e+16,12.5518
486,1.115819600766233e+16,12.5772
487,1.10509823151965e+16,12.6034
488,1.10509823151965e+16,12.6284
489,1.27466371492982e+16,12.6534
490,1.10509823151965e+16,12.6796
491,1.10509823151965e+16,12.705
492,1.115819600766233e+16,12.7302
493,1.10509823151965e+16,12.7565
494,1.10509823151965e+16,12.782
495,1.27466371492982e+16,12.8072
496,1.10509823151965e+16,12.8335
497,1.10509823151965e+16,12.8588
498,1.115819600766233e+16,12.8841
499,1.10509823151965e+16,12.9112
500,1.10509823151965e+16,12.938
501,1.27466371492982e+16,12.9627
502,1.10509823151965e+16,12.9885
503,1.10509823151965e+16,13.0132
504,1.115819600766233e+16,13.0379
505,1.10509823151965e+16,13.0641
506,1.10509823151965e+16,13.0895
507,1.27466371492982e+16,13.1147
508,1.10509823151965e+16,13.1408
509,1.10509823151965e+16,13.1655
510,1.115819600766233e+16,13.1902
511,1.10509823151965e+16,13.2163
512,1.10509823151965e+16,13.2418
513,1.27466371492982e+16,13.267
514,1.10509823151965e+16,13.2935
515,1.10509823151965e+16,13.3188
516,1.115819600766233e+16,13.3442
517,1.10509823151965e+16,13.3704
518,1.10509823151965e+16,13.3958
519,1.27466371492982e+16,13.4208
520,1.10509823151965e+16,13.447
521,1.10509823151965e+16,13.4724
522,1.115819600766233e+16,13.4977
523,1.10509823151965e+16,13.5239
524,1.10509823151965e+16,13.5493
525,1.27466371492982e+16,13.5746
526,1.10509823151965e+16,13.6008
527,1.10509823151965e+16,13.6262
528,1.115819600766233e+16,13.6515
529,1.10509823151965e+16,13.6777
530,1.10509823151965e+16,13.7027
531,1.27466371492982e+16,13.7273
532,1.10509823151965e+16,13.7532
533,1.10509823151965e+16,13.7787
534,1.115819600766233e+16,13.8039
535,1.10509823151965e+16,13.8299
536,1.10509823151965e+16,13.8547
537,1.27466371492982e+16,13.8794
538,1.10509823151965e+16,13.9057
539,1.10509823151965e+16,13.9311
540,1.115819600766233e+16,13.9567
541,1.10509823151965e+16,13.9829
542,1.10509823151965e+16,14.0085
543,1.27466371492982e+16,14.0339
544,1.10509823151965e+16,14.06
545,1.10509823151965e+16,14.0855
546,1.115819600766233e+16,14.111
547,1.10509823151965e+16,14.1367
548,1.10509823151965e+16,14.1614
549,1.27466371492982e+16,14.1861
550,1.10509823151965e+16,14.2121
551,1.10509823151965e+16,14.237
552,1.115819600766233e+16,14.2619
553,1.10509823151965e+16,14.288
554,1.10509823151965e+16,14.3134
555,1.27466371492982e+16,14.3387
556,1.10509823151965e+16,14.365
557,1.10509823151965e+16,14.3905
558,1.115819600766233e+16,14.4152
559,1.10509823151965e+16,14.4409
560,1.10509823151965e+16,14.4657
561,1.27466371492982e+16,14.4905
562,1.10509823151965e+16,14.5166
563,1.10509823151965e+16,14.542
564,1.115819600766233e+16,14.5672
565,1.10509823151965e+16,14.5934
566,1.10509823151965e+16,14.6187
567,1.27466371492982e+16,14.6433
568,1.10509823151965e+16,14.6692
569,1.10509823151965e+16,14.694
570,1.115819600766233e+16,14.7186
571,1.10509823151965e+16,14.7452
572,1.10509823151965e+16,14.7702
573,1.27466371492982e+16,14.7948
574,1.10509823151965e+16,14.8209
575,1.10509823151965e+16,14.8457
576,1.115819600766233e+16,14.8703
577,1.10509823151965e+16,14.8961
578,1.10509823151965e+16,14.9211
579,1.27466371492982e+16,14.9458
580,1.10509823151965e+16,14.9717
581,1.10509823151965e+16,14.9965
582,1.115819600766233e+16,15.0212
583,1.10509823151965e+16,15.0476
584,1.10509823151965e+16,15.073
585,1.27466371492982e+16,15.0983
586,1.10509823151965e+16,15.1244
587,1.10509823151965e+16,15.1492
588,1.115819600766233e+16,15.1738
589,1.10509823151965e+16,15.1999
590,1.10509823151965e+16,15.2253
591,1.27466371492982e+16,15.2501
592,1.10509823151965e+16,15.2763
593,1.10509823151965e+16,15.3017
594,1.115819600766233e+16,15.3269
595,1.10509823151965e+16,15.3526
596,1.10509823151965e+16,15.3774
597,1.27466371492982e+16,15.4028
598,1.10509823151965e+16,15.4285
599,1.10509823151965e+16,15.4535
600,1.115819600766233e+16,15.4782
601,1.10509823151965e+16,15.5044
602,1.10509823151965e+16,15.5301
603,1.27466371492982e+16,15.5559
604,1.10509823151965e+16,15.5826
605,1.10509823151965e+16,15.6089
606,1.115819600766233e+16,15.6352
607,1.10509823151965e+16,15.6621
608,1.10509823151965e+16,15.6876
609,1.27466371492982e+16,15.7129
610,1.10509823151965e+16,15.7382
611,1.10509823151965e+16,15.7631
612,1.115819600766233e+16,15.7878
613,1.10509823151965e+16,15.8135
614,1.10509823151965e+16,15.8387
615,1.27466371492982e+16,15.8637
616,1.10509823151965e+16,15.8894
617,1.10509823151965e+16,15.9159
618,1.115819600766233e+16,15.9406
619,1.10509823151965e+16,15.9662
620,1.10509823151965e+16,15.991
621,1.27466371492982e+16,16.0157
622,1.10509823151965e+16,16.0411
623,1.10509823151965e+16,16.066
624,1.115819600766233e+16,16.0906
625,1.10509823151965e+16,16.116
626,1.10509823151965e+16,16.141
627,1.27466371492982e+16,16.1659
628,1.10509823151965e+16,16.1915
629,1.10509823151965e+16,16.2166
630,1.115819600766233e+16,16.2415
631,1.10509823151965e+16,16.267
632,1.10509823151965e+16,16.2918
633,1.27466371492982e+16,16.3168
634,1.10509823151965e+16,16.3425
635,1.10509823151965e+16,16.3672
636,1.115819600766233e+16,16.3922
637,1.10509823151965e+16,16.4174
638,1.10509823151965e+16,16.4425
639,1.27466371492982e+16,16.4676
640,1.10509823151965e+16,16.4928
641,1.10509823151965e+16,16.5177
642,1.115819600766233e+16,16.5423
643,1.10509823151965e+16,16.5676
644,1.10509823151965e+16,16.5927
645,1.27466371492982e+16,16.6175
646,1.10509823151965e+16,16.6427
647,1.10509823151965e+16,16.6675
648,1.115819600766233e+16,16.6923
649,1.10509823151965e+16,16.7187
650,1.10509823151965e+16,16.7442
651,1.27466371492982e+16,16.7696
652,1.10509823151965e+16,16.7972
653,1.10509823151965e+16,16.8237
654,1.115819600766233e+16,16.8494
655,1.10509823151965e+16,16.8755
656,1.10509823151965e+16,16.9015
657,1.27466371492982e+16,16.9275
658,1.10509823151965e+16,16.9541
659,1.10509823151965e+16,16.9793
660,1.115819600766233e+16,17.0044
661,1.10509823151965e+16,17.0304
662,1.10509823151965e+16,17.056
663,1.27466371492982e+16,17.0811
664,1.10509823151965e+16,17.1073
665,1.10509823151965e+16,17.1334
666,1.115819600766233e+16,17.1589
667,1.10509823151965e+16,17.1848
668,1.10509823151965e+16,17.21
669,1.27466371492982e+16,17.2348
670,1.10509823151965e+16,17.2607
671,1.10509823151965e+16,17.2855
672,1.115819600766233e+16,17.3102
673,1.10509823151965e+16,17.3366
674,1.10509823151965e+16,17.3616
675,1.27466371492982e+16,17.3864
676,1.10509823151965e+16,17.4124
677,1.10509823151965e+16,17.4373
678,1.115819600766233e+16,17.4619
679,1.10509823151965e+16,17.4881
680,1.10509823151965e+16,17.5135
681,1.27466371492982e+16,17.5388
682,1.10509823151965e+16,17.5645
683,1.10509823151965e+16,17.5893
684,1.115819600766233e+16,17.614
685,1.10509823151965e+16,17.6397
686,1.10509823151965e+16,17.6645
687,1.27466371492982e+16,17.6894
688,1.10509823151965e+16,17.7151
689,1.10509823151965e+16,17.7399
690,1.115819600766233e+16,17.765
691,1.10509823151965e+16,17.7913
692,1.10509823151965e+16,17.8169
693,1.27466371492982e+16,17.8429
694,1.10509823151965e+16,17.8703
695,1.10509823151965e+16,17.8972
696,1.115819600766233e+16,17.924
697,1.10509823151965e+16,17.95
698,1.10509823151965e+16,17.976
699,1.27466371492982e+16,18.0008
700,1.10509823151965e+16,18.0267
701,1.10509823151965e+16,18.0515
702,1.115819600766233e+16,18.0765
703,1.10509823151965e+16,18.1021
704,1.10509823151965e+16,18.1269
705,1.27466371492982e+16,18.1515
706,1.10509823151965e+16,18.1772
707,1.10509823151965e+16,18.202
708,1.115819600766233e+16,18.2267
709,1.10509823151965e+16,18.2523
710,1.10509823151965e+16,18.2771
711,1.27466371492982e+16,18.3017
712,1.10509823151965e+16,18.3275
713,1.10509823151965e+16,18.3523
714,1.115819600766233e+16,18.377
715,1.10509823151965e+16,18.4026
716,1.10509823151965e+16,18.4279
717,1.27466371492982e+16,18.4534
718,1.10509823151965e+16,18.4793
719,1.10509823151965e+16,18.5044
720,1.115819600766233e+16,18.5296
721,1.10509823151965e+16,18.5553
722,1.10509823151965e+16,18.5813
723,1.27466371492982e+16,18.6063
724,1.10509823151965e+16,18.632
725,1.10509823151965e+16,18.657
726,1.115819600766233e+16,18.6819
727,1.10509823151965e+16,18.7075
728,1.10509823151965e+16,18.7323
729,1.27466371492982e+16,18.757
730,1.10509823151965e+16,18.783
731,1.10509823151965e+16,18.8078
732,1.115819600766233e+16,18.8324
733,1.10509823151965e+16,18.8581
734,1.10509823151965e+16,18.8851
735,1.27466371492982e+16,18.9119
736,1.10509823151965e+16,18.939
737,1.10509823151965e+16,18.9643
738,1.115819600766233e+16,18.989
739,1.10509823151965e+16,19.0147
740,1.10509823151965e+16,19.0395
741,1.27466371492982e+16,19.0642
742,1.10509823151965e+16,19.09
743,1.10509823151965e+16,19.1147
744,1.115819600766233e+16,19.1394
745,1.10509823151965e+16,19.1653
746,1.10509823151965e+16,19.1902
747,1.27466371492982e+16,19.2148
748,1.10509823151965e+16,19.2404
749,1.10509823151965e+16,19.2652
750,1.115819600766233e+16,19.2898
751,1.10509823151965e+16,19.3157
752,1.10509823151965e+16,19.3404
753,1.27466371492982e+16,19.3654
754,1.10509823151965e+16,19.3912
755,1.10509823151965e+16,19.416
756,1.115819600766233e+16,19.4409
757,1.10509823151965e+16,19.4672
758,1.10509823151965e+16,19.492
759,1.27466371492982e+16,19.5168
760,1.10509823151965e+16,19.5424
761,1.10509823151965e+16,19.5672
762,1.115819600766233e+16,19.5918
763,1.10509823151965e+16,19.6172
764,1.10509823151965e+16,19.642
765,1.27466371492982e+16,19.6666
766,1.10509823151965e+16,19.6923
767,1.10509823151965e+16,19.7171
768,1.115819600766233e+16,19.742
