1,9181366705,0.032187
2,5548840185,0.043101
3,3810139350,0.053871
4,3084814330,0.064619
5,2161940410,0.075419
6,1402532570,0.086257
7,1024337580,0.097278
8,760371780,0.10811
9,581932249,0.11915
10,426286872,0.12993
11,428774782,0.14036
12,489833773,0.15124
13,312157293,0.16683
14,210155818,0.18252
15,162781423,0.19825
16,122781423,0.21394
17,82781423,0.22958
18,54013533,0.24522
19,32954542,0.26084
20,23824922,0.2764
21,15824922,0.29147
22,8012738,0.30693
23,4772693,0.32256
24,2284783,0.33823
25,0,0.35384
