1,30934753169,0.12821
2,28173160717,0.19622
3,25600556352,0.26687
4,23438033446,0.3351
5,21522143841,0.40568
6,19612050279,0.4749
7,18244434766,0.54425
8,17073970740,0.61371
9,15999376229,0.68275
10,14964981589,0.75195
11,14183006715,0.81582
12,13500502215,0.88489
13,13168553881,0.9539
14,12785378096,1.0233
15,12443096865,1.0923
16,12128449763,1.1611
17,11887131762,1.2303
18,11678734520,1.2984
19,11585116231,1.367
20,11505623286,1.4365
21,11491040941,1.4996
22,11085640261,1.5689
23,11089259596,1.6381
24,11173680080,1.7077
25,10421680080,1.8063
26,9742902130,1.9057
27,9117031050,2.0048
28,8514497911,2.1057
29,7990439107,2.2046
30,7597606237,2.3059
31,7228585502,2.4023
32,6866214596,2.503
33,6520451453,2.6043
34,6162085328,2.7053
35,5898468726,2.8062
36,5658928080,2.9053
37,5422636860,3.0062
38,5194747583,3.107
39,4983027358,3.2082
40,4378434181,3.3084
41,3783178899,3.4021
42,3588655009,3.5012
43,3413706462,3.6001
44,3249409646,3.7013
45,3097304381,3.8017
46,2955800496,3.9004
47,2821136131,4.0004
48,2690567066,4.1011
49,2561425781,4.2021
50,2433456050,4.3023
51,2238048331,4.3991
52,2120704941,4.4979
53,2017828506,4.5989
54,1917345045,4.7
55,1823592365,4.801
56,1736177510,4.9003
57,1656177510,5.0012
58,1581209790,5.102
59,1511098572,5.2018
60,1423774504,5.3025
61,1203537042,5.3962
62,1072591971,5.4968
63,1004433026,5.5981
64,940594836,5.6992
65,880236861,5.7995
66,825373816,5.8985
67,772855666,5.9978
68,720741741,6.0985
69,670809861,6.1975
70,622809861,6.2967
71,582412546,6.3905
72,542412546,6.4913
73,503884391,6.5903
74,466717446,6.7007
75,430934161,6.8013
76,397299626,6.9008
77,363715901,7.0004
78,332672776,7.1018
79,302672776,7.2031
80,278314101,7.3039
81,254488566,7.3991
82,231437376,7.4998
83,209657730,7.6008
84,188889815,7.702
85,168221440,7.8026
86,148370365,7.902
87,131003520,8.0035
88,115323695,8.1027
89,100536660,8.2042
90,87766490,8.3074
91,77151445,8.4036
92,66699985,8.504
93,56700685,8.6054
94,50284410,8.7071
95,44978575,8.8075
96,39932595,8.9087
97,35932595,9.0101
98,31932595,9.1113
99,29652145,9.2119
100,27652145,9.3125
101,25652145,9.4061
102,23652145,9.5065
103,21652145,9.6061
104,19652145,9.7076
105,17652145,9.8088
106,15652145,9.9103
107,13652145,10.0097
108,11652145,10.1108
109,9728165,10.2123
110,8008615,10.3137
111,6499965,10.4097
112,5044785,10.5102
113,3981695,10.6099
114,3581695,10.7108
115,3181695,10.8118
116,2781695,10.9113
117,2381695,11.0128
118,1981695,11.1118
119,1581695,11.2133
120,1181695,11.3138
121,782818,11.4075
122,532208,11.5072
123,515523,11.6088
124,515523,11.7101
125,515523,11.8108
126,167139590,11.8803
127,515523,11.9499
128,167139590,12.0197
129,337026379,12.0896
130,167139590,12.1598
131,337026379,12.2245
132,167139590,12.2963
133,337026379,12.3668
134,167139590,12.4367
135,337026379,12.5067
136,167139590,12.5779
137,337026379,12.6485
138,167139590,12.7191
139,337026379,12.7899
140,167139590,12.863
141,337026379,12.9307
142,167139590,13.0015
143,337026379,13.0728
144,289026379,13.1742
145,241026379,13.2784
146,21457473,13.3809
147,515523,13.4807
148,515523,13.5801
149,515523,13.6815
150,515523,13.7814
151,515523,13.8774
152,515523,13.977
153,515523,14.0775
154,515523,14.1791
155,515523,14.2787
156,515523,14.3781
157,515523,14.4777
158,515523,14.5791
159,515523,14.6805
160,515523,14.7804
161,515523,14.8763
162,101139590,14.9455
163,515523,15.0147
164,101139590,15.0846
165,321099382,15.1532
166,101139590,15.2236
167,321099382,15.2931
168,101139590,15.3635
169,321099382,15.4338
170,101139590,15.5052
171,321099382,15.5704
172,101139590,15.6416
173,321099382,15.7137
174,101139590,15.7862
175,321099382,15.8573
176,101139590,15.9291
177,321099382,16.001
178,101139590,16.0726
179,321099382,16.1442
180,127919237,16.2454
181,79919237,16.34
182,27295170,16.4404
183,515523,16.5405
184,515523,16.6406
185,515523,16.7435
186,515523,16.8436
187,515523,16.9454
188,515523,17.0469
189,515523,17.1487
190,515523,17.251
191,515523,17.3447
192,515523,17.4443
193,515523,17.544
194,515523,17.6439
195,515523,17.7436
196,515523,17.8435
197,515523,17.9457
198,190475315,18.0144
199,515523,18.0839
200,190475315,18.1538
201,413870809,18.218
202,190475315,18.2871
203,413870809,18.3583
204,190475315,18.4276
205,413870809,18.4988
206,190475315,18.5695
207,413870809,18.64
208,190475315,18.7113
209,413870809,18.7825
210,190475315,18.8539
211,413870809,18.9209
212,190475315,18.9923
213,413870809,19.0635
214,190475315,19.1357
215,413870809,19.208
216,208596529,19.3088
217,40416384,19.4137
218,18636737,19.5146
219,515523,19.6153
220,515523,19.7172
221,515523,19.8128
222,515523,19.9128
223,515523,20.0147
224,515523,20.1144
225,515523,20.2162
226,515523,20.3197
227,515523,20.4218
228,515523,20.5224
229,515523,20.6241
230,515523,20.7254
231,515523,20.8213
232,515523,20.923
233,515523,21.0263
234,160475315,21.096
235,515523,21.1653
236,160475315,21.2354
237,353870809,21.3041
238,160475315,21.3744
239,353870809,21.4445
240,160475315,21.5141
241,353870809,21.5813
242,160475315,21.6521
243,353870809,21.7226
244,160475315,21.7939
245,353870809,21.8654
246,160475315,21.9366
247,353870809,22.0078
248,160475315,22.0793
249,353870809,22.1505
250,160475315,22.2224
251,353870809,22.2902
252,173596529,22.3918
253,86653370,22.4916
254,13636737,22.5922
255,3961278,22.6937
256,515523,22.7956
257,515523,22.896
258,515523,22.9977
259,515523,23.0977
260,515523,23.1993
261,515523,23.2947
262,515523,23.3964
263,515523,23.4978
264,515523,23.5996
265,515523,23.7014
266,515523,23.8024
267,515523,23.904
268,515523,24.0057
269,515523,24.1075
270,130475315,24.1772
271,515523,24.2422
272,130475315,24.313
273,341870809,24.3827
274,130475315,24.4546
275,341870809,24.5242
276,130475315,24.5948
277,341870809,24.6652
278,130475315,24.7361
279,341870809,24.8067
280,130475315,24.8781
281,341870809,24.9437
282,130475315,25.015
283,341870809,25.086
284,130475315,25.1575
285,341870809,25.2304
286,130475315,25.3018
287,341870809,25.3759
288,146596529,25.4765
289,98596529,25.5782
290,52416384,25.68
291,36295170,25.7764
292,28295170,25.8761
293,515523,25.9759
294,515523,26.0777
295,515523,26.1774
296,515523,26.277
297,515523,26.3765
298,515523,26.4795
299,515523,26.5819
300,515523,26.6816
301,515523,26.7772
302,515523,26.879
303,515523,26.9813
304,515523,27.0832
305,515523,27.1854
306,181911017,27.2556
307,515523,27.3236
308,181911017,27.3922
309,377870809,27.462
310,181911017,27.5309
311,377870809,27.5965
312,181911017,27.6671
313,377870809,27.7376
314,181911017,27.808
315,377870809,27.8788
316,181911017,27.9499
317,377870809,28.0202
318,181911017,28.0916
319,377870809,28.1629
320,181911017,28.2345
321,377870809,28.302
322,181911017,28.3747
323,377870809,28.4455
324,204690664,28.5471
325,34416384,28.6489
326,11636737,28.7508
327,3636737,28.8508
328,515523,28.9503
329,515523,29.0523
330,515523,29.1541
331,515523,29.2488
332,515523,29.3505
333,515523,29.4522
334,515523,29.5541
335,515523,29.654
336,515523,29.7564
337,515523,29.8561
338,515523,29.9581
339,515523,30.0579
340,515523,30.1596
341,515523,30.2562
342,166475315,30.325
343,515523,30.3942
344,166475315,30.4643
345,406986171,30.5342
346,166475315,30.6045
347,406986171,30.6758
348,166475315,30.7466
349,406986171,30.8163
350,166475315,30.8864
351,406986171,30.9529
352,166475315,31.0239
353,406986171,31.0949
354,166475315,31.1666
355,406986171,31.2364
356,166475315,31.3068
357,406986171,31.3819
358,166475315,31.4546
359,406986171,31.5265
360,187417265,31.6286
361,39237120,31.7252
362,18295170,31.8271
363,515523,31.9271
364,515523,32.0268
365,515523,32.1267
366,515523,32.2284
367,515523,32.3302
368,515523,32.4316
369,515523,32.5335
370,515523,32.6337
371,515523,32.7299
372,515523,32.8318
373,515523,32.9315
374,515523,33.0333
375,515523,33.1349
376,515523,33.2366
377,515523,33.3391
378,101139590,33.4087
379,515523,33.4781
380,101139590,33.5483
381,237099382,33.6132
382,101139590,33.6836
383,237099382,33.7549
384,101139590,33.8245
385,237099382,33.894
386,101139590,33.9649
387,237099382,34.0359
388,101139590,34.1072
389,237099382,34.1783
390,101139590,34.2494
391,237099382,34.3158
392,101139590,34.3886
393,237099382,34.4604
394,101139590,34.5326
395,237099382,34.6047
396,189099382,34.7063
397,136475315,34.8081
398,88475315,34.9087
399,40475315,35.0084
400,29295170,35.1105
401,515523,35.207
402,515523,35.3072
403,515523,35.4068
404,515523,35.5089
405,515523,35.6111
406,515523,35.7133
407,515523,35.8157
408,515523,35.9158
409,515523,36.0153
410,515523,36.1171
411,515523,36.2135
412,515523,36.3152
413,515523,36.4149
414,202475315,36.4852
415,515523,36.5548
416,202475315,36.6251
417,442986171,36.695
418,202475315,36.7654
419,442986171,36.8365
420,202475315,36.9058
421,442986171,36.9708
422,202475315,37.0417
423,442986171,37.1123
424,202475315,37.1835
425,442986171,37.2668
426,202475315,37.3384
427,442986171,37.4106
428,202475315,37.4816
429,442986171,37.5531
430,202475315,37.625
431,442986171,37.6931
432,223417265,37.793
433,45237120,37.8937
434,21457473,37.9934
435,515523,38.0935
436,515523,38.1953
437,515523,38.2977
438,515523,38.3998
439,515523,38.5008
440,515523,38.6026
441,515523,38.699
442,515523,38.8005
443,515523,38.9023
444,515523,39.0044
445,515523,39.1064
446,515523,39.2082
447,515523,39.3093
448,515523,39.4112
449,515523,39.5122
450,101139590,39.5823
451,515523,39.6473
452,101139590,39.7177
453,273099382,39.7877
454,101139590,39.8584
455,273099382,39.9286
456,101139590,39.9997
457,273099382,40.0703
458,101139590,40.1412
459,273099382,40.2135
460,101139590,40.2861
461,273099382,40.3531
462,101139590,40.4254
463,273099382,40.4978
464,101139590,40.5714
465,273099382,40.6429
466,101139590,40.7164
467,273099382,40.7889
468,119919237,40.8904
469,71919237,40.9923
470,19295170,41.093
471,515523,41.1869
472,515523,41.2891
473,515523,41.3909
474,515523,41.4912
475,515523,41.5932
476,515523,41.695
477,515523,41.7964
478,515523,41.8985
479,515523,41.9983
480,515523,42.1007
481,515523,42.1969
482,515523,42.2969
483,515523,42.3991
484,515523,42.4991
485,515523,42.6013
486,142475315,42.6716
487,515523,42.7415
488,142475315,42.8109
489,382986171,42.8808
490,142475315,42.9502
491,382986171,43.0152
492,142475315,43.0858
493,382986171,43.169
494,142475315,43.2411
495,382986171,43.3111
496,142475315,43.3832
497,382986171,43.4538
498,142475315,43.5241
499,382986171,43.5953
500,142475315,43.6671
501,382986171,43.7346
502,142475315,43.8059
503,382986171,43.8784
504,163417265,43.9801
505,115417265,44.0811
506,67417265,44.1829
507,46475315,44.2869
508,30295170,44.3887
509,515523,44.49
510,515523,44.5915
511,515523,44.6879
512,515523,44.788
513,515523,44.8899
514,515523,44.9917
515,515523,45.0933
516,515523,45.1951
517,515523,45.296
518,515523,45.3979
519,515523,45.4991
520,515523,45.6018
521,515523,45.6957
522,101139590,45.7657
523,515523,45.8342
524,101139590,45.9038
525,309099382,45.9736
526,101139590,46.0441
527,309099382,46.1158
528,101139590,46.1863
529,309099382,46.2568
530,101139590,46.3281
531,309099382,46.3952
532,101139590,46.4652
533,309099382,46.5363
534,101139590,46.6079
535,309099382,46.6802
536,101139590,46.7526
537,309099382,46.8261
538,101139590,46.8973
539,309099382,46.971
540,125919237,47.0721
541,77919237,47.1661
542,25295170,47.2684
543,515523,47.3703
544,515523,47.4721
545,515523,47.5741
546,515523,47.6761
547,515523,47.7784
548,515523,47.8788
549,515523,47.9804
550,515523,48.0822
551,515523,48.1786
552,515523,48.2804
553,515523,48.3823
554,515523,48.484
555,515523,48.5861
556,515523,48.6878
557,515523,48.7875
558,178475315,48.8575
559,515523,48.9366
560,178475315,49.0068
561,418986171,49.0725
562,178475315,49.1433
563,418986171,49.2138
564,178475315,49.2846
565,418986171,49.3566
566,178475315,49.4284
567,418986171,49.4998
568,178475315,49.5715
569,418986171,49.6422
570,178475315,49.7139
571,418986171,49.7799
572,178475315,49.8532
573,418986171,49.9259
574,178475315,49.9984
575,418986171,50.0699
576,199417265,50.1719
577,41237120,50.2727
578,20295170,50.3751
579,515523,50.4761
580,515523,50.5785
581,515523,50.675
582,515523,50.7773
583,515523,50.88
584,515523,50.9825
585,515523,51.0852
586,515523,51.1881
587,515523,51.2912
588,515523,51.3936
589,515523,51.4935
590,515523,51.5941
591,515523,51.6908
592,515523,51.7916
593,515523,51.8949
594,101139590,51.9649
595,515523,52.0348
596,101139590,52.105
597,249099382,52.175
598,101139590,52.2441
599,249099382,52.3133
600,101139590,52.3855
601,249099382,52.4512
602,101139590,52.5213
603,249099382,52.5923
604,101139590,52.6637
605,249099382,52.7352
606,101139590,52.8069
607,249099382,52.8782
608,101139590,52.95
609,249099382,53.0223
610,101139590,53.0946
611,249099382,53.1626
612,201099382,53.2635
613,148475315,53.366
614,100475315,53.4685
615,52475315,53.5709
616,31295170,53.6722
617,515523,53.7749
618,515523,53.8771
619,515523,53.9796
620,515523,54.0852
621,515523,54.1817
622,515523,54.2825
623,515523,54.3833
624,515523,54.4844
625,515523,54.5851
626,515523,54.6877
627,515523,54.79
628,515523,54.8905
629,515523,54.9932
630,214475315,55.0633
631,515523,55.1287
632,214475315,55.1993
633,454986171,55.27
634,214475315,55.3406
635,454986171,55.4143
636,214475315,55.4845
637,454986171,55.5553
638,214475315,55.626
639,454986171,55.6984
640,214475315,55.7702
641,454986171,55.8376
642,214475315,55.9087
643,454986171,55.9817
644,214475315,56.053
645,454986171,56.1244
646,214475315,56.1965
647,454986171,56.2684
648,235417265,56.3685
649,47237120,56.4714
650,21457473,56.5738
651,515523,56.6703
652,515523,56.7732
653,515523,56.8763
654,515523,56.9789
655,515523,57.0813
656,515523,57.1839
657,515523,57.2853
658,515523,57.3878
659,515523,57.4902
660,515523,57.5921
661,515523,57.686
662,515523,57.7864
663,515523,57.8889
664,515523,57.9894
665,515523,58.0941
666,101139590,58.1647
667,515523,58.2345
668,101139590,58.3046
669,285099382,58.3743
670,101139590,58.4442
671,285099382,58.5088
672,101139590,58.5781
673,285099382,58.6469
674,101139590,58.716
675,285099382,58.7851
676,101139590,58.8554
677,285099382,58.926
678,101139590,58.9968
679,285099382,59.0665
680,101139590,59.1365
681,285099382,59.2023
682,101139590,59.2769
683,285099382,59.3498
684,121919237,59.4545
685,73919237,59.5571
686,21295170,59.6583
687,515523,59.759
688,515523,59.8591
689,515523,59.9623
690,515523,60.0635
691,515523,60.1576
692,515523,60.2599
693,515523,60.3602
694,515523,60.4622
695,515523,60.5627
696,515523,60.6632
697,515523,60.7665
698,515523,60.868
699,515523,60.9705
700,515523,61.0731
701,515523,61.1718
702,154475315,61.2415
703,515523,61.3101
704,154475315,61.3814
705,394986171,61.4512
706,154475315,61.5218
707,394986171,61.5933
708,154475315,61.6645
709,394986171,61.7345
710,154475315,61.8054
711,394986171,61.8714
712,154475315,61.9442
713,394986171,62.0151
714,154475315,62.0872
715,394986171,62.1586
716,154475315,62.2302
717,394986171,62.3019
718,154475315,62.374
719,394986171,62.4466
720,175417265,62.549
721,127417265,62.6454
722,79417265,62.7477
723,53237120,62.8492
724,21457473,62.9517
725,515523,63.0541
726,515523,63.1567
727,515523,63.2593
728,515523,63.3615
729,515523,63.4638
730,515523,63.5642
731,515523,63.6582
732,515523,63.7603
733,515523,63.8611
734,515523,63.9635
735,515523,64.0646
736,515523,64.167
737,515523,64.2677
738,101139590,64.3376
739,515523,64.4093
740,101139590,64.4795
741,321099382,64.5455
742,101139590,64.6153
743,321099382,64.6903
744,101139590,64.7603
745,321099382,64.8328
746,101139590,64.9033
747,321099382,64.9744
748,101139590,65.0461
749,321099382,65.1173
750,101139590,65.1889
751,321099382,65.2567
752,101139590,65.3278
753,321099382,65.4009
754,101139590,65.4729
755,321099382,65.5447
756,127919237,65.6462
757,79919237,65.7479
758,27295170,65.8507
759,515523,65.9515
760,515523,66.053
761,515523,66.1469
762,515523,66.2493
763,515523,66.35
764,515523,66.4528
765,515523,66.5554
766,515523,66.6582
767,515523,66.7592
768,515523,66.86
769,515523,66.9632
770,515523,67.0657
771,515523,67.1622
772,515523,67.2654
773,515523,67.3687
774,190475315,67.438
775,515523,67.506
776,190475315,67.5747
777,430986171,67.6437
778,190475315,67.7123
779,430986171,67.7808
780,190475315,67.8502
781,430986171,67.9151
782,190475315,67.9846
783,430986171,68.0543
784,190475315,68.1237
785,430986171,68.193
786,190475315,68.2626
787,430986171,68.334
788,190475315,68.4043
789,430986171,68.4744
790,190475315,68.5446
791,430986171,68.6106
792,211417265,68.7101
793,43237120,68.8103
794,21457473,68.9127
795,515523,69.0154
796,515523,69.118
797,515523,69.2206
798,515523,69.3217
799,515523,69.4245
800,515523,69.5259
801,515523,69.62
802,515523,69.7221
803,515523,69.8247
804,515523,69.9285
805,515523,70.0314
806,515523,70.1339
807,515523,70.2367
808,515523,70.339
809,515523,70.4398
810,101139590,70.5083
811,515523,70.572
812,101139590,70.6405
813,261099382,70.7106
814,101139590,70.7793
815,261099382,70.8486
816,101139590,70.9177
817,261099382,70.9867
818,101139590,71.0585
819,261099382,71.1277
820,101139590,71.197
821,261099382,71.263
822,101139590,71.3326
823,261099382,71.4022
824,101139590,71.4727
825,261099382,71.5438
826,101139590,71.6139
827,261099382,71.6844
828,174156223,71.7842
829,101139590,71.8844
830,53139590,71.9843
831,515523,72.0783
832,515523,72.1781
833,515523,72.278
834,515523,72.3777
835,515523,72.4781
836,515523,72.5786
837,515523,72.6786
838,515523,72.7789
839,515523,72.8793
840,515523,72.9793
841,515523,73.0755
842,515523,73.1784
843,515523,73.281
844,515523,73.3841
845,515523,73.4855
846,130475315,73.5551
847,515523,73.6236
848,130475315,73.694
849,370986171,73.7632
850,130475315,73.8338
851,370986171,73.899
852,130475315,73.9697
853,370986171,74.0398
854,130475315,74.1097
855,370986171,74.1806
856,130475315,74.2596
857,370986171,74.3306
858,130475315,74.402
859,370986171,74.4741
860,130475315,74.546
861,370986171,74.6123
862,130475315,74.6844
863,370986171,74.7565
864,151417265,74.8585
865,103417265,74.9614
866,57237120,75.0639
867,36295170,75.1664
868,28295170,75.2686
869,515523,75.3709
870,515523,75.4731
871,515523,75.5673
872,515523,75.6687
873,515523,75.7692
874,515523,75.8714
875,515523,75.9725
876,515523,76.0738
877,515523,76.1786
878,515523,76.281
879,515523,76.3838
880,515523,76.4844
881,515523,76.5785
882,101139590,76.6485
883,515523,76.7177
884,101139590,76.7876
885,297099382,76.8583
886,101139590,76.929
887,297099382,76.9993
888,101139590,77.0696
889,297099382,77.1417
890,101139590,77.2132
891,297099382,77.2797
892,101139590,77.3507
893,297099382,77.422
894,101139590,77.4929
895,297099382,77.5639
896,101139590,77.6359
897,297099382,77.7078
898,101139590,77.7797
899,297099382,77.8515
900,123919237,77.9535
901,75919237,78.0476
902,23295170,78.1481
903,515523,78.2508
904,515523,78.3531
905,515523,78.455
906,515523,78.5554
907,515523,78.6581
908,515523,78.7592
909,515523,78.8619
910,515523,78.9644
911,515523,79.0609
912,515523,79.1631
913,515523,79.2653
914,515523,79.369
915,515523,79.4722
916,515523,79.5749
917,515523,79.6755
918,166475315,79.7458
919,515523,79.815
920,166475315,79.8859
921,406986171,79.9508
922,166475315,80.0217
923,406986171,80.0913
924,166475315,80.1621
925,406986171,80.2328
926,166475315,80.3045
927,406986171,80.3761
928,166475315,80.4489
929,406986171,80.5204
930,166475315,80.5918
931,406986171,80.659
932,166475315,80.7316
933,406986171,80.8037
934,166475315,80.8776
935,406986171,80.9504
936,187417265,81.0524
937,39237120,81.155
938,18295170,81.2593
939,515523,81.3621
940,515523,81.4646
941,515523,81.5619
942,515523,81.6634
943,515523,81.7669
944,515523,81.8697
945,515523,81.9722
946,515523,82.0733
947,515523,82.1761
948,515523,82.2785
949,515523,82.3816
950,515523,82.4825
951,515523,82.5837
952,515523,82.6862
953,515523,82.7895
954,101139590,82.8597
955,515523,82.9296
956,101139590,82.9998
957,237099382,83.0713
958,101139590,83.1421
959,237099382,83.2129
960,101139590,83.2835
961,237099382,83.35
962,101139590,83.4224
963,237099382,83.4929
964,101139590,83.5638
965,237099382,83.6355
966,101139590,83.7072
967,237099382,83.7802
968,101139590,83.8539
969,237099382,83.9266
970,101139590,83.9987
971,237099382,84.0656
972,189099382,84.1675
973,136475315,84.2702
974,88475315,84.3725
975,40475315,84.4736
976,29295170,84.5761
977,515523,84.6766
978,515523,84.7773
979,515523,84.88
980,515523,84.9824
981,515523,85.0788
982,515523,85.1812
983,515523,85.2834
984,515523,85.3868
985,515523,85.4894
986,515523,85.5919
987,515523,85.6944
988,515523,85.7964
989,515523,85.8995
990,202475315,85.9687
991,515523,86.0325
992,202475315,86.1017
993,442986171,86.1719
994,202475315,86.2413
995,442986171,86.3126
996,202475315,86.3837
997,442986171,86.4546
998,202475315,86.5246
999,442986171,86.5954
1000,202475315,86.6666
1001,442986171,86.7324
1002,202475315,86.8043
1003,442986171,86.8759
1004,202475315,86.9476
1005,442986171,87.0192
1006,202475315,87.0914
1007,442986171,87.1633
1008,223417265,87.2649
1009,45237120,87.3675
1010,21457473,87.4701
1011,515523,87.5666
1012,515523,87.6669
1013,515523,87.7678
1014,515523,87.8686
1015,515523,87.971
1016,515523,88.0738
1017,515523,88.1765
1018,515523,88.2787
1019,515523,88.3828
1020,515523,88.4836
1021,515523,88.5776
1022,515523,88.68
1023,515523,88.7827
1024,515523,88.8949
1025,515523,88.9968
1026,101139590,89.0683
1027,515523,89.1379
1028,101139590,89.2071
1029,273099382,89.2771
1030,101139590,89.3491
1031,273099382,89.414
1032,101139590,89.4849
1033,273099382,89.5556
1034,101139590,89.6252
1035,273099382,89.6975
1036,101139590,89.769
1037,273099382,89.8407
1038,101139590,89.9131
1039,273099382,89.9852
1040,101139590,90.0574
1041,273099382,90.1251
1042,101139590,90.1971
1043,273099382,90.2699
1044,119919237,90.3744
1045,71919237,90.4773
1046,19295170,90.5797
1047,515523,90.682
1048,515523,90.7842
1049,515523,90.8857
1050,515523,90.9888
1051,515523,91.0854
1052,515523,91.1876
1053,515523,91.2905
1054,515523,91.3933
1055,515523,91.496
1056,515523,91.5969
1057,515523,91.6977
1058,515523,91.7981
1059,515523,91.9012
1060,515523,92.0038
1061,515523,92.1004
1062,142475315,92.1704
1063,515523,92.2392
1064,142475315,92.3086
1065,382986171,92.3788
1066,142475315,92.4485
1067,382986171,92.5192
1068,142475315,92.5892
1069,382986171,92.6599
1070,142475315,92.7315
1071,382986171,92.7971
1072,142475315,92.8686
1073,382986171,92.9398
1074,142475315,93.0116
1075,382986171,93.0831
1076,142475315,93.1548
1077,382986171,93.228
1078,142475315,93.2992
1079,382986171,93.3716
1080,163417265,93.476
1081,115417265,93.5726
1082,67417265,93.675
1083,46475315,93.7756
1084,30295170,93.8781
1085,515523,93.9789
1086,515523,94.0796
1087,515523,94.1802
1088,515523,94.2826
1089,515523,94.3854
1090,515523,94.4862
1091,515523,94.5801
1092,515523,94.6825
1093,515523,94.7841
1094,515523,94.8861
1095,515523,94.9885
1096,515523,95.09
1097,515523,95.1924
1098,101139590,95.2628
1099,515523,95.3315
1100,101139590,95.4019
1101,309099382,95.4678
1102,101139590,95.5369
1103,309099382,95.6077
1104,101139590,95.6785
1105,309099382,95.7498
1106,101139590,95.8204
1107,309099382,95.8916
1108,101139590,95.9621
1109,309099382,96.035
1110,101139590,96.1065
1111,309099382,96.1734
1112,101139590,96.2452
1113,309099382,96.3158
1114,101139590,96.3877
1115,309099382,96.4598
1116,125919237,96.5598
1117,77919237,96.6627
1118,25295170,96.7637
1119,515523,96.8665
1120,515523,96.9688
1121,515523,97.0654
1122,515523,97.1678
1123,515523,97.2705
1124,515523,97.3737
1125,515523,97.4771
1126,515523,97.5777
1127,515523,97.6788
1128,515523,97.7796
1129,515523,97.8828
1130,515523,97.9836
1131,515523,98.0777
1132,515523,98.1801
1133,515523,98.2831
1134,178475315,98.354
1135,515523,98.4237
1136,178475315,98.4941
1137,418986171,98.5744
1138,178475315,98.6439
1139,418986171,98.7132
1140,178475315,98.7832
1141,418986171,98.8497
1142,178475315,98.9211
1143,418986171,98.9923
1144,178475315,99.0643
1145,418986171,99.1367
1146,178475315,99.2082
1147,418986171,99.2804
1148,178475315,99.3524
1149,418986171,99.4238
1150,178475315,99.4952
1151,418986171,99.5631
1152,199417265,99.6651
1153,41237120,99.766
1154,20295170,99.8665
1155,515523,99.9688
1156,515523,100.0693
1157,515523,100.1697
1158,515523,100.2718
1159,515523,100.3744
1160,515523,100.4757
1161,515523,100.5698
1162,515523,100.6703
1163,515523,100.7713
1164,515523,100.8736
1165,515523,100.9748
1166,515523,101.0753
1167,515523,101.178
1168,515523,101.2798
1169,515523,101.3808
1170,101139590,101.4491
1171,515523,101.513
1172,101139590,101.5825
1173,249099382,101.6514
1174,101139590,101.7229
1175,249099382,101.7934
1176,101139590,101.864
1177,249099382,101.9361
1178,101139590,102.0058
1179,249099382,102.0767
1180,101139590,102.1467
1181,249099382,102.2125
1182,101139590,102.2842
1183,249099382,102.357
1184,101139590,102.4287
1185,249099382,102.5004
1186,101139590,102.5722
1187,249099382,102.6453
1188,201099382,102.7474
1189,148475315,102.8522
1190,100475315,102.9547
1191,52475315,103.0513
1192,31295170,103.1535
1193,515523,103.2562
1194,515523,103.3577
1195,515523,103.4585
1196,515523,103.5589
1197,515523,103.659
1198,515523,103.7588
1199,515523,103.8593
1200,515523,103.9592
1201,515523,104.0554
1202,515523,104.1557
1203,515523,104.2557
1204,515523,104.3556
1205,515523,104.4556
1206,214475315,104.5239
1207,515523,104.5918
1208,214475315,104.6604
1209,454986171,104.7293
1210,214475315,104.7979
1211,454986171,104.8624
1212,214475315,104.9311
1213,454986171,104.9998
1214,214475315,105.0695
1215,454986171,105.1387
1216,214475315,105.2081
1217,454986171,105.2782
1218,214475315,105.3482
1219,454986171,105.4185
1220,214475315,105.4887
1221,454986171,105.5545
1222,214475315,105.6248
1223,454986171,105.6951
1224,235417265,105.7946
1225,47237120,105.8951
1226,21457473,105.995
1227,515523,106.0952
1228,515523,106.1953
1229,515523,106.2955
1230,515523,106.3967
1231,515523,106.4908
1232,515523,106.5911
1233,515523,106.6914
1234,515523,106.7912
1235,515523,106.8916
1236,515523,106.9917
1237,515523,107.0914
1238,515523,107.1916
1239,515523,107.2924
1240,515523,107.3927
1241,515523,107.4895
1242,101139590,107.5591
1243,515523,107.6268
1244,101139590,107.6956
1245,285099382,107.7651
1246,101139590,107.834
1247,285099382,107.9065
1248,101139590,107.9771
1249,285099382,108.0476
1250,101139590,108.119
1251,285099382,108.1849
1252,101139590,108.2575
1253,285099382,108.3274
1254,101139590,108.3986
1255,285099382,108.4699
1256,101139590,108.5411
1257,285099382,108.6126
1258,101139590,108.6863
1259,285099382,108.7576
1260,121919237,108.8603
1261,73919237,108.9546
1262,21295170,109.0554
1263,515523,109.1582
1264,515523,109.2624
1265,515523,109.363
1266,515523,109.4641
1267,515523,109.5645
1268,515523,109.6648
1269,515523,109.7655
1270,515523,109.8659
1271,515523,109.96
1272,515523,110.0626
1273,515523,110.1628
1274,515523,110.2629
1275,515523,110.3632
1276,515523,110.4659
1277,515523,110.5684
1278,154475315,110.6386
1279,515523,110.7086
1280,154475315,110.7789
1281,394986171,110.8433
1282,154475315,110.9143
1283,394986171,110.9848
1284,154475315,111.0563
1285,394986171,111.1269
1286,154475315,111.1979
1287,394986171,111.2694
1288,154475315,111.3398
1289,394986171,111.4092
1290,154475315,111.4789
1291,394986171,111.5445
1292,154475315,111.6143
1293,394986171,111.6859
1294,154475315,111.7564
1295,394986171,111.8264
1296,175417265,111.9267
1297,127417265,112.0266
1298,79417265,112.1262
1299,53237120,112.2264
1300,21457473,112.3265
1301,515523,112.4221
1302,515523,112.5237
1303,515523,112.6235
1304,515523,112.7229
1305,515523,112.8231
1306,515523,112.9238
1307,515523,113.0242
1308,515523,113.124
1309,515523,113.2238
1310,515523,113.3237
1311,515523,113.4178
1312,515523,113.5175
1313,515523,113.6178
1314,101139590,113.6862
1315,515523,113.7542
1316,101139590,113.8229
1317,321099382,113.8924
1318,101139590,113.961
1319,321099382,114.0306
1320,101139590,114.0995
1321,321099382,114.1644
1322,101139590,114.2334
1323,321099382,114.3043
1324,101139590,114.3758
1325,321099382,114.4483
1326,101139590,114.519
1327,321099382,114.5896
1328,101139590,114.661
1329,321099382,114.7329
1330,101139590,114.805
1331,321099382,114.8749
1332,127919237,114.9773
1333,79919237,115.0799
1334,27295170,115.1822
1335,515523,115.2831
1336,515523,115.3862
1337,515523,115.487
1338,515523,115.5894
1339,515523,115.6919
1340,515523,115.7959
1341,515523,115.8903
1342,515523,115.991
1343,515523,116.0928
1344,515523,116.1956
1345,515523,116.2971
1346,515523,116.3993
1347,515523,116.5013
1348,515523,116.6036
1349,515523,116.7064
1350,190475315,116.7755
1351,515523,116.8394
1352,190475315,116.9089
1353,430986171,116.981
1354,190475315,117.0516
1355,430986171,117.122
1356,190475315,117.193
1357,430986171,117.2639
1358,190475315,117.3346
1359,430986171,117.4072
1360,190475315,117.479
1361,430986171,117.5463
1362,190475315,117.6245
1363,430986171,117.6968
1364,190475315,117.7687
1365,430986171,117.8391
1366,190475315,117.9112
1367,430986171,117.9839
1368,211417265,118.086
1369,43237120,118.1888
1370,21457473,118.2907
1371,515523,118.386
1372,515523,118.4871
1373,515523,118.5888
1374,515523,118.6897
1375,515523,118.7908
1376,515523,118.8932
1377,515523,118.996
1378,515523,119.0985
1379,515523,119.2019
1380,515523,119.3046
1381,515523,119.4013
1382,515523,119.5021
1383,515523,119.6047
1384,515523,119.7055
1385,515523,119.8076
1386,101139590,119.877
1387,515523,119.9465
1388,101139590,120.0166
1389,261099382,120.0851
1390,101139590,120.1555
1391,261099382,120.2217
1392,101139590,120.2938
1393,261099382,120.3644
1394,101139590,120.4353
1395,261099382,120.5062
1396,101139590,120.5788
1397,261099382,120.65
1398,101139590,120.722
1399,261099382,120.7931
1400,101139590,120.8646
1401,261099382,120.9328
1402,101139590,121.0049
1403,261099382,121.0776
1404,174156223,121.1797
1405,101139590,121.2831
1406,53139590,121.3869
1407,515523,121.4877
1408,515523,121.59
1409,515523,121.6911
1410,515523,121.7919
1411,515523,121.8862
1412,515523,121.9887
1413,515523,122.0905
1414,515523,122.1927
1415,515523,122.2954
1416,515523,122.3991
1417,515523,122.503
1418,515523,122.6034
1419,515523,122.7056
1420,515523,122.808
1421,515523,122.9048
1422,130475315,122.9747
1423,515523,123.0447
1424,130475315,123.1149
1425,370986171,123.1848
1426,130475315,123.2558
1427,370986171,123.3257
1428,130475315,123.3982
1429,370986171,123.4688
1430,130475315,123.5386
1431,370986171,123.6041
1432,130475315,123.6757
1433,370986171,123.7469
1434,130475315,123.8177
1435,370986171,123.8893
1436,130475315,123.9608
1437,370986171,124.0325
1438,130475315,124.1039
1439,370986171,124.1761
1440,151417265,124.2784
1441,103417265,124.3732
1442,57237120,124.4743
1443,36295170,124.5771
1444,28295170,124.6796
1445,515523,124.7819
1446,515523,124.8846
1447,515523,124.9871
1448,515523,125.0893
1449,515523,125.192
1450,515523,125.2953
1451,515523,125.392
1452,515523,125.4948
1453,515523,125.5959
1454,515523,125.6986
1455,515523,125.8015
1456,515523,125.9043
1457,515523,126.005
1458,101139590,126.0743
1459,515523,126.1441
1460,101139590,126.2145
1461,297099382,126.2791
1462,101139590,126.3497
1463,297099382,126.4201
1464,101139590,126.4906
1465,297099382,126.5601
1466,101139590,126.631
1467,297099382,126.7019
1468,101139590,126.7732
1469,297099382,126.8443
1470,101139590,126.9169
1471,297099382,126.9832
1472,101139590,127.0549
1473,297099382,127.1279
1474,101139590,127.2028
1475,297099382,127.2759
1476,123919237,127.3787
1477,75919237,127.4794
1478,23295170,127.58
1479,515523,127.6805
1480,515523,127.7828
1481,515523,127.877
1482,515523,127.9778
1483,515523,128.0804
1484,515523,128.1829
1485,515523,128.2852
1486,515523,128.3876
1487,515523,128.4886
1488,515523,128.5908
1489,515523,128.6933
1490,515523,128.7956
1491,515523,128.8926
1492,515523,128.9951
1493,515523,129.0976
1494,166475315,129.1677
1495,515523,129.2377
1496,166475315,129.3071
1497,406986171,129.3774
1498,166475315,129.4494
1499,406986171,129.5198
1500,166475315,129.5914
1501,406986171,129.6568
1502,166475315,129.7272
1503,406986171,129.7976
1504,166475315,129.8674
1505,406986171,129.9375
1506,166475315,130.0077
1507,406986171,130.0786
1508,166475315,130.1485
1509,406986171,130.2195
1510,166475315,130.2896
1511,406986171,130.357
1512,187417265,130.4572
1513,39237120,130.5574
1514,18295170,130.6574
1515,515523,130.7573
1516,515523,130.8575
1517,515523,130.9579
1518,515523,131.0578
1519,515523,131.1579
1520,515523,131.2581
1521,515523,131.3522
1522,515523,131.4518
1523,515523,131.5519
1524,515523,131.6519
1525,515523,131.7523
1526,515523,131.8525
1527,515523,131.9523
1528,515523,132.0522
1529,515523,132.1522
1530,101139590,132.2207
1531,515523,132.2846
1532,101139590,132.3596
1533,237099382,132.4301
1534,101139590,132.4991
1535,237099382,132.5682
1536,101139590,132.6369
1537,237099382,132.7062
1538,101139590,132.7755
1539,237099382,132.8447
1540,101139590,132.9145
1541,237099382,132.9799
1542,101139590,133.0495
1543,237099382,133.1202
1544,101139590,133.1908
1545,237099382,133.2619
1546,101139590,133.3332
1547,237099382,133.4057
1548,189099382,133.5084
1549,136475315,133.6119
1550,88475315,133.7127
1551,40475315,133.8072
1552,29295170,133.91
1553,515523,134.0132
1554,515523,134.1165
1555,515523,134.2186
1556,515523,134.3191
1557,515523,134.4211
1558,515523,134.5224
1559,515523,134.6249
1560,515523,134.7249
1561,515523,134.8198
1562,515523,134.9221
1563,515523,135.0229
1564,515523,135.1229
1565,515523,135.2248
1566,202475315,135.2933
1567,515523,135.3622
1568,202475315,135.4329
1569,442986171,135.5026
1570,202475315,135.5731
1571,442986171,135.6385
1572,202475315,135.7086
1573,442986171,135.7788
1574,202475315,135.8493
1575,442986171,135.9199
1576,202475315,135.99
1577,442986171,136.06
1578,202475315,136.1304
1579,442986171,136.2029
1580,202475315,136.2746
1581,442986171,136.3413
1582,202475315,136.4147
1583,442986171,136.4857
1584,223417265,136.5897
1585,45237120,136.7013
1586,21457473,136.8007
1587,515523,136.9022
1588,515523,137.0032
1589,515523,137.1055
1590,515523,137.2066
1591,515523,137.3015
1592,515523,137.4006
1593,515523,137.502
1594,515523,137.6031
1595,515523,137.7046
1596,515523,137.8058
1597,515523,137.907
1598,515523,138.0062
1599,515523,138.1062
1600,515523,138.2072
1601,515523,138.3036
1602,101139590,138.3731
1603,515523,138.4425
1604,101139590,138.5126
1605,273099382,138.5814
1606,101139590,138.6518
1607,273099382,138.7221
1608,101139590,138.7915
1609,273099382,138.8622
1610,101139590,138.9324
1611,273099382,138.9982
1612,101139590,139.0687
1613,273099382,139.1393
1614,101139590,139.2092
1615,273099382,139.2803
1616,101139590,139.3535
1617,273099382,139.4251
1618,101139590,139.4964
1619,273099382,139.5694
1620,119919237,139.6681
1621,71919237,139.7618
1622,19295170,139.8613
1623,515523,139.9609
1624,515523,140.062
1625,515523,140.1621
1626,515523,140.2633
1627,515523,140.3633
1628,515523,140.4628
1629,515523,140.5628
1630,515523,140.6645
1631,515523,140.7624
1632,515523,140.8616
1633,515523,140.962
1634,515523,141.0617
1635,515523,141.1634
1636,515523,141.2665
1637,515523,141.3693
1638,142475315,141.4385
1639,515523,141.5083
1640,142475315,141.5801
1641,382986171,141.6463
1642,142475315,141.7172
1643,382986171,141.7879
1644,142475315,141.8575
1645,382986171,141.9357
1646,142475315,142.008
1647,382986171,142.0799
1648,142475315,142.1523
1649,382986171,142.2246
1650,142475315,142.2969
1651,382986171,142.3639
1652,142475315,142.4352
1653,382986171,142.5063
1654,142475315,142.578
1655,382986171,142.6496
1656,163417265,142.7506
1657,115417265,142.8521
1658,67417265,142.9526
1659,46475315,143.053
1660,30295170,143.1539
1661,515523,143.2499
1662,515523,143.3491
1663,515523,143.4502
1664,515523,143.5494
1665,515523,143.6487
1666,515523,143.7477
1667,515523,143.8489
1668,515523,143.9502
1669,515523,144.0514
1670,515523,144.1513
1671,515523,144.2451
1672,515523,144.3451
1673,515523,144.4463
1674,101139590,144.5155
1675,515523,144.5848
1676,101139590,144.6548
1677,309099382,144.7256
1678,101139590,144.7957
1679,309099382,144.8657
1680,101139590,144.936
1681,309099382,145.0008
1682,101139590,145.0713
1683,309099382,145.1426
1684,101139590,145.2124
1685,309099382,145.2827
1686,101139590,145.3527
1687,309099382,145.4247
1688,101139590,145.4956
1689,309099382,145.5659
1690,101139590,145.6377
1691,309099382,145.7054
1692,125919237,145.8061
1693,77919237,145.9066
1694,25295170,146.0058
1695,515523,146.1072
1696,515523,146.2084
1697,515523,146.3097
1698,515523,146.4103
1699,515523,146.5098
1700,515523,146.6096
1701,515523,146.7037
1702,515523,146.8035
1703,515523,146.9109
1704,515523,147.011
1705,515523,147.1108
1706,515523,147.2105
1707,515523,147.3108
1708,515523,147.4107
1709,515523,147.5105
1710,178475315,147.5797
1711,515523,147.6426
1712,178475315,147.7107
1713,418986171,147.7798
1714,178475315,147.8497
1715,418986171,147.9187
1716,178475315,147.9878
1717,418986171,148.0563
1718,178475315,148.1251
1719,418986171,148.1945
1720,178475315,148.2637
1721,418986171,148.3287
1722,178475315,148.3995
1723,418986171,148.4695
1724,178475315,148.5392
1725,418986171,148.6094
1726,178475315,148.6807
1727,418986171,148.7519
1728,199417265,148.8505
1729,41237120,148.9503
1730,20295170,149.0493
1731,515523,149.1434
1732,515523,149.2424
1733,515523,149.3417
1734,515523,149.4423
1735,515523,149.5412
1736,515523,149.64
1737,515523,149.7391
1738,515523,149.8378
1739,515523,149.9368
1740,515523,150.0355
1741,515523,150.131
1742,515523,150.2299
1743,515523,150.329
1744,515523,150.4289
1745,515523,150.5296
1746,101139590,150.5991
1747,515523,150.6681
1748,101139590,150.7372
1749,249099382,150.8068
1750,101139590,150.8757
1751,249099382,150.9402
1752,101139590,151.009
1753,249099382,151.0781
1754,101139590,151.148
1755,249099382,151.217
1756,101139590,151.2867
1757,249099382,151.3571
1758,101139590,151.4287
1759,249099382,151.4998
1760,101139590,151.579
1761,249099382,151.648
1762,101139590,151.7187
1763,249099382,151.7894
1764,201099382,151.8895
1765,148475315,151.9892
1766,100475315,152.0886
1767,52475315,152.1892
1768,31295170,152.2895
1769,515523,152.3897
1770,515523,152.4898
1771,515523,152.5868
1772,515523,152.6868
1773,515523,152.7878
1774,515523,152.8863
1775,515523,152.9852
1776,515523,153.0837
1777,515523,153.1824
1778,515523,153.2813
1779,515523,153.3803
1780,515523,153.4791
1781,515523,153.5728
1782,214475315,153.6407
1783,515523,153.7085
1784,214475315,153.777
1785,454986171,153.8457
1786,214475315,153.9145
1787,454986171,153.9846
1788,214475315,154.0539
1789,454986171,154.1227
1790,214475315,154.1919
1791,454986171,154.2567
1792,214475315,154.3267
1793,454986171,154.3967
1794,214475315,154.4676
1795,454986171,154.5375
1796,214475315,154.6073
1797,454986171,154.6774
1798,214475315,154.7479
1799,454986171,154.8183
1800,235417265,154.9175
1801,47237120,155.0111
1802,21457473,155.1094
1803,515523,155.2085
1804,515523,155.3071
1805,515523,155.4059
1806,515523,155.5046
1807,515523,155.6034
1808,515523,155.702
1809,515523,155.8008
1810,515523,155.9013
1811,515523,155.9954
1812,515523,156.094
1813,515523,156.1942
1814,515523,156.2936
1815,515523,156.3935
1816,515523,156.4926
1817,515523,156.5918
1818,101139590,156.6613
1819,515523,156.7302
1820,101139590,156.8003
1821,285099382,156.8663
1822,101139590,156.9375
1823,285099382,157.0071
1824,101139590,157.0766
1825,285099382,157.1549
1826,101139590,157.2256
1827,285099382,157.2954
1828,101139590,157.3656
1829,285099382,157.4367
1830,101139590,157.5082
1831,285099382,157.5744
1832,101139590,157.6461
1833,285099382,157.719
1834,101139590,157.7921
1835,285099382,157.8668
1836,121919237,157.9701
1837,73919237,158.0738
1838,21295170,158.1745
1839,515523,158.2741
1840,515523,158.3742
1841,515523,158.4678
1842,515523,158.5692
1843,515523,158.6689
1844,515523,158.7683
1845,515523,158.8703
1846,515523,158.9717
1847,515523,159.0718
1848,515523,159.1731
1849,515523,159.2738
1850,515523,159.3737
1851,515523,159.4716
1852,515523,159.5705
1853,515523,159.6721
1854,154475315,159.741
1855,515523,159.8106
1856,154475315,159.88
1857,394986171,159.95
1858,154475315,160.0202
1859,394986171,160.0904
1860,154475315,160.1613
1861,394986171,160.2279
1862,154475315,160.2986
1863,394986171,160.3709
1864,154475315,160.441
1865,394986171,160.5122
1866,154475315,160.584
1867,394986171,160.6555
1868,154475315,160.7268
1869,394986171,160.7978
1870,154475315,160.8695
1871,394986171,160.9359
1872,175417265,161.0351
1873,127417265,161.1341
1874,79417265,161.2325
1875,53237120,161.3314
1876,21457473,161.4298
1877,515523,161.5284
1878,515523,161.6268
1879,515523,161.7264
1880,515523,161.8249
1881,515523,161.9186
1882,515523,162.0168
1883,515523,162.1153
1884,515523,162.2174
1885,515523,162.3187
1886,515523,162.4193
1887,515523,162.5202
1888,515523,162.6208
1889,515523,162.7207
1890,101139590,162.7895
1891,515523,162.8528
1892,101139590,162.921
1893,321099382,162.9897
1894,101139590,163.0588
1895,321099382,163.1281
1896,101139590,163.1966
1897,321099382,163.2662
1898,101139590,163.3366
1899,321099382,163.408
1900,101139590,163.4811
1901,321099382,163.5497
1902,101139590,163.6229
1903,321099382,163.6951
1904,101139590,163.7671
1905,321099382,163.8387
1906,101139590,163.9104
1907,321099382,163.9822
1908,127919237,164.0829
1909,79919237,164.1827
1910,27295170,164.2838
1911,515523,164.3772
1912,515523,164.4772
1913,515523,164.5767
1914,515523,164.6775
1915,515523,164.778
1916,515523,164.8775
1917,515523,164.9778
1918,515523,165.079
1919,515523,165.1804
1920,515523,165.2809
1921,515523,165.3744
1922,515523,165.4753
1923,515523,165.5767
1924,515523,165.6775
1925,515523,165.7777
1926,190475315,165.8471
1927,515523,165.9167
1928,190475315,165.9865
1929,430986171,166.0565
1930,190475315,166.1268
1931,430986171,166.1929
1932,190475315,166.2631
1933,430986171,166.3449
1934,190475315,166.4153
1935,430986171,166.4867
1936,190475315,166.5575
1937,430986171,166.6282
1938,190475315,166.6993
1939,430986171,166.7692
1940,190475315,166.8407
1941,430986171,166.9077
1942,190475315,166.9796
1943,430986171,167.0514
1944,211417265,167.1516
1945,43237120,167.2509
1946,21457473,167.35
1947,515523,167.4493
1948,515523,167.5481
1949,515523,167.6472
1950,515523,167.746
1951,515523,167.8397
1952,515523,167.9388
1953,515523,168.0383
1954,515523,168.1377
1955,515523,168.237
1956,515523,168.3363
1957,515523,168.4356
1958,515523,168.5348
1959,515523,168.6343
1960,515523,168.7341
1961,515523,168.8302
1962,101139590,168.8994
1963,515523,168.9677
1964,101139590,169.0374
1965,261099382,169.1064
1966,101139590,169.1755
1967,261099382,169.2448
1968,101139590,169.3137
1969,261099382,169.3834
1970,101139590,169.4521
1971,261099382,169.5173
1972,101139590,169.5869
1973,261099382,169.6564
1974,101139590,169.726
1975,261099382,169.7965
1976,101139590,169.8661
1977,261099382,169.9362
1978,101139590,170.0063
1979,261099382,170.0764
1980,174156223,170.1751
1981,101139590,170.2687
1982,53139590,170.3672
1983,515523,170.466
1984,515523,170.5648
1985,515523,170.6636
1986,515523,170.762
1987,515523,170.8608
1988,515523,170.9594
1989,515523,171.0594
1990,515523,171.1606
1991,515523,171.2568
1992,515523,171.3559
1993,515523,171.4554
1994,515523,171.5543
1995,515523,171.6555
1996,515523,171.7565
1997,515523,171.8561
1998,130475315,171.9246
1999,515523,171.9941
2000,130475315,172.0633
2001,370986171,172.1289
2002,130475315,172.198
2003,370986171,172.2705
2004,130475315,172.3427
2005,370986171,172.4163
2006,130475315,172.4869
2007,370986171,172.5579
2008,130475315,172.6295
2009,370986171,172.7027
2010,130475315,172.7748
2011,370986171,172.8411
2012,130475315,172.9123
2013,370986171,172.9847
2014,130475315,173.057
2015,370986171,173.1293
2016,151417265,173.233
2017,103417265,173.3329
2018,57237120,173.4322
2019,36295170,173.534
2020,28295170,173.6335
2021,515523,173.7277
2022,515523,173.8274
2023,515523,173.9275
2024,515523,174.0271
2025,515523,174.1267
2026,515523,174.2259
2027,515523,174.3265
2028,515523,174.4263
2029,515523,174.5261
2030,515523,174.6255
2031,515523,174.7197
2032,515523,174.8192
2033,515523,174.9194
2034,101139590,174.9884
2035,515523,175.0582
2036,101139590,175.1284
2037,297099382,175.2005
2038,101139590,175.2714
2039,297099382,175.343
2040,101139590,175.4166
2041,297099382,175.4835
2042,101139590,175.5547
2043,297099382,175.6251
2044,101139590,175.6977
2045,297099382,175.7692
2046,101139590,175.841
2047,297099382,175.9121
2048,101139590,175.9829
2049,297099382,176.0554
2050,101139590,176.1267
2051,297099382,176.1937
2052,123919237,176.2964
2053,75919237,176.3983
2054,23295170,176.4999
2055,515523,176.6016
2056,515523,176.7031
2057,515523,176.8043
2058,515523,176.905
2059,515523,177.0087
2060,515523,177.1102
2061,515523,177.2067
2062,515523,177.3066
2063,515523,177.4064
2064,515523,177.5082
2065,515523,177.6103
2066,515523,177.7119
2067,515523,177.8121
2068,515523,177.9125
2069,515523,178.0126
2070,166475315,178.0815
2071,515523,178.145
2072,166475315,178.2155
2073,406986171,178.2857
2074,166475315,178.355
2075,406986171,178.4279
2076,166475315,178.4979
2077,406986171,178.5687
2078,166475315,178.6389
2079,406986171,178.7096
2080,166475315,178.7824
2081,406986171,178.8483
2082,166475315,178.9201
2083,406986171,178.992
2084,166475315,179.0637
2085,406986171,179.1369
2086,166475315,179.2078
2087,406986171,179.2809
2088,187417265,179.3837
2089,39237120,179.486
2090,18295170,179.5877
2091,515523,179.6842
2092,515523,179.7836
2093,515523,179.8852
2094,515523,179.985
2095,515523,180.0849
2096,515523,180.1846
2097,515523,180.2863
2098,515523,180.3861
2099,515523,180.4868
2100,515523,180.5866
2101,515523,180.6827
2102,515523,180.7842
2103,515523,180.8878
2104,515523,180.9876
2105,515523,181.0919
2106,101139590,181.1614
2107,515523,181.2313
2108,101139590,181.3003
2109,237099382,181.3695
2110,101139590,181.4471
2111,237099382,181.5138
2112,101139590,181.5836
2113,237099382,181.6557
2114,101139590,181.7268
2115,237099382,181.799
2116,101139590,181.8701
2117,237099382,181.942
2118,101139590,182.0137
2119,237099382,182.0852
2120,101139590,182.1569
2121,237099382,182.2234
2122,101139590,182.2951
2123,237099382,182.3672
2124,189099382,182.4689
2125,136475315,182.5703
2126,88475315,182.6697
2127,40475315,182.7695
2128,29295170,182.8691
2129,515523,182.9709
2130,515523,183.0723
2131,515523,183.1689
2132,515523,183.2713
2133,515523,183.3711
2134,515523,183.4726
2135,515523,183.5727
2136,515523,183.6726
2137,515523,183.7724
2138,515523,183.8723
2139,515523,183.9725
2140,515523,184.0724
2141,515523,184.1664
2142,202475315,184.2353
2143,515523,184.3053
2144,202475315,184.3763
2145,442986171,184.4488
2146,202475315,184.5193
2147,442986171,184.5889
2148,202475315,184.6615
2149,442986171,184.7336
2150,202475315,184.8038
2151,442986171,184.8693
2152,202475315,184.9407
2153,442986171,185.0125
2154,202475315,185.0856
2155,442986171,185.1585
2156,202475315,185.2315
2157,442986171,185.3023
2158,202475315,185.3733
2159,442986171,185.4459
2160,223417265,185.5458
2161,45237120,185.6399
2162,21457473,185.7416
2163,515523,185.8417
2164,515523,185.9412
2165,515523,186.0412
2166,515523,186.1414
2167,515523,186.2418
2168,515523,186.3415
2169,515523,186.4419
2170,515523,186.5432
2171,515523,186.6375
2172,515523,186.7368
2173,515523,186.8501
2174,515523,186.9539
2175,515523,187.0582
2176,515523,187.1618
2177,515523,187.2668
2178,101139590,187.3372
2179,515523,187.4087
2180,101139590,187.4796
2181,273099382,187.5458
2182,101139590,187.6172
2183,273099382,187.6885
2184,101139590,187.762
2185,273099382,187.8341
2186,101139590,187.9054
2187,273099382,187.9783
2188,101139590,188.05
2189,273099382,188.1219
2190,101139590,188.1942
2191,273099382,188.2607
2192,101139590,188.3324
2193,273099382,188.4057
2194,101139590,188.479
2195,273099382,188.5519
2196,119919237,188.6522
2197,71919237,188.7534
2198,19295170,188.8544
2199,515523,188.9556
2200,515523,189.0562
2201,515523,189.1497
2202,515523,189.2509
2203,515523,189.3522
2204,515523,189.4533
2205,515523,189.5549
2206,515523,189.6557
2207,515523,189.7568
2208,515523,189.8581
2209,515523,189.9599
2210,515523,190.0612
2211,515523,190.1573
2212,515523,190.2585
2213,515523,190.3597
2214,142475315,190.4314
2215,515523,190.5
2216,142475315,190.5694
2217,382986171,190.639
2218,142475315,190.7076
2219,382986171,190.7769
2220,142475315,190.8465
2221,382986171,190.9118
2222,142475315,190.9812
2223,382986171,191.0507
2224,142475315,191.1202
2225,382986171,191.1903
2226,142475315,191.2614
2227,382986171,191.3324
2228,142475315,191.4025
2229,382986171,191.4727
2230,142475315,191.5432
2231,382986171,191.6092
2232,163417265,191.7088
2233,115417265,191.811
2234,67417265,191.9108
2235,46475315,192.0106
2236,30295170,192.1102
2237,515523,192.2099
2238,515523,192.3097
2239,515523,192.4098
2240,515523,192.5096
2241,515523,192.6036
2242,515523,192.702
2243,515523,192.801
2244,515523,192.9013
2245,515523,193.0014
2246,515523,193.1015
2247,515523,193.2007
2248,515523,193.2997
2249,515523,193.3998
2250,101139590,193.468
2251,515523,193.5309
2252,101139590,193.5997
2253,309099382,193.668
2254,101139590,193.7371
2255,309099382,193.806
2256,101139590,193.8748
2257,309099382,193.9451
2258,101139590,194.0158
2259,309099382,194.0862
2260,101139590,194.1564
2261,309099382,194.2229
2262,101139590,194.2925
2263,309099382,194.3628
2264,101139590,194.434
2265,309099382,194.5042
2266,101139590,194.5747
2267,309099382,194.6453
2268,125919237,194.744
2269,77919237,194.8439
2270,25295170,194.9444
2271,515523,195.038
2272,515523,195.1371
2273,515523,195.2365
2274,515523,195.3357
2275,515523,195.4348
2276,515523,195.5344
2277,515523,195.6339
2278,515523,195.7329
2279,515523,195.8326
2280,515523,195.932
2281,515523,196.0256
2282,515523,196.1248
2283,515523,196.2247
2284,515523,196.324
2285,515523,196.4248
2286,178475315,196.494
2287,515523,196.5624
2288,178475315,196.6321
2289,418986171,196.7022
2290,178475315,196.772
2291,418986171,196.8381
2292,178475315,196.9072
2293,418986171,196.9769
2294,178475315,197.0468
2295,418986171,197.1203
2296,178475315,197.1902
2297,418986171,197.2608
2298,178475315,197.3315
2299,418986171,197.4015
2300,178475315,197.4722
2301,418986171,197.5395
2302,178475315,197.61
2303,418986171,197.6802
2304,199417265,197.7794
2305,41237120,197.8789
2306,20295170,197.9784
2307,515523,198.0783
2308,515523,198.1777
2309,515523,198.2773
2310,515523,198.3764
2311,515523,198.47
2312,515523,198.5692
2313,515523,198.6689
2314,515523,198.7681
2315,515523,198.8675
2316,515523,198.9666
2317,515523,199.0666
2318,515523,199.1655
2319,515523,199.2656
2320,515523,199.3648
2321,515523,199.4607
2322,101139590,199.5285
2323,515523,199.5974
2324,101139590,199.667
2325,249099382,199.7376
2326,101139590,199.8067
2327,249099382,199.8758
2328,101139590,199.9454
2329,249099382,200.0144
2330,101139590,200.0846
2331,249099382,200.1506
2332,101139590,200.2201
2333,249099382,200.2908
2334,101139590,200.3609
2335,249099382,200.4318
2336,101139590,200.5034
2337,249099382,200.5745
2338,101139590,200.6459
2339,249099382,200.7178
2340,201099382,200.8175
2341,148475315,200.9112
2342,100475315,201.01
2343,52475315,201.1097
2344,31295170,201.2084
2345,515523,201.3076
2346,515523,201.4063
2347,515523,201.5054
2348,515523,201.6041
2349,515523,201.7034
2350,515523,201.8047
2351,515523,201.9001
2352,515523,202.0008
2353,515523,202.102
2354,515523,202.2027
2355,515523,202.3039
2356,515523,202.4081
2357,515523,202.51
2358,214475315,202.5808
2359,515523,202.6507
2360,214475315,202.7213
2361,454986171,202.7866
2362,214475315,202.8583
2363,454986171,202.9296
2364,214475315,203.0014
2365,454986171,203.0739
2366,214475315,203.1453
2367,454986171,203.2179
2368,214475315,203.2899
2369,454986171,203.3632
2370,214475315,203.4349
2371,454986171,203.5015
2372,214475315,203.5745
2373,454986171,203.6475
2374,214475315,203.7201
2375,454986171,203.7938
2376,235417265,203.8945
2377,47237120,203.9959
2378,21457473,204.0967
2379,515523,204.1982
2380,515523,204.2992
2381,515523,204.393
2382,515523,204.4939
2383,515523,204.5951
2384,515523,204.6959
2385,515523,204.7973
2386,515523,204.8989
2387,515523,205.0003
2388,515523,205.1008
2389,515523,205.2021
2390,515523,205.3031
2391,515523,205.3984
2392,515523,205.4994
2393,515523,205.6011
2394,101139590,205.6718
2395,515523,205.7424
2396,101139590,205.8136
2397,285099382,205.8856
2398,101139590,205.9572
2399,285099382,206.0299
2400,101139590,206.1024
2401,285099382,206.1685
2402,101139590,206.2395
2403,285099382,206.3113
2404,101139590,206.3827
2405,285099382,206.4565
2406,101139590,206.5283
2407,285099382,206.6004
2408,101139590,206.6726
2409,285099382,206.745
2410,101139590,206.818
2411,285099382,206.8853
2412,121919237,206.986
2413,73919237,207.0876
2414,21295170,207.1887
2415,515523,207.2911
2416,515523,207.3922
2417,515523,207.4941
2418,515523,207.5952
2419,515523,207.6964
2420,515523,207.7971
2421,515523,207.8908
2422,515523,207.9936
2423,515523,208.0956
2424,515523,208.1971
2425,515523,208.2986
2426,515523,208.4004
2427,515523,208.5019
2428,515523,208.6027
2429,515523,208.7042
2430,154475315,208.7746
2431,515523,208.8378
2432,154475315,208.9094
2433,394986171,208.9801
2434,154475315,209.0508
2435,394986171,209.122
2436,154475315,209.1956
2437,394986171,209.2682
2438,154475315,209.3394
2439,394986171,209.4121
2440,154475315,209.4848
2441,394986171,209.551
2442,154475315,209.6229
2443,394986171,209.6965
2444,154475315,209.7684
2445,394986171,209.8404
2446,154475315,209.9126
2447,394986171,209.9853
2448,175417265,210.0857
2449,127417265,210.1869
2450,79417265,210.2888
2451,53237120,210.3825
2452,21457473,210.483
2453,515523,210.5841
2454,515523,210.6852
2455,515523,210.7866
2456,515523,210.8878
2457,515523,210.9894
2458,515523,211.0934
2459,515523,211.1958
2460,515523,211.2988
2461,515523,211.3965
2462,515523,211.4977
2463,515523,211.5991
2464,515523,211.7001
2465,515523,211.8013
2466,101139590,211.872
2467,515523,211.9421
2468,101139590,212.0127
2469,321099382,212.0831
2470,101139590,212.1544
2471,321099382,212.2197
2472,101139590,212.2909
2473,321099382,212.3628
2474,101139590,212.4338
2475,321099382,212.5061
2476,101139590,212.5779
2477,321099382,212.6499
2478,101139590,212.7221
2479,321099382,212.7938
2480,101139590,212.8658
2481,321099382,212.9324
2482,101139590,213.0103
2483,321099382,213.0841
2484,127919237,213.1849
2485,79919237,213.2864
2486,27295170,213.3872
2487,515523,213.4885
2488,515523,213.5892
2489,515523,213.6907
2490,515523,213.7891
2491,515523,213.8828
2492,515523,213.9806
2493,515523,214.0795
2494,515523,214.1778
2495,515523,214.2764
2496,515523,214.3772
2497,515523,214.4762
2498,515523,214.5745
2499,515523,214.6738
2500,515523,214.7725
2501,515523,214.8674
2502,190475315,214.9352
2503,515523,215.0034
2504,190475315,215.0716
2505,430986171,215.1401
2506,190475315,215.2096
2507,430986171,215.2786
2508,190475315,215.3477
2509,430986171,215.4165
2510,190475315,215.4855
2511,430986171,215.5505
2512,190475315,215.6195
2513,430986171,215.6888
2514,190475315,215.7586
2515,430986171,215.828
2516,190475315,215.8977
2517,430986171,215.9677
2518,190475315,216.0374
2519,430986171,216.1081
2520,211417265,216.2069
2521,43237120,216.3007
2522,21457473,216.399
2523,515523,216.4981
2524,515523,216.5966
2525,515523,216.6955
2526,515523,216.7944
2527,515523,216.8934
2528,515523,216.992
2529,515523,217.0912
2530,515523,217.1898
2531,515523,217.2837
2532,515523,217.3829
2533,515523,217.4823
2534,515523,217.5808
2535,515523,217.6796
2536,515523,217.778
2537,515523,217.8766
2538,101139590,217.9455
2539,515523,218.0138
2540,101139590,218.082
2541,261099382,218.1459
2542,101139590,218.2144
2543,261099382,218.2829
2544,101139590,218.3514
2545,261099382,218.4307
2546,101139590,218.4999
2547,261099382,218.5687
2548,101139590,218.638
2549,261099382,218.7074
2550,101139590,218.7767
2551,261099382,218.8429
2552,101139590,218.9126
2553,261099382,218.9821
2554,101139590,219.052
2555,261099382,219.1221
2556,174156223,219.2206
2557,101139590,219.3201
2558,53139590,219.4185
2559,515523,219.5182
2560,515523,219.6165
2561,515523,219.7101
2562,515523,219.8087
2563,515523,219.9079
2564,515523,220.0069
2565,515523,220.1062
2566,515523,220.2047
2567,515523,220.3037
2568,515523,220.4031
2569,515523,220.5025
2570,515523,220.6012
2571,515523,220.695
2572,515523,220.7935
2573,515523,220.8928
2574,130475315,220.9604
2575,515523,221.0282
2576,130475315,221.0966
2577,370986171,221.1653
2578,130475315,221.2336
2579,370986171,221.302
2580,130475315,221.3706
2581,370986171,221.4353
2582,130475315,221.5053
2583,370986171,221.5745
2584,130475315,221.6447
2585,370986171,221.7141
2586,130475315,221.7836
2587,370986171,221.8546
2588,130475315,221.9247
2589,370986171,221.9942
2590,130475315,222.0642
2591,370986171,222.13
2592,151417265,222.2287
2593,103417265,222.3309
2594,57237120,222.4302
2595,36295170,222.5292
2596,28295170,222.628
2597,515523,222.7268
2598,515523,222.825
2599,515523,222.9241
2600,515523,223.0228
2601,515523,223.1164
2602,515523,223.2147
2603,515523,223.3137
2604,515523,223.4134
2605,515523,223.5124
2606,515523,223.6112
2607,515523,223.7104
2608,515523,223.8168
2609,515523,223.9159
2610,101139590,223.9839
2611,515523,224.0468
2612,101139590,224.1151
2613,297099382,224.1849
2614,101139590,224.253
2615,297099382,224.3217
2616,101139590,224.39
2617,297099382,224.4588
2618,101139590,224.5283
2619,297099382,224.5972
2620,101139590,224.6664
2621,297099382,224.7321
2622,101139590,224.8015
2623,297099382,224.871
2624,101139590,224.9412
2625,297099382,225.0111
2626,101139590,225.0809
2627,297099382,225.1509
2628,123919237,225.2497
2629,75919237,225.349
2630,23295170,225.448
2631,515523,225.5418
2632,515523,225.641
2633,515523,225.7409
2634,515523,225.8395
2635,515523,225.9386
2636,515523,226.0374
2637,515523,226.1363
2638,515523,226.235
2639,515523,226.334
2640,515523,226.434
2641,515523,226.529
2642,515523,226.628
2643,515523,226.7291
2644,515523,226.8278
2645,515523,226.9272
2646,166475315,226.9949
2647,515523,227.0626
2648,166475315,227.1321
2649,406986171,227.2001
2650,166475315,227.2693
2651,406986171,227.3337
2652,166475315,227.4025
2653,406986171,227.4712
2654,166475315,227.5406
2655,406986171,227.6106
2656,166475315,227.68
2657,406986171,227.7492
2658,166475315,227.8189
2659,406986171,227.8894
2660,166475315,227.9589
2661,406986171,228.0246
2662,166475315,228.0944
2663,406986171,228.1643
2664,187417265,228.2631
2665,39237120,228.3622
2666,18295170,228.4608
2667,515523,228.5596
2668,515523,228.6584
2669,515523,228.7576
2670,515523,228.8578
2671,515523,228.954
2672,515523,229.0526
2673,515523,229.162
2674,515523,229.2612
2675,515523,229.3602
2676,515523,229.4613
2677,515523,229.5604
2678,515523,229.6596
2679,515523,229.7595
2680,515523,229.858
2681,515523,229.952
2682,101139590,230.0191
2683,515523,230.087
2684,101139590,230.1553
2685,237099382,230.2243
2686,101139590,230.2928
2687,237099382,230.3614
2688,101139590,230.4299
2689,237099382,230.4995
2690,101139590,230.5684
2691,237099382,230.6332
2692,101139590,230.7034
2693,237099382,230.7725
2694,101139590,230.8419
2695,237099382,230.913
2696,101139590,230.9827
2697,237099382,231.0536
2698,101139590,231.1236
2699,237099382,231.1935
2700,189099382,231.2927
2701,136475315,231.3864
2702,88475315,231.4848
2703,40475315,231.5835
2704,29295170,231.6816
2705,515523,231.7802
2706,515523,231.8785
2707,515523,231.9773
2708,515523,232.0763
2709,515523,232.1754
2710,515523,232.274
2711,515523,232.3692
2712,515523,232.4681
2713,515523,232.5677
2714,515523,232.6674
2715,515523,232.7665
2716,515523,232.8649
2717,515523,232.9644
2718,202475315,233.0322
2719,515523,233.1002
2720,202475315,233.1686
2721,442986171,233.2326
2722,202475315,233.3009
2723,442986171,233.3693
2724,202475315,233.438
2725,442986171,233.5071
2726,202475315,233.5765
2727,442986171,233.6454
2728,202475315,233.7143
2729,442986171,233.7835
2730,202475315,233.8537
2731,442986171,233.9192
2732,202475315,233.9892
2733,442986171,234.0598
2734,202475315,234.1402
2735,442986171,234.2101
2736,223417265,234.3092
2737,45237120,234.4095
2738,21457473,234.5087
2739,515523,234.6083
2740,515523,234.7074
2741,515523,234.8013
2742,515523,234.9016
2743,515523,235.0025
2744,515523,235.1013
2745,515523,235.2025
2746,515523,235.3016
2747,515523,235.4018
2748,515523,235.5004
2749,515523,235.6006
2750,515523,235.6994
2751,515523,235.7933
2752,515523,235.8922
2753,515523,235.9911
2754,101139590,236.0591
2755,515523,236.1274
2756,101139590,236.1955
2757,273099382,236.2648
2758,101139590,236.3333
2759,273099382,236.4018
2760,101139590,236.4703
2761,273099382,236.5352
2762,101139590,236.6042
2763,273099382,236.674
2764,101139590,236.7435
2765,273099382,236.8137
2766,101139590,236.8831
2767,273099382,236.9525
2768,101139590,237.0223
2769,273099382,237.0921
2770,101139590,237.162
2771,273099382,237.2279
2772,119919237,237.3264
2773,71919237,237.4255
2774,19295170,237.5249
2775,515523,237.6241
2776,515523,237.7228
2777,515523,237.8217
2778,515523,237.9202
2779,515523,238.0191
2780,515523,238.1178
2781,515523,238.2118
2782,515523,238.3104
2783,515523,238.4106
2784,515523,238.5093
2785,515523,238.6084
2786,515523,238.7068
2787,515523,238.8062
2788,515523,238.9051
2789,515523,239.0039
2790,142475315,239.0715
2791,515523,239.1344
2792,142475315,239.2025
2793,382986171,239.2707
2794,142475315,239.3396
2795,382986171,239.4118
2796,142475315,239.4811
2797,382986171,239.5497
2798,142475315,239.6184
2799,382986171,239.6881
2800,142475315,239.7575
2801,382986171,239.8229
2802,142475315,239.892
2803,382986171,239.9623
2804,142475315,240.0315
2805,382986171,240.1016
2806,142475315,240.1713
2807,382986171,240.2422
2808,163417265,240.3406
2809,115417265,240.4414
2810,67417265,240.5398
2811,46475315,240.6336
2812,30295170,240.7324
2813,515523,240.8335
2814,515523,240.932
2815,515523,241.0307
2816,515523,241.1314
2817,515523,241.2304
2818,515523,241.3294
2819,515523,241.4294
2820,515523,241.5282
2821,515523,241.622
2822,515523,241.7202
2823,515523,241.8191
2824,515523,241.9175
2825,515523,242.0186
2826,101139590,242.0862
2827,515523,242.155
2828,101139590,242.2241
2829,309099382,242.2926
2830,101139590,242.3608
2831,309099382,242.4261
2832,101139590,242.4951
2833,309099382,242.5642
2834,101139590,242.6334
2835,309099382,242.7024
2836,101139590,242.7714
2837,309099382,242.8411
2838,101139590,242.9104
2839,309099382,242.9805
2840,101139590,243.0503
2841,309099382,243.1157
2842,101139590,243.1854
2843,309099382,243.2561
2844,125919237,243.3544
2845,77919237,243.4532
2846,25295170,243.5515
2847,515523,243.6503
2848,515523,243.7487
2849,515523,243.8481
2850,515523,243.9464
2851,515523,244.0402
2852,515523,244.1385
2853,515523,244.2374
2854,515523,244.3359
2855,515523,244.4366
2856,515523,244.5357
2857,515523,244.6408
2858,515523,244.7394
2859,515523,244.8383
2860,515523,244.9368
2861,515523,245.0307
2862,178475315,245.0981
2863,515523,245.1658
2864,178475315,245.234
2865,418986171,245.3026
2866,178475315,245.3719
2867,418986171,245.4411
2868,178475315,245.5106
2869,418986171,245.5794
2870,178475315,245.6484
2871,418986171,245.7134
2872,178475315,245.7825
2873,418986171,245.8517
2874,178475315,245.922
2875,418986171,245.9914
2876,178475315,246.0611
2877,418986171,246.1308
2878,178475315,246.2012
2879,418986171,246.2715
2880,199417265,246.3702
2881,41237120,246.464
2882,20295170,246.5625
2883,515523,246.6616
2884,515523,246.7598
2885,515523,246.859
2886,515523,246.9575
2887,515523,247.0585
2888,515523,247.1569
2889,515523,247.2561
2890,515523,247.3553
2891,515523,247.4529
2892,515523,247.5516
2893,515523,247.6508
2894,515523,247.7493
2895,515523,247.8483
2896,515523,247.9472
2897,515523,248.0465
2898,101139590,248.1142
2899,515523,248.1828
2900,101139590,248.2507
2901,249099382,248.3148
2902,101139590,248.384
2903,249099382,248.4526
2904,101139590,248.5209
2905,249099382,248.5896
2906,101139590,248.6584
2907,249099382,248.7273
2908,101139590,248.7966
2909,249099382,248.8658
2910,101139590,248.9352
2911,249099382,249.0005
2912,101139590,249.0704
2913,249099382,249.14
2914,101139590,249.21
2915,249099382,249.2802
2916,201099382,249.3789
2917,148475315,249.4844
2918,100475315,249.5827
2919,52475315,249.6816
2920,31295170,249.7804
2921,515523,249.8741
2922,515523,249.9724
2923,515523,250.0729
2924,515523,250.171
2925,515523,250.2696
2926,515523,250.3679
2927,515523,250.4673
2928,515523,250.5655
2929,515523,250.6641
2930,515523,250.7622
2931,515523,250.856
2932,515523,250.9554
2933,515523,251.0547
2934,214475315,251.1224
2935,515523,251.1899
2936,214475315,251.2586
2937,454986171,251.327
2938,214475315,251.3954
2939,454986171,251.4651
2940,214475315,251.5334
2941,454986171,251.5979
2942,214475315,251.667
2943,454986171,251.736
2944,214475315,251.8054
2945,454986171,251.8762
2946,214475315,251.9457
2947,454986171,252.015
2948,214475315,252.0848
2949,454986171,252.1546
2950,214475315,252.2246
2951,454986171,252.2907
2952,235417265,252.3894
2953,47237120,252.4898
2954,21457473,252.5887
2955,515523,252.6878
2956,515523,252.7863
2957,515523,252.886
2958,515523,252.9849
2959,515523,253.0842
2960,515523,253.1828
2961,515523,253.2768
2962,515523,253.3754
2963,515523,253.4751
2964,515523,253.5765
2965,515523,253.6793
2966,515523,253.7808
2967,515523,253.8807
2968,515523,253.9803
2969,515523,254.0801
2970,101139590,254.1488
2971,515523,254.2119
2972,101139590,254.2808
2973,285099382,254.3513
2974,101139590,254.421
2975,285099382,254.4929
2976,101139590,254.5625
2977,285099382,254.6341
2978,101139590,254.7056
2979,285099382,254.7763
2980,101139590,254.8472
2981,285099382,254.9144
2982,101139590,254.9859
2983,285099382,255.0577
2984,101139590,255.1292
2985,285099382,255.2006
2986,101139590,255.2724
2987,285099382,255.3429
2988,121919237,255.4434
2989,73919237,255.5426
2990,21295170,255.6434
2991,515523,255.74
2992,515523,255.8386
2993,515523,255.938
2994,515523,256.0369
2995,515523,256.1361
2996,515523,256.2347
2997,515523,256.3337
2998,515523,256.4344
2999,515523,256.5335
3000,515523,256.6326
3001,515523,256.7282
