1,129552951444,0.7827
2,124409067649,1.4501
3,119495769789,2.1118
4,115209500819,2.7755
5,111306229571,3.4417
6,107418511321,4.1035
7,104052000348,4.7782
8,100832271853,5.4285
9,97769154873,6.0819
10,94915292655,6.7469
11,92291269428,7.3684
12,89861042493,8.024
13,87517884101,8.687
14,85328347828,9.3533
15,83211067107,10.0225
16,81096666669,10.6898
17,79108360056,11.3475
18,77158083803,12.007
19,75056749236,12.669
20,73207830295,13.3355
21,71387357770,13.9658
22,69598351102,14.6287
23,67816640987,15.2824
24,66113960039,15.9376
25,64736747518,16.597
26,63416101313,17.254
27,62107265593,17.9044
28,60978005589,18.5698
29,59899591296,19.2218
30,58880742378,19.8789
31,57884070455,20.4996
32,56936165016,21.1535
33,55599612172,21.822
34,54671158405,22.5074
35,53919777767,23.1696
36,53287541413,23.8396
37,52670097516,24.5089
38,52245439875,25.1795
39,51826398478,25.8472
40,51451398478,26.5213
41,51107598789,27.1449
42,50801186225,27.8072
43,50569265896,28.4947
44,50338733412,29.1574
45,50148407103,29.8203
46,49973588483,30.4879
47,49855834717,31.1382
48,49742925979,31.811
49,49631069542,32.4816
50,49521884412,33.133
51,49454246065,33.7543
52,49429981755,34.4292
53,49442237470,35.0811
54,49458405765,35.7478
55,47930012997,36.7256
56,46424864420,37.6915
57,45074299125,38.6704
58,44046627470,39.6363
59,43040879342,40.616
60,42055256936,41.5883
61,41111217074,42.5186
62,40293835746,43.4752
63,39495221310,44.4331
64,38732700880,45.3929
65,38095045803,46.3548
66,37485956414,47.3171
67,36888232918,48.2878
68,36332898208,49.2581
69,35794257194,50.2259
70,35264532910,51.1964
71,34764792290,52.1245
72,34291310230,53.0998
73,33830056095,54.0587
74,33410629182,55.0318
75,32993157187,56.0058
76,32628890608,56.9869
77,32264788540,57.9487
78,31735576049,58.9197
79,30595403375,59.8816
80,30260558812,60.8405
81,29932788897,61.7693
82,29603611490,62.7632
83,29289862521,63.7274
84,28984953281,64.7128
85,28681033993,65.6742
86,28385250042,66.6407
87,28097240592,67.6062
88,27824980062,68.5643
89,27553927542,69.5235
90,27063857488,70.4996
91,26793028202,71.4275
92,26209669680,72.3988
93,25947864880,73.3589
94,25700409918,74.3238
95,25459191758,75.2893
96,25016268307,76.2519
97,24635202593,77.2166
98,24403661273,78.1821
99,24179883594,79.155
100,23958761273,80.1233
101,23738499863,81.0519
102,23518511254,82.0145
103,23299528179,82.9946
104,23065056843,83.9651
105,22761790148,84.9298
106,22525856138,85.9073
107,22297048813,86.8766
108,22083670652,87.8344
109,21851445177,88.7929
110,21436215862,89.7505
111,21224085567,90.6779
112,21020276732,91.6342
113,20820276732,92.5922
114,20620276732,93.5614
115,20427304812,94.5358
116,20178830337,95.4961
117,19987519254,96.4573
118,19799418246,97.4138
119,19561315054,98.3715
120,19382656664,99.3297
121,19208656664,100.2574
122,19039095934,101.2258
123,18870421541,102.1853
124,18693261026,103.1434
125,18525888686,104.0994
126,18358827106,105.0572
127,18198827106,106.0129
128,18043250361,106.9682
129,17888380841,107.9327
130,17725988006,108.9028
131,17453778150,109.83
132,17301778150,110.7956
133,17149979290,111.7585
134,16921496921,112.7517
135,16771017799,113.7112
136,16624217799,114.6742
137,16447027768,115.6389
138,16307204139,116.5996
139,16163312299,117.5656
140,15916244799,118.5487
141,15721835219,119.4756
142,15582494074,120.4373
143,15445326934,121.3956
144,15310518154,122.3914
145,15178556723,123.3507
146,14991806547,124.3103
147,14860551272,125.2746
148,14731542636,126.2433
149,14575452236,127.2074
150,14449275599,128.1708
151,13854147402,129.1008
152,13690782847,130.0866
153,13570782847,131.0547
154,13452115977,132.0334
155,13335934652,133.0043
156,13224184872,133.9876
157,13115384872,134.9569
158,13009764097,135.9219
159,12904347951,136.8799
160,12800163366,137.8394
161,12696278986,138.7657
162,12596838681,139.7316
163,12504042351,140.7011
164,12412960526,141.6811
165,12324960526,142.6399
166,12236960526,143.6061
167,12148960526,144.5857
168,12046905678,145.5542
169,11963148660,146.53
170,11879536640,147.4992
171,11772390535,148.4254
172,11688854360,149.3832
173,11608738315,150.4008
174,11510196783,151.365
175,11430196783,152.335
176,11350196783,153.3034
177,11270196783,154.2868
178,11190196783,155.2543
179,11110196783,156.2323
180,11031432378,157.197
181,10955496738,158.1248
182,10882278658,159.1025
183,10809078658,160.0762
184,10736347083,161.0485
185,10666204203,162.0289
186,10597123083,163.0014
187,10357123083,163.9709
188,10289783768,164.9452
189,10222583768,165.9272
190,10157947123,166.9137
191,10094571738,167.8431
192,10031771738,168.8097
193,9968971738,169.7759
194,9870778073,170.7358
195,9794982619,171.7075
196,9616589854,172.6685
197,9533793749,173.6299
198,9466355514,174.6029
199,9404042164,175.5612
200,9344314894,176.526
201,9285165684,177.4557
202,9226716099,178.4155
203,9169448704,179.3803
204,9113264844,180.3396
205,9060128116,181.2979
206,9008286706,182.2586
207,8957689422,183.217
208,8907325262,184.1787
209,8859325262,185.1363
210,8793849697,186.1108
211,8745849697,187.0392
212,8697849697,187.9969
213,8650984117,188.9581
214,8605847492,189.9364
215,8561009086,190.9046
216,8519695329,191.8675
217,8478521804,192.8362
218,8437522228,193.7999
219,8397522228,194.7821
220,8332865538,195.747
221,8259789826,196.6751
222,8122037091,197.6366
223,8033258272,198.6173
224,7993258272,199.5775
225,7953258272,200.5626
226,7753258272,201.5246
227,7713258272,202.5073
228,7673258272,203.4785
229,7435572247,204.4418
230,7086121408,205.4014
231,7046121408,206.3294
232,7007294933,207.2954
233,6968936843,208.2672
234,6930682553,209.2358
235,6812541753,210.2041
236,6772541753,211.1697
237,6735090156,212.1431
238,6697746676,213.1139
239,6663191408,214.077
240,6630588130,215.0529
241,6550588130,215.9826
242,6493364755,216.9496
243,6453364755,217.9109
244,6418964755,218.895
245,6384564755,219.8553
246,6352095055,220.8142
247,6319779275,221.7765
248,6288267125,222.7458
249,6257869147,223.7093
250,6086457538,224.6833
251,6028457538,225.6113
252,6000486948,226.5878
253,5974486948,227.548
254,5948801778,228.5123
255,5923628143,229.4712
256,5899117133,230.4521
257,5874717133,231.4119
258,5850317133,232.3721
259,5826775473,233.3358
260,5716969529,234.317
261,5694833449,235.2445
262,5672875229,236.2153
263,5638675169,237.1823
264,5617007204,238.1516
265,5521132276,239.1164
266,5499601080,240.0952
267,5478128210,241.0595
268,5458528210,242.0197
269,5441097324,242.9973
270,5399969910,243.9581
271,5382851800,244.8863
272,5346701360,245.8486
273,5321228785,246.8088
274,5302169170,247.7729
275,5285536495,248.749
276,5262169170,249.7374
277,5216858632,250.7162
278,5192181922,251.6763
279,5175549247,252.6521
280,5155707462,253.6111
281,5139926575,254.5385
282,5125126765,255.5002
283,5105831955,256.4592
284,5081055874,257.418
285,5066755499,258.3824
286,5053820879,259.3404
287,5041553334,260.3075
288,5030336988,261.2819
289,4963458310,262.247
290,4940977146,263.2084
291,4923268646,264.1368
292,4895484935,265.105
293,4884417337,266.0639
294,4836817337,267.0338
295,4817059877,268.003
296,4803258562,268.9879
297,4792405712,269.9502
298,4776892612,270.9291
299,4765974478,271.8886
300,4738045927,272.8599
301,4727409613,273.7876
302,4716305383,274.7631
303,4705905383,275.7272
304,4695505383,276.7046
305,4685105383,277.6624
306,4674705383,278.6377
307,4664305383,279.6071
308,4653905383,280.5871
309,4643505383,281.5485
310,4633281443,282.5242
311,4623281443,283.4524
312,4613281443,284.4276
313,4603281443,285.3931
314,4593443032,286.3533
315,4584441652,287.3139
316,4563802367,288.285
317,4539703287,289.2473
318,4527289915,290.2099
319,4518628005,291.1759
320,4510628005,292.1654
321,4502628005,293.0937
322,4494628005,294.0545
323,4486628005,295.0152
324,4478628005,295.9763
325,4470628005,296.9357
326,4462628005,297.8961
327,4454628005,298.8615
328,4446628005,299.8275
329,4438628005,300.8002
330,4430628005,301.764
331,4422628005,302.6928
332,4414628005,303.6627
333,4406628005,304.6336
334,4398628005,305.5952
335,4390628005,306.565
336,4382628005,307.5318
337,4374628005,308.4952
338,4366628005,309.4699
339,4358628005,310.4279
340,4350961792,311.3888
341,4308786782,312.3179
342,4287967902,313.2811
343,4278221742,314.2442
344,4270642047,315.2149
345,4263118797,316.1734
346,4255922323,317.1522
347,4246900208,318.133
348,4239976872,319.1027
349,4233055007,320.0632
350,4226273452,321.0337
351,4219630577,321.9614
352,4213414007,322.9329
353,4207414007,323.8943
354,4201414007,324.8736
355,4195414007,325.857
356,4189414007,326.8299
357,4183414007,327.7912
358,4177414007,328.7572
359,4171414007,329.7176
360,4165414007,330.6962
361,4159414007,331.6237
362,4153414007,332.5908
363,4147414007,333.5531
364,4141414007,334.5129
365,4135414007,335.4727
366,4129414007,336.4311
367,4123414007,337.3889
368,4117414007,338.3489
369,4111414007,339.314
370,4105414007,340.2708
371,4099414007,341.1986
372,4093414007,342.1611
373,4087414007,343.1189
374,4081414007,344.0798
375,4075545192,345.041
376,4069676782,346.0034
377,4063876842,346.9602
378,4053321217,347.9337
379,4047104457,348.899
380,4041104457,349.8573
381,4035104457,350.7862
382,4029104457,351.7433
383,4023104457,352.7008
384,4017345292,353.6586
385,4011712052,354.6159
386,4006100032,355.5726
387,4000731907,356.5383
388,3995725062,357.4986
389,3990855037,358.4564
390,3986105102,359.4133
391,3981382972,360.342
392,3976800707,361.2992
393,3972302432,362.2563
394,3967902432,363.2178
395,3963502432,364.185
396,3959102432,365.1433
397,3954702432,366.1012
398,3950302432,367.065
399,3945902432,368.0258
400,3941502432,368.9849
401,3937102432,369.9121
402,3932804282,370.8691
403,3928640382,371.8311
404,3924509197,372.7891
405,3920403870,373.7461
406,3916403870,374.7041
407,3912403870,375.6609
408,3908403870,376.6183
409,3904403870,377.5767
410,3900403870,378.536
411,3896403870,379.4632
412,3892403870,380.4347
413,3888403870,381.3956
414,3884403870,382.353
415,3880403870,383.3157
416,3876403870,384.2861
417,3872403870,385.2512
418,3868403870,386.2124
419,3864403870,387.1872
420,3860403870,388.1589
421,3856170253,389.0862
422,3851770253,390.0582
423,3847370253,391.0344
424,3842970253,392.0034
425,3838570253,392.9857
426,3834170253,393.9783
427,3829770253,394.9413
428,3825370253,395.9113
429,3820970253,396.8843
430,3795903227,397.8443
431,3790854752,398.7726
432,3786454752,399.732
433,3782054752,400.7133
434,3777654752,401.6751
435,3773254752,402.634
436,3768854752,403.6028
437,3764815377,404.5826
438,3760815377,405.5683
439,3756815377,406.5498
440,3752815377,407.5206
441,3748815377,408.4513
442,3744815377,409.4098
443,3740815377,410.4
444,3736815377,411.3623
445,3732815377,412.328
446,3728815377,413.2921
447,3724815377,414.2835
448,3720815377,415.248
449,3716815377,416.2229
450,3712815377,417.1937
451,3708815377,418.1213
452,3704815377,419.0869
453,3700815377,420.0636
454,3696815377,421.0319
455,3692815377,422.0135
456,3688815377,422.9837
457,3684815377,423.9544
458,3680815377,424.9251
459,3676815377,425.9072
460,3672815377,426.8792
461,3668815377,427.8063
462,3664815377,428.7905
463,3660815377,429.7488
464,3656815377,430.7256
465,3652815377,431.6925
466,3648815377,432.6705
467,3644815377,433.6529
468,3640815377,434.6321
469,3636815377,435.5923
470,3632815377,436.5497
471,3628815377,437.4771
472,3624815377,438.439
473,3620815377,439.3972
474,3616815377,440.3621
475,3612815377,441.3255
476,3608815377,442.309
477,3604815377,443.2737
478,3600815377,444.2495
479,3596815377,445.2158
480,3592815377,446.1981
481,3588815377,447.1346
482,3584815377,448.108
483,3580815377,449.0766
484,3576815377,450.0633
485,3572815377,451.0395
486,3568815377,452.0251
487,3564815377,453.0155
488,3560815377,454.0077
489,3537010833,454.9886
490,3323281892,455.9591
491,3284235137,456.8867
492,3280235137,457.8453
493,3276235137,458.8267
494,3272235137,459.7832
495,3268235137,460.7631
496,3264387553,461.7218
497,3260645188,462.699
498,3256925013,463.665
499,3253282308,464.6436
500,3249692663,465.602
501,3246167123,466.5292
502,3242678133,467.4968
503,3225928748,468.4606
504,3210429758,469.4248
505,3206984573,470.4053
506,3203638488,471.3655
507,3200328723,472.3258
508,3197032428,473.2861
509,3193854753,474.253
510,3190734083,475.215
511,3187668418,476.1423
512,3184802230,477.1123
513,3182074985,478.0934
514,3179371280,479.0594
515,3176074985,480.0282
516,3173585275,480.9961
517,3171182550,481.977
518,3168782550,482.9476
519,3166382550,483.9056
520,3163982550,484.8837
521,3161582550,485.8113
522,3159182550,486.7715
523,3156782550,487.7354
524,3154382550,488.6976
525,3151982550,489.6591
526,3149582550,490.6222
527,3147182550,491.5872
528,3144782550,492.5503
529,3142382550,493.5081
530,3139982550,494.4728
531,3137582550,495.401
532,3135182550,496.3622
533,3132782550,497.3248
534,3130382550,498.2984
535,3127982550,499.2628
536,3125582550,500.2282
537,3123182550,501.2077
538,3120814955,502.1944
539,3118494995,503.1653
540,3116202615,504.1371
541,3113931843,505.0643
542,2962892841,506.0293
543,2954313829,507.0025
544,2893745195,507.972
545,2885745195,508.9541
546,2877745195,509.9554
547,2869745195,510.9163
548,2867504360,511.8747
549,2863745195,512.8493
550,2861504360,513.8311
551,2857745195,514.7757
552,2855504360,515.7448
553,2851745195,516.723
554,2849504360,517.697
555,2845745195,518.6739
556,2843504360,519.6341
557,2839745195,520.5944
558,2837504360,521.5558
559,2835328300,522.5371
560,2833263460,523.5051
561,2831263460,524.4318
562,2828559755,525.3912
563,2825263460,526.3732
564,2823263460,527.3305
565,2820559755,528.2944
566,2817488425,529.2574
567,2815488425,530.2386
568,2812784720,531.2089
569,2810784720,532.1772
570,2808784720,533.1531
571,2806784720,534.0823
572,2804784720,535.0577
573,2799556390,536.0424
574,2797556390,537.0161
575,2793556390,538.0002
576,2791556390,538.9809
577,2788675160,539.952
578,2785556390,540.922
579,2783556390,541.8875
580,2780675160,542.8755
581,2777556390,543.8023
582,2775556390,544.7763
583,2772675160,545.7343
584,2769556390,546.7114
585,2767556390,547.6734
586,2764675160,548.6509
587,2762675160,549.6139
588,2760675160,550.5933
589,2758675160,551.5631
590,2756552880,552.5461
591,2754552880,553.4732
592,2752552880,554.4603
593,2750552880,555.4182
594,2748552880,556.3771
595,2746552880,557.3401
596,2744552880,558.3331
597,2742552880,559.2937
598,2740552880,560.2656
599,2738552880,561.2341
600,2736552880,562.2205
601,2734552880,563.1548
602,2732552880,564.1247
603,2730552880,565.0912
604,2728552880,566.0893
605,2726552880,567.0664
606,2724552880,568.0436
607,2722552880,569.0222
608,2720552880,569.9823
609,2718552880,570.9382
610,2716552880,571.8943
611,2714552880,572.8228
612,2712552880,573.7785
613,2710552880,574.7435
614,2708552880,575.7007
615,2706552880,576.657
616,2704552880,577.6131
617,2702552880,578.569
618,2700552880,579.5258
619,2698552880,580.482
620,2696552880,581.4467
621,2694552880,582.375
622,2692552880,583.3321
623,2690552880,584.2913
624,2688552880,585.2477
625,2686552880,586.2032
626,2684552880,587.1604
627,2682552880,588.1192
628,2680552880,589.0859
629,2678552880,590.0683
630,2676552880,591.0369
631,2674552880,591.9647
632,2672552880,592.9347
633,2670552880,593.9183
634,2668552880,594.9029
635,2666552880,595.8622
636,2664552880,596.8466
637,2662552880,597.8046
638,2660552880,598.7781
639,2658552880,599.747
640,2656552880,600.7253
641,2654552880,601.6519
642,2652552880,602.6308
643,2650552880,603.593
644,2648552880,604.5511
645,2646552880,605.5173
646,2644552880,606.4775
647,2642552880,607.4343
648,2640552880,608.3938
649,2638552880,609.3551
650,2622131685,610.3399
651,2614131685,611.2712
652,2608755743,612.2337
653,2606755743,613.1895
654,2604755743,614.1448
655,2602755743,615.1023
656,2600755743,616.0607
657,2598755743,617.0231
658,2596755743,617.9942
659,2594755743,618.955
660,2592755743,619.9143
661,2590755743,620.8426
662,2588755743,621.7984
663,2586755743,622.7569
664,2584755743,623.7165
665,2582755743,624.6967
666,2580755743,625.6666
667,2578755743,626.6331
668,2576755743,627.5984
669,2574755743,628.5718
670,2572755743,629.5369
671,2570755743,630.4645
672,2568755743,631.4296
673,2566755743,632.3944
674,2564755743,633.3541
675,2562755743,634.3321
676,2560755743,635.2954
677,2558755743,636.2644
678,2556755743,637.2279
679,2554755743,638.201
680,2552755743,639.1601
681,2550755743,640.0873
682,2548755743,641.0438
683,2546755743,642.0011
684,2544755743,642.9582
685,2542755743,643.9152
686,2540755743,644.8749
687,2538755743,645.8332
688,2536755743,646.7928
689,2534755743,647.7501
690,2532755743,648.7075
691,2530755743,649.6344
692,2528755743,650.6058
693,2526755743,651.5744
694,2524755743,652.5461
695,2522755743,653.5075
696,2520755743,654.4654
697,2518755743,655.4228
698,2516755743,656.3793
699,2514755743,657.3383
700,2512755743,658.3055
701,2510755743,659.2328
702,2508755743,660.1922
703,2506755743,661.1484
704,2504755743,662.1077
705,2502755743,663.0683
706,2500755743,664.0277
707,2498755743,664.9884
708,2458755743,665.9511
709,2258755743,666.9077
710,2218755743,667.8646
711,2215312448,668.7928
712,2213312448,669.7499
713,2211312448,670.7061
714,2209312448,671.6628
715,2207312448,672.628
716,2205312448,673.5878
717,2203312448,674.5447
718,2201312448,675.5079
719,2199312448,676.4657
720,2197312448,677.4223
721,2195312448,678.3509
722,2193312448,679.319
723,2191312448,680.2871
724,2189312448,681.2508
725,2187312448,682.2318
726,2185312448,683.1981
727,2183312448,684.1624
728,2181312448,685.1331
729,2179312448,686.1127
730,2177312448,687.0845
731,2175312448,688.0103
732,2173312448,688.98
733,2171312448,689.9513
734,2169312448,690.9305
735,2167312448,691.8938
736,2165312448,692.8493
737,2163312448,693.8035
738,2161312448,694.7571
739,2159312448,695.7128
740,2157312448,696.6674
741,2155312448,697.5929
742,2153312448,698.5558
743,2151312448,699.5154
744,2149312448,700.4691
745,2147312448,701.423
746,2145312448,702.3773
747,2143312448,703.3329
748,2141312448,704.429
749,2139312448,705.3868
750,2137312448,706.3577
751,2135312448,707.2835
752,2133312448,708.2532
753,2131312448,709.219
754,2129312448,710.1938
755,2127312448,711.1698
756,2125312448,712.1409
757,2118154012,713.1103
758,2116154012,714.0789
759,2114154012,715.0513
760,2112154012,716.0145
761,2110154012,716.9421
762,2108154012,717.8972
763,2106154012,718.8697
764,2104154012,719.8331
765,2102154012,720.8055
766,2100154012,721.7604
767,2098154012,722.7242
768,2096154012,723.6911
769,2094154012,724.6549
770,2092154012,725.6131
771,2090154012,726.5406
772,2088154012,727.5065
773,2086154012,728.4648
774,2084154012,729.4201
775,2082154012,730.3961
776,2080154012,731.3526
777,2078154012,732.31
778,2076154012,733.2645
779,2074154012,734.2225
780,2072154012,735.1827
781,2070154012,736.1084
782,2068154012,737.0762
783,2066154012,738.0329
784,2064154012,738.9999
785,2062154012,739.9629
786,2060154012,740.9225
787,2058154012,741.8779
788,2056154012,742.8415
789,2054154012,743.8052
790,2052154012,744.7673
791,2050154012,745.693
792,2048154012,746.6538
793,2046154012,747.6154
794,2044154012,748.572
795,2042154012,749.5364
796,2040154012,750.5008
797,2038154012,751.4681
798,2036154012,752.4294
799,2034173880,753.3872
800,2032203385,754.3592
801,2030266490,755.2848
802,2028357610,756.2603
803,2026460055,757.2258
804,2024591310,758.203
805,2022726716,759.1725
806,2020990746,760.1314
807,2018990746,761.1076
808,2017271956,762.0714
809,2015620391,763.0528
810,2014020391,764.0183
811,2012420391,764.9451
812,2010820391,765.9186
813,2009220391,766.8775
814,2007620391,767.838
815,2006020391,768.8094
816,2004420391,769.7719
817,2002820391,770.7633
818,2001220391,771.7241
819,1999620391,772.6934
820,1998020391,773.6484
821,1996420391,774.5757
822,1994820391,775.5328
823,1993220391,776.4915
824,1991620391,777.4695
825,1990020391,778.4303
826,1988420391,779.3866
827,1986820391,780.3519
828,1985220391,781.3126
829,1983620391,782.2979
830,1982020391,783.2646
831,1980420391,784.1905
832,1978820391,785.1533
833,1977244266,786.113
834,1975692176,787.0865
835,1974195521,788.0621
836,1972703356,789.0391
837,1971212851,790.0186
838,1969754481,790.9971
839,1968369801,791.9656
840,1966369801,792.9335
841,1964997586,793.8587
842,1963640461,794.8356
843,1962290671,795.7947
844,1960995601,796.7702
845,1959713386,797.727
846,1958439746,798.7016
847,1957238331,799.6636
848,1956038331,800.6193
849,1954838331,801.5857
850,1953638331,802.5659
851,1952438331,803.491
852,1951238331,804.4505
853,1950038331,805.4117
854,1948838331,806.3978
855,1947638331,807.3565
856,1946438331,808.3186
857,1945238331,809.2811
858,1944038331,810.2608
859,1915307966,811.2266
860,1809132541,812.2012
861,1649319481,813.1282
862,1631829525,814.117
863,1627829525,815.0808
864,1623829525,816.0529
865,1619829525,817.0288
866,1615829525,818.0255
867,1612309785,818.9955
868,1609691865,819.9705
869,1607691865,820.9507
870,1605691865,821.9375
871,1603691865,822.8777
872,1601691865,823.838
873,1599691865,824.7947
874,1597691865,825.7755
875,1595691865,826.766
876,1593691865,827.7381
877,1591691865,828.6993
878,1589691865,829.6802
879,1587824721,830.6369
880,1586146661,831.6038
881,1584546661,832.5311
882,1582946661,833.4983
883,1581788131,834.4839
884,1580682561,835.4581
885,1579583496,836.4298
886,1578505361,837.3969
887,1577477671,838.3623
888,1576529341,839.3266
889,1575638946,840.3017
890,1574770666,841.2676
891,1573917816,842.1933
892,1573125606,843.1731
893,1572399246,844.1386
894,1571125606,845.093
895,1570399246,846.0494
896,1569125606,847.0072
897,1568399246,847.9618
898,1567125606,848.9206
899,1566399246,849.883
900,1565125606,850.8405
901,1564399246,851.7674
902,1563125606,852.7218
903,1562399246,853.676
904,1561125606,854.6309
905,1560399246,855.5866
906,1559725241,856.5402
907,1558399246,857.5031
908,1556399246,858.4577
909,1554399246,859.4122
910,1552399246,860.3659
911,1550399246,861.2926
912,1548399246,862.2466
913,1546399246,863.2006
914,1544399246,864.1556
915,1542399246,865.1173
916,1540399246,866.0714
917,1506328766,867.0262
918,1505674851,867.9832
919,1504296296,868.9407
920,1502687381,869.8965
921,1501689771,870.822
922,1501035856,871.7761
923,1499657301,872.737
924,1499003386,873.6906
925,1497657301,874.6484
926,1497003386,875.6017
927,1495657301,876.5572
928,1495003386,877.5116
929,1493657301,878.4659
930,1493003386,879.4236
931,1492375601,880.3491
932,1491003386,881.3027
933,1490375601,882.261
934,1489799766,883.2151
935,1489122706,884.1698
936,1488589241,885.1263
937,1488095726,886.0805
938,1487631221,887.0344
939,1486095726,888.0058
940,1485631221,888.9769
941,1484095726,889.9027
942,1483631221,890.8666
943,1482095726,891.8226
944,1481647816,892.7835
945,1481247816,893.7417
946,1480847816,894.7017
947,1480447816,895.684
948,1480047816,896.6514
949,1479647816,897.6177
950,1479247816,898.5924
951,1478847816,899.5191
952,1478447816,900.5092
953,1478047816,901.4775
954,1477647816,902.4713
955,1477247816,903.4322
956,1476847816,904.3918
957,1476447816,905.3516
958,1476047816,906.3218
959,1475647816,907.2839
960,1475247816,908.2484
961,1474847816,909.1763
962,1474447816,910.1405
963,1474047816,911.1056
964,1473647816,912.0801
965,1473247816,913.0397
966,1472847816,913.9986
967,1472447816,914.9657
968,1472067636,915.9215
969,1471708581,916.8787
970,1470067636,917.8368
971,1469708581,918.7624
972,1468067636,919.7351
973,1467719201,920.7055
974,1466067636,921.6687
975,1465719201,922.6381
976,1464067636,923.6033
977,1463719201,924.5612
978,1462067636,925.5189
979,1461719201,926.4903
980,1460067636,927.457
981,1459719201,928.3826
982,1458067636,929.3386
983,1457719201,930.3168
984,1456067636,931.279
985,1455719201,932.2433
986,1454091576,933.206
987,1453743141,934.1777
988,1453396036,935.1482
989,1452820201,936.1262
990,1452473096,937.0985
991,1452131466,938.0243
992,1451755311,939.0028
993,1451413681,939.9702
994,1451091741,940.9449
995,1450773468,941.9021
996,1450460258,942.88
997,1450173483,943.8405
998,1448460258,944.8122
999,1448173483,945.772
1000,1446460258,946.7347
1001,1446173483,947.6597
1002,1444460258,948.6173
1003,1444245863,949.5955
1004,1444051473,950.5748
1005,1443857973,951.5495
1006,1443707848,952.5268
1007,1443563923,953.4894
1008,1443429638,954.4503
1009,1443311104,955.4052
1010,1354510753,956.3595
1011,1352110753,957.2854
1012,1349710753,958.2582
1013,1347310753,959.2218
1014,1344910753,960.1766
1015,1342510753,961.1309
1016,1340110753,962.085
1017,1337710753,963.0493
1018,1335310753,964.003
1019,1332910753,964.9568
1020,1330510753,965.9123
1021,1328490885,966.8393
1022,1326490885,967.7961
1023,1324490885,968.7514
1024,1322490885,969.7087
1025,1320490885,970.6648
1026,1318490885,971.6184
1027,1316866915,972.5751
1028,1316777560,973.5286
1029,1315360430,974.484
1030,1314866915,975.4415
1031,1314507860,976.3669
1032,1313664175,977.3238
1033,1313574820,978.2953
1034,1312157690,979.2584
1035,1311664175,980.225
1036,1311305120,981.1886
1037,1311215765,982.1508
1038,1309798635,983.1138
1039,1309305120,984.0927
1040,1309215765,985.0621
1041,1307798635,985.9871
1042,1307305120,986.9441
1043,1307215765,987.8995
1044,1305798635,988.8691
1045,1305305120,989.85
1046,1305238485,990.8099
1047,1305172090,991.7734
1048,1305114160,992.751
1049,1304076025,993.7177
1050,1303172090,994.688
1051,1303114160,995.6128
1052,1302076025,996.5705
1053,1301172090,997.5371
1054,1301114160,998.497
1055,1300076025,999.4549
1056,1299172090,1000.4125
1057,1299114160,1001.3699
1058,1298574300,1002.3573
1059,1297670365,1003.3172
1060,1297172090,1004.2817
1061,1297114160,1005.2079
1062,1296574300,1006.1791
1063,1295670365,1007.1444
1064,1295172090,1008.1303
1065,1295114160,1009.0986
1066,1294574300,1010.0746
1067,1293670365,1011.0477
1068,1293172090,1012.0174
1069,1293114160,1012.9954
1070,1292574300,1013.968
1071,1291670365,1014.8931
1072,1291172090,1015.8567
1073,1291148150,1016.8176
1074,1289520525,1017.7761
1075,1289172090,1018.7308
1076,1289148150,1019.6855
1077,1287520525,1020.6404
1078,1287496585,1021.5936
1079,1287495230,1022.5507
1080,1285563220,1023.5066
1081,1283563220,1024.4318
1082,1283496585,1025.3859
1083,1283495230,1026.3408
1084,1281563220,1027.2951
1085,1279563220,1028.249
1086,1279496585,1029.2038
1087,1279495230,1030.1575
1088,1279219725,1031.1112
1089,1277219725,1032.0733
1090,1276467155,1033.027
1091,1276400520,1033.952
1092,1276399165,1034.9085
1093,1276399165,1035.8648
1094,1276399165,1036.8187
1095,1324967813,1037.4651
1096,1276399165,1038.1141
1097,1324967813,1038.7661
1098,1374800843,1039.4131
1099,1324967813,1040.0614
1100,1374800843,1040.712
1101,1324967813,1041.3322
1102,1374800843,1041.9818
1103,1324967813,1042.6317
1104,1374800843,1043.2819
1105,1324967813,1043.9331
1106,1374800843,1044.5999
1107,1324967813,1045.2503
1108,1374800843,1045.9006
1109,1324967813,1046.5519
1110,1374800843,1047.207
1111,1324967813,1047.8292
1112,1374800843,1048.48
1113,1324967813,1049.1301
1114,1374800843,1049.782
1115,1324967813,1050.4392
1116,1374800843,1051.0895
1117,1324967813,1051.7414
1118,1374800843,1052.4083
1119,1324967813,1053.061
1120,1374800843,1053.7132
1121,1324967813,1054.3362
1122,1374800843,1054.9894
1123,1324967813,1055.6419
1124,1374800843,1056.3179
1125,1324967813,1056.9721
1126,1374800843,1057.641
1127,1324967813,1058.2934
1128,1374800843,1058.9527
1129,1324967813,1059.606
1130,1374800843,1060.2751
1131,1324967813,1060.9034
1132,1374800843,1061.5565
1133,1324967813,1062.2188
1134,1374800843,1062.8799
1135,1324967813,1063.538
1136,1374800843,1064.1946
1137,1324967813,1064.8565
1138,1374800843,1065.5179
1139,1324967813,1066.1846
1140,1374800843,1066.8469
1141,1324967813,1067.4751
1142,1374800843,1068.1355
1143,1324967813,1068.8028
1144,1374800843,1069.47
1145,1324967813,1070.1432
1146,1374800843,1070.814
1147,1329655813,1071.7746
1148,1289655813,1072.729
1149,1254374841,1073.6902
1150,1245806193,1074.6455
1151,1244833883,1075.5703
1152,1242833883,1076.5286
1153,1240833883,1077.4937
1154,1239221843,1078.453
1155,1239221843,1079.4076
1156,1239221843,1080.3688
1157,1239221843,1081.3302
1158,1239221843,1082.3029
1159,1239221843,1083.2637
1160,1239221843,1084.2237
1161,1239221843,1085.1487
1162,1239221843,1086.1114
1163,1239221843,1087.0748
1164,1239221843,1088.0404
1165,1239221843,1089.0087
1166,1239221843,1089.974
1167,1239221843,1090.9471
1168,1239221843,1091.9049
1169,1239221843,1092.8628
1170,1239221843,1093.8274
1171,1239221843,1094.7536
1172,1239221843,1095.7128
1173,1239221843,1096.6756
1174,1239221843,1097.6365
1175,1239221843,1098.6086
1176,1239221843,1099.5735
1177,1239221843,1100.5425
1178,1239221843,1101.5138
1179,1239221843,1102.4833
1180,1239221843,1103.4383
1181,1239221843,1104.3678
1182,1239221843,1105.3273
1183,1239221843,1106.2832
1184,1239221843,1107.2388
1185,1239221843,1108.1939
1186,1239221843,1109.1496
1187,1239221843,1110.1059
1188,1239221843,1111.0617
1189,1239221843,1112.0206
1190,1239221843,1112.9893
1191,1239221843,1113.9152
1192,1239221843,1114.8824
1193,1239221843,1115.8435
1194,1239221843,1116.8035
1195,1239221843,1117.7588
1196,1239221843,1118.7345
1197,1239221843,1119.6953
1198,1239221843,1120.6697
1199,1405837004,1121.3202
1200,1239221843,1121.9852
1201,1405837004,1122.6037
1202,1546298683,1123.2609
1203,1405837004,1123.9155
1204,1546298683,1124.5643
1205,1405837004,1125.2324
1206,1546298683,1125.8897
1207,1405837004,1126.5502
1208,1546298683,1127.2107
1209,1405837004,1127.8633
1210,1546298683,1128.517
1211,1405837004,1129.148
1212,1546298683,1129.8103
1213,1405837004,1130.4686
1214,1546298683,1131.119
1215,1405837004,1131.7811
1216,1546298683,1132.4469
1217,1405837004,1133.0978
1218,1546298683,1133.7569
1219,1405837004,1134.4234
1220,1546298683,1135.0757
1221,1405837004,1135.7031
1222,1546298683,1136.3615
1223,1405837004,1137.0223
1224,1546298683,1137.6854
1225,1405837004,1138.3478
1226,1546298683,1139.0049
1227,1405837004,1139.6652
1228,1546298683,1140.3282
1229,1405837004,1140.9874
1230,1546298683,1141.6422
1231,1405837004,1142.2683
1232,1546298683,1142.9273
1233,1405837004,1143.5811
1234,1546298683,1144.2334
1235,1405837004,1144.8976
1236,1546298683,1145.5506
1237,1405837004,1146.212
1238,1546298683,1146.8776
1239,1405837004,1147.5343
1240,1546298683,1148.2031
1241,1405837004,1148.8368
1242,1546298683,1149.4955
1243,1405837004,1150.1638
1244,1546298683,1150.8299
1245,1405837004,1151.492
1246,1546298683,1152.1481
1247,1405837004,1152.8104
1248,1546298683,1153.4729
1249,1405837004,1154.138
1250,1546298683,1154.8099
1251,1306298683,1155.7388
1252,1239221843,1156.701
1253,1239221843,1157.6595
1254,1239221843,1158.6154
1255,1239221843,1159.5786
1256,1239221843,1160.5397
1257,1239221843,1161.5108
1258,1239221843,1162.4821
1259,1239221843,1163.437
1260,1239221843,1164.4002
1261,1239221843,1165.325
1262,1239221843,1166.3058
1263,1239221843,1167.2696
1264,1239221843,1168.2379
1265,1239221843,1169.2001
1266,1239221843,1170.1556
1267,1239221843,1171.1192
1268,1239221843,1172.0806
1269,1239221843,1173.0406
1270,1239221843,1174.0142
1271,1239221843,1174.9403
1272,1239221843,1175.8984
1273,1239221843,1176.8678
1274,1239221843,1177.8253
1275,1239221843,1178.8051
1276,1239221843,1179.7646
1277,1239221843,1180.7292
1278,1239221843,1181.6866
1279,1239221843,1182.6442
1280,1239221843,1183.6124
1281,1239221843,1184.5385
1282,1239221843,1185.4984
1283,1239221843,1186.4617
1284,1239221843,1187.4164
1285,1239221843,1188.3802
1286,1239221843,1189.3362
1287,1239221843,1190.2901
1288,1239221843,1191.2474
1289,1239221843,1192.2023
1290,1239221843,1193.1628
1291,1239221843,1194.0886
1292,1239221843,1195.0472
1293,1239221843,1196.0057
1294,1239221843,1196.9642
1295,1239221843,1197.9193
1296,1239221843,1198.8735
1297,1239221843,1199.8343
1298,1239221843,1200.7894
1299,1239221843,1201.7439
1300,1239221843,1202.7026
1301,1239221843,1203.6284
1302,1239221843,1204.586
1303,1435837004,1205.234
1304,1239221843,1205.8857
1305,1435837004,1206.5371
1306,1516298683,1207.1864
1307,1435837004,1207.8362
1308,1516298683,1208.4918
1309,1435837004,1209.1422
1310,1516298683,1209.8059
1311,1435837004,1210.4269
1312,1516298683,1211.0773
1313,1435837004,1211.7352
1314,1516298683,1212.3944
1315,1435837004,1213.0477
1316,1516298683,1213.718
1317,1435837004,1214.3686
1318,1516298683,1215.0195
1319,1435837004,1215.6749
1320,1516298683,1216.3268
1321,1435837004,1216.9492
1322,1516298683,1217.6061
1323,1435837004,1218.2649
1324,1516298683,1218.9259
1325,1435837004,1219.5805
1326,1516298683,1220.2397
1327,1435837004,1220.903
1328,1516298683,1221.559
1329,1435837004,1222.2157
1330,1516298683,1222.8825
1331,1435837004,1223.5064
1332,1516298683,1224.1672
1333,1435837004,1224.8269
1334,1516298683,1225.4847
1335,1435837004,1226.1458
1336,1516298683,1226.8087
1337,1435837004,1227.466
1338,1516298683,1228.1267
1339,1435837004,1228.7923
1340,1516298683,1229.4471
1341,1435837004,1230.0834
1342,1516298683,1230.7499
1343,1435837004,1231.4098
1344,1516298683,1232.0781
1345,1435837004,1232.7534
1346,1516298683,1233.4125
1347,1435837004,1234.0815
1348,1516298683,1234.7444
1349,1435837004,1235.4042
1350,1516298683,1236.074
1351,1435837004,1236.701
1352,1516298683,1237.3687
1353,1435837004,1238.0265
1354,1516298683,1238.6867
1355,1468298683,1239.6461
1356,1465898683,1240.6033
1357,1463498683,1241.5597
1358,1461098683,1242.5141
1359,1458698683,1243.4772
1360,1456298683,1244.4313
1361,1455550538,1245.3574
1362,1455550538,1246.3117
1363,1455550538,1247.2686
1364,1455550538,1248.2267
1365,1455550538,1249.1808
1366,1455550538,1250.1355
1367,1455550538,1251.0989
1368,1455550538,1252.0558
1369,1455550538,1253.012
1370,1455550538,1253.9669
1371,1455550538,1254.8943
1372,1455550538,1255.8519
1373,1455550538,1256.81
1374,1455550538,1257.7739
1375,1455550538,1258.7281
1376,1455550538,1259.6845
1377,1455550538,1260.6451
1378,1455550538,1261.6027
1379,1455550538,1262.5604
1380,1455550538,1263.5158
1381,1455550538,1264.442
1382,1455550538,1265.4039
1383,1455550538,1266.362
1384,1455550538,1267.3198
1385,1455550538,1268.2771
1386,1455550538,1269.2363
1387,1455550538,1270.192
1388,1455550538,1271.1458
1389,1455550538,1272.1061
1390,1455550538,1273.0639
1391,1455550538,1273.9886
1392,1455550538,1274.9473
1393,1455550538,1275.9018
1394,1455550538,1276.8594
1395,1455550538,1277.8144
1396,1455550538,1278.7834
1397,1455550538,1279.7436
1398,1455550538,1280.6998
1399,1455550538,1281.6611
1400,1455550538,1282.6192
1401,1455550538,1283.5459
1402,1455550538,1284.5045
1403,1455550538,1285.4661
1404,1455550538,1286.4376
1405,1455550538,1287.3944
1406,1455550538,1288.3523
1407,1243601219,1289.0016
1408,1454737649,1289.6488
1409,1666686968,1290.2993
1410,1454737649,1290.9498
1411,1666686968,1291.5696
1412,1454737649,1292.2219
1413,1666686968,1292.871
1414,1454737649,1293.5216
1415,1666686968,1294.1882
1416,1454737649,1294.8468
1417,1666686968,1295.5047
1418,1454737649,1296.1664
1419,1666686968,1296.8455
1420,1454737649,1297.5035
1421,1666686968,1298.1251
1422,1454737649,1298.7805
1423,1666686968,1299.4399
1424,1454737649,1300.0961
1425,1666686968,1300.7529
1426,1454737649,1301.4061
1427,1666686968,1302.0731
1428,1454737649,1302.7386
1429,1666686968,1303.3993
1430,1454737649,1304.0533
1431,1666686968,1304.6814
1432,1454737649,1305.3447
1433,1666686968,1306.0022
1434,1454737649,1306.6631
1435,1666686968,1307.3289
1436,1454737649,1307.9948
1437,1666686968,1308.6655
1438,1454737649,1309.3287
1439,1666686968,1310.002
1440,1454737649,1310.6605
1441,1666686968,1311.2958
1442,1454737649,1311.9623
1443,1666686968,1312.6307
1444,1454737649,1313.2905
1445,1666686968,1313.9497
1446,1454737649,1314.625
1447,1666686968,1315.2806
1448,1454737649,1315.9512
1449,1666686968,1316.6246
1450,1454737649,1317.2838
1451,1666686968,1317.9246
1452,1454737649,1318.5874
1453,1666686968,1319.2544
1454,1454737649,1319.927
1455,1666686968,1320.5901
1456,1454737649,1321.2616
1457,1666686968,1321.9399
1458,1454737649,1322.617
1459,1394487274,1323.5761
1460,1392087274,1324.5409
1461,1389687274,1325.4658
1462,1387287274,1326.4261
1463,1386035419,1327.383
1464,1384936839,1328.3537
1465,1384035419,1329.3159
1466,1382936839,1330.284
1467,1382035419,1331.2443
1468,1380936839,1332.2071
1469,1380035419,1333.1715
1470,1378936839,1334.1588
1471,1378035419,1335.085
1472,1376936839,1336.0776
1473,1376035419,1337.0532
1474,1374936839,1338.0367
1475,1374035419,1339.0101
1476,1372936839,1339.9777
1477,1372035419,1340.9551
1478,1371197523,1341.9284
1479,1370341678,1342.9132
1480,1369643098,1343.8833
1481,1369243098,1344.8086
1482,1368843098,1345.7722
1483,1366515577,1346.7502
1484,1366515577,1347.7145
1485,1366515577,1348.6723
1486,1366515577,1349.6307
1487,1366515577,1350.61
1488,1366515577,1351.5689
1489,1366515577,1352.5341
1490,1366515577,1353.5077
1491,1366515577,1354.4344
1492,1366515577,1355.3916
1493,1366515577,1356.3577
1494,1366515577,1357.3168
1495,1366515577,1358.2966
1496,1366515577,1359.261
1497,1366515577,1360.2323
1498,1366515577,1361.197
1499,1366515577,1362.1649
1500,1366515577,1363.1359
1501,1366515577,1364.0622
1502,1366515577,1365.0356
1503,1366515577,1366.0237
1504,1366515577,1366.9989
1505,1366515577,1367.9588
1506,1366515577,1368.9368
1507,1366515577,1369.9025
1508,1366515577,1370.8757
1509,1366515577,1371.8366
1510,1366515577,1372.7993
1511,1570330738,1373.4173
1512,1366515577,1374.0766
1513,1570330738,1374.7452
1514,1636392417,1375.402
1515,1570330738,1376.0554
1516,1636392417,1376.7259
1517,1570330738,1377.3746
1518,1636392417,1378.0298
1519,1570330738,1378.6809
1520,1636392417,1379.3326
1521,1570330738,1379.9546
1522,1636392417,1380.6056
1523,1570330738,1381.259
1524,1636392417,1381.9107
1525,1570330738,1382.561
1526,1636392417,1383.2117
1527,1570330738,1383.8806
1528,1636392417,1384.5339
1529,1570330738,1385.1961
1530,1636392417,1385.867
1531,1570330738,1386.4926
1532,1636392417,1387.1507
1533,1570330738,1387.8126
1534,1636392417,1388.4708
1535,1570330738,1389.136
1536,1636392417,1389.8073
1537,1570330738,1390.4645
1538,1636392417,1391.1166
1539,1570330738,1391.7894
1540,1636392417,1392.4492
1541,1570330738,1393.0749
1542,1636392417,1393.7382
1543,1570330738,1394.4228
1544,1636392417,1395.0791
1545,1570330738,1395.7507
1546,1636392417,1396.4121
1547,1570330738,1397.0679
1548,1636392417,1397.7397
1549,1570330738,1398.3952
1550,1636392417,1399.0579
1551,1570330738,1399.6867
1552,1636392417,1400.3476
1553,1570330738,1401.0058
1554,1636392417,1401.6699
1555,1570330738,1402.332
1556,1636392417,1402.9916
1557,1570330738,1403.6605
1558,1636392417,1404.3396
1559,1570330738,1404.9991
1560,1636392417,1405.6755
1561,1570330738,1406.3195
1562,1636392417,1406.9805
1563,1588392417,1407.9376
1564,1585992417,1408.9074
1565,1583592417,1409.8724
1566,1582844272,1410.831
1567,1582844272,1411.7903
1568,1582844272,1412.7544
1569,1582844272,1413.7144
1570,1582844272,1414.6808
1571,1582844272,1415.6058
1572,1582844272,1416.5854
1573,1582844272,1417.555
1574,1582844272,1418.5203
1575,1582844272,1419.4931
1576,1582844272,1420.4507
1577,1582844272,1421.4068
1578,1582844272,1422.37
1579,1582844272,1423.3355
1580,1582844272,1424.2995
1581,1582844272,1425.2259
1582,1582844272,1426.2055
1583,1582844272,1427.1707
1584,1582844272,1428.144
1585,1582844272,1429.1112
1586,1582844272,1430.0735
1587,1582844272,1431.0362
1588,1582844272,1432.0182
1589,1582844272,1432.9888
1590,1582844272,1433.9568
1591,1582844272,1434.8846
1592,1582844272,1435.8442
1593,1582844272,1436.809
1594,1582844272,1437.7727
1595,1582844272,1438.7459
1596,1582844272,1439.7252
1597,1582844272,1440.6807
1598,1582844272,1441.6439
1599,1582844272,1442.6154
1600,1582844272,1443.5716
1601,1582844272,1444.4997
1602,1582844272,1445.4557
1603,1582844272,1446.4148
1604,1582844272,1447.3704
1605,1582844272,1448.3287
1606,1582844272,1449.2888
1607,1582844272,1450.2488
1608,1582844272,1451.208
1609,1582844272,1452.1655
1610,1582844272,1453.1229
1611,1582844272,1454.0479
1612,1582844272,1455.0142
1613,1582844272,1455.9729
1614,1582844272,1456.9278
1615,1370894953,1457.581
1616,1582844272,1458.2322
1617,1803221031,1458.883
1618,1582844272,1459.5338
1619,1803221031,1460.1818
1620,1582844272,1460.8377
1621,1803221031,1461.4575
1622,1582844272,1462.1138
1623,1803221031,1462.7803
1624,1582844272,1463.4377
1625,1803221031,1464.0902
1626,1582844272,1464.7591
1627,1803221031,1465.4237
1628,1582844272,1466.0956
1629,1803221031,1466.7665
1630,1582844272,1467.4261
1631,1803221031,1468.0511
1632,1582844272,1468.714
1633,1803221031,1469.3691
1634,1582844272,1470.0369
1635,1803221031,1470.7104
1636,1582844272,1471.3656
1637,1803221031,1472.0199
1638,1582844272,1472.6936
1639,1803221031,1473.3524
1640,1582844272,1474.0207
1641,1803221031,1474.6557
1642,1582844272,1475.3204
1643,1803221031,1475.9867
1644,1582844272,1476.655
1645,1803221031,1477.315
1646,1582844272,1477.9862
1647,1803221031,1478.6675
1648,1582844272,1479.3303
1649,1803221031,1479.9967
1650,1582844272,1480.6555
1651,1803221031,1481.2816
1652,1582844272,1481.9538
1653,1803221031,1482.6099
1654,1582844272,1483.2629
1655,1803221031,1483.9215
1656,1582844272,1484.5749
1657,1803221031,1485.2301
1658,1582844272,1485.8833
1659,1803221031,1486.536
1660,1582844272,1487.1906
1661,1803221031,1487.818
1662,1582844272,1488.4793
1663,1803221031,1489.1415
1664,1582844272,1489.8012
1665,1803221031,1490.4802
1666,1582844272,1491.1403
1667,1582844272,1492.1001
1668,1582844272,1493.0594
1669,1582844272,1494.0168
1670,1582844272,1494.9714
1671,1582844272,1495.8993
1672,1582844272,1496.8586
1673,1582844272,1497.8165
1674,1582844272,1498.7871
1675,1582844272,1499.7467
1676,1582844272,1500.7046
1677,1582844272,1501.6587
1678,1582844272,1502.6222
1679,1582844272,1503.5788
1680,1582844272,1504.5388
1681,1582844272,1505.4657
1682,1582844272,1506.4229
1683,1582844272,1507.3809
1684,1582844272,1508.348
1685,1582844272,1509.3094
1686,1582844272,1510.2922
1687,1582844272,1511.2565
1688,1582844272,1512.2223
1689,1582844272,1513.1905
1690,1582844272,1514.172
1691,1582844272,1515.0986
1692,1582844272,1516.0741
1693,1582844272,1517.0396
1694,1582844272,1518.035
1695,1582844272,1519.0028
1696,1582844272,1519.9893
1697,1582844272,1520.952
1698,1582844272,1521.9303
1699,1582844272,1522.9133
1700,1582844272,1523.8901
1701,1582844272,1524.816
1702,1582844272,1525.7803
1703,1582844272,1526.7557
1704,1582844272,1527.7147
1705,1582844272,1528.673
1706,1582844272,1529.6316
1707,1582844272,1530.5941
1708,1582844272,1531.5572
1709,1582844272,1532.5192
1710,1582844272,1533.5051
1711,1582844272,1534.4319
1712,1582844272,1535.3915
1713,1582844272,1536.3596
1714,1582844272,1537.321
1715,1582844272,1538.2913
1716,1582844272,1539.255
1717,1582844272,1540.2279
1718,1582844272,1541.2054
1719,1370894953,1541.867
1720,1582844272,1542.5207
1721,1802842565,1543.1389
1722,1582844272,1543.8045
1723,1802842565,1544.4766
1724,1582844272,1545.1402
1725,1802842565,1545.8062
1726,1582844272,1546.4694
1727,1802842565,1547.1191
1728,1582844272,1547.7945
1729,1802842565,1548.4447
1730,1582844272,1549.095
1731,1802842565,1549.7323
1732,1582844272,1550.3923
1733,1802842565,1551.0448
1734,1582844272,1551.7061
1735,1802842565,1552.3583
1736,1582844272,1553.0132
1737,1802842565,1553.6701
1738,1582844272,1554.3244
1739,1802842565,1554.9817
1740,1582844272,1555.6396
1741,1802842565,1556.2653
1742,1582844272,1556.9261
1743,1802842565,1557.5904
1744,1582844272,1558.2443
1745,1802842565,1558.8945
1746,1582844272,1559.5454
1747,1802842565,1560.1997
1748,1582844272,1560.8513
1749,1802842565,1561.5119
1750,1582844272,1562.1752
1751,1802842565,1562.81
1752,1582844272,1563.4664
1753,1802842565,1564.1272
1754,1582844272,1564.7902
1755,1802842565,1565.4474
1756,1582844272,1566.1102
1757,1802842565,1566.775
1758,1582844272,1567.4415
1759,1802842565,1568.0955
1760,1582844272,1568.758
1761,1802842565,1569.3831
1762,1582844272,1570.039
1763,1802842565,1570.697
1764,1582844272,1571.3505
1765,1802842565,1572.0086
1766,1582844272,1572.6789
1767,1802842565,1573.3404
1768,1582844272,1573.9992
1769,1802842565,1574.6573
1770,1582844272,1575.3129
1771,1582844272,1576.2409
1772,1582844272,1577.1983
1773,1582844272,1578.1562
1774,1582844272,1579.1189
1775,1582844272,1580.0765
1776,1582844272,1581.0328
1777,1582844272,1581.9911
1778,1582844272,1582.9504
1779,1582844272,1583.9072
1780,1582844272,1584.865
1781,1582844272,1585.7903
1782,1582844272,1586.7519
1783,1582844272,1587.7095
1784,1582844272,1588.6643
1785,1582844272,1589.6222
1786,1582844272,1590.5778
1787,1582844272,1591.535
1788,1582844272,1592.4933
1789,1582844272,1593.453
1790,1582844272,1594.4198
1791,1582844272,1595.3456
1792,1582844272,1596.3045
1793,1582844272,1597.2622
1794,1582844272,1598.2202
1795,1582844272,1599.178
1796,1582844272,1600.1362
1797,1582844272,1601.0955
1798,1582844272,1602.0587
1799,1582844272,1603.0216
1800,1582844272,1603.9825
1801,1582844272,1604.9104
1802,1582844272,1605.868
1803,1582844272,1606.8274
1804,1582844272,1607.7883
1805,1582844272,1608.7466
1806,1582844272,1609.7093
1807,1582844272,1610.6637
1808,1582844272,1611.6199
1809,1582844272,1612.578
1810,1582844272,1613.5359
1811,1582844272,1614.4632
1812,1582844272,1615.4181
1813,1582844272,1616.3793
1814,1582844272,1617.336
1815,1582844272,1618.2953
1816,1582844272,1619.2542
1817,1582844272,1620.2118
1818,1582844272,1621.1723
1819,1582844272,1622.129
1820,1582844272,1623.0868
1821,1582844272,1624.0161
1822,1582844272,1624.9756
1823,1370894953,1625.6401
1824,1582844272,1626.2888
1825,1803221031,1626.9407
1826,1582844272,1627.5897
1827,1803221031,1628.2461
1828,1582844272,1628.9039
1829,1803221031,1629.5564
1830,1582844272,1630.2175
1831,1803221031,1630.8466
1832,1582844272,1631.5144
1833,1803221031,1632.1774
1834,1582844272,1632.8429
1835,1803221031,1633.5145
1836,1582844272,1634.178
1837,1803221031,1634.8429
1838,1582844272,1635.4995
1839,1803221031,1636.1611
1840,1582844272,1636.8234
1841,1803221031,1637.4485
1842,1582844272,1638.1151
1843,1803221031,1638.7807
1844,1582844272,1639.442
1845,1803221031,1640.1018
1846,1582844272,1640.7581
1847,1803221031,1641.4249
1848,1582844272,1642.0847
1849,1803221031,1642.7428
1850,1582844272,1643.4082
1851,1803221031,1644.0356
1852,1582844272,1644.7043
1853,1803221031,1645.3659
1854,1582844272,1646.0396
1855,1803221031,1646.7105
1856,1582844272,1647.3743
1857,1803221031,1648.0329
1858,1582844272,1648.7011
1859,1803221031,1649.3696
1860,1582844272,1650.0348
1861,1803221031,1650.665
1862,1582844272,1651.3289
1863,1803221031,1651.999
1864,1582844272,1652.666
1865,1803221031,1653.3329
1866,1582844272,1654.0062
1867,1803221031,1654.6748
1868,1582844272,1655.3377
1869,1803221031,1656.0056
1870,1582844272,1656.6916
1871,1803221031,1657.3258
1872,1582844272,1658.0006
1873,1803221031,1658.674
1874,1582844272,1659.3388
1875,1582844272,1660.3003
1876,1582844272,1661.2656
1877,1582844272,1662.2272
1878,1582844272,1663.1895
1879,1582844272,1664.1525
1880,1582844272,1665.1141
1881,1582844272,1666.0392
1882,1582844272,1667.006
1883,1582844272,1667.9689
1884,1582844272,1668.9391
1885,1582844272,1669.9018
1886,1582844272,1670.8723
1887,1582844272,1671.8324
1888,1582844272,1672.7912
1889,1582844272,1673.752
1890,1582844272,1674.716
1891,1582844272,1675.6432
1892,1582844272,1676.6101
1893,1582844272,1677.5751
1894,1582844272,1678.5385
1895,1582844272,1679.5152
1896,1582844272,1680.477
1897,1582844272,1681.4408
1898,1582844272,1682.4251
1899,1582844272,1683.3846
1900,1582844272,1684.352
1901,1582844272,1685.2791
1902,1582844272,1686.2473
1903,1582844272,1687.2188
1904,1582844272,1688.1872
1905,1582844272,1689.1521
1906,1582844272,1690.1181
1907,1582844272,1691.0858
1908,1582844272,1692.0573
1909,1582844272,1693.0224
1910,1582844272,1693.9954
1911,1582844272,1694.9223
1912,1582844272,1695.8818
1913,1582844272,1696.8405
1914,1582844272,1697.8224
1915,1582844272,1698.8012
1916,1582844272,1699.7648
1917,1582844272,1700.7344
1918,1582844272,1701.6909
1919,1582844272,1702.6538
1920,1582844272,1703.6088
1921,1582844272,1704.5379
1922,1582844272,1705.4959
1923,1582844272,1706.4524
1924,1582844272,1707.4087
1925,1582844272,1708.3661
1926,1582844272,1709.3249
1927,1370894953,1709.9763
1928,1582844272,1710.6254
1929,1803221031,1711.2729
1930,1582844272,1711.9204
1931,1803221031,1712.5403
1932,1582844272,1713.1917
1933,1803221031,1713.8417
1934,1582844272,1714.4912
1935,1803221031,1715.1427
1936,1582844272,1715.796
1937,1803221031,1716.4479
1938,1582844272,1717.0965
1939,1803221031,1717.7476
1940,1582844272,1718.3969
1941,1803221031,1719.019
1942,1582844272,1719.6683
1943,1803221031,1720.3207
1944,1582844272,1720.9705
1945,1803221031,1721.6316
1946,1582844272,1722.2891
1947,1803221031,1722.9388
1948,1582844272,1723.5911
1949,1803221031,1724.2437
1950,1582844272,1724.8982
1951,1803221031,1725.5202
1952,1582844272,1726.1736
1953,1803221031,1726.8291
1954,1582844272,1727.4832
1955,1803221031,1728.1353
1956,1582844272,1728.7898
1957,1803221031,1729.4438
1958,1582844272,1730.0957
1959,1803221031,1730.7554
1960,1582844272,1731.4198
1961,1803221031,1732.0529
1962,1582844272,1732.7181
1963,1803221031,1733.3858
1964,1582844272,1734.059
1965,1803221031,1734.7293
1966,1582844272,1735.3904
1967,1803221031,1736.0558
1968,1582844272,1736.7234
1969,1803221031,1737.3822
1970,1582844272,1738.0433
1971,1803221031,1738.6768
1972,1582844272,1739.332
1973,1803221031,1739.9934
1974,1582844272,1740.6593
1975,1803221031,1741.3154
1976,1582844272,1741.9783
1977,1803221031,1742.6542
1978,1582844272,1743.3156
1979,1582844272,1744.2818
1980,1582844272,1745.2467
1981,1582844272,1746.1817
1982,1582844272,1747.1488
1983,1582844272,1748.1147
1984,1582844272,1749.0826
1985,1582844272,1750.0428
1986,1582844272,1751.0094
1987,1582844272,1751.968
1988,1582844272,1752.9286
1989,1582844272,1753.8858
1990,1582844272,1754.8452
1991,1582844272,1755.77
1992,1582844272,1756.7288
1993,1582844272,1757.6956
1994,1582844272,1758.6553
1995,1582844272,1759.6136
1996,1582844272,1760.5721
1997,1582844272,1761.5317
1998,1582844272,1762.4925
1999,1582844272,1763.4494
2000,1582844272,1764.4183
2001,1582844272,1765.3438
2002,1582844272,1766.3054
2003,1582844272,1767.2636
2004,1582844272,1768.2271
2005,1582844272,1769.1864
2006,1582844272,1770.1572
2007,1582844272,1771.1202
2008,1582844272,1772.0913
2009,1582844272,1773.0657
2010,1582844272,1774.0441
2011,1582844272,1774.9706
2012,1582844272,1775.9283
2013,1582844272,1776.887
2014,1582844272,1777.8462
2015,1582844272,1778.8297
2016,1582844272,1779.8092
2017,1582844272,1780.7874
2018,1582844272,1781.7436
2019,1582844272,1782.6983
2020,1582844272,1783.654
2021,1582844272,1784.5813
2022,1582844272,1785.5391
2023,1582844272,1786.4991
2024,1582844272,1787.4579
2025,1582844272,1788.418
2026,1582844272,1789.3879
2027,1582844272,1790.362
2028,1582844272,1791.3217
2029,1582844272,1792.2847
2030,1582844272,1793.2463
2031,1370894953,1793.8654
2032,1582844272,1794.5309
2033,1803221031,1795.1911
2034,1582844272,1795.8521
2035,1803221031,1796.5067
2036,1582844272,1797.1706
2037,1803221031,1797.8359
2038,1582844272,1798.5017
2039,1803221031,1799.1645
2040,1582844272,1799.8259
2041,1803221031,1800.4484
2042,1582844272,1801.099
2043,1803221031,1801.7738
2044,1582844272,1802.4418
2045,1803221031,1803.0958
2046,1582844272,1803.7597
2047,1803221031,1804.4275
2048,1582844272,1805.0813
2049,1803221031,1805.7442
2050,1582844272,1806.4006
2051,1803221031,1807.0226
2052,1582844272,1807.6754
2053,1803221031,1808.3289
2054,1582844272,1808.9836
2055,1803221031,1809.6363
2056,1582844272,1810.2901
2057,1803221031,1810.9441
2058,1582844272,1811.597
2059,1803221031,1812.2572
2060,1582844272,1812.9081
2061,1803221031,1813.5312
2062,1582844272,1814.1861
2063,1803221031,1814.8415
2064,1582844272,1815.496
2065,1803221031,1816.1484
2066,1582844272,1816.8009
2067,1803221031,1817.4637
2068,1582844272,1818.1288
2069,1803221031,1818.7913
2070,1582844272,1819.4508
2071,1803221031,1820.0789
2072,1582844272,1820.7362
2073,1803221031,1821.4039
2074,1582844272,1822.0833
2075,1803221031,1822.7447
2076,1582844272,1823.4112
2077,1803221031,1824.089
2078,1582844272,1824.7642
2079,1803221031,1825.4361
2080,1582844272,1826.1136
2081,1803221031,1826.7613
2082,1582844272,1827.4286
2083,1582844272,1828.3993
2084,1582844272,1829.3591
2085,1582844272,1830.3474
2086,1582844272,1831.3089
2087,1582844272,1832.2795
2088,1582844272,1833.2454
2089,1582844272,1834.226
2090,1582844272,1835.199
2091,1582844272,1836.1257
2092,1582844272,1837.0992
2093,1582844272,1838.0709
2094,1582844272,1839.0487
2095,1582844272,1840.0326
2096,1582844272,1841.0106
2097,1582844272,1841.9847
2098,1582844272,1842.9516
2099,1582844272,1843.9223
2100,1582844272,1844.8804
2101,1582844272,1845.8082
2102,1582844272,1846.7886
2103,1582844272,1847.7529
2104,1582844272,1848.7093
2105,1582844272,1849.6701
2106,1582844272,1850.6382
2107,1582844272,1851.5958
2108,1582844272,1852.5546
2109,1582844272,1853.5096
2110,1582844272,1854.4692
2111,1582844272,1855.3968
2112,1582844272,1856.3544
2113,1582844272,1857.3136
2114,1582844272,1858.2725
2115,1582844272,1859.2427
2116,1582844272,1860.219
2117,1582844272,1861.1881
2118,1582844272,1862.1628
2119,1582844272,1863.135
2120,1582844272,1864.1154
2121,1582844272,1865.0408
2122,1582844272,1866.0203
2123,1582844272,1866.995
2124,1582844272,1867.9587
2125,1582844272,1868.9299
2126,1582844272,1869.8939
2127,1582844272,1870.8552
2128,1582844272,1871.8148
2129,1582844272,1872.7776
2130,1582844272,1873.7372
2131,1582844272,1874.6648
2132,1582844272,1875.6211
2133,1582844272,1876.5778
2134,1582844272,1877.5376
2135,1370894953,1878.1903
2136,1582844272,1878.8408
2137,1803221031,1879.492
2138,1582844272,1880.1455
2139,1803221031,1880.8017
2140,1582844272,1881.4527
2141,1803221031,1882.0729
2142,1582844272,1882.7307
2143,1803221031,1883.3848
2144,1582844272,1884.0411
2145,1803221031,1884.6914
2146,1582844272,1885.3438
2147,1803221031,1885.9945
2148,1582844272,1886.6515
2149,1803221031,1887.3022
2150,1582844272,1887.954
2151,1803221031,1888.5752
2152,1582844272,1889.2271
2153,1803221031,1889.8804
2154,1582844272,1890.53
2155,1803221031,1891.1811
2156,1582844272,1891.8519
2157,1803221031,1892.5135
2158,1582844272,1893.1868
2159,1803221031,1893.8524
2160,1582844272,1894.5234
2161,1803221031,1895.1467
2162,1582844272,1895.8083
2163,1803221031,1896.4679
2164,1582844272,1897.1374
2165,1803221031,1897.8049
2166,1582844272,1898.4819
2167,1803221031,1899.1478
2168,1582844272,1899.8243
2169,1803221031,1900.4862
2170,1582844272,1901.1409
2171,1803221031,1901.767
2172,1582844272,1902.4417
2173,1803221031,1903.0976
2174,1582844272,1903.7723
2175,1803221031,1904.435
2176,1582844272,1905.091
2177,1803221031,1905.7621
2178,1582844272,1906.4261
2179,1803221031,1907.0897
2180,1582844272,1907.766
2181,1803221031,1908.3934
2182,1582844272,1909.0529
2183,1803221031,1909.7274
2184,1582844272,1910.3934
2185,1803221031,1911.0541
2186,1582844272,1911.7364
2187,1582844272,1912.7051
2188,1582844272,1913.6871
2189,1582844272,1914.665
2190,1582844272,1915.6444
2191,1582844272,1916.5714
2192,1582844272,1917.5402
2193,1582844272,1918.5247
2194,1582844272,1919.5103
2195,1582844272,1920.4892
2196,1582844272,1921.4605
2197,1582844272,1922.447
2198,1582844272,1923.4065
2199,1582844272,1924.3639
2200,1582844272,1925.3259
2201,1582844272,1926.2541
2202,1582844272,1927.2207
2203,1582844272,1928.19
2204,1582844272,1929.1609
2205,1582844272,1930.1464
2206,1582844272,1931.1191
2207,1582844272,1932.101
2208,1582844272,1933.0673
2209,1582844272,1934.0611
2210,1582844272,1935.0379
2211,1582844272,1935.9631
2212,1582844272,1936.9205
2213,1582844272,1937.8773
2214,1582844272,1938.8495
2215,1582844272,1939.8234
2216,1582844272,1940.787
2217,1582844272,1941.7706
2218,1582844272,1942.7461
2219,1582844272,1943.7332
2220,1582844272,1944.6964
2221,1582844272,1945.6232
2222,1582844272,1946.6154
2223,1582844272,1947.5815
2224,1582844272,1948.5517
2225,1582844272,1949.5174
2226,1582844272,1950.5032
2227,1582844272,1951.5008
2228,1582844272,1952.475
2229,1582844272,1953.433
2230,1582844272,1954.4211
2231,1582844272,1955.3497
2232,1582844272,1956.3129
2233,1582844272,1957.2771
2234,1582844272,1958.2621
2235,1582844272,1959.2332
2236,1582844272,1960.2108
2237,1582844272,1961.18
2238,1582844272,1962.1749
2239,1370894953,1962.8385
2240,1582844272,1963.5035
2241,1803221031,1964.1222
2242,1582844272,1964.7811
2243,1803221031,1965.4501
2244,1582844272,1966.1296
2245,1803221031,1966.789
2246,1582844272,1967.4454
2247,1803221031,1968.1034
2248,1582844272,1968.7647
2249,1803221031,1969.4322
2250,1582844272,1970.1056
2251,1803221031,1970.7281
2252,1582844272,1971.3883
2253,1803221031,1972.0523
2254,1582844272,1972.7144
2255,1803221031,1973.3664
2256,1582844272,1974.0228
2257,1803221031,1974.683
2258,1582844272,1975.349
2259,1803221031,1976.0053
2260,1582844272,1976.6623
2261,1803221031,1977.2878
2262,1582844272,1977.9609
2263,1803221031,1978.6282
2264,1582844272,1979.3051
2265,1803221031,1979.9684
2266,1582844272,1980.6265
2267,1803221031,1981.2998
2268,1582844272,1981.9845
2269,1803221031,1982.6616
2270,1582844272,1983.3328
2271,1803221031,1983.9641
2272,1582844272,1984.62
2273,1803221031,1985.2781
2274,1582844272,1985.9531
2275,1803221031,1986.611
2276,1582844272,1987.2803
2277,1803221031,1987.9421
2278,1582844272,1988.6038
2279,1803221031,1989.2779
2280,1582844272,1989.9607
2281,1803221031,1990.6021
2282,1582844272,1991.2685
2283,1803221031,1991.9404
2284,1582844272,1992.6137
2285,1803221031,1993.2868
2286,1582844272,1993.9609
2287,1803221031,1994.6412
2288,1582844272,1995.2991
2289,1803221031,1995.9613
2290,1582844272,1996.6184
2291,1582844272,1997.5504
2292,1582844272,1998.5433
2293,1582844272,1999.5281
2294,1582844272,2000.4997
2295,1582844272,2001.4751
2296,1582844272,2002.4609
2297,1582844272,2003.4166
2298,1582844272,2004.3818
2299,1582844272,2005.3414
2300,1582844272,2006.3233
2301,1582844272,2007.2543
2302,1582844272,2008.2206
2303,1582844272,2009.182
2304,1582844272,2010.1775
2305,1582844272,2011.142
2306,1582844272,2012.1225
2307,1582844272,2013.0965
2308,1582844272,2014.0988
2309,1582844272,2015.0734
2310,1582844272,2016.0512
2311,1582844272,2016.9782
2312,1582844272,2017.9623
2313,1582844272,2018.9394
2314,1582844272,2019.9106
2315,1582844272,2020.8686
2316,1582844272,2021.8357
2317,1582844272,2022.7955
2318,1582844272,2023.7559
2319,1582844272,2024.7175
2320,1582844272,2025.6784
2321,1582844272,2026.6055
2322,1582844272,2027.5715
2323,1582844272,2028.5417
2324,1582844272,2029.5162
2325,1582844272,2030.4902
2326,1582844272,2031.4728
2327,1582844272,2032.4379
2328,1582844272,2033.3953
2329,1582844272,2034.3786
2330,1582844272,2035.3393
2331,1582844272,2036.2647
2332,1582844272,2037.2373
2333,1582844272,2038.219
2334,1582844272,2039.1834
2335,1582844272,2040.1603
2336,1582844272,2041.1286
2337,1582844272,2042.1128
2338,1582844272,2043.0852
2339,1582844272,2044.0661
2340,1582844272,2045.0276
2341,1582844272,2045.9543
2342,1582844272,2046.9211
2343,1370894953,2047.5712
2344,1582844272,2048.2346
2345,1803221031,2048.8962
2346,1582844272,2049.5535
2347,1803221031,2050.2256
2348,1582844272,2050.8877
2349,1803221031,2051.5439
2350,1582844272,2052.1995
2351,1803221031,2052.8225
2352,1582844272,2053.4892
2353,1803221031,2054.1464
2354,1582844272,2054.8088
2355,1803221031,2055.4787
2356,1582844272,2056.1585
2357,1803221031,2056.8245
2358,1582844272,2057.4786
2359,1803221031,2058.1505
2360,1582844272,2058.8145
2361,1803221031,2059.443
2362,1582844272,2060.0989
2363,1803221031,2060.7609
2364,1582844272,2061.4242
2365,1803221031,2062.1074
2366,1582844272,2062.77
2367,1803221031,2063.4334
2368,1582844272,2064.0914
2369,1803221031,2064.7592
2370,1582844272,2065.4569
2371,1803221031,2066.0965
2372,1582844272,2066.7591
2373,1803221031,2067.4192
2374,1582844272,2068.0882
2375,1803221031,2068.7452
2376,1582844272,2069.4025
2377,1803221031,2070.0761
2378,1582844272,2070.7392
2379,1803221031,2071.4132
2380,1582844272,2072.0871
2381,1803221031,2072.7233
2382,1582844272,2073.3976
2383,1803221031,2074.0584
2384,1582844272,2074.7405
2385,1803221031,2075.4047
2386,1582844272,2076.0757
2387,1803221031,2076.7428
2388,1582844272,2077.4049
2389,1803221031,2078.0748
2390,1582844272,2078.7471
2391,1803221031,2079.3751
2392,1582844272,2080.0427
2393,1803221031,2080.7202
2394,1582844272,2081.3799
2395,1582844272,2082.3645
2396,1582844272,2083.3259
2397,1582844272,2084.2895
2398,1582844272,2085.2646
2399,1582844272,2086.2426
2400,1582844272,2087.2028
2401,1582844272,2088.134
2402,1582844272,2089.1066
2403,1582844272,2090.0697
2404,1582844272,2091.0387
2405,1582844272,2092.0169
2406,1582844272,2092.9874
2407,1582844272,2093.9733
2408,1582844272,2094.9572
2409,1582844272,2095.9158
2410,1582844272,2096.8753
2411,1582844272,2097.8037
2412,1582844272,2098.7857
2413,1582844272,2099.7533
2414,1582844272,2100.7113
2415,1582844272,2101.6921
2416,1582844272,2102.6689
2417,1582844272,2103.6295
2418,1582844272,2104.6011
2419,1582844272,2105.5723
2420,1582844272,2106.5574
2421,1582844272,2107.4844
2422,1582844272,2108.4432
2423,1582844272,2109.4027
2424,1582844272,2110.3882
2425,1582844272,2111.3517
2426,1582844272,2112.3283
2427,1582844272,2113.2885
2428,1582844272,2114.2815
2429,1582844272,2115.2492
2430,1582844272,2116.2207
2431,1582844272,2117.1491
2432,1582844272,2118.1433
2433,1582844272,2119.1161
2434,1582844272,2120.0981
2435,1582844272,2121.0588
2436,1582844272,2122.0443
2437,1582844272,2123.0117
2438,1582844272,2123.9823
2439,1582844272,2124.9667
2440,1582844272,2125.953
2441,1582844272,2126.8836
2442,1582844272,2127.8437
2443,1582844272,2128.8164
2444,1582844272,2129.8016
2445,1582844272,2130.7786
2446,1582844272,2131.7479
2447,1370894953,2132.4137
2448,1582844272,2133.0657
2449,1803221031,2133.7315
2450,1582844272,2134.3995
2451,1803221031,2135.0203
2452,1582844272,2135.6867
2453,1803221031,2136.3548
2454,1582844272,2137.0155
2455,1803221031,2137.6848
2456,1582844272,2138.3449
2457,1803221031,2139.0004
2458,1582844272,2139.6596
2459,1803221031,2140.322
2460,1582844272,2140.978
2461,1803221031,2141.6001
2462,1582844272,2142.2688
2463,1803221031,2142.9232
2464,1582844272,2143.5864
2465,1803221031,2144.2524
2466,1582844272,2144.9085
2467,1803221031,2145.5638
2468,1582844272,2146.2287
2469,1803221031,2146.8848
2470,1582844272,2147.5404
2471,1803221031,2148.1682
2472,1582844272,2148.8293
2473,1803221031,2149.4949
2474,1582844272,2150.1678
2475,1803221031,2150.8345
2476,1582844272,2151.5009
2477,1803221031,2152.1573
2478,1582844272,2152.8258
2479,1803221031,2153.4945
2480,1582844272,2154.1559
2481,1803221031,2154.7819
2482,1582844272,2155.4463
2483,1803221031,2156.1073
2484,1582844272,2156.7684
2485,1803221031,2157.434
2486,1582844272,2158.1098
2487,1803221031,2158.778
2488,1582844272,2159.4395
2489,1803221031,2160.1011
2490,1582844272,2160.7668
2491,1803221031,2161.4095
2492,1582844272,2162.086
2493,1803221031,2162.7604
2494,1582844272,2163.4234
2495,1803221031,2164.0998
2496,1582844272,2164.771
2497,1803221031,2165.4298
2498,1582844272,2166.1121
2499,1582844272,2167.0805
2500,1582844272,2168.0405
2501,1582844272,2168.9697
2502,1582844272,2169.9299
2503,1582844272,2170.8877
2504,1582844272,2171.8451
2505,1582844272,2172.8007
2506,1582844272,2173.7568
2507,1582844272,2174.7334
2508,1582844272,2175.6908
2509,1582844272,2176.6487
2510,1582844272,2177.6054
2511,1582844272,2178.5343
2512,1582844272,2179.4937
2513,1582844272,2180.4527
2514,1582844272,2181.4096
2515,1582844272,2182.3716
2516,1582844272,2183.332
2517,1582844272,2184.2961
2518,1582844272,2185.2612
2519,1582844272,2186.2472
2520,1582844272,2187.2169
2521,1582844272,2188.1489
2522,1582844272,2189.1235
2523,1582844272,2190.1246
2524,1582844272,2191.0925
2525,1582844272,2192.0591
2526,1582844272,2193.0294
2527,1582844272,2194.0041
2528,1582844272,2194.9819
2529,1582844272,2195.9525
2530,1582844272,2196.9318
2531,1582844272,2197.86
2532,1582844272,2198.8391
2533,1582844272,2199.8191
2534,1582844272,2200.7949
2535,1582844272,2201.7568
2536,1582844272,2202.7322
2537,1582844272,2203.6967
2538,1582844272,2204.6651
2539,1582844272,2205.6472
2540,1582844272,2206.6258
2541,1582844272,2207.5511
2542,1582844272,2208.5101
2543,1582844272,2209.4669
2544,1582844272,2210.4237
2545,1582844272,2211.3801
2546,1582844272,2212.3444
2547,1582844272,2213.3038
2548,1582844272,2214.2639
2549,1582844272,2215.2199
2550,1582844272,2216.1787
2551,1370894953,2216.7975
2552,1582844272,2217.4465
2553,1803221031,2218.0943
2554,1582844272,2218.7505
2555,1803221031,2219.4011
2556,1582844272,2220.0505
2557,1803221031,2220.6986
2558,1582844272,2221.3472
2559,1803221031,2221.9988
2560,1582844272,2222.6477
2561,1803221031,2223.2691
2562,1582844272,2223.9245
2563,1803221031,2224.5759
2564,1582844272,2225.2274
2565,1803221031,2225.8778
2566,1582844272,2226.5279
2567,1803221031,2227.1772
2568,1582844272,2227.828
2569,1803221031,2228.4801
2570,1582844272,2229.1371
2571,1803221031,2229.7591
2572,1582844272,2230.4125
2573,1803221031,2231.0624
2574,1582844272,2231.7155
2575,1803221031,2232.3669
2576,1582844272,2233.019
2577,1803221031,2233.6695
2578,1582844272,2234.3278
2579,1803221031,2234.9824
2580,1582844272,2235.6356
2581,1803221031,2236.2588
2582,1582844272,2236.9133
2583,1803221031,2237.5646
2584,1582844272,2238.22
2585,1803221031,2238.8741
2586,1582844272,2239.5341
2587,1803221031,2240.1995
2588,1582844272,2240.8614
2589,1803221031,2241.5153
2590,1582844272,2242.1784
2591,1803221031,2242.8121
2592,1582844272,2243.469
2593,1803221031,2244.1318
2594,1582844272,2244.7987
2595,1803221031,2245.462
2596,1582844272,2246.1333
2597,1803221031,2246.8011
2598,1582844272,2247.4608
2599,1803221031,2248.1188
2600,1582844272,2248.7883
2601,1803221031,2249.416
2602,1582844272,2250.0896
2603,1582844272,2251.0563
2604,1582844272,2252.0243
2605,1582844272,2253.0038
2606,1582844272,2253.9679
2607,1582844272,2254.9279
2608,1582844272,2255.9007
2609,1582844272,2256.8594
2610,1582844272,2257.8191
2611,1582844272,2258.746
2612,1582844272,2259.7064
2613,1582844272,2260.6646
2614,1582844272,2261.6228
2615,1582844272,2262.5815
2616,1582844272,2263.54
2617,1582844272,2264.5145
2618,1582844272,2265.5004
2619,1582844272,2266.4864
2620,1582844272,2267.4544
2621,1582844272,2268.3852
2622,1582844272,2269.3448
2623,1582844272,2270.3322
2624,1582844272,2271.2987
2625,1582844272,2272.2709
2626,1582844272,2273.2371
2627,1582844272,2274.219
2628,1582844272,2275.1873
2629,1582844272,2276.1545
2630,1582844272,2277.1282
2631,1582844272,2278.0539
2632,1582844272,2279.0132
2633,1582844272,2279.9845
2634,1582844272,2280.9413
2635,1582844272,2281.8977
2636,1582844272,2282.86
2637,1582844272,2283.8264
2638,1582844272,2284.785
2639,1582844272,2285.7404
2640,1582844272,2286.7025
2641,1582844272,2287.6281
2642,1582844272,2288.5852
2643,1582844272,2289.5404
2644,1582844272,2290.4963
2645,1582844272,2291.4522
2646,1582844272,2292.4153
2647,1582844272,2293.3705
2648,1582844272,2294.3273
2649,1582844272,2295.2888
2650,1582844272,2296.2445
2651,1582844272,2297.1726
2652,1582844272,2298.1318
2653,1582844272,2299.0863
2654,1582844272,2300.0463
2655,1370894953,2300.6956
2656,1582844272,2301.3444
2657,1803221031,2301.9988
2658,1582844272,2302.6471
2659,1803221031,2303.2954
2660,1582844272,2303.9458
2661,1803221031,2304.5658
2662,1582844272,2305.2153
2663,1803221031,2305.8665
2664,1582844272,2306.5191
2665,1803221031,2307.1788
2666,1582844272,2307.8365
2667,1803221031,2308.5054
2668,1582844272,2309.1576
2669,1803221031,2309.8255
2670,1582844272,2310.4875
2671,1803221031,2311.1093
2672,1582844272,2311.7699
2673,1803221031,2312.4256
2674,1582844272,2313.0849
2675,1803221031,2313.7385
2676,1582844272,2314.3897
2677,1803221031,2315.0423
2678,1582844272,2315.6965
2679,1803221031,2316.3492
2680,1582844272,2317.0015
2681,1803221031,2317.626
2682,1582844272,2318.289
2683,1803221031,2318.9467
2684,1582844272,2319.6006
2685,1803221031,2320.2758
2686,1582844272,2320.9415
2687,1803221031,2321.5999
2688,1582844272,2322.2595
2689,1803221031,2322.9249
2690,1582844272,2323.5804
2691,1803221031,2324.205
2692,1582844272,2324.8595
2693,1803221031,2325.5138
2694,1582844272,2326.1692
2695,1803221031,2326.8224
2696,1582844272,2327.4763
2697,1803221031,2328.1374
2698,1582844272,2328.7917
2699,1803221031,2329.449
2700,1582844272,2330.1061
2701,1803221031,2330.7326
2702,1582844272,2331.3879
2703,1803221031,2332.0431
2704,1582844272,2332.699
2705,1803221031,2333.355
2706,1582844272,2334.0123
2707,1582844272,2334.9722
2708,1582844272,2335.9297
2709,1582844272,2336.887
2710,1582844272,2337.8448
2711,1582844272,2338.7745
2712,1582844272,2339.7335
2713,1582844272,2340.6974
2714,1582844272,2341.6543
2715,1582844272,2342.6134
2716,1582844272,2343.5755
2717,1582844272,2344.5348
2718,1582844272,2345.4943
2719,1582844272,2346.4546
2720,1582844272,2347.4113
2721,1582844272,2348.3384
2722,1582844272,2349.3128
2723,1582844272,2350.3045
2724,1582844272,2351.2714
2725,1582844272,2352.2381
2726,1582844272,2353.2077
2727,1582844272,2354.2029
2728,1582844272,2355.1691
2729,1582844272,2356.1445
2730,1582844272,2357.1117
2731,1582844272,2358.0506
2732,1582844272,2359.024
2733,1582844272,2359.9939
2734,1582844272,2360.9624
2735,1582844272,2361.9322
2736,1582844272,2362.9062
2737,1582844272,2363.8683
2738,1582844272,2364.8443
2739,1582844272,2365.8392
2740,1582844272,2366.8314
2741,1582844272,2367.7606
2742,1582844272,2368.7388
2743,1582844272,2369.6979
2744,1582844272,2370.6607
2745,1582844272,2371.629
2746,1582844272,2372.6168
2747,1582844272,2373.577
2748,1582844272,2374.5575
2749,1582844272,2375.5294
2750,1582844272,2376.5016
2751,1582844272,2377.429
2752,1582844272,2378.4119
2753,1582844272,2379.3739
2754,1582844272,2380.3406
2755,1582844272,2381.3046
2756,1582844272,2382.2696
2757,1582844272,2383.2371
2758,1582844272,2384.2064
2759,1370894953,2384.864
2760,1582844272,2385.5303
2761,1803221031,2386.1494
2762,1582844272,2386.8189
2763,1803221031,2387.4763
2764,1582844272,2388.1309
2765,1803221031,2388.7875
2766,1582844272,2389.4455
2767,1803221031,2390.1054
2768,1582844272,2390.7606
2769,1803221031,2391.4173
2770,1582844272,2392.089
2771,1803221031,2392.718
2772,1582844272,2393.3762
2773,1803221031,2394.0438
2774,1582844272,2394.7055
2775,1803221031,2395.3738
2776,1582844272,2396.0279
2777,1803221031,2396.6912
2778,1582844272,2397.3492
2779,1803221031,2398.0056
2780,1582844272,2398.6696
2781,1803221031,2399.3093
2782,1582844272,2399.9685
2783,1803221031,2400.6342
2784,1582844272,2401.2968
2785,1803221031,2401.9541
2786,1582844272,2402.6205
2787,1803221031,2403.2973
2788,1582844272,2403.9571
2789,1803221031,2404.6242
2790,1582844272,2405.2825
2791,1803221031,2405.9145
2792,1582844272,2406.5828
2793,1803221031,2407.2465
2794,1582844272,2407.9265
2795,1803221031,2408.5953
2796,1582844272,2409.2628
2797,1803221031,2409.9225
2798,1582844272,2410.59
2799,1803221031,2411.2621
2800,1582844272,2411.9371
2801,1803221031,2412.5778
2802,1582844272,2413.2473
2803,1803221031,2413.9188
2804,1582844272,2414.5881
2805,1803221031,2415.2632
2806,1582844272,2415.9237
2807,1803221031,2416.594
2808,1582844272,2417.2555
2809,1803221031,2417.9267
2810,1582844272,2418.597
2811,1582844272,2419.5483
2812,1582844272,2420.5228
2813,1582844272,2421.4944
2814,1582844272,2422.4618
2815,1582844272,2423.418
2816,1582844272,2424.3905
2817,1582844272,2425.3626
2818,1582844272,2426.3235
2819,1582844272,2427.2875
2820,1582844272,2428.2503
2821,1582844272,2429.1802
2822,1582844272,2430.1491
2823,1582844272,2431.1112
2824,1582844272,2432.0788
2825,1582844272,2433.0499
2826,1582844272,2434.0322
2827,1582844272,2434.9964
2828,1582844272,2435.9702
2829,1582844272,2436.9358
2830,1582844272,2437.8955
2831,1582844272,2438.838
2832,1582844272,2439.8022
2833,1582844272,2440.7624
2834,1582844272,2441.7252
2835,1582844272,2442.6933
2836,1582844272,2443.6527
2837,1582844272,2444.6177
2838,1582844272,2445.6009
2839,1582844272,2446.568
2840,1582844272,2447.5365
2841,1582844272,2448.4666
2842,1582844272,2449.4354
2843,1582844272,2450.3931
2844,1582844272,2451.3535
2845,1582844272,2452.316
2846,1582844272,2453.2764
2847,1582844272,2454.2392
2848,1582844272,2455.2034
2849,1582844272,2456.1794
2850,1582844272,2457.1487
2851,1582844272,2458.0757
2852,1582844272,2459.0402
2853,1582844272,2460.0138
2854,1582844272,2460.9812
2855,1582844272,2461.9402
2856,1582844272,2462.9158
2857,1582844272,2463.8834
2858,1582844272,2464.8444
2859,1582844272,2465.8241
2860,1582844272,2466.7881
2861,1582844272,2467.721
2862,1582844272,2468.6967
2863,1370894953,2469.3514
2864,1582844272,2470.0063
2865,1803221031,2470.6841
2866,1582844272,2471.3439
2867,1803221031,2472.0024
2868,1582844272,2472.6666
2869,1803221031,2473.3208
2870,1582844272,2473.9892
2871,1803221031,2474.6206
2872,1582844272,2475.2769
2873,1803221031,2475.9407
2874,1582844272,2476.5979
2875,1803221031,2477.2565
2876,1582844272,2477.9206
2877,1803221031,2478.5851
2878,1582844272,2479.2436
2879,1803221031,2479.9036
2880,1582844272,2480.5592
2881,1803221031,2481.1965
2882,1582844272,2481.8506
2883,1803221031,2482.5086
2884,1582844272,2483.1695
2885,1803221031,2483.8354
2886,1582844272,2484.5037
2887,1803221031,2485.1654
2888,1582844272,2485.8304
2889,1803221031,2486.4946
2890,1582844272,2487.1648
2891,1803221031,2487.79
2892,1582844272,2488.4622
2893,1803221031,2489.1183
2894,1582844272,2489.7938
2895,1803221031,2490.464
2896,1582844272,2491.1206
2897,1803221031,2491.7908
2898,1582844272,2492.4511
2899,1803221031,2493.112
2900,1582844272,2493.7697
2901,1803221031,2494.4121
2902,1582844272,2495.0708
2903,1803221031,2495.7388
2904,1582844272,2496.4204
2905,1803221031,2497.1038
2906,1582844272,2497.7869
2907,1803221031,2498.4744
2908,1582844272,2499.1423
2909,1803221031,2499.801
2910,1582844272,2500.4749
2911,1803221031,2501.1035
2912,1582844272,2501.8032
2913,1803221031,2502.5013
2914,1582844272,2503.1764
2915,1582844272,2504.1436
2916,1582844272,2505.1141
2917,1582844272,2506.0752
2918,1582844272,2507.0461
2919,1582844272,2508.0216
2920,1582844272,2508.9921
2921,1582844272,2509.9202
2922,1582844272,2510.8905
2923,1582844272,2511.8522
2924,1582844272,2512.8171
2925,1582844272,2513.799
2926,1582844272,2514.7689
2927,1582844272,2515.7277
2928,1582844272,2516.6942
2929,1582844272,2517.657
2930,1582844272,2518.6348
2931,1582844272,2519.5617
2932,1582844272,2520.535
2933,1582844272,2521.5
2934,1582844272,2522.4851
2935,1582844272,2523.4415
2936,1582844272,2524.4039
2937,1582844272,2525.361
2938,1582844272,2526.3212
2939,1582844272,2527.2799
2940,1582844272,2528.2436
2941,1582844272,2529.1705
2942,1582844272,2530.1583
2943,1582844272,2531.1222
2944,1582844272,2532.1025
2945,1582844272,2533.0678
2946,1582844272,2534.0491
2947,1582844272,2535.0175
2948,1582844272,2535.9981
2949,1582844272,2536.9756
2950,1582844272,2537.9349
2951,1582844272,2538.8622
2952,1582844272,2539.8193
2953,1582844272,2540.7869
2954,1582844272,2541.7475
2955,1582844272,2542.7069
2956,1582844272,2543.6863
2957,1582844272,2544.6657
2958,1582844272,2545.6286
2959,1582844272,2546.5927
2960,1582844272,2547.5549
2961,1582844272,2548.4837
2962,1582844272,2549.4413
2963,1582844272,2550.4001
2964,1582844272,2551.357
2965,1582844272,2552.3219
2966,1582844272,2553.2829
2967,1370894953,2553.9417
2968,1582844272,2554.5938
2969,1803221031,2555.2472
2970,1582844272,2555.9055
2971,1803221031,2556.5266
2972,1582844272,2557.1939
2973,1803221031,2557.8486
2974,1582844272,2558.5054
2975,1803221031,2559.1736
2976,1582844272,2559.8392
2977,1803221031,2560.497
2978,1582844272,2561.1564
2979,1803221031,2561.8314
2980,1582844272,2562.4929
2981,1803221031,2563.1149
2982,1582844272,2563.7688
2983,1803221031,2564.4324
2984,1582844272,2565.0857
2985,1803221031,2565.7441
2986,1582844272,2566.4242
2987,1803221031,2567.0768
2988,1582844272,2567.7338
2989,1803221031,2568.3862
2990,1582844272,2569.0385
2991,1803221031,2569.6636
2992,1582844272,2570.317
2993,1803221031,2570.9776
2994,1582844272,2571.6375
2995,1803221031,2572.292
2996,1582844272,2572.9486
2997,1803221031,2573.61
2998,1582844272,2574.2634
2999,1803221031,2574.923
3000,1582844272,2575.5984
3001,1803221031,2576.2362
