1,10555076570,0.10817
2,9144529533,0.12578
3,7948193768,0.14379
4,6612752322,0.16182
5,5479980837,0.17936
6,4670529950,0.19684
7,3878109915,0.21429
8,2819381618,0.23176
9,2148556448,0.24921
10,1539302784,0.26697
11,807502292,0.28417
12,740471760,0.30166
13,695376363,0.31917
14,367369420,0.33667
15,286255551,0.3541
16,251269228,0.37153
17,243506796,0.38935
18,243506796,0.40676
19,247105633,0.42517
20,204472113,0.45133
21,164472113,0.47676
22,124472113,0.50235
23,91765068,0.52792
24,67050003,0.55353
25,45570602,0.57969
26,27923497,0.60533
27,19923497,0.63091
28,12020885,0.65652
29,4258453,0.68213
30,0,0.7083
