1,46320046156,0.7982
2,43867320948,0.99781
3,41521978179,1.1847
4,39271978179,1.3719
5,37352381289,1.5583
6,35701007679,1.7457
7,34113891440,1.9324
8,32632849425,2.119
9,31270245175,2.3068
10,30011126354,2.4977
11,28010214248,2.6764
12,26794730360,2.8593
13,25624943157,3.0426
14,24567340592,3.2267
15,23603313318,3.4088
16,22609341551,3.5901
17,21780446213,3.7723
18,21011626482,3.9554
19,19927050299,4.1379
20,19374643243,4.3209
21,18857954034,4.4912
22,18455588975,4.6741
23,18057518372,4.8576
24,17695316353,5.0406
25,17341859862,5.2299
26,16998736038,5.4177
27,16728123474,5.602
28,16287811894,5.7879
29,16039425809,5.9753
30,15812988618,6.1686
31,15606169020,6.3398
32,15447467348,6.532
33,15301222794,6.7206
34,15165114398,6.9117
35,15062050615,7.1016
36,14972469446,7.2946
37,14897278752,7.4864
38,14814399092,7.6742
39,14586499921,7.8662
40,14516994244,8.0543
41,14478201056,8.2291
42,14440301942,8.4151
43,14440301942,8.6076
44,14451296001,8.7927
45,13961357493,9.0667
46,13475852511,9.3346
47,13025649594,9.6011
48,12582814371,9.8735
49,12154695813,10.139
50,11732502808,10.404
51,11311428014,10.6588
52,10895200645,10.9245
53,10507891959,11.1903
54,10130753726,11.4555
55,9804180255,11.7213
56,9511778835,11.987
57,9247044076,12.2548
58,8945970018,12.5209
59,8574910094,12.787
60,8316631494,13.0529
61,8076299641,13.3093
62,7874661281,13.5756
63,7707861281,13.8422
64,7561853600,14.1084
65,7417314025,14.3748
66,7253490760,14.641
67,6970938879,14.9076
68,6827613104,15.1773
69,6693037052,15.444
70,6559959162,15.7195
71,6435414672,15.9809
72,6317814672,16.2576
73,6201817347,16.5321
74,6089683514,16.8048
75,5954996404,17.0801
76,5845246334,17.3486
77,5741246334,17.626
78,5637405049,17.9013
79,5542205049,18.1798
80,5456581642,18.4534
81,5375415257,18.7079
82,5286236984,18.9854
83,5206236984,19.2594
84,5126236984,19.5344
85,5046236984,19.8155
86,4966957724,20.0871
87,4889282684,20.3615
88,4814249214,20.6434
89,4749186359,20.9171
90,4684314659,21.1956
91,4618529978,21.4498
92,4551654554,21.7295
93,4487682014,22.0069
94,4407682014,22.2991
95,4311961179,22.5803
96,4239498114,22.8507
97,4176595379,23.1212
98,4120289163,23.4019
99,4071574553,23.677
100,4023027833,23.9579
101,3974627833,24.2205
102,3926227833,24.4962
103,3878227833,24.7695
104,3830710903,25.0498
105,3784174843,25.3211
106,3738048478,25.602
107,3694822239,25.8729
108,3652668304,26.153
109,3612668304,26.4349
110,3572668304,26.7131
111,3532668304,26.9675
112,3492668304,27.2442
113,3452668304,27.5203
114,3412668304,27.8011
115,3372668304,28.0825
116,3334472599,28.3605
117,3296863943,28.6419
118,3234385913,28.9096
119,3152961574,29.1854
120,3101465334,29.4661
121,3065647035,29.7274
122,2973308053,30.0066
123,2939591872,30.2834
124,2911633322,30.5581
125,2831633322,30.8297
126,2803958037,31.1096
127,2776332297,31.3838
128,2750047377,31.6648
129,2725247377,31.9461
130,2690119077,32.2242
131,2645319077,32.4879
132,2600519077,32.7631
133,2555719077,33.0358
134,2510919077,33.3105
135,2466119077,33.5914
136,2421319077,33.8673
137,2381319077,34.1426
138,2356555302,34.4233
139,2332202247,34.7067
140,2308325937,34.987
141,2284872262,35.2415
142,2263096220,35.522
143,2241339069,35.803
144,2220829089,36.0808
145,2204397944,36.3623
146,2158074248,36.6436
147,2137139665,36.9184
148,2064842209,37.197
149,2049605984,37.4779
150,2035814529,37.7524
151,2009605984,38.0136
152,1996762479,38.2899
153,1983992459,38.5648
154,1972267763,38.8363
155,1961474078,39.1159
156,1951152573,39.384
157,1942330318,39.6615
158,1934330318,39.9427
159,1926330318,40.2213
160,1918330318,40.5025
161,1910330318,40.7651
162,1903698358,41.0518
163,1898098358,41.3245
164,1892498358,41.6055
165,1886898358,41.8816
166,1881298358,42.1566
167,1875698358,42.4349
168,1870098358,42.713
169,1864498358,42.9943
170,1858898358,43.2711
171,1853298358,43.5322
172,1847698358,43.813
173,1842098358,44.0946
174,1836498358,44.3691
175,1831572218,44.6503
176,1827172218,44.9249
177,1822772218,45.2018
178,1818372218,45.4785
179,1813972218,45.7577
180,1809572218,46.0352
181,1805172218,46.2962
182,1800772218,46.577
183,1796372218,46.8478
184,1791972218,47.1254
185,1787572218,47.4065
186,1783172218,47.6824
187,1778772218,47.962
188,1774372218,48.2399
189,1769972218,48.5105
190,1760896226,48.7844
191,1756896226,49.0388
192,1752896226,49.309
193,1748896226,49.5878
194,1744896226,49.8596
195,1740896226,50.1298
196,1736896226,50.402
197,1732896226,50.6817
198,1728896226,50.9558
199,1724896226,51.2334
200,1720896226,51.5096
201,1716896226,51.764
202,1712896226,52.0413
203,1708569466,52.3219
204,1705028711,52.603
205,1701644931,52.8723
206,1670745091,53.1511
207,1667950711,53.4306
208,1665550711,53.7054
209,1663150711,53.9844
210,1660750711,54.2608
211,1658350711,54.5152
212,1655950711,54.7891
213,1653550711,55.0705
214,1651150711,55.3452
215,1648750711,55.6234
216,1646350711,55.9044
217,1643950711,56.1859
218,1635383101,56.4629
219,1632983101,56.7397
220,1630583101,57.014
221,1628183101,57.2736
222,1625783101,57.5475
223,1623383101,57.8216
224,1620983101,58.0981
225,1618583101,58.3741
226,1616183101,58.6553
227,1613783101,58.9307
228,1596520081,59.2005
229,1395864012,59.4755
230,1344048537,59.7523
231,1028516294,60.0089
232,999671639,60.2861
233,982888564,60.5559
234,960737483,60.8261
235,958337483,61.1007
236,955937483,61.3701
237,953537483,61.642
238,951137483,61.9167
239,949137483,62.1916
240,947137483,62.4635
241,945137483,62.7182
242,943137483,62.9907
243,941137483,63.2659
244,939137483,63.5407
245,930616802,63.8224
246,928616802,64.0987
247,926616802,64.3785
248,924616802,64.6595
249,922616802,64.9292
250,920616802,65.2074
251,918616802,65.462
252,916616802,65.7357
253,914616802,66.0142
254,912616802,66.2878
255,910616802,66.5565
256,908616802,66.8284
257,906616802,67.1103
258,904616802,67.3902
259,902616802,67.6676
260,900616802,67.9473
261,898616802,68.2021
262,896616802,68.4738
263,894616802,68.7505
264,892616802,69.032
265,867545882,69.3055
266,865545882,69.578
267,863545882,69.8502
268,861545882,70.1209
269,859545882,70.3965
270,857545882,70.6767
271,855545882,70.9345
272,853545882,71.2036
273,851545882,71.4852
274,849545882,71.7606
275,847545882,72.0389
276,845545882,72.323
277,843545882,72.5983
278,841545882,72.8681
279,839545882,73.1425
280,837545882,73.4115
281,835545882,73.6682
282,833545882,73.949
283,831545882,74.2264
284,829545882,74.5031
285,827545882,74.778
286,825545882,75.0597
287,823545882,75.3317
288,821545882,75.6105
289,819545882,75.8919
290,817545882,76.1671
291,815545882,76.4284
292,813545882,76.7067
293,811545882,76.9816
294,809545882,77.2574
295,807545882,77.5388
296,805545882,77.8134
297,803545882,78.0908
298,801545882,78.3668
299,799545882,78.6482
300,797545882,78.9243
301,795545882,79.1872
302,793545882,79.4686
303,791545882,79.7445
304,789545882,80.0213
305,787545882,80.2976
306,785545882,80.5726
307,783545882,80.8441
308,781545882,81.1268
309,779545882,81.401
310,777545882,81.6785
311,775545882,81.9331
312,773545882,82.2061
313,771545882,82.4837
314,769545882,82.7597
315,767545882,83.038
316,765545882,83.3097
317,763545882,83.5897
318,761545882,83.871
319,759545882,84.1483
320,757545882,84.4362
321,755545882,84.6909
322,753545882,84.9659
323,751754427,85.243
324,749967645,85.5241
325,748251265,85.7962
326,746588980,86.0739
327,744988980,86.3446
328,743388980,86.6131
329,741788980,86.8822
330,740188980,87.1585
331,738802980,87.4156
332,737614790,87.693
333,736549745,87.9736
334,735603420,88.2536
335,734698765,88.53
336,733603420,88.8035
337,732698765,89.0851
338,731603420,89.3543
339,730698765,89.6273
340,729603420,89.8971
341,728698765,90.1574
342,727603420,90.4295
343,726698765,90.7082
344,725603420,90.9858
345,724698765,91.2586
346,723603420,91.5393
347,722853940,91.8203
348,722207980,92.0969
349,721611210,92.3701
350,721190606,92.6508
351,720789921,92.9077
352,719190606,93.1855
353,718789921,93.4579
354,718022596,93.7341
355,717621911,94.0138
356,717221911,94.2855
357,716821911,94.561
358,716421911,94.8323
359,716021911,95.1065
360,715621911,95.3746
361,715221911,95.6285
362,714821911,95.9098
363,714421911,96.1803
364,714021911,96.4515
365,713621911,96.7286
366,713221911,97.0022
367,712821911,97.2765
368,712421911,97.5571
369,712021911,97.8337
370,711621911,98.1102
371,711221911,98.3643
372,710821911,98.645
373,710421911,98.9195
374,710021911,99.1961
375,709621911,99.4711
376,709221911,99.7426
377,708821911,100.0167
378,708421911,100.2908
379,700421911,100.5596
380,700021911,100.8292
381,699621911,101.085
382,699221911,101.353
383,698821911,101.6264
384,698421911,101.9006
385,698021911,102.1728
386,697621911,102.4443
387,697221911,102.717
388,696821911,102.9859
389,696421911,103.2587
390,696021911,103.5366
391,695621911,103.7934
392,695221911,104.0643
393,694821911,104.3384
394,694421911,104.6063
395,694021911,104.8747
396,693621911,105.1499
397,693221911,105.4187
398,692821911,105.6924
399,692421911,105.9665
400,692021911,106.2369
401,691621911,106.493
402,691221911,106.764
403,690821911,107.0367
404,690421911,107.3111
405,690021911,107.5849
406,689621911,107.8591
407,689221911,108.1315
408,688821911,108.4
409,688421911,108.6733
410,688021911,108.9471
411,687621911,109.2053
412,687221911,109.4848
413,686821911,109.7649
414,686421911,110.0493
415,686021911,110.3238
416,685621911,110.6034
417,685221911,110.8777
418,684821911,111.1566
419,684421911,111.4342
420,684021911,111.714
421,683621911,111.9747
422,683221911,112.2509
423,682900881,112.5308
424,682617261,112.8066
425,680900881,113.0866
426,680617261,113.3605
427,678900881,113.6405
428,678617261,113.9205
429,676900881,114.1986
430,676617261,114.475
431,674900881,114.73
432,674692336,115.0096
433,672900881,115.2844
434,672692336,115.5572
435,670900881,115.8241
436,670692336,116.094
437,668900881,116.3688
438,668692336,116.6489
439,666900881,116.9297
440,666692336,117.2103
441,664900881,117.471
442,664072240,117.7421
443,662280785,118.0135
444,661584173,118.2854
445,661537628,118.5549
446,659584173,118.8217
447,657584173,119.0919
448,655584173,119.3588
449,653584173,119.6298
450,653334243,119.9028
451,651584173,120.1614
452,651334243,120.4331
453,649584173,120.703
454,649334243,120.9767
455,647584173,121.249
456,647334243,121.522
457,645584173,121.7893
458,645334243,122.0603
459,643584173,122.3336
460,643334243,122.6053
461,641584173,122.8615
462,641564553,123.1359
463,641564553,123.4035
464,641564553,123.6764
465,567276613,123.8634
466,510118070,124.05
467,510118070,124.2339
468,510118070,124.4208
469,510118070,124.6077
470,510675278,124.791
471,510675278,124.962
472,510675278,125.1461
473,510675278,125.33
474,510675278,125.5176
475,510675278,125.7054
476,510675278,125.891
477,510675278,126.0786
478,510675278,126.264
479,510675278,126.4495
480,510675278,126.6376
481,510675278,126.8103
482,510675278,126.9989
483,510675278,127.1884
484,510675278,127.3775
485,510675278,127.5667
486,510675278,127.7525
487,510675278,127.942
488,510675278,128.1315
489,510675278,128.3196
490,510675278,128.5094
491,510675278,128.6844
492,510675278,128.8741
493,510675278,129.0646
494,510675278,129.2527
495,510675278,129.4429
496,508675278,129.7117
497,506675278,129.9845
498,504675278,130.2574
499,502675278,130.5279
500,501748248,130.7947
501,501210660,131.0506
502,501202812,131.3188
503,501202812,131.5855
504,501202812,131.8585
505,501202812,132.1393
506,501202812,132.4142
507,501202812,132.6896
508,501202812,132.9687
509,501202812,133.2438
510,501202812,133.519
511,501202812,133.7818
512,501202812,134.0589
513,501202812,134.3315
514,501202812,134.6134
515,501202812,134.8834
516,501202812,135.1617
517,501202812,135.4391
518,501202812,135.7205
519,501202812,135.9965
520,501202812,136.2737
521,501202812,136.5301
522,501202812,136.8035
523,501202812,137.0799
524,501202812,137.3501
525,501202812,137.6219
526,501202812,137.8979
527,501202812,138.0903
528,501202812,138.281
529,501202812,138.4738
530,501202812,138.6657
531,503811469,138.8364
532,503811469,139.0257
533,503811469,139.2144
534,503811469,139.4044
535,503811469,139.5988
536,503811469,139.7928
537,503811469,139.9813
538,503811469,140.17
539,503811469,140.364
540,503811469,140.5586
541,503811469,140.7335
542,503811469,140.9265
543,503811469,141.1204
544,503811469,141.3097
545,503811469,141.5011
546,503811469,141.6921
547,503811469,141.8871
548,503811469,142.0902
549,503811469,142.2806
550,503811469,142.4764
551,503811469,142.6599
552,503811469,142.8559
553,503811469,143.0457
554,503811469,143.2343
555,503811469,143.4275
556,503811469,143.625
557,503811469,143.8223
558,501202812,144.0936
559,501202812,144.3631
560,501202812,144.6445
561,501202812,144.9007
562,501202812,145.1758
563,501202812,145.4567
564,501202812,145.7369
565,501202812,146.0122
566,501202812,146.284
567,501202812,146.566
568,501202812,146.8382
569,501202812,147.1126
570,501202812,147.3943
571,501202812,147.6567
572,501202812,147.9366
573,501202812,148.2152
574,501202812,148.4968
575,501202812,148.7721
576,501202812,149.0487
577,501202812,149.321
578,501202812,149.603
579,501202812,149.8795
580,501202812,150.1529
581,501202812,150.4089
582,501202812,150.6832
583,501202812,150.9621
584,501202812,151.2392
585,501202812,151.5143
586,501202812,151.7893
587,501202812,152.0653
588,501202812,152.3355
589,501202812,152.526
590,501202812,152.717
591,501202812,152.8921
592,501202812,153.0771
593,522263389,153.2657
594,522263389,153.4519
595,522263389,153.6433
596,522263389,153.8335
597,522263389,154.0238
598,522263389,154.2126
599,522263389,154.4042
600,522263389,154.5964
601,522263389,154.7724
602,522263389,154.9649
603,522263389,155.1556
604,522263389,155.3507
605,522263389,155.5457
606,522263389,155.7411
607,522263389,155.9285
608,522263389,156.1197
609,522263389,156.311
610,522263389,156.5028
611,522263389,156.6848
612,522263389,156.8808
613,522263389,157.0694
614,522263389,157.26
615,522263389,157.4581
616,522263389,157.6541
617,522263389,157.8468
618,522263389,158.0349
619,522263389,158.2288
620,501748248,158.5049
621,500574160,158.7633
622,500574160,159.0447
623,500574160,159.3172
624,500574160,159.5921
625,500574160,159.8744
626,500574160,160.1491
627,500574160,160.4311
628,500574160,160.71
629,500574160,160.9883
630,500574160,161.2593
631,500574160,161.5161
632,500574160,161.7946
633,500574160,162.0712
634,500574160,162.3415
635,500574160,162.6163
636,500574160,162.886
637,500574160,163.1743
638,500574160,163.4562
639,500574160,163.7382
640,500574160,164.0161
641,500574160,164.276
642,500574160,164.5578
643,500574160,164.8301
644,500574160,165.1035
645,500574160,165.3735
646,500574160,165.6409
647,500574160,165.9093
648,500574160,166.1782
649,500574160,166.4477
650,500574160,166.7164
651,500574160,166.8882
652,500574160,167.0717
653,500574160,167.2559
654,500574160,167.4396
655,520706180,167.6241
656,520706180,167.8081
657,520706180,167.9965
658,520706180,168.1845
659,520706180,168.3726
660,520706180,168.5707
661,520706180,168.7475
662,520706180,168.9382
663,520706180,169.1283
664,520706180,169.3151
665,520706180,169.5028
666,520706180,169.6938
667,520706180,169.8863
668,520706180,170.0743
669,520706180,170.2625
670,520706180,170.4499
671,520706180,170.6299
672,520706180,170.8176
673,520706180,171.0098
674,520706180,171.1996
675,520706180,171.3942
676,520706180,171.5861
677,520706180,171.7789
678,520706180,171.9726
679,520706180,172.1683
680,520706180,172.3644
681,520706180,172.5487
682,501748248,172.8217
683,501202812,173.0976
684,501202812,173.3677
685,501202812,173.6397
686,501202812,173.9134
687,501202812,174.187
688,501202812,174.4616
689,501202812,174.7317
690,501202812,175.0015
691,501202812,175.2588
692,501202812,175.5326
693,501202812,175.8012
694,501202812,176.0758
695,501202812,176.3499
696,501202812,176.6192
697,501202812,176.8872
698,501202812,177.1612
699,501202812,177.436
700,501202812,177.7062
701,501202812,177.9634
702,501202812,178.2329
703,501202812,178.5009
704,501202812,178.7723
705,501202812,179.0497
706,501202812,179.3255
707,501202812,179.6003
708,501202812,179.875
709,501202812,180.1551
710,501202812,180.4308
711,501202812,180.6865
712,501202812,180.9633
713,501202812,181.1568
714,501202812,181.3411
715,501202812,181.5302
716,501202812,181.7184
717,514263389,181.9065
718,514263389,182.0958
719,514263389,182.2859
720,514263389,182.4757
721,514263389,182.6527
722,514263389,182.8431
723,514263389,183.0296
724,514263389,183.2244
725,514263389,183.4151
726,514263389,183.6056
727,514263389,183.803
728,514263389,183.9948
729,514263389,184.1869
730,514263389,184.382
731,514263389,184.565
732,514263389,184.7556
733,514263389,184.9454
734,514263389,185.142
735,514263389,185.3343
736,514263389,185.5309
737,514263389,185.7242
738,514263389,185.9176
739,514263389,186.1145
740,514263389,186.3036
741,514263389,186.484
742,514263389,186.6796
743,514263389,186.8766
744,500574160,187.1526
745,500574160,187.4295
746,500574160,187.7105
747,500574160,187.9858
748,500574160,188.2656
749,500574160,188.5449
750,500574160,188.8183
751,500574160,189.0823
752,500574160,189.3538
753,500574160,189.6218
754,500574160,189.89
755,500574160,190.1586
756,500574160,190.4263
757,500574160,190.6945
758,500574160,190.9621
759,500574160,191.2295
760,500574160,191.4974
761,500574160,191.754
762,500574160,192.0217
763,500574160,192.2924
764,500574160,192.5604
765,500574160,192.8283
766,500574160,193.0974
767,500574160,193.3655
768,500574160,193.633
769,500574160,193.9015
770,500574160,194.1728
771,500574160,194.4292
772,500574160,194.6975
773,500574160,194.9651
774,500574160,195.2373
775,500574160,195.421
776,500574160,195.6044
777,500574160,195.7885
778,500574160,195.9725
779,520706180,196.1561
780,520706180,196.3399
781,520706180,196.5119
782,520706180,196.696
783,520706180,196.8806
784,520706180,197.0653
785,520706180,197.2498
786,520706180,197.4345
787,520706180,197.6198
788,520706180,197.8058
789,520706180,197.9914
790,520706180,198.1814
791,520706180,198.3546
792,520706180,198.544
793,520706180,198.7303
794,520706180,198.9166
795,520706180,199.1064
796,520706180,199.297
797,520706180,199.4887
798,520706180,199.6856
799,520706180,199.8778
800,520706180,200.0714
801,520706180,200.2555
802,520706180,200.4524
803,520706180,200.6458
804,520706180,200.8432
805,520706180,201.036
806,501202812,201.3149
807,501202812,201.5901
808,501202812,201.8621
809,501202812,202.1455
810,501202812,202.4147
811,501202812,202.6713
812,501202812,202.9498
813,501202812,203.2176
814,501202812,203.491
815,501202812,203.7646
816,501202812,204.0381
817,501202812,204.3097
818,501202812,204.5835
819,501202812,204.8516
820,501202812,205.1196
821,501202812,205.3752
822,501202812,205.6421
823,501202812,205.9104
824,501202812,206.1782
825,501202812,206.4457
826,501202812,206.7138
827,501202812,206.9811
828,501202812,207.2501
829,501202812,207.5179
830,501202812,207.7854
831,501202812,208.0409
832,501202812,208.3094
833,501202812,208.5773
834,501202812,208.8533
835,501202812,209.1347
836,501202812,209.4044
837,501202812,209.5973
838,501202812,209.7875
839,501202812,209.9789
840,501202812,210.1677
841,514263389,210.3429
842,514263389,210.5352
843,514263389,210.7233
844,514263389,210.9169
845,514263389,211.1111
846,514263389,211.3005
847,514263389,211.495
848,514263389,211.6893
849,514263389,211.8838
850,514263389,212.0755
851,514263389,212.2539
852,514263389,212.4485
853,514263389,212.6433
854,514263389,212.834
855,514263389,213.0253
856,514263389,213.2258
857,514263389,213.4169
858,514263389,213.6118
859,514263389,213.8044
860,514263389,214
861,514263389,214.178
862,514263389,214.3717
863,514263389,214.5676
864,514263389,214.758
865,514263389,214.9542
866,514263389,215.142
867,514263389,215.3394
868,500574160,215.6198
869,500574160,215.9009
870,500574160,216.1769
871,500574160,216.4402
872,500574160,216.7133
873,500574160,216.9945
874,500574160,217.269
875,500574160,217.5539
876,500574160,217.8282
877,500574160,218.1033
878,500574160,218.3781
879,500574160,218.6593
880,500574160,218.9405
881,500574160,219.2055
882,500574160,219.4819
883,500574160,219.7632
884,500574160,220.0411
885,500574160,220.3168
886,500574160,220.5977
887,500574160,220.8673
888,500574160,221.1415
889,500574160,221.4109
890,500574160,221.6915
891,500574160,221.9537
892,500574160,222.2263
893,500574160,222.5041
894,500574160,222.7783
895,500574160,223.05
896,500574160,223.3306
897,500574160,223.6059
898,500574160,223.8868
899,500574160,224.0799
900,500574160,224.269
901,500574160,224.4441
902,500574160,224.6371
903,520706180,224.821
904,520706180,225.014
905,520706180,225.2042
906,520706180,225.3977
907,520706180,225.5913
908,520706180,225.7827
909,520706180,225.9767
910,520706180,226.1696
911,520706180,226.3433
912,520706180,226.5375
913,520706180,226.7279
914,520706180,226.9226
915,520706180,227.1099
916,520706180,227.3004
917,520706180,227.4951
918,520706180,227.6967
919,520706180,227.8881
920,520706180,228.0797
921,520706180,228.26
922,520706180,228.4471
923,520706180,228.6428
924,520706180,228.8305
925,520706180,229.0266
926,520706180,229.2179
927,520706180,229.4108
928,520706180,229.6072
929,520706180,229.8011
930,501202812,230.0731
931,501202812,230.3271
932,501202812,230.6082
933,501202812,230.8774
934,501202812,231.1585
935,501202812,231.4362
936,501202812,231.718
937,501202812,231.9969
938,501202812,232.2738
939,501202812,232.5547
940,501202812,232.8267
941,501202812,233.0805
942,501202812,233.3513
943,501202812,233.6322
944,501202812,233.9077
945,501202812,234.1868
946,501202812,234.4646
947,501202812,234.7417
948,501202812,235.0194
949,501202812,235.2957
950,501202812,235.5768
951,501202812,235.8351
952,501202812,236.1166
953,501202812,236.398
954,501202812,236.6791
955,501202812,236.9612
956,501202812,237.2397
957,501202812,237.5165
958,501202812,237.7939
959,501202812,238.0684
960,501202812,238.3429
961,501202812,238.5176
962,501202812,238.7045
963,501202812,238.8922
964,501202812,239.0779
965,514263389,239.262
966,514263389,239.4504
967,514263389,239.6389
968,514263389,239.8274
969,514263389,240.0164
970,514263389,240.2071
971,514263389,240.3836
972,514263389,240.5732
973,514263389,240.7599
974,514263389,240.9495
975,514263389,241.1396
976,514263389,241.3256
977,514263389,241.5156
978,514263389,241.7047
979,514263389,241.8947
980,514263389,242.0896
981,514263389,242.2681
982,514263389,242.4582
983,514263389,242.6488
984,514263389,242.8395
985,514263389,243.0281
986,514263389,243.2228
987,514263389,243.415
988,514263389,243.6108
989,514263389,243.8066
990,514263389,244.0026
991,514263389,244.1805
992,500574160,244.4621
993,500574160,244.7389
994,500574160,245.0196
995,500574160,245.2926
996,500574160,245.5739
997,500574160,245.8509
998,500574160,246.1318
999,500574160,246.411
1000,500574160,246.6881
1001,500574160,246.9429
1002,500574160,247.2147
1003,500574160,247.4892
1004,500574160,247.7638
1005,500574160,248.0319
1006,500574160,248.3004
1007,500574160,248.5686
1008,500574160,248.8369
1009,500574160,249.1054
1010,500574160,249.3752
1011,500574160,249.6322
1012,500574160,249.9004
1013,500574160,250.1693
1014,500574160,250.4372
1015,500574160,250.7064
1016,500574160,250.9748
1017,500574160,251.2431
1018,500574160,251.5115
1019,500574160,251.7803
1020,500574160,252.0483
1021,500574160,252.3087
1022,500574160,252.5769
1023,500574160,252.7607
1024,500574160,252.9444
1025,500574160,253.129
1026,500574160,253.3122
1027,520706180,253.4961
1028,520706180,253.6806
1029,520706180,253.8649
1030,520706180,254.0491
1031,520706180,254.2215
1032,520706180,254.4066
1033,520706180,254.5918
1034,520706180,254.7774
1035,520706180,254.9628
1036,520706180,255.1526
1037,520706180,255.3423
1038,520706180,255.5281
1039,520706180,255.7149
1040,520706180,255.9009
1041,520706180,256.075
1042,520706180,256.268
1043,520706180,256.4575
1044,520706180,256.6437
1045,520706180,256.831
1046,520706180,257.019
1047,520706180,257.2057
1048,520706180,257.3926
1049,520706180,257.58
1050,520706180,257.7668
1051,520706180,257.9417
1052,520706180,258.1296
1053,520706180,258.3187
1054,501202812,258.5868
1055,501202812,258.855
1056,501202812,259.1229
1057,501202812,259.3911
1058,501202812,259.6587
1059,501202812,259.9269
1060,501202812,260.1952
1061,501202812,260.4515
1062,501202812,260.72
1063,501202812,260.9888
1064,501202812,261.2705
1065,501202812,261.5422
1066,501202812,261.8171
1067,501202812,262.0922
1068,501202812,262.3611
1069,501202812,262.6375
1070,501202812,262.9056
1071,501202812,263.1617
1072,501202812,263.4327
1073,501202812,263.709
1074,501202812,263.9849
1075,501202812,264.2599
1076,501202812,264.5298
1077,501202812,264.8015
1078,501202812,265.0761
1079,501202812,265.3461
1080,501202812,265.6223
1081,501202812,265.8783
1082,501202812,266.1528
1083,501202812,266.4293
1084,501202812,266.7047
1085,501202812,266.8975
1086,501202812,267.0877
1087,501202812,267.2749
1088,501202812,267.4632
1089,514263389,267.6515
1090,514263389,267.8393
1091,514263389,268.0151
1092,514263389,268.2048
1093,514263389,268.3913
1094,514263389,268.5822
1095,514263389,268.7701
1096,514263389,268.9643
1097,514263389,269.1563
1098,514263389,269.3427
1099,514263389,269.5381
1100,514263389,269.7315
1101,514263389,269.9142
1102,514263389,270.1027
1103,514263389,270.2945
1104,514263389,270.4855
1105,514263389,270.6771
1106,514263389,270.8679
1107,514263389,271.0569
1108,514263389,271.2494
1109,514263389,271.4409
1110,514263389,271.6324
1111,514263389,271.808
1112,514263389,271.9965
1113,514263389,272.185
1114,514263389,272.3735
1115,514263389,272.5626
1116,500574160,272.8322
1117,500574160,273.1016
1118,500574160,273.3726
1119,500574160,273.6445
1120,500574160,273.9196
1121,500574160,274.1799
1122,500574160,274.4615
1123,500574160,274.731
1124,500574160,275.0107
1125,500574160,275.2817
1126,500574160,275.557
1127,500574160,275.8426
1128,500574160,276.1245
1129,500574160,276.3987
1130,500574160,276.6791
1131,500574160,276.9338
1132,500574160,277.2117
1133,500574160,277.4936
1134,500574160,277.7737
1135,500574160,278.0486
1136,500574160,278.3196
1137,500574160,278.6014
1138,500574160,278.8718
1139,500574160,279.1529
1140,500574160,279.4319
1141,500574160,279.693
1142,500574160,279.9736
1143,500574160,280.2516
1144,500574160,280.5334
1145,500574160,280.8072
1146,500574160,281.0891
1147,500574160,281.2756
1148,500574160,281.469
1149,500574160,281.658
1150,500574160,281.8469
1151,520706180,282.0225
1152,520706180,282.2111
1153,520706180,282.4028
1154,520706180,282.5923
1155,520706180,282.78
1156,520706180,282.9696
1157,520706180,283.1602
1158,520706180,283.3517
1159,520706180,283.5418
1160,520706180,283.732
1161,520706180,283.9103
1162,520706180,284.105
1163,520706180,284.2951
1164,520706180,284.4901
1165,520706180,284.6836
1166,520706180,284.8789
1167,520706180,285.0694
1168,520706180,285.263
1169,520706180,285.4592
1170,520706180,285.6556
1171,520706180,285.831
1172,520706180,286.0274
1173,520706180,286.2193
1174,520706180,286.4136
1175,520706180,286.6106
1176,520706180,286.7999
1177,520706180,286.9968
1178,501202812,287.2716
1179,501202812,287.5532
1180,501202812,287.8256
1181,501202812,288.0804
1182,501202812,288.3569
1183,501202812,288.6391
1184,501202812,288.9143
1185,501202812,289.1924
1186,501202812,289.4741
1187,501202812,289.7495
1188,501202812,290.0263
1189,501202812,290.2982
1190,501202812,290.5796
1191,501202812,290.8433
1192,501202812,291.125
1193,501202812,291.3944
1194,501202812,291.6628
1195,501202812,291.9312
1196,501202812,292.1991
1197,501202812,292.467
1198,501202812,292.7352
1199,501202812,293.0046
1200,501202812,293.2727
1201,501202812,293.53
1202,501202812,293.7979
1203,501202812,294.0661
1204,501202812,294.3359
1205,501202812,294.6045
1206,501202812,294.8732
1207,501202812,295.1413
1208,501202812,295.4095
1209,501202812,295.5931
1210,501202812,295.7772
1211,501202812,295.948
1212,501202812,296.1319
1213,514263389,296.3198
1214,514263389,296.5138
1215,514263389,296.6986
1216,514263389,296.8836
1217,514263389,297.0678
1218,514263389,297.2534
1219,514263389,297.4384
1220,514263389,297.6233
1221,514263389,297.7963
1222,514263389,297.982
1223,514263389,298.1669
1224,514263389,298.3522
1225,514263389,298.5381
1226,514263389,298.7251
1227,514263389,298.9109
1228,514263389,299.0972
1229,514263389,299.2834
1230,514263389,299.4698
1231,514263389,299.6445
1232,514263389,299.8308
1233,514263389,300.0183
1234,514263389,300.2078
1235,514263389,300.3948
1236,514263389,300.5825
1237,514263389,300.7709
1238,514263389,300.9581
1239,514263389,301.1463
1240,500574160,301.4141
1241,500574160,301.6714
1242,500574160,301.9388
1243,500574160,302.2065
1244,500574160,302.4739
1245,500574160,302.7422
1246,500574160,303.0099
1247,500574160,303.2891
1248,500574160,303.5655
1249,500574160,303.848
1250,500574160,304.1304
1251,500574160,304.3919
1252,500574160,304.6732
1253,500574160,304.9552
1254,500574160,305.2315
1255,500574160,305.514
1256,500574160,305.7922
1257,500574160,306.0751
1258,500574160,306.3462
1259,500574160,306.6225
1260,500574160,306.892
1261,500574160,307.1542
1262,500574160,307.4333
1263,500574160,307.7141
1264,500574160,307.9948
1265,500574160,308.2673
1266,500574160,308.5416
1267,500574160,308.8163
1268,500574160,309.0982
1269,500574160,309.3678
1270,500574160,309.6498
1271,500574160,309.8269
1272,500574160,310.0179
1273,500574160,310.2084
1274,500574160,310.4013
1275,520706180,310.5948
1276,520706180,310.7815
1277,520706180,310.9753
1278,520706180,311.1699
1279,520706180,311.36
1280,520706180,311.55
1281,520706180,311.7275
1282,520706180,311.9176
1283,520706180,312.1077
1284,520706180,312.2987
1285,520706180,312.4904
1286,520706180,312.6842
1287,520706180,312.8788
1288,520706180,313.071
1289,520706180,313.2612
1290,520706180,313.453
1291,520706180,313.632
1292,520706180,313.8237
1293,520706180,314.0197
1294,520706180,314.2129
1295,520706180,314.4043
1296,520706180,314.6006
1297,520706180,314.7904
1298,520706180,314.9873
1299,520706180,315.184
1300,520706180,315.3794
1301,520706180,315.5639
1302,501202812,315.8457
1303,501202812,316.1274
1304,501202812,316.409
1305,501202812,316.6836
1306,501202812,316.9651
1307,501202812,317.2377
1308,501202812,317.5197
1309,501202812,317.7951
1310,501202812,318.0708
1311,501202812,318.3295
1312,501202812,318.6047
1313,501202812,318.8749
1314,501202812,319.1493
1315,501202812,319.4309
1316,501202812,319.7126
1317,501202812,319.9864
1318,501202812,320.2649
1319,501202812,320.5404
1320,501202812,320.8184
1321,501202812,321.0751
1322,501202812,321.352
1323,501202812,321.6339
1324,501202812,321.9099
1325,501202812,322.1898
1326,501202812,322.4713
1327,501202812,322.7482
1328,501202812,323.0239
1329,501202812,323.2954
1330,501202812,323.5708
1331,501202812,323.8344
1332,501202812,324.1123
1333,501202812,324.3026
1334,501202812,324.496
1335,501202812,324.6878
1336,501202812,324.8774
1337,514263389,325.0676
1338,514263389,325.2559
1339,514263389,325.4419
1340,514263389,325.632
1341,514263389,325.806
1342,514263389,325.9925
1343,514263389,326.183
1344,514263389,326.381
1345,514263389,326.572
1346,514263389,326.7612
1347,514263389,326.9534
1348,514263389,327.1453
1349,514263389,327.3366
1350,514263389,327.5275
1351,514263389,327.7062
1352,514263389,327.8975
1353,514263389,328.093
1354,514263389,328.2842
1355,514263389,328.4762
1356,514263389,328.6689
1357,514263389,328.8602
1358,514263389,329.0563
1359,514263389,329.2455
1360,514263389,329.4377
1361,514263389,329.6173
1362,514263389,329.8064
1363,514263389,330.0003
1364,500574160,330.2729
1365,500574160,330.5473
1366,500574160,330.8151
1367,500574160,331.0833
1368,500574160,331.3522
1369,500574160,331.6219
1370,500574160,331.8896
1371,500574160,332.1445
1372,500574160,332.4136
1373,500574160,332.6836
1374,500574160,332.9514
1375,500574160,333.2291
1376,500574160,333.5046
1377,500574160,333.7843
1378,500574160,334.06
1379,500574160,334.3314
1380,500574160,334.6144
1381,500574160,334.8721
1382,500574160,335.1444
1383,500574160,335.4272
1384,500574160,335.7101
1385,500574160,335.9912
1386,500574160,336.2711
1387,500574160,336.5472
1388,500574160,336.8182
1389,500574160,337.1005
1390,500574160,337.3699
1391,500574160,337.6248
1392,500574160,337.9001
1393,500574160,338.1753
1394,500574160,338.4521
1395,500574160,338.6454
1396,500574160,338.8337
1397,500574160,339.027
1398,500574160,339.2159
1399,520706180,339.4073
1400,520706180,339.5967
1401,520706180,339.7737
1402,520706180,339.9665
1403,520706180,340.1591
1404,520706180,340.3534
1405,520706180,340.5475
1406,520706180,340.7371
1407,520706180,340.9318
1408,520706180,341.1263
1409,520706180,341.3147
1410,520706180,341.5146
1411,520706180,341.6974
1412,520706180,341.8924
1413,520706180,342.0872
1414,520706180,342.2794
1415,520706180,342.4678
1416,520706180,342.6594
1417,520706180,342.8551
1418,520706180,343.0488
1419,520706180,343.2416
1420,520706180,343.4307
1421,520706180,343.6106
1422,520706180,343.8065
1423,520706180,344.0033
1424,520706180,344.1984
1425,520706180,344.3937
1426,501202812,344.6743
1427,501202812,344.9562
1428,501202812,345.2325
1429,501202812,345.5048
1430,501202812,345.7885
1431,501202812,346.0502
1432,501202812,346.3263
1433,501202812,346.6058
1434,501202812,346.8758
1435,501202812,347.1467
1436,501202812,347.4286
1437,501202812,347.7054
1438,501202812,347.9846
1439,501202812,348.262
1440,501202812,348.5433
1441,501202812,348.8013
1442,501202812,349.0804
1443,501202812,349.3498
1444,501202812,349.6286
1445,501202812,349.9048
1446,501202812,350.1742
1447,501202812,350.4497
1448,501202812,350.7237
1449,501202812,351.0063
1450,501202812,351.2788
1451,501202812,351.5334
1452,501202812,351.8087
1453,501202812,352.0906
1454,501202812,352.3699
1455,501202812,352.6461
1456,501202812,352.9219
1457,501202812,353.1106
1458,501202812,353.2971
1459,501202812,353.4901
1460,501202812,353.6833
1461,514263389,353.859
1462,514263389,354.0479
1463,514263389,354.2395
1464,514263389,354.4303
1465,514263389,354.6245
1466,514263389,354.8107
1467,514263389,355.0007
1468,514263389,355.1913
1469,514263389,355.3856
1470,514263389,355.5803
1471,514263389,355.7582
1472,514263389,355.9535
1473,514263389,356.1485
1474,514263389,356.3438
1475,514263389,356.5394
1476,514263389,356.731
1477,514263389,356.9304
1478,514263389,357.1261
1479,514263389,357.3155
1480,514263389,357.5069
1481,514263389,357.6863
1482,514263389,357.8821
1483,514263389,358.0754
1484,514263389,358.2681
1485,514263389,358.4562
1486,514263389,358.6526
1487,514263389,358.8502
1488,500574160,359.1215
1489,500574160,359.3971
1490,500574160,359.6786
1491,500574160,359.9474
1492,500574160,360.2276
1493,500574160,360.498
1494,500574160,360.7704
1495,500574160,361.0525
1496,500574160,361.3253
1497,500574160,361.6
1498,500574160,361.8804
1499,500574160,362.1611
1500,500574160,362.4397
1501,500574160,362.7004
1502,500574160,362.9796
1503,500574160,363.2536
1504,500574160,363.5312
1505,500574160,363.8132
1506,500574160,364.0898
1507,500574160,364.3653
1508,500574160,364.6474
1509,500574160,364.9229
1510,500574160,365.2004
1511,500574160,365.4553
1512,500574160,365.7299
1513,500574160,366.0119
1514,500574160,366.2911
1515,500574160,366.5677
1516,500574160,366.8383
1517,500574160,367.1209
1518,500574160,367.3966
1519,500574160,367.5895
1520,500574160,367.7786
1521,500574160,367.9541
1522,500574160,368.1564
1523,520706180,368.3497
1524,520706180,368.536
1525,520706180,368.7241
1526,520706180,368.914
1527,520706180,369.1072
1528,520706180,369.2984
1529,520706180,369.4891
1530,520706180,369.6799
1531,520706180,369.8531
1532,520706180,370.0415
1533,520706180,370.2322
1534,520706180,370.4245
1535,520706180,370.6153
1536,520706180,370.8028
1537,520706180,370.9937
1538,520706180,371.1828
1539,520706180,371.3783
1540,520706180,371.5701
1541,520706180,371.7537
1542,520706180,371.9441
1543,520706180,372.1431
1544,520706180,372.3388
1545,520706180,372.5353
1546,520706180,372.7291
1547,520706180,372.9265
1548,520706180,373.1187
1549,520706180,373.3121
1550,501202812,373.5909
1551,501202812,373.8485
1552,501202812,374.1242
1553,501202812,374.4002
1554,501202812,374.6807
1555,501202812,374.9629
1556,501202812,375.2403
1557,501202812,375.5168
1558,501202812,375.7992
1559,501202812,376.0762
1560,501202812,376.357
1561,501202812,376.6132
1562,501202812,376.8832
1563,501202812,377.1631
1564,501202812,377.4451
1565,501202812,377.7198
1566,501202812,377.9991
1567,501202812,378.2825
1568,501202812,378.5524
1569,501202812,378.8253
1570,501202812,379.1073
1571,501202812,379.3639
1572,501202812,379.6422
1573,501202812,379.9245
1574,501202812,380.2066
1575,501202812,380.4834
1576,501202812,380.7593
1577,501202812,381.0344
1578,501202812,381.3084
1579,501202812,381.5818
1580,501202812,381.8546
1581,501202812,382.0254
1582,501202812,382.2146
1583,501202812,382.4067
1584,501202812,382.6003
1585,514263389,382.7865
1586,514263389,382.9798
1587,514263389,383.1718
1588,514263389,383.36
1589,514263389,383.5475
1590,514263389,383.7389
1591,514263389,383.9123
1592,514263389,384.1024
1593,514263389,384.2945
1594,514263389,384.4812
1595,514263389,384.6721
1596,514263389,384.8594
1597,514263389,385.0505
1598,514263389,385.239
1599,514263389,385.4313
1600,514263389,385.627
1601,514263389,385.8032
1602,514263389,385.9957
1603,514263389,386.1896
1604,514263389,386.3832
1605,514263389,386.5795
1606,514263389,386.7698
1607,514263389,386.963
1608,514263389,387.1602
1609,514263389,387.3568
1610,514263389,387.5566
1611,514263389,387.741
1612,500574160,388.0229
1613,500574160,388.3018
1614,500574160,388.5834
1615,500574160,388.8545
1616,500574160,389.1348
1617,500574160,389.4109
1618,500574160,389.693
1619,500574160,389.9734
1620,500574160,390.2504
1621,500574160,390.505
1622,500574160,390.7797
1623,500574160,391.0617
1624,500574160,391.3383
1625,500574160,391.6205
1626,500574160,391.9027
1627,500574160,392.1849
1628,500574160,392.4674
1629,500574160,392.7451
1630,500574160,393.0227
1631,500574160,393.2871
1632,500574160,393.564
1633,500574160,393.8401
1634,500574160,394.1165
1635,500574160,394.3925
1636,500574160,394.6731
1637,500574160,394.949
1638,500574160,395.2179
1639,500574160,395.5
1640,500574160,395.7825
1641,500574160,396.0395
1642,500574160,396.3182
1643,500574160,396.5115
1644,500574160,396.6991
1645,500574160,396.8925
1646,500574160,397.0856
1647,520706180,397.2717
1648,520706180,397.4653
1649,520706180,397.655
1650,520706180,397.8403
1651,520706180,398.015
1652,520706180,398.2087
1653,520706180,398.4007
1654,520706180,398.5909
1655,520706180,398.7792
1656,520706180,398.9743
1657,520706180,399.1728
1658,520706180,399.3664
1659,520706180,399.5612
1660,520706180,399.7567
1661,520706180,399.9353
1662,520706180,400.1268
1663,520706180,400.3229
1664,520706180,400.5189
1665,520706180,400.7126
1666,520706180,400.91
1667,520706180,401.1066
1668,520706180,401.3002
1669,520706180,401.4969
1670,520706180,401.6897
1671,520706180,401.8692
1672,520706180,402.0618
1673,520706180,402.2534
1674,501202812,402.5294
1675,501202812,402.8032
1676,501202812,403.0849
1677,501202812,403.3602
1678,501202812,403.6423
1679,501202812,403.9242
1680,501202812,404.2068
1681,501202812,404.4663
1682,501202812,404.7432
1683,501202812,405.0258
1684,501202812,405.3024
1685,501202812,405.583
1686,501202812,405.856
1687,501202812,406.1323
1688,501202812,406.4079
1689,501202812,406.6879
1690,501202812,406.9633
1691,501202812,407.2187
1692,501202812,407.5014
1693,501202812,407.7837
1694,501202812,408.0625
1695,501202812,408.3398
1696,501202812,408.6223
1697,501202812,408.8923
1698,501202812,409.1702
1699,501202812,409.4522
1700,501202812,409.7319
1701,501202812,409.9869
1702,501202812,410.2703
1703,501202812,410.5465
1704,501202812,410.8194
1705,501202812,411.0126
1706,501202812,411.2059
1707,501202812,411.3989
1708,501202812,411.5864
1709,514263389,411.7792
1710,514263389,411.9716
1711,514263389,412.1487
1712,514263389,412.3421
1713,514263389,412.5364
1714,514263389,412.7291
1715,514263389,412.9195
1716,514263389,413.1103
1717,514263389,413.2974
1718,514263389,413.4876
1719,514263389,413.6786
1720,514263389,413.8734
1721,514263389,414.0533
1722,514263389,414.2441
1723,514263389,414.4368
1724,514263389,414.6369
1725,514263389,414.824
1726,514263389,415.0194
1727,514263389,415.211
1728,514263389,415.4072
1729,514263389,415.6032
1730,514263389,415.7994
1731,514263389,415.978
1732,514263389,416.1745
1733,514263389,416.3703
1734,514263389,416.5672
1735,514263389,416.7587
1736,500574160,417.0405
1737,500574160,417.3156
1738,500574160,417.5975
1739,500574160,417.8696
1740,500574160,418.1458
1741,500574160,418.4021
1742,500574160,418.6828
1743,500574160,418.959
1744,500574160,419.2277
1745,500574160,419.5095
1746,500574160,419.7845
1747,500574160,420.0641
1748,500574160,420.3424
1749,500574160,420.6244
1750,500574160,420.8938
1751,500574160,421.1501
1752,500574160,421.4323
1753,500574160,421.7092
1754,500574160,421.991
1755,500574160,422.2707
1756,500574160,422.5468
1757,500574160,422.8195
1758,500574160,423.093
1759,500574160,423.3711
1760,500574160,423.6463
1761,500574160,423.908
1762,500574160,424.1833
1763,500574160,424.4621
1764,500574160,424.7358
1765,500574160,425.0119
1766,500574160,425.2863
1767,500574160,425.4793
1768,500574160,425.6647
1769,500574160,425.8535
1770,500574160,426.0481
1771,520706180,426.2276
1772,520706180,426.4188
1773,520706180,426.6086
1774,520706180,426.7948
1775,520706180,426.989
1776,520706180,427.1793
1777,520706180,427.3736
1778,520706180,427.5676
1779,520706180,427.7578
1780,520706180,427.9523
1781,520706180,428.1305
1782,520706180,428.3217
1783,520706180,428.5121
1784,520706180,428.7048
1785,520706180,428.8998
1786,520706180,429.0953
1787,520706180,429.2923
1788,520706180,429.4851
1789,520706180,429.6724
1790,520706180,429.8629
1791,520706180,430.0376
1792,520706180,430.2347
1793,520706180,430.4239
1794,520706180,430.6148
1795,520706180,430.8024
1796,520706180,430.9934
1797,520706180,431.1821
1798,501202812,431.456
1799,501202812,431.7257
1800,501202812,431.9981
1801,501202812,432.2571
1802,501202812,432.5266
1803,501202812,432.7971
1804,501202812,433.0706
1805,501202812,433.3387
1806,501202812,433.6129
1807,501202812,433.8822
1808,501202812,434.156
1809,501202812,434.424
1810,501202812,434.697
1811,501202812,434.9543
1812,501202812,435.2291
1813,501202812,435.4989
1814,501202812,435.7673
1815,501202812,436.0395
1816,501202812,436.3105
1817,501202812,436.5788
1818,501202812,436.8479
1819,501202812,437.1228
1820,501202812,437.3911
1821,501202812,437.6475
1822,501202812,437.9217
1823,501202812,438.1931
1824,501202812,438.4617
1825,501202812,438.7336
1826,501202812,439.0011
1827,501202812,439.2753
1828,501202812,439.5492
1829,501202812,439.7329
1830,501202812,439.9206
1831,501202812,440.0926
1832,501202812,440.2777
1833,514263389,440.4629
1834,514263389,440.6506
1835,514263389,440.8373
1836,514263389,441.026
1837,514263389,441.2166
1838,514263389,441.4051
1839,514263389,441.5932
1840,514263389,441.7821
1841,514263389,441.9548
1842,514263389,442.1399
1843,514263389,442.3291
1844,514263389,442.5146
1845,514263389,442.7027
1846,514263389,442.8891
1847,514263389,443.0771
1848,514263389,443.2637
1849,514263389,443.4502
1850,514263389,443.638
1851,514263389,443.8121
1852,514263389,444.0015
1853,514263389,444.1946
1854,514263389,444.3853
1855,514263389,444.5759
1856,514263389,444.7642
1857,514263389,444.956
1858,514263389,445.1487
1859,514263389,445.3402
1860,500574160,445.613
1861,500574160,445.8699
1862,500574160,446.1395
1863,500574160,446.4075
1864,500574160,446.6806
1865,500574160,446.9499
1866,500574160,447.2244
1867,500574160,447.4988
1868,500574160,447.7677
1869,500574160,448.04
1870,500574160,448.3107
1871,500574160,448.5677
1872,500574160,448.8375
1873,500574160,449.1117
1874,500574160,449.3803
1875,500574160,449.6522
1876,500574160,449.9203
1877,500574160,450.1929
1878,500574160,450.4648
1879,500574160,450.7372
1880,500574160,451.0056
1881,500574160,451.2629
1882,500574160,451.5427
1883,500574160,451.8169
1884,500574160,452.088
1885,500574160,452.3626
1886,500574160,452.6366
1887,500574160,452.9077
1888,500574160,453.1787
1889,500574160,453.4567
1890,500574160,453.7341
1891,500574160,453.9103
1892,500574160,454.0964
1893,500574160,454.2866
1894,500574160,454.4802
1895,520706180,454.6697
1896,520706180,454.8614
1897,520706180,455.0512
1898,520706180,455.2418
1899,520706180,455.4325
1900,520706180,455.6218
1901,520706180,455.7993
1902,520706180,455.9896
1903,520706180,456.1885
1904,520706180,456.3809
1905,520706180,456.576
1906,520706180,456.7655
1907,520706180,456.9612
1908,520706180,457.1558
1909,520706180,457.3476
1910,520706180,457.5393
1911,520706180,457.7182
1912,520706180,457.914
1913,520706180,458.1072
1914,520706180,458.2994
1915,520706180,458.4902
1916,520706180,458.6848
1917,520706180,458.879
1918,520706180,459.0752
1919,520706180,459.2666
1920,520706180,459.461
1921,520706180,459.6438
1922,501202812,459.9255
1923,501202812,460.2078
1924,501202812,460.4839
1925,501202812,460.7599
1926,501202812,461.0347
1927,501202812,461.3129
1928,501202812,461.595
1929,501202812,461.867
1930,501202812,462.1471
1931,501202812,462.4113
1932,501202812,462.6912
1933,501202812,462.9686
1934,501202812,463.238
1935,501202812,463.5199
1936,501202812,463.8018
1937,501202812,464.0811
1938,501202812,464.3632
1939,501202812,464.6386
1940,501202812,464.9109
1941,501202812,465.1698
1942,501202812,465.4515
1943,501202812,465.7312
1944,501202812,466.0131
1945,501202812,466.29
1946,501202812,466.5675
1947,501202812,466.8393
1948,501202812,467.1136
1949,501202812,467.3901
1950,501202812,467.6764
1951,501202812,467.9326
1952,501202812,468.2028
1953,501202812,468.3891
1954,501202812,468.5768
1955,501202812,468.7635
1956,501202812,468.9516
1957,514263389,469.1398
1958,514263389,469.3244
1959,514263389,469.5145
1960,514263389,469.7047
1961,514263389,469.8816
1962,514263389,470.0699
1963,514263389,470.26
1964,514263389,470.4527
1965,514263389,470.6467
1966,514263389,470.8356
1967,514263389,471.0303
1968,514263389,471.2224
1969,514263389,471.4153
1970,514263389,471.6093
1971,514263389,471.7874
1972,514263389,471.982
1973,514263389,472.1831
1974,514263389,472.3784
1975,514263389,472.5742
1976,514263389,472.7646
1977,514263389,472.956
1978,514263389,473.1511
1979,514263389,473.3424
1980,514263389,473.5383
1981,514263389,473.7194
1982,514263389,473.9159
1983,514263389,474.1082
1984,500574160,474.3786
1985,500574160,474.6593
1986,500574160,474.9362
1987,500574160,475.2152
1988,500574160,475.496
1989,500574160,475.7728
1990,500574160,476.0543
1991,500574160,476.3183
1992,500574160,476.5936
1993,500574160,476.8635
1994,500574160,477.1447
1995,500574160,477.42
1996,500574160,477.6982
1997,500574160,477.9793
1998,500574160,478.2549
1999,500574160,478.5295
2000,500574160,478.8027
2001,500574160,479.0585
2002,500574160,479.3275
2003,500574160,479.6024
2004,500574160,479.8836
2005,500574160,480.156
2006,500574160,480.4302
2007,500574160,480.7085
2008,500574160,480.9831
2009,500574160,481.2595
2010,500574160,481.5338
2011,500574160,481.7913
2012,500574160,482.0708
2013,500574160,482.3463
2014,500574160,482.6211
2015,500574160,482.8054
2016,500574160,482.9949
2017,500574160,483.1867
2018,500574160,483.3767
2019,520706180,483.5651
2020,520706180,483.7538
2021,520706180,483.9304
2022,520706180,484.1202
2023,520706180,484.3093
2024,520706180,484.4987
2025,520706180,484.6903
2026,520706180,484.8781
2027,520706180,485.0723
2028,520706180,485.2595
2029,520706180,485.4543
2030,520706180,485.6483
2031,520706180,485.8256
2032,520706180,486.0202
2033,520706180,486.2141
2034,520706180,486.408
2035,520706180,486.6036
2036,520706180,486.7912
2037,520706180,486.9864
2038,520706180,487.1809
2039,520706180,487.372
2040,520706180,487.5675
2041,520706180,487.7432
2042,520706180,487.9298
2043,520706180,488.1172
2044,520706180,488.3042
2045,520706180,488.4912
2046,501202812,488.7592
2047,501202812,489.0264
2048,501202812,489.2955
2049,501202812,489.5631
2050,501202812,489.8364
2051,501202812,490.0928
2052,501202812,490.3606
2053,501202812,490.6278
2054,501202812,490.8957
2055,501202812,491.1637
2056,501202812,491.4309
2057,501202812,491.6983
2058,501202812,491.9658
2059,501202812,492.2344
2060,501202812,492.5021
2061,501202812,492.7565
2062,501202812,493.0235
2063,501202812,493.2991
2064,501202812,493.5667
2065,501202812,493.8338
2066,501202812,494.1013
2067,501202812,494.3688
2068,501202812,494.6427
2069,501202812,494.9108
2070,501202812,495.1841
2071,501202812,495.4383
2072,501202812,495.7052
2073,501202812,495.9727
2074,501202812,496.2399
2075,501202812,496.5084
2076,501202812,496.7766
2077,501202812,496.9596
2078,501202812,497.1428
2079,501202812,497.3264
2080,501202812,497.5093
2081,514263389,497.6798
2082,514263389,497.8626
2083,514263389,498.0467
2084,514263389,498.2344
2085,514263389,498.4224
2086,514263389,498.6103
2087,514263389,498.8042
2088,514263389,498.9916
2089,514263389,499.1796
2090,514263389,499.3681
2091,514263389,499.5408
2092,514263389,499.7264
2093,514263389,499.911
2094,514263389,500.0966
2095,514263389,500.2821
2096,514263389,500.4674
2097,514263389,500.6531
2098,514263389,500.8392
2099,514263389,501.0257
2100,514263389,501.2138
2101,514263389,501.3882
2102,514263389,501.5739
2103,514263389,501.7602
2104,514263389,501.9469
2105,514263389,502.1339
2106,514263389,502.3216
2107,514263389,502.5088
2108,500574160,502.7771
2109,500574160,503.0444
2110,500574160,503.3116
2111,500574160,503.5668
2112,500574160,503.8338
2113,500574160,504.1013
2114,500574160,504.3708
2115,500574160,504.6388
2116,500574160,504.9057
2117,500574160,505.1736
2118,500574160,505.4409
2119,500574160,505.7079
2120,500574160,505.9758
2121,500574160,506.231
2122,500574160,506.4979
2123,500574160,506.7666
2124,500574160,507.0342
2125,500574160,507.3041
2126,500574160,507.5714
2127,500574160,507.8452
2128,500574160,508.1188
2129,500574160,508.386
2130,500574160,508.6594
2131,500574160,508.9135
2132,500574160,509.1849
2133,500574160,509.4611
2134,500574160,509.7291
2135,500574160,509.9974
2136,500574160,510.2699
2137,500574160,510.5395
2138,500574160,510.8101
2139,500574160,510.9988
2140,500574160,511.1871
2141,500574160,511.3625
2142,500574160,511.5515
2143,520706180,511.7406
2144,520706180,511.9322
2145,520706180,512.1265
2146,520706180,512.3202
2147,520706180,512.5119
2148,520706180,512.702
2149,520706180,512.8935
2150,520706180,513.0809
2151,520706180,513.2593
2152,520706180,513.4525
2153,520706180,513.6466
2154,520706180,513.8373
2155,520706180,514.0317
2156,520706180,514.2283
2157,520706180,514.4231
2158,520706180,514.618
2159,520706180,514.8054
2160,520706180,514.9964
2161,520706180,515.1737
2162,520706180,515.3654
2163,520706180,515.5606
2164,520706180,515.7564
2165,520706180,515.9524
2166,520706180,516.1465
2167,520706180,516.3389
2168,520706180,516.5287
2169,520706180,516.7217
2170,501202812,517.0023
2171,501202812,517.2657
2172,501202812,517.5402
2173,501202812,517.8176
2174,501202812,518.095
2175,501202812,518.3653
2176,501202812,518.6467
2177,501202812,518.9196
2178,501202812,519.1954
2179,501202812,519.466
2180,501202812,519.7472
2181,501202812,520.0097
2182,501202812,520.2783
2183,501202812,520.5524
2184,501202812,520.824
2185,501202812,521.1047
2186,501202812,521.376
2187,501202812,521.6569
2188,501202812,521.938
2189,501202812,522.2134
2190,501202812,522.4898
2191,501202812,522.7494
2192,501202812,523.0241
2193,501202812,523.2949
2194,501202812,523.5759
2195,501202812,523.8458
2196,501202812,524.1251
2197,501202812,524.4064
2198,501202812,524.6812
2199,501202812,524.9557
2200,501202812,525.2317
2201,501202812,525.4032
2202,501202812,525.5954
2203,501202812,525.7845
2204,501202812,525.9771
2205,514263389,526.1658
2206,514263389,526.3538
2207,514263389,526.5446
2208,514263389,526.7318
2209,514263389,526.9237
2210,514263389,527.1099
2211,514263389,527.286
2212,514263389,527.4796
2213,514263389,527.673
2214,514263389,527.8672
2215,514263389,528.0594
2216,514263389,528.2517
2217,514263389,528.441
2218,514263389,528.635
2219,514263389,528.8255
2220,514263389,529.0121
2221,514263389,529.1912
2222,514263389,529.3826
2223,514263389,529.5782
2224,514263389,529.7802
2225,514263389,529.9812
2226,514263389,530.173
2227,514263389,530.3655
2228,514263389,530.5583
2229,514263389,530.7501
2230,514263389,530.9412
2231,514263389,531.1205
2232,500574160,531.39
2233,500574160,531.6683
2234,500574160,531.9487
2235,500574160,532.2271
2236,500574160,532.5004
2237,500574160,532.775
2238,500574160,533.0515
2239,500574160,533.3247
2240,500574160,533.6057
2241,500574160,533.8675
2242,500574160,534.1418
2243,500574160,534.4162
2244,500574160,534.6895
2245,500574160,534.9642
2246,500574160,535.2469
2247,500574160,535.528
2248,500574160,535.8057
2249,500574160,536.0868
2250,500574160,536.3614
2251,500574160,536.6181
2252,500574160,536.8864
2253,500574160,537.1658
2254,500574160,537.4354
2255,500574160,537.7161
2256,500574160,537.997
2257,500574160,538.2684
2258,500574160,538.5496
2259,500574160,538.822
2260,500574160,539.0941
2261,500574160,539.3505
2262,500574160,539.6315
2263,500574160,539.8239
2264,500574160,540.0109
2265,500574160,540.1993
2266,500574160,540.3874
2267,520706180,540.5803
2268,520706180,540.7675
2269,520706180,540.9686
2270,520706180,541.1613
2271,520706180,541.3345
2272,520706180,541.5248
2273,520706180,541.7183
2274,520706180,541.9131
2275,520706180,542.1029
2276,520706180,542.2933
2277,520706180,542.4839
2278,520706180,542.6775
2279,520706180,542.8724
2280,520706180,543.062
2281,520706180,543.2429
2282,520706180,543.4368
2283,520706180,543.6332
2284,520706180,543.8296
2285,520706180,544.0264
2286,520706180,544.2216
2287,520706180,544.4185
2288,520706180,544.6154
2289,520706180,544.804
2290,520706180,545.0005
2291,520706180,545.1813
2292,520706180,545.3765
2293,520706180,545.5737
2294,501202812,545.8559
2295,501202812,546.1382
2296,501202812,546.4066
2297,501202812,546.6751
2298,501202812,546.9436
2299,501202812,547.2119
2300,501202812,547.4797
2301,501202812,547.7374
2302,501202812,548.0066
2303,501202812,548.2812
2304,501202812,548.5555
2305,501202812,548.8257
2306,501202812,549.094
2307,501202812,549.3657
2308,501202812,549.6409
2309,501202812,549.9108
2310,501202812,550.1908
2311,501202812,550.4526
2312,501202812,550.7315
2313,501202812,551.012
2314,501202812,551.2882
2315,501202812,551.5645
2316,501202812,551.8563
2317,501202812,552.1351
2318,501202812,552.4117
2319,501202812,552.6924
2320,501202812,552.9742
2321,501202812,553.238
2322,501202812,553.5198
2323,501202812,553.7995
2324,501202812,554.0748
2325,501202812,554.2638
2326,501202812,554.4568
2327,501202812,554.6484
2328,501202812,554.8416
2329,514263389,555.0352
2330,514263389,555.2256
2331,514263389,555.401
2332,514263389,555.5945
2333,514263389,555.7888
2334,514263389,555.9753
2335,514263389,556.1655
2336,514263389,556.3558
2337,514263389,556.5507
2338,514263389,556.7411
2339,514263389,556.9298
2340,514263389,557.1199
2341,514263389,557.2952
2342,514263389,557.4886
2343,514263389,557.683
2344,514263389,557.8787
2345,514263389,558.0746
2346,514263389,558.2679
2347,514263389,558.464
2348,514263389,558.66
2349,514263389,558.857
2350,514263389,559.0537
2351,514263389,559.2302
2352,514263389,559.4271
2353,514263389,559.6238
2354,514263389,559.8206
2355,514263389,560.0156
2356,500574160,560.2937
2357,500574160,560.5744
2358,500574160,560.8457
2359,500574160,561.1285
2360,500574160,561.4056
2361,500574160,561.6619
2362,500574160,561.9372
2363,500574160,562.2167
2364,500574160,562.492
2365,500574160,562.768
2366,500574160,563.0456
2367,500574160,563.322
2368,500574160,563.5973
2369,500574160,563.8793
2370,500574160,564.1578
2371,500574160,564.4143
2372,500574160,564.6886
2373,500574160,564.9712
2374,500574160,565.2465
2375,500574160,565.5226
2376,500574160,565.7973
2377,500574160,566.0789
2378,500574160,566.3543
2379,500574160,566.6361
2380,500574160,566.9044
2381,500574160,567.1611
2382,500574160,567.4374
2383,500574160,567.7194
2384,500574160,568.0029
2385,500574160,568.2817
2386,500574160,568.564
2387,500574160,568.7522
2388,500574160,568.9436
2389,500574160,569.1361
2390,500574160,569.3213
2391,520706180,569.4926
2392,520706180,569.6856
2393,520706180,569.8797
2394,520706180,570.0715
2395,520706180,570.2633
2396,520706180,570.4578
2397,520706180,570.6477
2398,520706180,570.8423
2399,520706180,571.0327
2400,520706180,571.2245
2401,520706180,571.4026
2402,520706180,571.5974
2403,520706180,571.788
2404,520706180,571.983
2405,520706180,572.1775
2406,520706180,572.3734
2407,520706180,572.5731
2408,520706180,572.7636
2409,520706180,572.9573
2410,520706180,573.1532
2411,520706180,573.3289
2412,520706180,573.521
2413,520706180,573.7152
2414,520706180,573.9119
2415,520706180,574.1087
2416,520706180,574.3017
2417,520706180,574.4993
2418,501202812,574.7745
2419,501202812,575.0461
2420,501202812,575.322
2421,501202812,575.5834
2422,501202812,575.8613
2423,501202812,576.1392
2424,501202812,576.4152
2425,501202812,576.6921
2426,501202812,576.9704
2427,501202812,577.2476
2428,501202812,577.5242
2429,501202812,577.8129
2430,501202812,578.0942
2431,501202812,578.3509
2432,501202812,578.6294
2433,501202812,578.8984
2434,501202812,579.178
2435,501202812,579.4534
2436,501202812,579.735
2437,501202812,580.01
2438,501202812,580.2881
2439,501202812,580.5626
2440,501202812,580.835
2441,501202812,581.0916
2442,501202812,581.3629
2443,501202812,581.6402
2444,501202812,581.9163
2445,501202812,582.1989
2446,501202812,582.4784
2447,501202812,582.7497
2448,501202812,583.0246
2449,501202812,583.2152
2450,501202812,583.4061
2451,501202812,583.5812
2452,501202812,583.7741
2453,514263389,583.9687
2454,514263389,584.1601
2455,514263389,584.354
2456,514263389,584.5471
2457,514263389,584.7369
2458,514263389,584.9269
2459,514263389,585.1151
2460,514263389,585.3031
2461,514263389,585.4765
2462,514263389,585.671
2463,514263389,585.8656
2464,514263389,586.0604
2465,514263389,586.249
2466,514263389,586.4447
2467,514263389,586.6359
2468,514263389,586.8226
2469,514263389,587.0175
2470,514263389,587.2088
2471,514263389,587.3882
2472,514263389,587.5836
2473,514263389,587.7738
2474,514263389,587.9699
2475,514263389,588.1636
2476,514263389,588.3556
2477,514263389,588.5483
2478,514263389,588.7413
2479,514263389,588.9381
2480,500574160,589.2151
2481,500574160,589.47
2482,500574160,589.7502
2483,500574160,590.0295
2484,500574160,590.3067
2485,500574160,590.5871
2486,500574160,590.8582
2487,500574160,591.1288
2488,500574160,591.405
2489,500574160,591.6866
2490,500574160,591.9624
2491,500574160,592.222
2492,500574160,592.4973
2493,500574160,592.7701
2494,500574160,593.0456
2495,500574160,593.3188
2496,500574160,593.5944
2497,500574160,593.8715
2498,500574160,594.1528
2499,500574160,594.428
2500,500574160,594.7009
2501,500574160,594.9557
2502,500574160,595.2344
2503,500574160,595.5094
2504,500574160,595.7851
2505,500574160,596.0624
2506,500574160,596.3329
2507,500574160,596.6151
2508,500574160,596.8849
2509,500574160,597.156
2510,500574160,597.4314
2511,500574160,597.6067
2512,500574160,597.7967
2513,500574160,597.9898
2514,500574160,598.1802
2515,520706180,598.3691
2516,520706180,598.5585
2517,520706180,598.748
2518,520706180,598.9377
2519,520706180,599.1239
2520,520706180,599.3137
2521,520706180,599.4911
2522,520706180,599.6858
2523,520706180,599.8877
2524,520706180,600.0792
2525,520706180,600.2712
2526,520706180,600.4638
2527,520706180,600.6562
2528,520706180,600.8469
2529,520706180,601.0397
2530,520706180,601.2309
2531,520706180,601.41
2532,520706180,601.6056
2533,520706180,601.7985
2534,520706180,601.9944
2535,520706180,602.189
2536,520706180,602.3836
2537,520706180,602.579
2538,520706180,602.7697
2539,520706180,602.9669
2540,520706180,603.1645
2541,520706180,603.3454
2542,501202812,603.621
2543,501202812,603.9033
2544,501202812,604.1828
2545,501202812,604.4643
2546,501202812,604.7385
2547,501202812,605.0204
2548,501202812,605.2927
2549,501202812,605.5685
2550,501202812,605.851
2551,501202812,606.1145
2552,501202812,606.3847
2553,501202812,606.6666
2554,501202812,606.948
2555,501202812,607.2271
2556,501202812,607.5043
2557,501202812,607.786
2558,501202812,608.0636
2559,501202812,608.3353
2560,501202812,608.6175
2561,501202812,608.8747
2562,501202812,609.152
2563,501202812,609.4283
2564,501202812,609.7037
2565,501202812,609.9799
2566,501202812,610.2578
2567,501202812,610.5454
2568,501202812,610.8167
2569,501202812,611.0917
2570,501202812,611.3669
2571,501202812,611.6289
2572,501202812,611.9043
2573,501202812,612.0934
2574,501202812,612.2836
2575,501202812,612.4744
2576,501202812,612.6642
2577,514263389,612.8576
2578,514263389,613.0514
2579,514263389,613.2384
2580,514263389,613.4307
2581,514263389,613.6076
2582,514263389,613.7986
2583,514263389,613.993
2584,514263389,614.1851
2585,514263389,614.38
2586,514263389,614.5744
2587,514263389,614.7638
2588,514263389,614.9544
2589,514263389,615.1496
2590,514263389,615.3425
2591,514263389,615.5178
2592,514263389,615.713
2593,514263389,615.9091
2594,514263389,616.1048
2595,514263389,616.2931
2596,514263389,616.4886
2597,514263389,616.6836
2598,514263389,616.8798
2599,514263389,617.0731
2600,514263389,617.2637
2601,514263389,617.4414
2602,514263389,617.6382
2603,514263389,617.8272
2604,500574160,618.109
2605,500574160,618.3794
2606,500574160,618.6571
2607,500574160,618.9323
2608,500574160,619.2049
2609,500574160,619.4812
2610,500574160,619.7631
2611,500574160,620.026
2612,500574160,620.2982
2613,500574160,620.5842
2614,500574160,620.8546
2615,500574160,621.132
2616,500574160,621.4017
2617,500574160,621.6777
2618,500574160,621.9552
2619,500574160,622.2342
2620,500574160,622.5112
2621,500574160,622.7737
2622,500574160,623.0512
2623,500574160,623.3281
2624,500574160,623.6101
2625,500574160,623.8884
2626,500574160,624.1664
2627,500574160,624.4436
2628,500574160,624.7197
2629,500574160,625.0021
2630,500574160,625.2758
2631,500574160,625.5307
2632,500574160,625.8098
2633,500574160,626.0861
2634,500574160,626.3619
2635,500574160,626.5551
2636,500574160,626.7434
2637,500574160,626.9365
2638,500574160,627.1295
2639,520706180,627.3161
2640,520706180,627.5022
2641,520706180,627.6749
2642,520706180,627.8643
2643,520706180,628.0584
2644,520706180,628.2495
2645,520706180,628.4439
2646,520706180,628.6355
2647,520706180,628.8212
2648,520706180,629.0161
2649,520706180,629.2062
2650,520706180,629.4004
2651,520706180,629.5828
2652,520706180,629.7752
2653,520706180,629.9705
2654,520706180,630.1637
2655,520706180,630.3554
2656,520706180,630.5468
2657,520706180,630.7366
2658,520706180,630.9411
2659,520706180,631.133
2660,520706180,631.3254
2661,520706180,631.502
2662,520706180,631.6982
2663,520706180,631.8911
2664,520706180,632.0879
2665,520706180,632.2816
2666,501202812,632.5636
2667,501202812,632.8361
2668,501202812,633.1044
2669,501202812,633.3758
2670,501202812,633.6571
2671,501202812,633.9151
2672,501202812,634.194
2673,501202812,634.476
2674,501202812,634.7525
2675,501202812,635.0265
2676,501202812,635.3033
2677,501202812,635.5792
2678,501202812,635.8597
2679,501202812,636.1362
2680,501202812,636.4114
2681,501202812,636.6664
2682,501202812,636.9478
2683,501202812,637.2258
2684,501202812,637.4977
2685,501202812,637.7771
2686,501202812,638.0589
2687,501202812,638.3344
2688,501202812,638.6167
2689,501202812,638.887
2690,501202812,639.1675
2691,501202812,639.4229
2692,501202812,639.7032
2693,501202812,639.979
2694,501202812,640.2559
2695,501202812,640.5331
2696,501202812,640.8069
2697,501202812,640.9954
2698,501202812,641.1859
2699,501202812,641.3772
2700,501202812,641.5659
2701,514263389,641.74
2702,514263389,641.9331
2703,514263389,642.1226
2704,514263389,642.3085
2705,514263389,642.5054
2706,514263389,642.6907
2707,514263389,642.8758
2708,514263389,643.0608
2709,514263389,643.2466
2710,514263389,643.4328
2711,514263389,643.6061
2712,514263389,643.7928
2713,514263389,643.9802
2714,514263389,644.1656
2715,514263389,644.3514
2716,514263389,644.5374
2717,514263389,644.7241
2718,514263389,644.9105
2719,514263389,645.0978
2720,514263389,645.2867
2721,514263389,645.4627
2722,514263389,645.6505
2723,514263389,645.8381
2724,514263389,646.0258
2725,514263389,646.2149
2726,514263389,646.402
2727,514263389,646.6059
2728,500574160,646.8753
2729,500574160,647.1464
2730,500574160,647.4279
2731,500574160,647.6967
2732,500574160,647.9719
2733,500574160,648.252
2734,500574160,648.5302
2735,500574160,648.8028
2736,500574160,649.0822
2737,500574160,649.3524
2738,500574160,649.6275
2739,500574160,649.8975
2740,500574160,650.1728
2741,500574160,650.4345
2742,500574160,650.7094
2743,500574160,650.9917
2744,500574160,651.271
2745,500574160,651.5449
2746,500574160,651.8268
2747,500574160,652.1054
2748,500574160,652.3806
2749,500574160,652.6622
2750,500574160,652.957
2751,500574160,653.2172
2752,500574160,653.4961
2753,500574160,653.7755
2754,500574160,654.0511
2755,500574160,654.3257
2756,500574160,654.6021
2757,500574160,654.8732
2758,500574160,655.1486
2759,500574160,655.3418
2760,500574160,655.5348
2761,500574160,655.7152
2762,500574160,655.9055
2763,520706180,656.0989
2764,520706180,656.2881
2765,520706180,656.4823
2766,520706180,656.672
2767,520706180,656.8663
2768,520706180,657.059
2769,520706180,657.2494
2770,520706180,657.4427
2771,520706180,657.6204
2772,520706180,657.8112
2773,520706180,658.0043
2774,520706180,658.2114
2775,520706180,658.4063
2776,520706180,658.5971
2777,520706180,658.7859
2778,520706180,658.9773
2779,520706180,659.1674
2780,520706180,659.3632
2781,520706180,659.5387
2782,520706180,659.7341
2783,520706180,659.9275
2784,520706180,660.1194
2785,520706180,660.3079
2786,520706180,660.4963
2787,520706180,660.686
2788,520706180,660.8749
2789,520706180,661.0627
2790,501202812,661.3307
2791,501202812,661.5883
2792,501202812,661.8568
2793,501202812,662.1312
2794,501202812,662.4054
2795,501202812,662.6794
2796,501202812,662.972
2797,501202812,663.2419
2798,501202812,663.5113
2799,501202812,663.7809
2800,501202812,664.0488
2801,501202812,664.3051
2802,501202812,664.5742
2803,501202812,664.8427
2804,501202812,665.1106
2805,501202812,665.3785
2806,501202812,665.6474
2807,501202812,665.9173
2808,501202812,666.1928
2809,501202812,666.4616
2810,501202812,666.7338
2811,501202812,666.9903
2812,501202812,667.2584
2813,501202812,667.5272
2814,501202812,667.7961
2815,501202812,668.0652
2816,501202812,668.3353
2817,501202812,668.6033
2818,501202812,668.8722
2819,501202812,669.1444
2820,501202812,669.4142
2821,501202812,669.585
2822,501202812,669.7685
2823,501202812,669.953
2824,501202812,670.1375
2825,514263389,670.3222
2826,514263389,670.5072
2827,514263389,670.6931
2828,514263389,670.8791
2829,514263389,671.0658
2830,514263389,671.25
2831,514263389,671.4225
2832,514263389,671.6078
2833,514263389,671.7934
2834,514263389,671.9788
2835,514263389,672.1666
2836,514263389,672.3532
2837,514263389,672.5403
2838,514263389,672.7267
2839,514263389,672.9142
2840,514263389,673.102
2841,514263389,673.2761
2842,514263389,673.4621
2843,514263389,673.6631
2844,514263389,673.8592
2845,514263389,674.0516
2846,514263389,674.2412
2847,514263389,674.4344
2848,514263389,674.6279
2849,514263389,674.8169
2850,514263389,675.0099
2851,514263389,675.1906
2852,500574160,675.4651
2853,500574160,675.7358
2854,500574160,676.0176
2855,500574160,676.2914
2856,500574160,676.5682
2857,500574160,676.8425
2858,500574160,677.1217
2859,500574160,677.3913
2860,500574160,677.6681
2861,500574160,677.9236
2862,500574160,678.2047
2863,500574160,678.481
2864,500574160,678.7607
2865,500574160,679.0361
2866,500574160,679.3081
2867,500574160,679.5844
2868,500574160,679.8662
2869,500574160,680.1436
2870,500574160,680.4264
2871,500574160,680.6881
2872,500574160,680.9705
2873,500574160,681.2492
2874,500574160,681.5255
2875,500574160,681.7983
2876,500574160,682.0736
2877,500574160,682.3495
2878,500574160,682.6312
2879,500574160,682.9001
2880,500574160,683.1714
2881,500574160,683.4284
2882,500574160,683.7091
2883,500574160,683.9025
2884,500574160,684.0877
2885,500574160,684.2785
2886,500574160,684.4695
2887,520706180,684.6654
2888,520706180,684.8542
2889,520706180,685.0476
2890,520706180,685.2364
2891,520706180,685.4134
2892,520706180,685.6075
2893,520706180,685.7984
2894,520706180,685.991
2895,520706180,686.1839
2896,520706180,686.3709
2897,520706180,686.5625
2898,520706180,686.7524
2899,520706180,686.9479
2900,520706180,687.1403
2901,520706180,687.3155
2902,520706180,687.5084
2903,520706180,687.7047
2904,520706180,687.8943
2905,520706180,688.0902
2906,520706180,688.2832
2907,520706180,688.4792
2908,520706180,688.6742
2909,520706180,688.8729
2910,520706180,689.0654
2911,520706180,689.2428
2912,520706180,689.4353
2913,520706180,689.6322
2914,501202812,689.9018
2915,501202812,690.1761
2916,501202812,690.4508
2917,501202812,690.7285
2918,501202812,691.0099
2919,501202812,691.2877
2920,501202812,691.562
2921,501202812,691.8182
2922,501202812,692.1002
2923,501202812,692.3727
2924,501202812,692.6548
2925,501202812,692.9303
2926,501202812,693.2015
2927,501202812,693.4776
2928,501202812,693.7553
2929,501202812,694.037
2930,501202812,694.3123
2931,501202812,694.5673
2932,501202812,694.8447
2933,501202812,695.1166
2934,501202812,695.3914
2935,501202812,695.6735
2936,501202812,695.9527
2937,501202812,696.2343
2938,501202812,696.5095
2939,501202812,696.7844
2940,501202812,697.0655
2941,501202812,697.3217
2942,501202812,697.6038
2943,501202812,697.8742
2944,501202812,698.1562
2945,501202812,698.3497
2946,501202812,698.5427
2947,501202812,698.7339
2948,501202812,698.9229
2949,514263389,699.1159
2950,514263389,699.3019
2951,514263389,699.4743
2952,514263389,699.6593
2953,514263389,699.8444
2954,514263389,700.0344
2955,514263389,700.2232
2956,514263389,700.4119
2957,514263389,700.6008
2958,514263389,700.7871
2959,514263389,700.9726
2960,514263389,701.1583
2961,514263389,701.3315
2962,514263389,701.5168
2963,514263389,701.7027
2964,514263389,701.8893
2965,514263389,702.0763
2966,514263389,702.2635
2967,514263389,702.4502
2968,514263389,702.6369
2969,514263389,702.824
2970,514263389,703.0148
2971,514263389,703.1901
2972,514263389,703.3777
2973,514263389,703.5688
2974,514263389,703.7566
2975,514263389,703.9547
2976,500574160,704.2232
2977,500574160,704.4911
2978,500574160,704.759
2979,500574160,705.0276
2980,500574160,705.2973
2981,500574160,705.5546
2982,500574160,705.8232
2983,500574160,706.0916
2984,500574160,706.3596
2985,500574160,706.6279
2986,500574160,706.8957
2987,500574160,707.1643
2988,500574160,707.4321
2989,500574160,707.7001
2990,500574160,707.9741
2991,500574160,708.2333
2992,500574160,708.5025
2993,500574160,708.7731
2994,500574160,709.0475
2995,500574160,709.3166
2996,500574160,709.5845
2997,500574160,709.8667
2998,500574160,710.1411
2999,500574160,710.4159
3000,500574160,710.6892
3001,500574160,710.9442
