1,1351703650,0.44183
2,601703650,0.45203
3,394964385,0.46181
4,265799180,0.47167
5,148108060,0.48155
6,158530016,0.49136
7,188419691,0.50126
8,126309836,0.51542
9,96420161,0.52977
10,79740061,0.54424
11,65436926,0.55818
12,55326601,0.57283
13,25436926,0.58705
14,17436926,0.60131
15,9436926,0.61554
16,8672076,0.62988
17,6672076,0.64416
18,4672076,0.65843
19,2672076,0.67269
20,1836926,0.68695
21,1525295,0.70087
22,1525295,0.71521
23,1525295,0.72947
24,40382005,0.73942
25,1525295,0.74929
26,40382005,0.75944
27,107693636,0.76937
28,40382005,0.77984
29,1525295,0.79408
30,1525295,0.80832
31,1525295,0.82225
32,1525295,0.83673
33,1525295,0.85118
34,1525295,0.86113
35,1525295,0.87093
36,68836926,0.88084
37,68836926,0.89109
38,68836926,0.90159
39,28836926,0.91587
40,1525295,0.93019
41,1525295,0.94413
42,1525295,0.95862
43,1525295,0.97304
44,1525295,0.9831
45,1525295,0.99301
46,63836926,1.0031
47,63836926,1.0132
48,63836926,1.0237
49,23836926,1.0382
50,1525295,1.0524
51,1525295,1.0669
52,1525295,1.0812
53,1525295,1.0957
54,1525295,1.1059
55,1525295,1.1158
56,58836926,1.1258
57,58836926,1.1357
58,58836926,1.1465
59,18836926,1.1609
60,1525295,1.1751
61,1525295,1.1887
62,1525295,1.2032
63,1525295,1.2177
64,1525295,1.2279
65,1525295,1.238
66,53836926,1.2481
67,53836926,1.258
68,53836926,1.2685
69,13836926,1.2828
70,1525295,1.297
71,1525295,1.3106
72,1525295,1.3248
73,1525295,1.3392
74,1525295,1.3488
75,1525295,1.3589
76,48836926,1.3689
77,48836926,1.3789
78,48836926,1.3892
79,8836926,1.4034
80,1525295,1.4176
81,1525295,1.4316
82,1525295,1.4459
83,1525295,1.4602
84,1525295,1.4701
85,1525295,1.4799
86,43836926,1.4898
87,43836926,1.4997
88,43836926,1.51
89,3836926,1.5242
90,1525295,1.5387
91,1525295,1.5528
92,1525295,1.5673
93,1525295,1.5817
94,1525295,1.5916
95,1525295,1.6014
96,70836926,1.6113
97,70836926,1.6213
98,70836926,1.6315
99,30836926,1.6458
100,1525295,1.66
101,1525295,1.674
102,1525295,1.6885
103,1525295,1.7029
104,1525295,1.7128
105,1525295,1.7226
106,65836926,1.7326
107,65836926,1.7425
108,65836926,1.7527
109,25836926,1.7669
110,1525295,1.7812
111,1525295,1.7952
112,1525295,1.8096
113,1525295,1.8238
114,1525295,1.8338
115,1525295,1.8436
116,60836926,1.8535
117,60836926,1.8638
118,60836926,1.8743
119,20836926,1.8886
120,1525295,1.9029
121,1525295,1.9168
122,1525295,1.9311
123,1525295,1.9453
124,1525295,1.9553
125,1525295,1.9651
126,55836926,1.975
127,55836926,1.9849
128,55836926,1.9952
129,15836926,2.0094
130,1525295,2.0237
131,1525295,2.0377
132,1525295,2.052
133,1525295,2.0662
134,1525295,2.0762
135,1525295,2.086
136,50836926,2.0959
137,50836926,2.1058
138,50836926,2.1161
139,10836926,2.1303
140,1525295,2.1446
141,1525295,2.1586
142,1525295,2.1731
143,1525295,2.1874
144,1525295,2.1976
145,1525295,2.2092
146,45836926,2.2193
147,45836926,2.2299
148,45836926,2.2405
149,5836926,2.2549
150,1525295,2.2694
151,1525295,2.2834
152,1525295,2.2982
153,1525295,2.3127
154,1525295,2.3227
155,1525295,2.3324
156,72836926,2.3423
157,72836926,2.3523
158,72836926,2.3625
159,32836926,2.3767
160,1525295,2.391
161,1525295,2.4049
162,1525295,2.4191
163,1525295,2.4334
164,1525295,2.4433
165,1525295,2.4532
166,67836926,2.463
167,67836926,2.473
168,67836926,2.4832
169,27836926,2.4975
170,1525295,2.5117
171,1525295,2.5255
172,1525295,2.5401
173,1525295,2.5545
174,1525295,2.5645
175,1525295,2.5743
176,62836926,2.5841
177,62836926,2.594
178,62836926,2.6043
179,22836926,2.6185
180,1525295,2.6328
181,1525295,2.6467
182,1525295,2.661
183,1525295,2.6753
184,1525295,2.6852
185,1525295,2.695
186,57836926,2.7049
187,57836926,2.7148
188,57836926,2.725
189,17836926,2.7395
190,1525295,2.754
191,1525295,2.768
192,1525295,2.7824
193,1525295,2.7967
194,1525295,2.8066
195,1525295,2.8164
196,52836926,2.8266
197,52836926,2.837
198,52836926,2.8476
199,12836926,2.8621
200,1525295,2.8763
201,1525295,2.8899
202,1525295,2.9042
203,1525295,2.9187
204,1525295,2.9287
205,1525295,2.9387
206,47836926,2.9487
207,47836926,2.9588
208,47836926,2.9692
209,7836926,2.9834
210,1525295,2.9977
211,1525295,3.0117
212,1525295,3.026
213,1525295,3.0402
214,1525295,3.0501
215,1525295,3.06
216,42836926,3.0699
217,42836926,3.0798
218,42836926,3.0901
219,2836926,3.1043
220,1525295,3.1185
221,1525295,3.1325
222,1525295,3.1468
223,1525295,3.1612
224,1525295,3.1713
225,1525295,3.1813
226,69836926,3.1913
227,69836926,3.2012
228,69836926,3.2115
229,29836926,3.2258
230,1525295,3.2399
231,1525295,3.2535
232,1525295,3.2677
233,1525295,3.282
234,1525295,3.2919
235,1525295,3.3016
236,64836926,3.3115
237,64836926,3.3214
238,64836926,3.3317
239,24836926,3.3458
240,1525295,3.3602
241,1525295,3.3734
242,1525295,3.3879
243,1525295,3.4024
244,1525295,3.4123
245,1525295,3.422
246,59836926,3.4319
247,59836926,3.4418
248,59836926,3.452
249,19836926,3.4662
250,1525295,3.4806
251,1525295,3.4946
252,1525295,3.509
253,1525295,3.5233
254,1525295,3.5332
255,1525295,3.543
256,54836926,3.5529
257,54836926,3.5628
258,54836926,3.5733
259,14836926,3.5876
260,1525295,3.6018
261,1525295,3.6157
262,1525295,3.6299
263,1525295,3.6442
264,1525295,3.654
265,1525295,3.6638
266,49836926,3.6736
267,49836926,3.6836
268,49836926,3.6938
269,9836926,3.708
270,1525295,3.7223
271,1525295,3.7362
272,1525295,3.7505
273,1525295,3.7647
274,1525295,3.7746
275,1525295,3.7844
276,44836926,3.7943
277,44836926,3.8045
278,44836926,3.8148
279,4836926,3.8292
280,1525295,3.8435
281,1525295,3.8574
282,1525295,3.8716
283,1525295,3.8859
284,1525295,3.8958
285,1525295,3.9056
286,71836926,3.9154
287,71836926,3.9253
288,71836926,3.9355
289,31836926,3.9498
290,1525295,3.9641
291,1525295,3.978
292,1525295,3.9923
293,1525295,4.0066
294,1525295,4.0164
295,1525295,4.0263
296,66836926,4.0361
297,66836926,4.046
298,66836926,4.0562
299,26836926,4.0704
300,1525295,4.0847
301,1525295,4.0985
302,1525295,4.1127
303,1525295,4.127
304,1525295,4.137
305,1525295,4.1469
306,61836926,4.1568
307,61836926,4.1667
308,61836926,4.1769
309,21836926,4.1913
310,1525295,4.2056
311,1525295,4.2195
312,1525295,4.2338
313,1525295,4.2482
314,1525295,4.2597
315,1525295,4.2697
316,56836926,4.2796
317,56836926,4.2895
318,56836926,4.2997
319,16836926,4.314
320,1525295,4.3282
321,1525295,4.3421
322,1525295,4.3563
323,1525295,4.3706
324,1525295,4.3805
325,1525295,4.3903
326,51836926,4.4001
327,51836926,4.41
328,51836926,4.4202
329,11836926,4.4345
330,1525295,4.4488
331,1525295,4.4628
332,1525295,4.4772
333,1525295,4.4914
334,1525295,4.5013
335,1525295,4.5111
336,46836926,4.5209
337,46836926,4.5309
338,46836926,4.5411
339,6836926,4.5553
340,1525295,4.5696
341,1525295,4.5835
342,1525295,4.5978
343,1525295,4.612
344,1525295,4.6218
345,1525295,4.6317
346,73836926,4.6415
347,73836926,4.6514
348,73836926,4.6616
349,33836926,4.6758
350,1525295,4.6901
351,1525295,4.7039
352,1525295,4.7183
353,1525295,4.7326
354,1525295,4.7424
355,1525295,4.7523
356,68836926,4.7622
357,68836926,4.7723
358,68836926,4.7826
359,28836926,4.7969
360,1525295,4.8112
361,1525295,4.8251
362,1525295,4.8395
363,1525295,4.8538
364,1525295,4.8637
365,1525295,4.8736
366,63836926,4.8835
367,63836926,4.8934
368,63836926,4.9037
369,23836926,4.9179
370,1525295,4.9321
371,1525295,4.946
372,1525295,4.9603
373,1525295,4.9745
374,1525295,4.9845
375,1525295,4.9943
376,58836926,5.0042
377,58836926,5.0142
378,58836926,5.0244
379,18836926,5.0387
380,1525295,5.0531
381,1525295,5.067
382,1525295,5.0815
383,1525295,5.096
384,1525295,5.106
385,1525295,5.116
386,53836926,5.1259
387,53836926,5.136
388,53836926,5.1463
389,13836926,5.1607
390,1525295,5.1751
391,1525295,5.1891
392,1525295,5.2033
393,1525295,5.2176
394,1525295,5.228
395,1525295,5.2388
396,48836926,5.2491
397,48836926,5.2592
398,48836926,5.2695
399,8836926,5.2838
400,1525295,5.298
401,1525295,5.312
402,1525295,5.3263
403,1525295,5.3406
404,1525295,5.3505
405,1525295,5.3604
406,43836926,5.3704
407,43836926,5.3803
408,43836926,5.3906
409,3836926,5.4049
410,1525295,5.4193
411,1525295,5.4333
412,1525295,5.4475
413,1525295,5.4616
414,1525295,5.4714
415,1525295,5.4813
416,70836926,5.4912
417,70836926,5.5011
418,70836926,5.5113
419,30836926,5.5256
420,1525295,5.5399
421,1525295,5.5539
422,1525295,5.5682
423,1525295,5.5824
424,1525295,5.5923
425,1525295,5.6021
426,65836926,5.6119
427,65836926,5.6218
428,65836926,5.6323
429,25836926,5.6467
430,1525295,5.661
431,1525295,5.6749
432,1525295,5.6892
433,1525295,5.7036
434,1525295,5.7136
435,1525295,5.7234
436,60836926,5.7332
437,60836926,5.7434
438,60836926,5.7538
439,20836926,5.7681
440,1525295,5.7824
441,1525295,5.7963
442,1525295,5.8107
443,1525295,5.825
444,1525295,5.8349
445,1525295,5.8447
446,55836926,5.8546
447,55836926,5.8645
448,55836926,5.8748
449,15836926,5.889
450,1525295,5.9033
451,1525295,5.9172
452,1525295,5.9316
453,1525295,5.946
454,1525295,5.9559
455,1525295,5.9657
456,50836926,5.9755
457,50836926,5.9855
458,50836926,5.9957
459,10836926,6.01
460,1525295,6.0242
461,1525295,6.0381
462,1525295,6.0524
463,1525295,6.0666
464,1525295,6.0767
465,1525295,6.0866
466,45836926,6.0965
467,45836926,6.1064
468,45836926,6.1167
469,5836926,6.131
470,1525295,6.1454
471,1525295,6.1594
472,1525295,6.1736
473,1525295,6.1881
474,1525295,6.1981
475,1525295,6.2081
476,72836926,6.2181
477,72836926,6.2282
478,72836926,6.2386
479,32836926,6.253
480,1525295,6.2673
481,1525295,6.2812
482,1525295,6.2955
483,1525295,6.3108
484,1525295,6.321
485,1525295,6.3309
486,67836926,6.3408
487,67836926,6.3507
488,67836926,6.361
489,27836926,6.3752
490,1525295,6.3895
491,1525295,6.4034
492,1525295,6.4176
493,1525295,6.4318
494,1525295,6.4418
495,1525295,6.4516
496,62836926,6.4615
497,62836926,6.4713
498,62836926,6.4816
499,22836926,6.4958
500,1525295,6.51
501,1525295,6.5238
502,1525295,6.5381
503,1525295,6.5523
504,1525295,6.5622
505,1525295,6.5723
506,57836926,6.5823
507,57836926,6.5922
508,57836926,6.6024
509,17836926,6.6166
510,1525295,6.6308
511,1525295,6.6448
512,1525295,6.6591
513,1525295,6.6733
514,1525295,6.6832
515,1525295,6.6929
516,52836926,6.7028
517,52836926,6.7129
518,52836926,6.7233
519,12836926,6.7376
520,1525295,6.7519
521,1525295,6.7659
522,1525295,6.7803
523,1525295,6.7948
524,1525295,6.8047
525,1525295,6.8145
526,47836926,6.8244
527,47836926,6.8343
528,47836926,6.8445
529,7836926,6.8587
530,1525295,6.8729
531,1525295,6.8865
532,1525295,6.9005
533,1525295,6.9147
534,1525295,6.9246
535,1525295,6.9344
536,42836926,6.9443
537,42836926,6.9542
538,42836926,6.9644
539,2836926,6.9786
540,1525295,6.9929
541,1525295,7.0068
542,1525295,7.0212
543,1525295,7.0354
544,1525295,7.0454
545,1525295,7.0553
546,69836926,7.0653
547,69836926,7.0752
548,69836926,7.0854
549,29836926,7.0997
550,1525295,7.1139
551,1525295,7.1279
552,1525295,7.1422
553,1525295,7.1565
554,1525295,7.1664
555,1525295,7.1762
556,64836926,7.1861
557,64836926,7.196
558,64836926,7.2063
559,24836926,7.2204
560,1525295,7.2347
561,1525295,7.2486
562,1525295,7.2627
563,1525295,7.277
564,1525295,7.2869
565,1525295,7.2967
566,59836926,7.3066
567,59836926,7.3165
568,59836926,7.3267
569,19836926,7.341
570,1525295,7.3549
571,1525295,7.3682
572,1525295,7.3825
573,1525295,7.3969
574,1525295,7.4067
575,1525295,7.4165
576,54836926,7.4262
577,54836926,7.4362
578,54836926,7.4464
579,14836926,7.4607
580,1525295,7.475
581,1525295,7.4889
582,1525295,7.5031
583,1525295,7.5174
584,1525295,7.5273
585,1525295,7.537
586,49836926,7.5469
587,49836926,7.5568
588,49836926,7.5671
589,9836926,7.5813
590,1525295,7.5955
591,1525295,7.6095
592,1525295,7.6239
593,1525295,7.6383
594,1525295,7.6482
595,1525295,7.6579
596,44836926,7.6678
597,44836926,7.6779
598,44836926,7.6883
599,4836926,7.7025
600,1525295,7.7168
601,1525295,7.7308
602,1525295,7.7451
603,1525295,7.7593
604,1525295,7.7692
605,1525295,7.7789
606,71836926,7.7888
607,71836926,7.7987
608,71836926,7.809
609,31836926,7.8232
610,1525295,7.8375
611,1525295,7.8514
612,1525295,7.8656
613,1525295,7.8799
614,1525295,7.8897
615,1525295,7.8995
616,66836926,7.9094
617,66836926,7.9192
618,66836926,7.9295
619,26836926,7.9437
620,1525295,7.958
621,1525295,7.9719
622,1525295,7.9864
623,1525295,8.0006
624,1525295,8.0106
625,1525295,8.0205
626,61836926,8.0304
627,61836926,8.0404
628,61836926,8.0506
629,21836926,8.0649
630,1525295,8.0792
631,1525295,8.0931
632,1525295,8.1073
633,1525295,8.1216
634,1525295,8.1315
635,1525295,8.1413
636,56836926,8.1511
637,56836926,8.161
638,56836926,8.1712
639,16836926,8.1855
640,1525295,8.2002
641,1525295,8.2143
642,1525295,8.2287
643,1525295,8.2436
644,1525295,8.2536
645,1525295,8.2636
646,51836926,8.2736
647,51836926,8.2836
648,51836926,8.294
649,11836926,8.3084
650,1525295,8.3228
651,1525295,8.3368
652,1525295,8.3512
653,1525295,8.3667
654,1525295,8.3768
655,1525295,8.3867
656,46836926,8.3966
657,46836926,8.4066
658,46836926,8.4168
659,6836926,8.4311
660,1525295,8.4454
661,1525295,8.4589
662,1525295,8.4734
663,1525295,8.4878
664,1525295,8.4977
665,1525295,8.5075
666,73836926,8.5174
667,73836926,8.5273
668,73836926,8.5376
669,33836926,8.5519
670,1525295,8.5662
671,1525295,8.5801
672,1525295,8.5946
673,1525295,8.609
674,1525295,8.6189
675,1525295,8.6288
676,68836926,8.6387
677,68836926,8.6488
678,68836926,8.6591
679,28836926,8.6734
680,1525295,8.6877
681,1525295,8.7016
682,1525295,8.716
683,1525295,8.7304
684,1525295,8.7405
685,1525295,8.7504
686,63836926,8.7604
687,63836926,8.7704
688,63836926,8.7808
689,23836926,8.7951
690,1525295,8.8093
691,1525295,8.8232
692,1525295,8.8377
693,1525295,8.852
694,1525295,8.862
695,1525295,8.8719
696,58836926,8.8818
697,58836926,8.8919
698,58836926,8.9023
699,18836926,8.9165
700,1525295,8.9308
701,1525295,8.9447
702,1525295,8.9589
703,1525295,8.9733
704,1525295,8.9835
705,1525295,8.9936
706,53836926,9.0036
707,53836926,9.0136
708,53836926,9.0239
709,13836926,9.0383
710,1525295,9.0526
711,1525295,9.0661
712,1525295,9.0805
713,1525295,9.0948
714,1525295,9.1047
715,1525295,9.1145
716,48836926,9.1244
717,48836926,9.1343
718,48836926,9.1446
719,8836926,9.1588
720,1525295,9.1731
721,1525295,9.1871
722,1525295,9.2014
723,1525295,9.2154
724,1525295,9.2253
725,1525295,9.2351
726,43836926,9.245
727,43836926,9.2549
728,43836926,9.2652
729,3836926,9.2794
730,1525295,9.2938
731,1525295,9.3078
732,1525295,9.3222
733,1525295,9.3367
734,1525295,9.3465
735,1525295,9.3564
736,70836926,9.3664
737,70836926,9.3763
738,70836926,9.3866
739,30836926,9.4008
740,1525295,9.4151
741,1525295,9.429
742,1525295,9.4434
743,1525295,9.4575
744,1525295,9.4676
745,1525295,9.4774
746,65836926,9.4873
747,65836926,9.4972
748,65836926,9.5074
749,25836926,9.5216
750,1525295,9.5359
751,1525295,9.5498
752,1525295,9.5642
753,1525295,9.5787
754,1525295,9.5887
755,1525295,9.5985
756,60836926,9.6083
757,60836926,9.6184
758,60836926,9.6288
759,20836926,9.6431
760,1525295,9.6574
761,1525295,9.6714
762,1525295,9.6857
763,1525295,9.6999
764,1525295,9.7098
765,1525295,9.7196
766,55836926,9.7295
767,55836926,9.7394
768,55836926,9.7496
769,15836926,9.7638
770,1525295,9.7781
771,1525295,9.792
772,1525295,9.8063
773,1525295,9.8205
774,1525295,9.8304
775,1525295,9.8403
776,50836926,9.8502
777,50836926,9.8601
778,50836926,9.8703
779,10836926,9.8845
780,1525295,9.8987
781,1525295,9.9127
782,1525295,9.927
783,1525295,9.9412
784,1525295,9.9512
785,1525295,9.9612
786,45836926,9.9711
787,45836926,9.981
788,45836926,9.9913
789,5836926,10.0056
790,1525295,10.0199
791,1525295,10.0339
792,1525295,10.0482
793,1525295,10.0624
794,1525295,10.0723
795,1525295,10.0821
796,72836926,10.092
797,72836926,10.1019
798,72836926,10.1122
799,32836926,10.1263
800,1525295,10.1406
801,1525295,10.1545
802,1525295,10.169
803,1525295,10.1834
804,1525295,10.1934
805,1525295,10.2032
806,67836926,10.213
807,67836926,10.2229
808,67836926,10.2332
809,27836926,10.2474
810,1525295,10.2617
811,1525295,10.2757
812,1525295,10.2901
813,1525295,10.3044
814,1525295,10.3143
815,1525295,10.3241
816,62836926,10.3339
817,62836926,10.3438
818,62836926,10.3541
819,22836926,10.3684
820,1525295,10.3825
821,1525295,10.396
822,1525295,10.4101
823,1525295,10.4244
824,1525295,10.4343
825,1525295,10.4441
826,57836926,10.454
827,57836926,10.4639
828,57836926,10.4742
829,17836926,10.4884
830,1525295,10.5027
831,1525295,10.5166
832,1525295,10.5309
833,1525295,10.5452
834,1525295,10.555
835,1525295,10.5649
836,52836926,10.5747
837,52836926,10.5861
838,52836926,10.5968
839,12836926,10.6113
840,1525295,10.6256
841,1525295,10.6399
842,1525295,10.6543
843,1525295,10.6686
844,1525295,10.6785
845,1525295,10.6884
846,47836926,10.6983
847,47836926,10.7082
848,47836926,10.7184
849,7836926,10.7329
850,1525295,10.7473
851,1525295,10.7611
852,1525295,10.7755
853,1525295,10.7897
854,1525295,10.7997
855,1525295,10.8095
856,42836926,10.8194
857,42836926,10.8295
858,42836926,10.8399
859,2836926,10.8541
860,1525295,10.8684
861,1525295,10.8821
862,1525295,10.8965
863,1525295,10.911
864,1525295,10.9211
865,1525295,10.9311
866,69836926,10.9412
867,69836926,10.9513
868,69836926,10.9617
869,29836926,10.9761
870,1525295,10.9905
871,1525295,11.0045
872,1525295,11.0189
873,1525295,11.0334
874,1525295,11.0433
875,1525295,11.0531
876,64836926,11.063
877,64836926,11.0728
878,64836926,11.083
879,24836926,11.0972
880,1525295,11.1115
881,1525295,11.1254
882,1525295,11.1398
883,1525295,11.1541
884,1525295,11.164
885,1525295,11.1738
886,59836926,11.1837
887,59836926,11.1939
888,59836926,11.2042
889,19836926,11.2184
890,1525295,11.233
891,1525295,11.247
892,1525295,11.2614
893,1525295,11.2767
894,1525295,11.2864
895,1525295,11.2964
896,54836926,11.3064
897,54836926,11.3165
898,54836926,11.3269
899,14836926,11.3413
900,1525295,11.3555
901,1525295,11.3691
902,1525295,11.3832
903,1525295,11.3975
904,1525295,11.4074
905,1525295,11.4172
906,49836926,11.4271
907,49836926,11.437
908,49836926,11.4472
909,9836926,11.4615
910,1525295,11.4757
911,1525295,11.4893
912,1525295,11.5033
913,1525295,11.5175
914,1525295,11.5274
915,1525295,11.5372
916,44836926,11.5471
917,44836926,11.5572
918,44836926,11.5676
919,4836926,11.5819
920,1525295,11.5962
921,1525295,11.6101
922,1525295,11.6244
923,1525295,11.6386
924,1525295,11.6485
925,1525295,11.6582
926,71836926,11.6681
927,71836926,11.678
928,71836926,11.6882
929,31836926,11.7024
930,1525295,11.7167
931,1525295,11.7306
932,1525295,11.745
933,1525295,11.7593
934,1525295,11.7692
935,1525295,11.779
936,66836926,11.7888
937,66836926,11.7987
938,66836926,11.809
939,26836926,11.8232
940,1525295,11.8375
941,1525295,11.8514
942,1525295,11.8657
943,1525295,11.8801
944,1525295,11.8901
945,1525295,11.9001
946,61836926,11.91
947,61836926,11.9199
948,61836926,11.9301
949,21836926,11.9443
950,1525295,11.9586
951,1525295,11.9726
952,1525295,11.987
953,1525295,12.0013
954,1525295,12.0111
955,1525295,12.0209
956,56836926,12.0307
957,56836926,12.0406
958,56836926,12.0509
959,16836926,12.0652
960,1525295,12.0794
961,1525295,12.0934
962,1525295,12.1077
963,1525295,12.122
964,1525295,12.1319
965,1525295,12.1417
966,51836926,12.1516
967,51836926,12.1615
968,51836926,12.1717
969,11836926,12.1859
970,1525295,12.2004
971,1525295,12.2144
972,1525295,12.2287
973,1525295,12.2431
974,1525295,12.253
975,1525295,12.2631
976,46836926,12.2731
977,46836926,12.2831
978,46836926,12.2936
979,6836926,12.3081
980,1525295,12.3225
981,1525295,12.3364
982,1525295,12.351
983,1525295,12.3653
984,1525295,12.3754
985,1525295,12.3852
986,73836926,12.3952
987,73836926,12.4052
988,73836926,12.4156
989,33836926,12.43
990,1525295,12.4443
991,1525295,12.4582
992,1525295,12.4726
993,1525295,12.4868
994,1525295,12.4967
995,1525295,12.5064
996,68836926,12.5163
997,68836926,12.5265
998,68836926,12.5369
999,28836926,12.5514
1000,1525295,12.5657
1001,1525295,12.5799
1002,1525295,12.5944
1003,1525295,12.6086
1004,1525295,12.6185
1005,1525295,12.6284
1006,63836926,12.6383
1007,63836926,12.6497
1008,63836926,12.6601
1009,23836926,12.6744
1010,1525295,12.6886
1011,1525295,12.7026
1012,1525295,12.717
1013,1525295,12.7314
1014,1525295,12.7416
1015,1525295,12.7515
1016,58836926,12.7616
1017,58836926,12.7718
1018,58836926,12.7823
1019,18836926,12.7969
1020,1525295,12.8115
1021,1525295,12.8254
1022,1525295,12.8398
1023,1525295,12.8543
1024,1525295,12.8642
1025,1525295,12.8742
1026,53836926,12.8841
1027,53836926,12.894
1028,53836926,12.9042
1029,13836926,12.9185
1030,1525295,12.9328
1031,1525295,12.9467
1032,1525295,12.961
1033,1525295,12.9752
1034,1525295,12.9851
1035,1525295,12.995
1036,48836926,13.0049
1037,48836926,13.0148
1038,48836926,13.025
1039,8836926,13.0393
1040,1525295,13.0535
1041,1525295,13.0675
1042,1525295,13.0818
1043,1525295,13.0963
1044,1525295,13.1061
1045,1525295,13.116
1046,43836926,13.1259
1047,43836926,13.136
1048,43836926,13.1463
1049,3836926,13.1606
1050,1525295,13.175
1051,1525295,13.1886
1052,1525295,13.2031
1053,1525295,13.2174
1054,1525295,13.2273
1055,1525295,13.2371
1056,70836926,13.247
1057,70836926,13.2571
1058,70836926,13.2673
1059,30836926,13.2816
1060,1525295,13.2958
1061,1525295,13.3098
1062,1525295,13.324
1063,1525295,13.3383
1064,1525295,13.348
1065,1525295,13.3579
1066,65836926,13.3679
1067,65836926,13.3778
1068,65836926,13.3881
1069,25836926,13.4023
1070,1525295,13.4165
1071,1525295,13.4305
1072,1525295,13.4448
1073,1525295,13.459
1074,1525295,13.4689
1075,1525295,13.4786
1076,60836926,13.4885
1077,60836926,13.4986
1078,60836926,13.509
1079,20836926,13.5233
1080,1525295,13.5376
1081,1525295,13.5515
1082,1525295,13.566
1083,1525295,13.5804
1084,1525295,13.5903
1085,1525295,13.6001
1086,55836926,13.61
1087,55836926,13.6199
1088,55836926,13.6301
1089,15836926,13.6444
1090,1525295,13.6587
1091,1525295,13.6726
1092,1525295,13.6869
1093,1525295,13.7012
1094,1525295,13.711
1095,1525295,13.7208
1096,50836926,13.7308
1097,50836926,13.7409
1098,50836926,13.7513
1099,10836926,13.7656
1100,1525295,13.78
1101,1525295,13.794
1102,1525295,13.8083
1103,1525295,13.8227
1104,1525295,13.8329
1105,1525295,13.843
1106,45836926,13.853
1107,45836926,13.8632
1108,45836926,13.8736
1109,5836926,13.888
1110,1525295,13.9024
1111,1525295,13.9163
1112,1525295,13.9307
1113,1525295,13.9451
1114,1525295,13.9551
1115,1525295,13.9651
1116,72836926,13.9752
1117,72836926,13.9852
1118,72836926,13.9957
1119,32836926,14.01
1120,1525295,14.0243
1121,1525295,14.0383
1122,1525295,14.0527
1123,1525295,14.0671
1124,1525295,14.077
1125,1525295,14.087
1126,67836926,14.097
1127,67836926,14.1073
1128,67836926,14.1178
1129,27836926,14.1321
1130,1525295,14.1465
1131,1525295,14.1604
1132,1525295,14.1749
1133,1525295,14.1893
1134,1525295,14.1992
1135,1525295,14.2092
1136,62836926,14.2189
1137,62836926,14.2284
1138,62836926,14.2388
1139,22836926,14.2531
1140,1525295,14.2673
1141,1525295,14.2809
1142,1525295,14.2949
1143,1525295,14.3091
1144,1525295,14.3188
1145,1525295,14.3283
1146,57836926,14.3377
1147,57836926,14.3474
1148,57836926,14.3574
1149,17836926,14.3712
1150,1525295,14.3849
1151,1525295,14.3981
1152,1525295,14.412
1153,1525295,14.4259
1154,1525295,14.4355
1155,1525295,14.4449
1156,52836926,14.4544
1157,52836926,14.4643
1158,52836926,14.4744
1159,12836926,14.4883
1160,1525295,14.5022
1161,1525295,14.5157
1162,1525295,14.5293
1163,1525295,14.5429
1164,1525295,14.5525
1165,1525295,14.562
1166,47836926,14.5716
1167,47836926,14.5813
1168,47836926,14.5912
1169,7836926,14.6051
1170,1525295,14.6189
1171,1525295,14.6323
1172,1525295,14.6459
1173,1525295,14.6596
1174,1525295,14.6691
1175,1525295,14.6785
1176,42836926,14.688
1177,42836926,14.6977
1178,42836926,14.7076
1179,2836926,14.7293
1180,1525295,14.7441
1181,1525295,14.7577
1182,1525295,14.7723
1183,1525295,14.787
1184,1525295,14.7973
1185,1525295,14.8078
1186,69836926,14.8184
1187,69836926,14.8297
1188,69836926,14.8415
1189,29836926,14.8567
1190,1525295,14.8708
1191,1525295,14.8844
1192,1525295,14.8985
1193,1525295,14.9126
1194,1525295,14.9225
1195,1525295,14.9322
1196,64836926,14.9421
1197,64836926,14.9523
1198,64836926,14.9628
1199,24836926,14.9771
1200,1525295,14.9913
1201,1525295,15.0049
1202,1525295,15.0189
1203,1525295,15.0331
1204,1525295,15.0429
1205,1525295,15.0527
1206,59836926,15.0627
1207,59836926,15.0729
1208,59836926,15.0833
1209,19836926,15.0976
1210,1525295,15.1118
1211,1525295,15.1254
1212,1525295,15.1396
1213,1525295,15.1538
1214,1525295,15.1637
1215,1525295,15.1735
1216,54836926,15.1834
1217,54836926,15.1936
1218,54836926,15.2041
1219,14836926,15.2183
1220,1525295,15.2325
1221,1525295,15.246
1222,1525295,15.2602
1223,1525295,15.2748
1224,1525295,15.2849
1225,1525295,15.2947
1226,49836926,15.3046
1227,49836926,15.3147
1228,49836926,15.3252
1229,9836926,15.3395
1230,1525295,15.3535
1231,1525295,15.3666
1232,1525295,15.3809
1233,1525295,15.395
1234,1525295,15.4049
1235,1525295,15.4147
1236,44836926,15.4246
1237,44836926,15.435
1238,44836926,15.4456
1239,4836926,15.46
1240,1525295,15.4742
1241,1525295,15.4878
1242,1525295,15.5018
1243,1525295,15.516
1244,1525295,15.5258
1245,1525295,15.5356
1246,71836926,15.5455
1247,71836926,15.5556
1248,71836926,15.5661
1249,31836926,15.5806
1250,1525295,15.5948
1251,1525295,15.6083
1252,1525295,15.6224
1253,1525295,15.6365
1254,1525295,15.6464
1255,1525295,15.6561
1256,66836926,15.6659
1257,66836926,15.676
1258,66836926,15.6865
1259,26836926,15.7008
1260,1525295,15.7149
1261,1525295,15.7284
1262,1525295,15.7425
1263,1525295,15.7566
1264,1525295,15.7665
1265,1525295,15.7764
1266,61836926,15.7862
1267,61836926,15.7964
1268,61836926,15.8069
1269,21836926,15.8214
1270,1525295,15.8355
1271,1525295,15.8491
1272,1525295,15.8632
1273,1525295,15.8773
1274,1525295,15.8872
1275,1525295,15.897
1276,56836926,15.9068
1277,56836926,15.9169
1278,56836926,15.9275
1279,16836926,15.9417
1280,1525295,15.9559
1281,1525295,15.9694
1282,1525295,15.9835
1283,1525295,15.9976
1284,1525295,16.0075
1285,1525295,16.0172
1286,51836926,16.0271
1287,51836926,16.0372
1288,51836926,16.0478
1289,11836926,16.0621
1290,1525295,16.0762
1291,1525295,16.0898
1292,1525295,16.1041
1293,1525295,16.1187
1294,1525295,16.1289
1295,1525295,16.1386
1296,46836926,16.1485
1297,46836926,16.1587
1298,46836926,16.1691
1299,6836926,16.1835
1300,1525295,16.1976
1301,1525295,16.2112
1302,1525295,16.2253
1303,1525295,16.2394
1304,1525295,16.2493
1305,1525295,16.2591
1306,73836926,16.2689
1307,73836926,16.2791
1308,73836926,16.2895
1309,33836926,16.3037
1310,1525295,16.3179
1311,1525295,16.3314
1312,1525295,16.3455
1313,1525295,16.3596
1314,1525295,16.3695
1315,1525295,16.3792
1316,68836926,16.3891
1317,68836926,16.3994
1318,68836926,16.4101
1319,28836926,16.4244
1320,1525295,16.4385
1321,1525295,16.4521
1322,1525295,16.4662
1323,1525295,16.4803
1324,1525295,16.4902
1325,1525295,16.4999
1326,63836926,16.5098
1327,63836926,16.52
1328,63836926,16.5304
1329,23836926,16.5447
1330,1525295,16.5588
1331,1525295,16.5723
1332,1525295,16.5864
1333,1525295,16.6005
1334,1525295,16.6103
1335,1525295,16.6201
1336,58836926,16.6299
1337,58836926,16.64
1338,58836926,16.6505
1339,18836926,16.6648
1340,1525295,16.6789
1341,1525295,16.6925
1342,1525295,16.7066
1343,1525295,16.7207
1344,1525295,16.7306
1345,1525295,16.7406
1346,53836926,16.7506
1347,53836926,16.7607
1348,53836926,16.7712
1349,13836926,16.7856
1350,1525295,16.7998
1351,1525295,16.8133
1352,1525295,16.8275
1353,1525295,16.8417
1354,1525295,16.8516
1355,1525295,16.8614
1356,48836926,16.8713
1357,48836926,16.8815
1358,48836926,16.8921
1359,8836926,16.9064
1360,1525295,16.9205
1361,1525295,16.9341
1362,1525295,16.9483
1363,1525295,16.9629
1364,1525295,16.9747
1365,1525295,16.9847
1366,43836926,16.9946
1367,43836926,17.0048
1368,43836926,17.0152
1369,3836926,17.0295
1370,1525295,17.0435
1371,1525295,17.0568
1372,1525295,17.0709
1373,1525295,17.085
1374,1525295,17.0949
1375,1525295,17.1048
1376,70836926,17.1147
1377,70836926,17.1248
1378,70836926,17.1353
1379,30836926,17.1496
1380,1525295,17.1638
1381,1525295,17.1773
1382,1525295,17.1921
1383,1525295,17.207
1384,1525295,17.2175
1385,1525295,17.2278
1386,65836926,17.2388
1387,65836926,17.2498
1388,65836926,17.2616
1389,25836926,17.2769
1390,1525295,17.2916
1391,1525295,17.3052
1392,1525295,17.3198
1393,1525295,17.3345
1394,1525295,17.345
1395,1525295,17.3553
1396,60836926,17.3652
1397,60836926,17.3756
1398,60836926,17.3862
1399,20836926,17.4006
1400,1525295,17.4153
1401,1525295,17.4331
1402,1525295,17.4473
1403,1525295,17.4614
1404,1525295,17.4713
1405,1525295,17.481
1406,55836926,17.4909
1407,55836926,17.5011
1408,55836926,17.5116
1409,15836926,17.5258
1410,1525295,17.5399
1411,1525295,17.5535
1412,1525295,17.5676
1413,1525295,17.5817
1414,1525295,17.5915
1415,1525295,17.6012
1416,50836926,17.6111
1417,50836926,17.6212
1418,50836926,17.6317
1419,10836926,17.646
1420,1525295,17.6601
1421,1525295,17.6737
1422,1525295,17.6878
1423,1525295,17.7019
1424,1525295,17.7118
1425,1525295,17.7217
1426,45836926,17.7315
1427,45836926,17.7417
1428,45836926,17.7523
1429,5836926,17.7666
1430,1525295,17.7808
1431,1525295,17.7943
1432,1525295,17.8086
1433,1525295,17.8232
1434,1525295,17.8334
1435,1525295,17.8431
1436,72836926,17.853
1437,72836926,17.8631
1438,72836926,17.8736
1439,32836926,17.8879
1440,1525295,17.902
1441,1525295,17.9155
1442,1525295,17.9295
1443,1525295,17.9436
1444,1525295,17.9535
1445,1525295,17.9632
1446,67836926,17.9732
1447,67836926,17.9834
1448,67836926,17.9939
1449,27836926,18.0082
1450,1525295,18.0223
1451,1525295,18.0359
1452,1525295,18.05
1453,1525295,18.0642
1454,1525295,18.074
1455,1525295,18.0837
1456,62836926,18.0936
1457,62836926,18.1038
1458,62836926,18.1143
1459,22836926,18.1286
1460,1525295,18.1428
1461,1525295,18.1564
1462,1525295,18.1704
1463,1525295,18.1846
1464,1525295,18.1945
1465,1525295,18.2043
1466,57836926,18.2142
1467,57836926,18.2243
1468,57836926,18.2348
1469,17836926,18.249
1470,1525295,18.2631
1471,1525295,18.2767
1472,1525295,18.2907
1473,1525295,18.3049
1474,1525295,18.3147
1475,1525295,18.3245
1476,52836926,18.3344
1477,52836926,18.3446
1478,52836926,18.3553
1479,12836926,18.3697
1480,1525295,18.3837
1481,1525295,18.3969
1482,1525295,18.411
1483,1525295,18.4251
1484,1525295,18.4349
1485,1525295,18.4447
1486,47836926,18.4546
1487,47836926,18.4648
1488,47836926,18.4752
1489,7836926,18.4895
1490,1525295,18.5036
1491,1525295,18.5172
1492,1525295,18.5312
1493,1525295,18.5453
1494,1525295,18.5552
1495,1525295,18.565
1496,42836926,18.575
1497,42836926,18.5852
1498,42836926,18.5957
1499,2836926,18.6099
1500,1525295,18.6241
1501,1525295,18.6376
1502,1525295,18.6519
1503,1525295,18.6664
1504,1525295,18.6766
1505,1525295,18.6864
1506,69836926,18.6963
1507,69836926,18.7065
1508,69836926,18.7169
1509,29836926,18.7313
1510,1525295,18.7454
1511,1525295,18.759
1512,1525295,18.7731
1513,1525295,18.7872
1514,1525295,18.7971
1515,1525295,18.8069
1516,64836926,18.8168
1517,64836926,18.8269
1518,64836926,18.8374
1519,24836926,18.8517
1520,1525295,18.8658
1521,1525295,18.8794
1522,1525295,18.8934
1523,1525295,18.9076
1524,1525295,18.9174
1525,1525295,18.9272
1526,59836926,18.9371
1527,59836926,18.9472
1528,59836926,18.9578
1529,19836926,18.972
1530,1525295,18.9861
1531,1525295,18.9997
1532,1525295,19.0138
1533,1525295,19.028
1534,1525295,19.0379
1535,1525295,19.0477
1536,54836926,19.0576
1537,54836926,19.079
1538,54836926,19.0897
1539,14836926,19.104
1540,1525295,19.1182
1541,1525295,19.1318
1542,1525295,19.1459
1543,1525295,19.16
1544,1525295,19.1699
1545,1525295,19.1797
1546,49836926,19.1897
1547,49836926,19.1998
1548,49836926,19.2103
1549,9836926,19.2245
1550,1525295,19.2386
1551,1525295,19.2522
1552,1525295,19.2663
1553,1525295,19.2804
1554,1525295,19.2903
1555,1525295,19.3001
1556,44836926,19.31
1557,44836926,19.3203
1558,44836926,19.3309
1559,4836926,19.3453
1560,1525295,19.3595
1561,1525295,19.3731
1562,1525295,19.3872
1563,1525295,19.4013
1564,1525295,19.4111
1565,1525295,19.4209
1566,71836926,19.4307
1567,71836926,19.4409
1568,71836926,19.4514
1569,31836926,19.4657
1570,1525295,19.4798
1571,1525295,19.4933
1572,1525295,19.5076
1573,1525295,19.5222
1574,1525295,19.5323
1575,1525295,19.5421
1576,66836926,19.5519
1577,66836926,19.562
1578,66836926,19.5725
1579,26836926,19.5868
1580,1525295,19.6009
1581,1525295,19.6145
1582,1525295,19.6285
1583,1525295,19.6426
1584,1525295,19.6525
1585,1525295,19.6624
1586,61836926,19.6723
1587,61836926,19.6824
1588,61836926,19.6928
1589,21836926,19.7072
1590,1525295,19.7214
1591,1525295,19.7349
1592,1525295,19.7491
1593,1525295,19.7632
1594,1525295,19.7731
1595,1525295,19.7828
1596,56836926,19.7927
1597,56836926,19.8029
1598,56836926,19.8135
1599,16836926,19.8278
1600,1525295,19.8419
1601,1525295,19.8554
1602,1525295,19.8695
1603,1525295,19.8836
1604,1525295,19.8935
1605,1525295,19.9032
1606,51836926,19.9131
1607,51836926,19.9232
1608,51836926,19.9337
1609,11836926,19.9479
1610,1525295,19.9621
1611,1525295,19.9757
1612,1525295,19.9899
1613,1525295,20.0041
1614,1525295,20.014
1615,1525295,20.0237
1616,46836926,20.0336
1617,46836926,20.0437
1618,46836926,20.0543
1619,6836926,20.0686
1620,1525295,20.0828
1621,1525295,20.0964
1622,1525295,20.1106
1623,1525295,20.1246
1624,1525295,20.1345
1625,1525295,20.1443
1626,73836926,20.1542
1627,73836926,20.1642
1628,73836926,20.1747
1629,33836926,20.189
1630,1525295,20.2032
1631,1525295,20.2172
1632,1525295,20.2321
1633,1525295,20.2506
1634,1525295,20.2606
1635,1525295,20.2704
1636,68836926,20.2802
1637,68836926,20.2905
1638,68836926,20.3013
1639,28836926,20.3156
1640,1525295,20.3297
1641,1525295,20.3433
1642,1525295,20.3576
1643,1525295,20.3722
1644,1525295,20.3823
1645,1525295,20.3921
1646,63836926,20.4021
1647,63836926,20.4122
1648,63836926,20.4227
1649,23836926,20.4369
1650,1525295,20.451
1651,1525295,20.4646
1652,1525295,20.4787
1653,1525295,20.4928
1654,1525295,20.5026
1655,1525295,20.5124
1656,58836926,20.5222
1657,58836926,20.5324
1658,58836926,20.5428
1659,18836926,20.5571
1660,1525295,20.5712
1661,1525295,20.5847
1662,1525295,20.5988
1663,1525295,20.6129
1664,1525295,20.6227
1665,1525295,20.6326
1666,53836926,20.6426
1667,53836926,20.6527
1668,53836926,20.6632
1669,13836926,20.6775
1670,1525295,20.6916
1671,1525295,20.7052
1672,1525295,20.7192
1673,1525295,20.7333
1674,1525295,20.7432
1675,1525295,20.753
1676,48836926,20.7628
1677,48836926,20.773
1678,48836926,20.7835
1679,8836926,20.7978
1680,1525295,20.8119
1681,1525295,20.8255
1682,1525295,20.8395
1683,1525295,20.8537
1684,1525295,20.8636
1685,1525295,20.8733
1686,43836926,20.8832
1687,43836926,20.8934
1688,43836926,20.9038
1689,3836926,20.9181
1690,1525295,20.9321
1691,1525295,20.9454
1692,1525295,20.9595
1693,1525295,20.9736
1694,1525295,20.9835
1695,1525295,20.9933
1696,70836926,21.0032
1697,70836926,21.0134
1698,70836926,21.0239
1699,30836926,21.0382
1700,1525295,21.0524
1701,1525295,21.066
1702,1525295,21.0801
1703,1525295,21.0942
1704,1525295,21.1041
1705,1525295,21.1139
1706,65836926,21.1238
1707,65836926,21.134
1708,65836926,21.1508
1709,25836926,21.169
1710,1525295,21.184
1711,1525295,21.1976
1712,1525295,21.2126
1713,1525295,21.2286
1714,1525295,21.2402
1715,1525295,21.2507
1716,60836926,21.2615
1717,60836926,21.2732
1718,60836926,21.2855
1719,20836926,21.3017
1720,1525295,21.3166
1721,1525295,21.3301
1722,1525295,21.345
1723,1525295,21.3597
1724,1525295,21.3702
1725,1525295,21.3807
1726,55836926,21.3911
1727,55836926,21.4012
1728,55836926,21.4118
1729,15836926,21.426
1730,1525295,21.44
1731,1525295,21.4536
1732,1525295,21.4676
1733,1525295,21.4817
1734,1525295,21.4915
1735,1525295,21.5012
1736,50836926,21.5111
1737,50836926,21.5213
1738,50836926,21.5318
1739,10836926,21.546
1740,1525295,21.5601
1741,1525295,21.5738
1742,1525295,21.5881
1743,1525295,21.6023
1744,1525295,21.6122
1745,1525295,21.622
1746,45836926,21.6319
1747,45836926,21.642
1748,45836926,21.6525
1749,5836926,21.6668
1750,1525295,21.681
1751,1525295,21.6945
1752,1525295,21.7086
1753,1525295,21.7226
1754,1525295,21.7325
1755,1525295,21.7422
1756,72836926,21.7521
1757,72836926,21.7622
1758,72836926,21.7727
1759,32836926,21.7869
1760,1525295,21.801
1761,1525295,21.8146
1762,1525295,21.8287
1763,1525295,21.8428
1764,1525295,21.8527
1765,1525295,21.8625
1766,67836926,21.8724
1767,67836926,21.8825
1768,67836926,21.8931
1769,27836926,21.9073
1770,1525295,21.9215
1771,1525295,21.9351
1772,1525295,21.9492
1773,1525295,21.9635
1774,1525295,21.9734
1775,1525295,21.9832
1776,62836926,21.9931
1777,62836926,22.0032
1778,62836926,22.0138
1779,22836926,22.028
1780,1525295,22.0422
1781,1525295,22.0558
1782,1525295,22.07
1783,1525295,22.0846
1784,1525295,22.0947
1785,1525295,22.1045
1786,57836926,22.1144
1787,57836926,22.1245
1788,57836926,22.135
1789,17836926,22.1493
1790,1525295,22.1634
1791,1525295,22.1769
1792,1525295,22.191
1793,1525295,22.2051
1794,1525295,22.215
1795,1525295,22.2248
1796,52836926,22.2347
1797,52836926,22.245
1798,52836926,22.2557
1799,12836926,22.27
1800,1525295,22.2842
1801,1525295,22.2977
1802,1525295,22.3119
1803,1525295,22.3261
1804,1525295,22.3359
1805,1525295,22.3457
1806,47836926,22.3556
1807,47836926,22.3657
1808,47836926,22.3762
1809,7836926,22.3905
1810,1525295,22.4047
1811,1525295,22.4182
1812,1525295,22.4323
1813,1525295,22.4464
1814,1525295,22.4563
1815,1525295,22.466
1816,42836926,22.4759
1817,42836926,22.4861
1818,42836926,22.4966
1819,2836926,22.5108
1820,1525295,22.5249
1821,1525295,22.5385
1822,1525295,22.5525
1823,1525295,22.5667
1824,1525295,22.5766
1825,1525295,22.5865
1826,69836926,22.5964
1827,69836926,22.6066
1828,69836926,22.617
1829,29836926,22.6314
1830,1525295,22.6455
1831,1525295,22.6591
1832,1525295,22.6732
1833,1525295,22.6873
1834,1525295,22.6972
1835,1525295,22.707
1836,64836926,22.7168
1837,64836926,22.727
1838,64836926,22.7375
1839,24836926,22.7517
1840,1525295,22.7659
1841,1525295,22.7795
1842,1525295,22.7935
1843,1525295,22.8077
1844,1525295,22.8176
1845,1525295,22.8273
1846,59836926,22.8372
1847,59836926,22.8473
1848,59836926,22.8578
1849,19836926,22.8721
1850,1525295,22.8863
1851,1525295,22.8999
1852,1525295,22.9142
1853,1525295,22.9286
1854,1525295,22.9387
1855,1525295,22.9484
1856,54836926,22.9583
1857,54836926,22.9684
1858,54836926,22.9789
1859,14836926,22.9932
1860,1525295,23.0075
1861,1525295,23.021
1862,1525295,23.0351
1863,1525295,23.0492
1864,1525295,23.0592
1865,1525295,23.0689
1866,49836926,23.0788
1867,49836926,23.089
1868,49836926,23.0995
1869,9836926,23.1137
1870,1525295,23.1278
1871,1525295,23.1414
1872,1525295,23.1555
1873,1525295,23.1696
1874,1525295,23.1794
1875,1525295,23.1893
1876,44836926,23.2025
1877,44836926,23.216
1878,44836926,23.2268
1879,4836926,23.2411
1880,1525295,23.2554
1881,1525295,23.2689
1882,1525295,23.2874
1883,1525295,23.3012
1884,1525295,23.3108
1885,1525295,23.3203
1886,71836926,23.3299
1887,71836926,23.3394
1888,71836926,23.3494
1889,31836926,23.363
1890,1525295,23.3766
1891,1525295,23.3897
1892,1525295,23.4032
1893,1525295,23.4168
1894,1525295,23.4261
1895,1525295,23.4355
1896,66836926,23.4451
1897,66836926,23.4547
1898,66836926,23.4646
1899,26836926,23.4783
1900,1525295,23.4921
1901,1525295,23.5056
1902,1525295,23.519
1903,1525295,23.5326
1904,1525295,23.5421
1905,1525295,23.5517
1906,61836926,23.5613
1907,61836926,23.5709
1908,61836926,23.5808
1909,21836926,23.5946
1910,1525295,23.6084
1911,1525295,23.6219
1912,1525295,23.6354
1913,1525295,23.6491
1914,1525295,23.6586
1915,1525295,23.6681
1916,56836926,23.6776
1917,56836926,23.6872
1918,56836926,23.6971
1919,16836926,23.7108
1920,1525295,23.7246
1921,1525295,23.7381
1922,1525295,23.7517
1923,1525295,23.7656
1924,1525295,23.7751
1925,1525295,23.7845
1926,51836926,23.7939
1927,51836926,23.8035
1928,51836926,23.8134
1929,11836926,23.8271
1930,1525295,23.841
1931,1525295,23.8545
1932,1525295,23.8683
1933,1525295,23.8819
1934,1525295,23.8914
1935,1525295,23.9007
1936,46836926,23.9102
1937,46836926,23.9198
1938,46836926,23.9297
1939,6836926,23.9435
1940,1525295,23.9573
1941,1525295,23.9708
1942,1525295,23.9843
1943,1525295,23.9979
1944,1525295,24.0073
1945,1525295,24.0167
1946,73836926,24.0263
1947,73836926,24.0358
1948,73836926,24.0458
1949,33836926,24.0595
1950,1525295,24.0733
1951,1525295,24.0867
1952,1525295,24.1002
1953,1525295,24.1137
1954,1525295,24.1232
1955,1525295,24.1327
1956,68836926,24.1423
1957,68836926,24.1521
1958,68836926,24.1621
1959,28836926,24.1759
1960,1525295,24.1898
1961,1525295,24.2032
1962,1525295,24.2167
1963,1525295,24.2302
1964,1525295,24.2396
1965,1525295,24.249
1966,63836926,24.2586
1967,63836926,24.2682
1968,63836926,24.2781
1969,23836926,24.2919
1970,1525295,24.3056
1971,1525295,24.3191
1972,1525295,24.3326
1973,1525295,24.3461
1974,1525295,24.3556
1975,1525295,24.3651
1976,58836926,24.3746
1977,58836926,24.3842
1978,58836926,24.3941
1979,18836926,24.4079
1980,1525295,24.4216
1981,1525295,24.4351
1982,1525295,24.4486
1983,1525295,24.4623
1984,1525295,24.4718
1985,1525295,24.4814
1986,53836926,24.491
1987,53836926,24.5005
1988,53836926,24.5104
1989,13836926,24.5243
1990,1525295,24.5381
1991,1525295,24.5515
1992,1525295,24.5652
1993,1525295,24.5792
1994,1525295,24.5887
1995,1525295,24.5982
1996,48836926,24.6078
1997,48836926,24.6173
1998,48836926,24.6272
1999,8836926,24.6409
2000,1525295,24.6547
2001,1525295,24.6681
2002,1525295,24.6816
2003,1525295,24.6951
2004,1525295,24.7045
2005,1525295,24.714
2006,43836926,24.7235
2007,43836926,24.733
2008,43836926,24.7429
2009,3836926,24.7567
2010,1525295,24.7707
2011,1525295,24.784
2012,1525295,24.7976
2013,1525295,24.8112
2014,1525295,24.8206
2015,1525295,24.8301
2016,70836926,24.8396
2017,70836926,24.8492
2018,70836926,24.8591
2019,30836926,24.8729
2020,1525295,24.8867
2021,1525295,24.9002
2022,1525295,24.9137
2023,1525295,24.9272
2024,1525295,24.9367
2025,1525295,24.9461
2026,65836926,24.9556
2027,65836926,24.9652
2028,65836926,24.9751
2029,25836926,24.9889
2030,1525295,25.0026
2031,1525295,25.0161
2032,1525295,25.0295
2033,1525295,25.0431
2034,1525295,25.0525
2035,1525295,25.0618
2036,60836926,25.0714
2037,60836926,25.0812
2038,60836926,25.0912
2039,20836926,25.105
2040,1525295,25.1188
2041,1525295,25.1323
2042,1525295,25.1458
2043,1525295,25.1595
2044,1525295,25.169
2045,1525295,25.1784
2046,55836926,25.188
2047,55836926,25.1975
2048,55836926,25.2074
2049,15836926,25.2211
2050,1525295,25.2348
2051,1525295,25.2483
2052,1525295,25.2618
2053,1525295,25.2754
2054,1525295,25.2848
2055,1525295,25.2942
2056,50836926,25.3038
2057,50836926,25.3133
2058,50836926,25.3232
2059,10836926,25.337
2060,1525295,25.3508
2061,1525295,25.3643
2062,1525295,25.3779
2063,1525295,25.3918
2064,1525295,25.4015
2065,1525295,25.4111
2066,45836926,25.4207
2067,45836926,25.4303
2068,45836926,25.4402
2069,5836926,25.454
2070,1525295,25.4678
2071,1525295,25.4813
2072,1525295,25.4947
2073,1525295,25.5085
2074,1525295,25.5178
2075,1525295,25.5272
2076,72836926,25.5368
2077,72836926,25.5464
2078,72836926,25.5622
2079,32836926,25.577
2080,1525295,25.5908
2081,1525295,25.6042
2082,1525295,25.6177
2083,1525295,25.6312
2084,1525295,25.6407
2085,1525295,25.6502
2086,67836926,25.6597
2087,67836926,25.6694
2088,67836926,25.6793
2089,27836926,25.693
2090,1525295,25.7069
2091,1525295,25.7204
2092,1525295,25.7341
2093,1525295,25.7478
2094,1525295,25.7573
2095,1525295,25.7668
2096,62836926,25.7763
2097,62836926,25.7859
2098,62836926,25.7958
2099,22836926,25.8096
2100,1525295,25.8234
2101,1525295,25.8369
2102,1525295,25.8504
2103,1525295,25.8641
2104,1525295,25.8736
2105,1525295,25.883
2106,57836926,25.8924
2107,57836926,25.9019
2108,57836926,25.9119
2109,17836926,25.9256
2110,1525295,25.9394
2111,1525295,25.9529
2112,1525295,25.9664
2113,1525295,25.9802
2114,1525295,25.9896
2115,1525295,25.999
2116,52836926,26.0086
2117,52836926,26.0184
2118,52836926,26.0284
2119,12836926,26.0423
2120,1525295,26.0561
2121,1525295,26.0695
2122,1525295,26.083
2123,1525295,26.0968
2124,1525295,26.1063
2125,1525295,26.1157
2126,47836926,26.1253
2127,47836926,26.1349
2128,47836926,26.1448
2129,7836926,26.1585
2130,1525295,26.1723
2131,1525295,26.1857
2132,1525295,26.1997
2133,1525295,26.2139
2134,1525295,26.2234
2135,1525295,26.2328
2136,42836926,26.2424
2137,42836926,26.252
2138,42836926,26.2619
2139,2836926,26.2757
2140,1525295,26.2894
2141,1525295,26.3026
2142,1525295,26.3161
2143,1525295,26.3296
2144,1525295,26.3392
2145,1525295,26.3486
2146,69836926,26.3582
2147,69836926,26.3678
2148,69836926,26.3778
2149,29836926,26.3916
2150,1525295,26.4055
2151,1525295,26.4189
2152,1525295,26.4325
2153,1525295,26.4462
2154,1525295,26.4556
2155,1525295,26.4651
2156,64836926,26.4746
2157,64836926,26.4842
2158,64836926,26.4941
2159,24836926,26.5079
2160,1525295,26.5216
2161,1525295,26.5351
2162,1525295,26.5488
2163,1525295,26.5626
2164,1525295,26.5721
2165,1525295,26.5816
2166,59836926,26.5911
2167,59836926,26.6007
2168,59836926,26.6106
2169,19836926,26.6243
2170,1525295,26.6382
2171,1525295,26.6514
2172,1525295,26.665
2173,1525295,26.6786
2174,1525295,26.6881
2175,1525295,26.6976
2176,54836926,26.7071
2177,54836926,26.7167
2178,54836926,26.7266
2179,14836926,26.7405
2180,1525295,26.7541
2181,1525295,26.7673
2182,1525295,26.781
2183,1525295,26.7947
2184,1525295,26.8041
2185,1525295,26.8135
2186,49836926,26.8231
2187,49836926,26.8327
2188,49836926,26.8425
2189,9836926,26.8563
2190,1525295,26.8701
2191,1525295,26.8835
2192,1525295,26.897
2193,1525295,26.9106
2194,1525295,26.9201
2195,1525295,26.9295
2196,44836926,26.9391
2197,44836926,26.9489
2198,44836926,26.9589
2199,4836926,26.9727
2200,1525295,26.9865
2201,1525295,26.9999
2202,1525295,27.0135
2203,1525295,27.0274
2204,1525295,27.0369
2205,1525295,27.0464
2206,71836926,27.0559
2207,71836926,27.0655
2208,71836926,27.0754
2209,31836926,27.0889
2210,1525295,27.1025
2211,1525295,27.1156
2212,1525295,27.1291
2213,1525295,27.1428
2214,1525295,27.1523
2215,1525295,27.1618
2216,66836926,27.1714
2217,66836926,27.181
2218,66836926,27.1909
2219,26836926,27.2047
2220,1525295,27.2184
2221,1525295,27.2318
2222,1525295,27.2455
2223,1525295,27.259
2224,1525295,27.2686
2225,1525295,27.2781
2226,61836926,27.2877
2227,61836926,27.2973
2228,61836926,27.3071
2229,21836926,27.3209
2230,1525295,27.3347
2231,1525295,27.3483
2232,1525295,27.362
2233,1525295,27.3755
2234,1525295,27.3849
2235,1525295,27.3944
2236,56836926,27.4039
2237,56836926,27.4135
2238,56836926,27.4234
2239,16836926,27.4371
2240,1525295,27.4508
2241,1525295,27.4643
2242,1525295,27.4778
2243,1525295,27.4913
2244,1525295,27.5007
2245,1525295,27.51
2246,51836926,27.5196
2247,51836926,27.5291
2248,51836926,27.539
2249,11836926,27.5528
2250,1525295,27.5667
2251,1525295,27.5803
2252,1525295,27.5939
2253,1525295,27.6075
2254,1525295,27.617
2255,1525295,27.6265
2256,46836926,27.636
2257,46836926,27.6456
2258,46836926,27.6555
2259,6836926,27.6691
2260,1525295,27.6827
2261,1525295,27.6959
2262,1525295,27.7094
2263,1525295,27.7229
2264,1525295,27.7328
2265,1525295,27.7425
2266,73836926,27.752
2267,73836926,27.7616
2268,73836926,27.7715
2269,33836926,27.7853
2270,1525295,27.799
2271,1525295,27.8125
2272,1525295,27.8263
2273,1525295,27.8401
2274,1525295,27.8497
2275,1525295,27.8591
2276,68836926,27.8687
2277,68836926,27.8785
2278,68836926,27.8886
2279,28836926,27.9024
2280,1525295,27.9161
2281,1525295,27.9296
2282,1525295,27.943
2283,1525295,27.9565
2284,1525295,27.966
2285,1525295,27.9755
2286,63836926,27.985
2287,63836926,27.9946
2288,63836926,28.0044
2289,23836926,28.0181
2290,1525295,28.0318
2291,1525295,28.0453
2292,1525295,28.0588
2293,1525295,28.0723
2294,1525295,28.0818
2295,1525295,28.0913
2296,58836926,28.1008
2297,58836926,28.1104
2298,58836926,28.1203
2299,18836926,28.134
2300,1525295,28.1478
2301,1525295,28.1612
2302,1525295,28.1747
2303,1525295,28.1883
2304,1525295,28.1978
2305,1525295,28.2075
2306,53836926,28.2171
2307,53836926,28.2266
2308,53836926,28.2365
2309,13836926,28.2502
2310,1525295,28.264
2311,1525295,28.2775
2312,1525295,28.2911
2313,1525295,28.3046
2314,1525295,28.314
2315,1525295,28.3235
2316,48836926,28.333
2317,48836926,28.3425
2318,48836926,28.3524
2319,8836926,28.3662
2320,1525295,28.38
2321,1525295,28.3932
2322,1525295,28.4067
2323,1525295,28.4202
2324,1525295,28.4296
2325,1525295,28.4391
2326,43836926,28.4486
2327,43836926,28.4582
2328,43836926,28.4681
2329,3836926,28.4818
2330,1525295,28.4957
2331,1525295,28.5092
2332,1525295,28.5228
2333,1525295,28.5365
2334,1525295,28.546
2335,1525295,28.5554
2336,70836926,28.5649
2337,70836926,28.5745
2338,70836926,28.5843
2339,30836926,28.5981
2340,1525295,28.6118
2341,1525295,28.6253
2342,1525295,28.639
2343,1525295,28.6527
2344,1525295,28.6622
2345,1525295,28.6717
2346,65836926,28.6812
2347,65836926,28.6908
2348,65836926,28.7007
2349,25836926,28.7144
2350,1525295,28.7281
2351,1525295,28.7416
2352,1525295,28.7551
2353,1525295,28.7688
2354,1525295,28.7784
2355,1525295,28.7878
2356,60836926,28.7974
2357,60836926,28.8072
2358,60836926,28.8173
2359,20836926,28.8311
2360,1525295,28.8448
2361,1525295,28.8583
2362,1525295,28.8717
2363,1525295,28.8853
2364,1525295,28.8948
2365,1525295,28.9042
2366,55836926,28.9138
2367,55836926,28.9234
2368,55836926,28.9333
2369,15836926,28.947
2370,1525295,28.9608
2371,1525295,28.9742
2372,1525295,28.9878
2373,1525295,29.0013
2374,1525295,29.0107
2375,1525295,29.0202
2376,50836926,29.0297
2377,50836926,29.0393
2378,50836926,29.0492
2379,10836926,29.063
2380,1525295,29.0767
2381,1525295,29.0902
2382,1525295,29.1044
2383,1525295,29.1183
2384,1525295,29.1283
2385,1525295,29.1382
2386,45836926,29.1481
2387,45836926,29.1581
2388,45836926,29.1683
2389,5836926,29.1824
2390,1525295,29.1967
2391,1525295,29.2106
2392,1525295,29.2248
2393,1525295,29.239
2394,1525295,29.2489
2395,1525295,29.2589
2396,72836926,29.2688
2397,72836926,29.2787
2398,72836926,29.2888
2399,32836926,29.3029
2400,1525295,29.3172
2401,1525295,29.331
2402,1525295,29.3451
2403,1525295,29.3591
2404,1525295,29.3691
2405,1525295,29.3789
2406,67836926,29.3888
2407,67836926,29.3986
2408,67836926,29.4088
2409,27836926,29.4229
2410,1525295,29.4368
2411,1525295,29.45
2412,1525295,29.4643
2413,1525295,29.4787
2414,1525295,29.4885
2415,1525295,29.4983
2416,62836926,29.508
2417,62836926,29.5179
2418,62836926,29.5283
2419,22836926,29.5427
2420,1525295,29.5569
2421,1525295,29.5708
2422,1525295,29.5851
2423,1525295,29.5993
2424,1525295,29.6092
2425,1525295,29.619
2426,57836926,29.6289
2427,57836926,29.6389
2428,57836926,29.6492
2429,17836926,29.6636
2430,1525295,29.6778
2431,1525295,29.6916
2432,1525295,29.7059
2433,1525295,29.7201
2434,1525295,29.7302
2435,1525295,29.74
2436,52836926,29.75
2437,52836926,29.7604
2438,52836926,29.7709
2439,12836926,29.7852
2440,1525295,29.7993
2441,1525295,29.8127
2442,1525295,29.8265
2443,1525295,29.8409
2444,1525295,29.8509
2445,1525295,29.8608
2446,47836926,29.8711
2447,47836926,29.881
2448,47836926,29.8912
2449,7836926,29.9054
2450,1525295,29.9194
2451,1525295,29.9328
2452,1525295,29.947
2453,1525295,29.9613
2454,1525295,29.971
2455,1525295,29.9809
2456,42836926,29.991
2457,42836926,30.001
2458,42836926,30.0113
2459,2836926,30.0256
2460,1525295,30.0397
2461,1525295,30.0529
2462,1525295,30.0668
2463,1525295,30.0811
2464,1525295,30.091
2465,1525295,30.1014
2466,69836926,30.1113
2467,69836926,30.1212
2468,69836926,30.1314
2469,29836926,30.1456
2470,1525295,30.1598
2471,1525295,30.1736
2472,1525295,30.1878
2473,1525295,30.202
2474,1525295,30.2114
2475,1525295,30.2212
2476,64836926,30.2311
2477,64836926,30.2409
2478,64836926,30.2511
2479,24836926,30.2652
2480,1525295,30.2793
2481,1525295,30.2931
2482,1525295,30.3068
2483,1525295,30.3212
2484,1525295,30.331
2485,1525295,30.3407
2486,59836926,30.3505
2487,59836926,30.3603
2488,59836926,30.3705
2489,19836926,30.3846
2490,1525295,30.3987
2491,1525295,30.4119
2492,1525295,30.4259
2493,1525295,30.4399
2494,1525295,30.4497
2495,1525295,30.4595
2496,54836926,30.4693
2497,54836926,30.4791
2498,54836926,30.4893
2499,14836926,30.5034
2500,1525295,30.5177
2501,1525295,30.5315
2502,1525295,30.5456
2503,1525295,30.5598
2504,1525295,30.5696
2505,1525295,30.5794
2506,49836926,30.5892
2507,49836926,30.599
2508,49836926,30.6091
2509,9836926,30.6233
2510,1525295,30.6377
2511,1525295,30.6516
2512,1525295,30.6657
2513,1525295,30.6799
2514,1525295,30.6896
2515,1525295,30.6994
2516,44836926,30.7092
2517,44836926,30.7193
2518,44836926,30.7297
2519,4836926,30.7439
2520,1525295,30.7581
2521,1525295,30.7719
2522,1525295,30.7859
2523,1525295,30.7999
2524,1525295,30.8096
2525,1525295,30.8194
2526,71836926,30.8293
2527,71836926,30.8391
2528,71836926,30.8493
2529,31836926,30.8635
2530,1525295,30.8776
2531,1525295,30.891
2532,1525295,30.905
2533,1525295,30.9191
2534,1525295,30.9289
2535,1525295,30.9386
2536,66836926,30.9485
2537,66836926,30.9583
2538,66836926,30.9685
2539,26836926,30.9826
2540,1525295,30.9966
2541,1525295,31.0101
2542,1525295,31.0241
2543,1525295,31.0383
2544,1525295,31.0483
2545,1525295,31.0583
2546,61836926,31.0682
2547,61836926,31.078
2548,61836926,31.0882
2549,21836926,31.1022
2550,1525295,31.1165
2551,1525295,31.1303
2552,1525295,31.1447
2553,1525295,31.1589
2554,1525295,31.1688
2555,1525295,31.1785
2556,56836926,31.1883
2557,56836926,31.1982
2558,56836926,31.2083
2559,16836926,31.2224
2560,1525295,31.2366
2561,1525295,31.2504
2562,1525295,31.2644
2563,1525295,31.2786
2564,1525295,31.2884
2565,1525295,31.2981
2566,51836926,31.3079
2567,51836926,31.3178
2568,51836926,31.3281
2569,11836926,31.3423
2570,1525295,31.3563
2571,1525295,31.3696
2572,1525295,31.3837
2573,1525295,31.398
2574,1525295,31.408
2575,1525295,31.4179
2576,46836926,31.4278
2577,46836926,31.4376
2578,46836926,31.4479
2579,6836926,31.4622
2580,1525295,31.4766
2581,1525295,31.4904
2582,1525295,31.5045
2583,1525295,31.5188
2584,1525295,31.5287
2585,1525295,31.5385
2586,73836926,31.5483
2587,73836926,31.5581
2588,73836926,31.5683
2589,33836926,31.5824
2590,1525295,31.5964
2591,1525295,31.6099
2592,1525295,31.6239
2593,1525295,31.6381
2594,1525295,31.6479
2595,1525295,31.6576
2596,68836926,31.6674
2597,68836926,31.6775
2598,68836926,31.6879
2599,28836926,31.7021
2600,1525295,31.7163
2601,1525295,31.7301
2602,1525295,31.7443
2603,1525295,31.7586
2604,1525295,31.7684
2605,1525295,31.7781
2606,63836926,31.7879
2607,63836926,31.7977
2608,63836926,31.8078
2609,23836926,31.822
2610,1525295,31.8362
2611,1525295,31.85
2612,1525295,31.8642
2613,1525295,31.8784
2614,1525295,31.8882
2615,1525295,31.8979
2616,58836926,31.9078
2617,58836926,31.9176
2618,58836926,31.9279
2619,18836926,31.9421
2620,1525295,31.9563
2621,1525295,31.9701
2622,1525295,31.9843
2623,1525295,31.9989
2624,1525295,32.0091
2625,1525295,32.0192
2626,53836926,32.0293
2627,53836926,32.0393
2628,53836926,32.0496
2629,13836926,32.0639
2630,1525295,32.0783
2631,1525295,32.0921
2632,1525295,32.1064
2633,1525295,32.1207
2634,1525295,32.1306
2635,1525295,32.1404
2636,48836926,32.1563
2637,48836926,32.1665
2638,48836926,32.1767
2639,8836926,32.1911
2640,1525295,32.2054
2641,1525295,32.2192
2642,1525295,32.2333
2643,1525295,32.2474
2644,1525295,32.2572
2645,1525295,32.267
2646,43836926,32.2771
2647,43836926,32.2869
2648,43836926,32.2972
2649,3836926,32.3115
2650,1525295,32.3259
2651,1525295,32.3399
2652,1525295,32.3541
2653,1525295,32.3683
2654,1525295,32.3782
2655,1525295,32.3879
2656,70836926,32.3978
2657,70836926,32.4076
2658,70836926,32.4179
2659,30836926,32.4322
2660,1525295,32.4465
2661,1525295,32.4603
2662,1525295,32.4745
2663,1525295,32.4888
2664,1525295,32.4987
2665,1525295,32.5083
2666,65836926,32.5183
2667,65836926,32.5284
2668,65836926,32.5388
2669,25836926,32.5531
2670,1525295,32.5674
2671,1525295,32.5812
2672,1525295,32.5955
2673,1525295,32.6098
2674,1525295,32.6197
2675,1525295,32.6295
2676,60836926,32.6393
2677,60836926,32.6495
2678,60836926,32.6598
2679,20836926,32.6741
2680,1525295,32.6883
2681,1525295,32.7021
2682,1525295,32.7162
2683,1525295,32.7303
2684,1525295,32.7401
2685,1525295,32.7499
2686,55836926,32.7597
2687,55836926,32.7695
2688,55836926,32.7797
2689,15836926,32.7936
2690,1525295,32.8077
2691,1525295,32.8216
2692,1525295,32.8356
2693,1525295,32.85
2694,1525295,32.8598
2695,1525295,32.8696
2696,50836926,32.8794
2697,50836926,32.8893
2698,50836926,32.8995
2699,10836926,32.9136
2700,1525295,32.9278
2701,1525295,32.9417
2702,1525295,32.956
2703,1525295,32.9703
2704,1525295,32.9801
2705,1525295,32.9901
2706,45836926,33.0003
2707,45836926,33.0104
2708,45836926,33.0207
2709,5836926,33.035
2710,1525295,33.0493
2711,1525295,33.0632
2712,1525295,33.0775
2713,1525295,33.0918
2714,1525295,33.1017
2715,1525295,33.1117
2716,72836926,33.1217
2717,72836926,33.1317
2718,72836926,33.1421
2719,32836926,33.1563
2720,1525295,33.1706
2721,1525295,33.1845
2722,1525295,33.1987
2723,1525295,33.213
2724,1525295,33.223
2725,1525295,33.2328
2726,67836926,33.2428
2727,67836926,33.253
2728,67836926,33.2633
2729,27836926,33.2776
2730,1525295,33.2922
2731,1525295,33.3061
2732,1525295,33.3206
2733,1525295,33.3351
2734,1525295,33.3449
2735,1525295,33.3546
2736,62836926,33.3646
2737,62836926,33.3745
2738,62836926,33.3846
2739,22836926,33.3989
2740,1525295,33.4131
2741,1525295,33.4269
2742,1525295,33.4412
2743,1525295,33.4554
2744,1525295,33.4654
2745,1525295,33.4753
2746,57836926,33.4853
2747,57836926,33.4952
2748,57836926,33.5056
2749,17836926,33.5199
2750,1525295,33.5341
2751,1525295,33.548
2752,1525295,33.5624
2753,1525295,33.5766
2754,1525295,33.5864
2755,1525295,33.5961
2756,52836926,33.606
2757,52836926,33.6161
2758,52836926,33.6265
2759,12836926,33.6408
2760,1525295,33.655
2761,1525295,33.6689
2762,1525295,33.6833
2763,1525295,33.6977
2764,1525295,33.7075
2765,1525295,33.7172
2766,47836926,33.7271
2767,47836926,33.7369
2768,47836926,33.7471
2769,7836926,33.7612
2770,1525295,33.7751
2771,1525295,33.7883
2772,1525295,33.8024
2773,1525295,33.8166
2774,1525295,33.8264
2775,1525295,33.8362
2776,42836926,33.846
2777,42836926,33.8559
2778,42836926,33.866
2779,2836926,33.8803
2780,1525295,33.9288
2781,1525295,33.9426
2782,1525295,33.957
2783,1525295,33.9715
2784,1525295,33.9816
2785,1525295,33.9918
2786,69836926,34.0021
2787,69836926,34.0122
2788,69836926,34.0227
2789,29836926,34.037
2790,1525295,34.0511
2791,1525295,34.0645
2792,1525295,34.0785
2793,1525295,34.0922
2794,1525295,34.1021
2795,1525295,34.1118
2796,64836926,34.1217
2797,64836926,34.1318
2798,64836926,34.1422
2799,24836926,34.1564
2800,1525295,34.1704
2801,1525295,34.1839
2802,1525295,34.1979
2803,1525295,34.2119
2804,1525295,34.2217
2805,1525295,34.2314
2806,59836926,34.2413
2807,59836926,34.2513
2808,59836926,34.2618
2809,19836926,34.2759
2810,1525295,34.2902
2811,1525295,34.3037
2812,1525295,34.3238
2813,1525295,34.338
2814,1525295,34.3479
2815,1525295,34.3576
2816,54836926,34.3674
2817,54836926,34.3776
2818,54836926,34.388
2819,14836926,34.4023
2820,1525295,34.4163
2821,1525295,34.4299
2822,1525295,34.4438
2823,1525295,34.4578
2824,1525295,34.4676
2825,1525295,34.4774
2826,49836926,34.4872
2827,49836926,34.4973
2828,49836926,34.5077
2829,9836926,34.5219
2830,1525295,34.5359
2831,1525295,34.5494
2832,1525295,34.5635
2833,1525295,34.578
2834,1525295,34.5881
2835,1525295,34.5978
2836,44836926,34.6076
2837,44836926,34.618
2838,44836926,34.6286
2839,4836926,34.6428
2840,1525295,34.6569
2841,1525295,34.6704
2842,1525295,34.6844
2843,1525295,34.6984
2844,1525295,34.7082
2845,1525295,34.7179
2846,71836926,34.7277
2847,71836926,34.7378
2848,71836926,34.7482
2849,31836926,34.7624
2850,1525295,34.7765
2851,1525295,34.7899
2852,1525295,34.804
2853,1525295,34.818
2854,1525295,34.8278
2855,1525295,34.8375
2856,66836926,34.8474
2857,66836926,34.8575
2858,66836926,34.8679
2859,26836926,34.882
2860,1525295,34.8959
2861,1525295,34.9094
2862,1525295,34.9234
2863,1525295,34.9374
2864,1525295,34.9473
2865,1525295,34.9573
2866,61836926,34.9672
2867,61836926,34.9773
2868,61836926,34.9876
2869,21836926,35.0019
2870,1525295,35.016
2871,1525295,35.0295
2872,1525295,35.0434
2873,1525295,35.0574
2874,1525295,35.0672
2875,1525295,35.0769
2876,56836926,35.0868
2877,56836926,35.0969
2878,56836926,35.1073
2879,16836926,35.1214
2880,1525295,35.1355
2881,1525295,35.1489
2882,1525295,35.1629
2883,1525295,35.1769
2884,1525295,35.1867
2885,1525295,35.1966
2886,51836926,35.2065
2887,51836926,35.2166
2888,51836926,35.227
2889,11836926,35.2412
2890,1525295,35.2554
2891,1525295,35.2688
2892,1525295,35.283
2893,1525295,35.297
2894,1525295,35.307
2895,1525295,35.3168
2896,46836926,35.3267
2897,46836926,35.3368
2898,46836926,35.3473
2899,6836926,35.3632
2900,1525295,35.3778
2901,1525295,35.3913
2902,1525295,35.4058
2903,1525295,35.4215
2904,1525295,35.4326
2905,1525295,35.4429
2906,73836926,35.4534
2907,73836926,35.4646
2908,73836926,35.4763
2909,33836926,35.4914
2910,1525295,35.506
2911,1525295,35.5194
2912,1525295,35.5337
2913,1525295,35.5484
2914,1525295,35.5587
2915,1525295,35.569
2916,68836926,35.5795
2917,68836926,35.5911
2918,68836926,35.6029
2919,28836926,35.6185
2920,1525295,35.6331
2921,1525295,35.6466
2922,1525295,35.6612
2923,1525295,35.6757
2924,1525295,35.686
2925,1525295,35.6963
2926,63836926,35.7067
2927,63836926,35.7179
2928,63836926,35.7296
2929,23836926,35.7447
2930,1525295,35.7593
2931,1525295,35.7727
2932,1525295,35.787
2933,1525295,35.8015
2934,1525295,35.8118
2935,1525295,35.8221
2936,58836926,35.8326
2937,58836926,35.8438
2938,58836926,35.8555
2939,18836926,35.8706
2940,1525295,35.8852
2941,1525295,35.8987
2942,1525295,35.9132
2943,1525295,35.9278
2944,1525295,35.9381
2945,1525295,35.9487
2946,53836926,35.9592
2947,53836926,35.9705
2948,53836926,35.9822
2949,13836926,35.9977
2950,1525295,36.0123
2951,1525295,36.0259
2952,1525295,36.0403
2953,1525295,36.0549
2954,1525295,36.0652
2955,1525295,36.0755
2956,48836926,36.0859
2957,48836926,36.0971
2958,48836926,36.1088
2959,8836926,36.1239
2960,1525295,36.1385
2961,1525295,36.152
2962,1525295,36.1664
2963,1525295,36.1809
2964,1525295,36.1913
2965,1525295,36.2016
2966,43836926,36.212
2967,43836926,36.2232
2968,43836926,36.2349
2969,3836926,36.25
2970,1525295,36.2648
2971,1525295,36.2783
2972,1525295,36.2931
2973,1525295,36.3087
2974,1525295,36.3198
2975,1525295,36.3302
2976,70836926,36.3406
2977,70836926,36.3518
2978,70836926,36.3635
2979,30836926,36.3791
2980,1525295,36.3938
2981,1525295,36.4073
2982,1525295,36.4217
2983,1525295,36.4363
2984,1525295,36.4466
2985,1525295,36.4627
2986,65836926,36.4733
2987,65836926,36.4845
2988,65836926,36.4962
2989,25836926,36.5114
2990,1525295,36.526
2991,1525295,36.5394
2992,1525295,36.5538
2993,1525295,36.5683
2994,1525295,36.5787
2995,1525295,36.589
2996,60836926,36.5995
2997,60836926,36.6111
2998,60836926,36.623
2999,20836926,36.6386
3000,1525295,36.6532
3001,1525295,36.6666
