1,96769246721,1.9404
2,93646176203,3.3062
3,90604300188,4.6839
4,87571049326,6.0606
5,85176715680,7.4205
6,82828630592,8.7999
7,80851676173,10.1749
8,78934212464,11.529
9,77035846331,12.8938
10,75190414955,14.2644
11,73361850874,15.5589
12,71779690339,16.9531
13,70209781604,18.3191
14,68651661539,19.6805
15,67108933929,21.0623
16,65705581029,22.4221
17,64316173077,23.8136
18,63014793859,25.1848
19,61768174142,26.5502
20,60554250834,27.9379
21,59201459299,29.2422
22,58077400349,30.6107
23,56958066529,31.999
24,55934063128,33.3651
25,54973128311,34.731
26,54045343008,36.0906
27,53180260702,37.4543
28,52319937604,38.8128
29,51470224046,40.1694
30,50692462995,41.5217
31,49927932755,42.8158
32,49205051377,44.1906
33,48443523639,45.551
34,47745590669,46.9051
35,46970173279,48.2615
36,46247170434,49.6319
37,45574616994,51.0386
38,44938435774,52.4076
39,44309432572,53.7755
40,43682078607,55.1412
41,43061551980,56.4371
42,42369000992,57.7978
43,41767485762,59.1644
44,40769148238,60.5803
45,39788919526,61.9384
46,39200102802,63.2947
47,38646932171,64.6532
48,38108090585,66.0097
49,37433285261,67.3625
50,36905192686,68.7184
51,36380858496,70.0114
52,35864293996,71.3725
53,35356897116,72.7299
54,34948300766,74.0814
55,34542033961,75.4432
56,34138849011,76.7957
57,33744996171,78.1503
58,33357202490,79.5001
59,32971142114,80.8654
60,32097795073,82.2284
61,31722795073,83.5248
62,31355075543,84.8883
63,31000851929,86.2646
64,30541863154,87.6442
65,30036010338,89.0184
66,29685877003,90.3921
67,29283350615,91.7693
68,28453222767,93.1479
69,27899351239,94.525
70,27489005249,95.9171
71,27086029778,97.2105
72,26642189110,98.6133
73,26301498875,100.0049
74,25969809601,101.3825
75,25665649516,102.7519
76,25362653955,104.1201
77,25088092157,105.4914
78,24746955589,106.8646
79,24479665879,108.2372
80,23891829654,109.6084
81,23664519595,110.904
82,23297813397,112.2699
83,22967810557,113.6449
84,22740582417,115.0106
85,22525777999,116.3789
86,22319405562,117.7516
87,22117461920,119.1177
88,21939357355,120.4826
89,21777626681,121.8488
90,21624617833,123.2218
91,21504723794,124.5154
92,21207136059,125.8842
93,21139059153,127.2507
94,21071645762,128.6222
95,21005751152,129.9869
96,20906160003,131.3516
97,20861663599,132.7171
98,20713061383,134.101
99,20670279008,135.4818
100,20634785543,136.8524
101,20616129680,138.148
102,20598046043,139.5219
103,20443244521,140.8942
104,20425777017,142.2696
105,20416465235,143.6388
106,20413234070,145.0227
107,20413234070,146.3976
108,20416465235,147.763
109,19937690635,149.7827
110,19476954293,151.7846
111,19089920543,153.7252
112,18706355653,155.7324
113,18331379553,157.7352
114,17989653713,159.7383
115,17661568293,161.7398
116,17336125159,163.7393
117,17024125159,165.7461
118,16712125159,167.7483
119,16420136209,169.7461
120,16142729117,171.754
121,15877658612,173.6953
122,15616680381,175.7064
123,15356436341,177.7207
124,15129358789,179.7404
125,14869286111,181.7504
126,14642517241,183.7734
127,14425805592,185.7908
128,14193819149,187.8184
129,13948289609,189.8657
130,13732104764,191.8737
131,13518638844,193.8116
132,13317279619,195.8252
133,13125134387,197.8404
134,12936515822,199.8499
135,12754268145,201.8628
136,12574292435,203.8794
137,12405141671,205.8897
138,12247934716,207.9016
139,12094300493,209.9199
140,11941325531,211.9296
141,11790045816,213.8707
142,11646729174,215.8839
143,11506537319,217.8952
144,11371936799,219.9136
145,11238925074,221.9285
146,11106029769,223.9389
147,10974055894,225.9564
148,10847278499,227.9688
149,10721064824,229.979
150,10596643099,231.9908
151,10472359854,233.9329
152,10333650434,235.9439
153,10056325346,237.9583
154,9934584766,239.9714
155,9813414091,241.9883
156,9695624551,243.9946
157,9589514261,246.0043
158,9408839995,248.0158
159,9306868534,250.0329
160,9191692094,252.0451
161,9060187255,253.9823
162,8961555520,255.9958
163,8863989064,258.0256
164,8766574605,260.0426
165,8677715562,262.0585
166,8592327426,264.0714
167,8499927426,266.0913
168,8407527426,268.1017
169,8315127426,270.1127
170,8233856036,272.1263
171,8153856036,274.0652
172,8073856036,276.081
173,7993856036,278.1043
174,7913856036,280.1227
175,7833856036,282.1534
176,7754539248,284.1623
177,7570343809,286.1738
178,7452245969,288.2049
179,7359651134,290.2298
180,7280405032,292.2485
181,7201358268,294.1854
182,7130450995,296.1993
183,7044019055,298.2369
184,6973619055,300.2509
185,6903219055,302.2679
186,6777346031,304.3261
187,6708182526,306.3839
188,6639441941,308.3996
189,6571789916,310.419
190,6506076991,312.4338
191,6442149941,314.3701
192,6379211423,316.3906
193,6317211423,318.421
194,6255557858,320.4345
195,6195360163,322.4492
196,6135733569,324.506
197,6076230331,326.5281
198,6017348461,328.5788
199,5959817381,330.6208
200,5903085201,332.6289
201,5847312030,334.5635
202,5528606865,336.5812
203,5474624790,338.6128
204,5421975350,340.6565
205,5370807990,342.6738
206,5320906895,344.7218
207,5271320425,346.7414
208,5221861065,348.7866
209,5173861065,350.8056
210,5125861065,352.8488
211,5078047922,354.7847
212,5030670605,356.8014
213,4985236470,358.8214
214,4930067670,360.8606
215,4884933121,362.8887
216,4841357456,364.9338
217,4801357456,366.9445
218,4761357456,368.9887
219,4721357456,371.0205
220,4681357456,373.0613
221,4641357456,374.9969
222,4601357456,377.0374
223,4561357456,379.0527
224,4521357456,381.1098
225,4481357456,383.1257
226,4441357456,385.133
227,4401357456,387.1534
228,4361357456,389.1725
229,4321357456,391.1831
230,4281357456,393.2061
231,4241357456,395.1406
232,4201357456,397.16
233,4161357456,399.1785
234,4121357456,401.2103
235,4081357456,403.242
236,4041357456,405.2825
237,4001357456,407.3221
238,3961357456,409.3533
239,3921357456,411.3871
240,3881357456,413.4108
241,3841357456,415.3479
242,3801357456,417.3722
243,3761357456,419.3975
244,3721357456,421.4126
245,3681357456,423.4264
246,3641357456,425.4615
247,3601357456,427.4699
248,3561357456,429.4957
249,3521357456,431.5051
250,3481602561,433.5241
251,3442402561,435.4599
252,3403375871,437.4893
253,3364876571,439.5066
254,3327493446,441.5334
255,3290448456,443.5531
256,3253591531,445.5901
257,3216922241,447.6035
258,3182478106,449.6327
259,3148433971,451.6407
260,3115115326,453.6636
261,3081851586,455.6002
262,3049379221,457.626
263,3017379221,459.6397
264,2985703196,461.6626
265,2955069846,463.6755
266,2925039511,465.6919
267,2895064369,467.7032
268,2865250462,469.718
269,2826409047,471.747
270,2792529222,473.7748
271,2763560702,475.7096
272,2735056042,477.7272
273,2706600227,479.7535
274,2678335517,481.7611
275,2650522622,483.7679
276,2622905402,485.7761
277,2595727992,487.7865
278,2570353362,489.7942
279,2545950252,491.8092
280,2521979692,493.8145
281,2498395097,495.7504
282,2475113557,497.7675
283,2452407727,499.772
284,2430410097,501.7793
285,2410427152,503.7979
286,2392063067,505.8133
287,2373910102,507.829
288,2342272807,509.8455
289,2312256537,511.8641
290,2294609012,513.8802
291,2272256537,515.817
292,2254641697,517.8313
293,2237432312,519.8469
294,2220259982,521.8667
295,2203136697,523.8811
296,2186321533,525.8949
297,2169740243,527.911
298,2154303123,529.9227
299,2139871058,531.9363
300,2125565213,533.9486
301,2107985688,535.8831
302,2094441945,537.9004
303,2080972727,539.9149
304,2068058662,541.9276
305,2055542737,543.942
306,2043053202,545.9591
307,2030583420,547.971
308,2018396315,549.9827
309,2006983655,552.0006
310,1995751295,554.0092
311,1984883015,555.9442
312,1974467715,557.9615
313,1964668125,559.9782
314,1955025300,561.9968
315,1945467530,564.0115
316,1936200180,566.0248
317,1927329230,568.0371
318,1918783095,570.0534
319,1910783095,572.064
320,1902783095,574.0749
321,1894783095,576.0122
322,1886783095,578.0241
323,1878783095,580.0473
324,1870783095,582.0572
325,1862783095,584.0654
326,1854783095,586.0771
327,1846783095,588.0868
328,1838783095,590.0946
329,1830783095,592.1051
330,1822783095,594.1209
331,1814783095,596.0547
332,1806783095,598.0642
333,1799189195,600.0739
334,1791883635,602.0811
335,1785062565,604.0946
336,1778381210,606.105
337,1768153990,608.1206
338,1761972833,610.1334
339,1755972833,612.143
340,1750238916,614.1488
341,1744712896,616.0839
342,1739572832,618.0999
343,1685813339,620.1212
344,1680812054,622.1306
345,1676068529,624.1384
346,1671533119,626.1438
347,1667071519,628.1538
348,1662993946,630.1599
349,1658993946,632.1662
350,1654993946,634.1725
351,1650993946,636.1082
352,1646162846,638.1158
353,1640162846,640.126
354,1634993946,642.1357
355,1630993946,644.1505
356,1626993946,646.1558
357,1622993946,648.1619
358,1618993946,650.1666
359,1613834546,652.1884
360,1610334620,654.2054
361,1593303611,656.1391
362,1585961575,658.146
363,1433733919,660.1543
364,1415651495,662.16
365,1393235009,664.1686
366,1375152585,666.1762
367,1367152585,668.1958
368,1359152585,670.2016
369,1351667868,672.2094
370,1348187493,674.2164
371,1345035428,676.1526
372,1341892353,678.1538
373,1339492353,680.1485
374,1337092353,682.1435
375,1334692353,684.1412
376,1332292353,686.1422
377,1329892353,688.1379
378,1327492353,690.1324
379,1325092353,692.1404
380,1322692353,694.1351
381,1320292353,696.0694
382,1317892353,698.0707
383,1315492353,700.0727
384,1313092353,702.0784
385,1310692353,704.0767
386,1308292353,706.0751
387,1305892353,708.0755
388,1303492353,710.0775
389,1301092353,712.0786
390,1298692353,714.0765
391,1296292353,716.0109
392,1293892353,718.0138
393,1291492353,720.0172
394,1289092353,722.0184
395,1286692353,724.0198
396,1284292353,726.0263
397,1281892353,728.0278
398,1279492353,730.0279
399,1277092353,732.0295
400,1274692353,734.0357
401,1272292353,735.9709
402,1269892353,737.976
403,1267609861,739.9796
404,1265609861,741.9855
405,1263609861,743.9888
406,1261609861,745.991
407,1259609861,747.9947
408,1257609861,750.0027
409,1255609861,752.0054
410,1253609861,754.0084
411,1251609861,755.9439
412,1249609861,757.9498
413,1247609861,759.9664
414,1245609861,761.9673
415,1243609861,763.9712
416,1241609861,765.9805
417,1239609861,767.9828
418,1237609861,769.9857
419,1235609861,771.9916
420,1233609861,774.0087
421,1231609861,775.9425
422,1229609861,777.9432
423,1227609861,779.9528
424,1225609861,781.9579
425,1223609861,783.9771
426,1221609861,785.9839
427,1219609861,787.9907
428,1217609861,789.9956
429,1215609861,792.0009
430,1213609861,794.0037
431,1211609861,795.939
432,1209609861,797.9456
433,1207609861,799.9518
434,1205609861,801.9507
435,1203609861,803.9561
436,1201609861,805.9583
437,1199609861,807.9657
438,1197683376,809.9694
439,1195855261,811.9718
440,1194313091,813.9765
441,1192912266,815.9113
442,1191645671,817.9131
443,1190380786,819.9183
444,1189178786,821.9196
445,1188348087,823.9224
446,1187550087,825.9178
447,1186348087,827.922
448,1185550087,829.9231
449,1184348087,831.9241
450,1183614682,833.9255
451,1182589362,835.8594
452,1181855957,837.8573
453,1181122757,839.8663
454,1179920757,841.8638
455,1179237442,843.8657
456,1178627812,845.8669
457,1178034342,847.8722
458,1176227812,849.8733
459,1175634342,851.881
460,1173827812,853.8836
461,1173234342,855.8178
462,1171427812,857.8252
463,1170834342,859.8249
464,1169027812,861.8237
465,1168434342,863.8288
466,1166627812,865.8285
467,1166034342,867.8319
468,1164227812,869.842
469,1163634342,871.8541
470,1161827812,873.862
471,1160869784,875.7987
472,1160276314,877.7928
473,1158469784,879.7897
474,1157876314,881.7993
475,1156069784,883.8012
476,1155476314,885.8046
477,1155051979,887.813
478,1154633249,889.8079
479,1154233249,891.805
480,1153833249,893.8006
481,1153433249,895.7346
482,1153033249,897.7447
483,1152633249,899.7582
484,1152233249,901.7701
485,1151833249,903.777
486,1151433249,905.7815
487,1151033249,907.7856
488,1150633249,909.7908
489,1150233249,911.8162
490,1149833249,913.8294
491,1149433249,915.7681
492,1149033249,917.777
493,1148633249,919.7829
494,1148233249,921.8047
495,1147833249,923.8133
496,1147433249,925.8274
497,1147033249,927.8494
498,1146633249,929.8634
499,1146233249,931.8746
500,1145833249,933.8857
501,1145433249,935.8245
502,1145033249,937.8267
503,1144633249,939.8252
504,1144233249,941.8264
505,1143833249,943.8329
506,1143433249,945.8396
507,1143033249,947.8442
508,1142633249,949.8454
509,1142233249,951.8567
510,1141833249,953.8626
511,1141433249,955.7991
512,1141033249,957.8047
513,1140633249,959.8163
514,1140233249,961.8196
515,1139833249,963.8259
516,1139433249,965.8316
517,1139033249,967.84
518,1138633249,969.8442
519,1138233249,971.8516
520,1137833249,973.8538
521,1137433249,975.7933
522,1137033249,977.8002
523,1136633249,979.8041
524,1136233249,981.8166
525,1135833249,983.8273
526,1135433249,985.8301
527,1135033249,987.8358
528,1134633249,989.8415
529,1134233249,991.8533
530,1133833249,993.8585
531,1133433249,995.7968
532,1133033249,997.803
533,1132633249,999.8163
534,1132233249,1001.8246
535,1131833249,1003.8303
536,1131433249,1005.8372
537,1131033249,1007.8491
538,1130633249,1009.8522
539,1130233249,1011.8586
540,1129833249,1013.8653
541,1129433249,1015.8021
542,1129033249,1017.8116
543,1128633249,1019.8189
544,1128233249,1021.8247
545,1127833249,1023.8403
546,1127446634,1025.8468
547,1117640104,1027.8524
548,1115640104,1029.8536
549,1113640104,1031.8689
550,1111640104,1033.8772
551,1109640104,1035.8124
552,1107640104,1037.8169
553,1105640104,1039.827
554,1103640104,1041.8309
555,1101640104,1043.8342
556,1099640104,1045.8433
557,1097655404,1047.8575
558,1096529449,1049.8823
559,1096114149,1051.8865
560,1090109179,1053.8924
561,1066382759,1055.8292
562,1065967459,1057.8329
563,1065592313,1059.8488
564,1065229590,1061.8572
565,1064872305,1063.8663
566,1064523595,1065.8787
567,1064177160,1067.8915
568,1062523595,1069.9014
569,1060523595,1071.9162
570,1058523595,1073.9261
571,1056523595,1075.8616
572,1054717065,1077.8692
573,1054436885,1079.8827
574,1054161905,1081.8873
575,1053911265,1083.8963
576,1052514380,1085.9083
577,1052161905,1087.9205
578,1051911265,1089.927
579,1050514380,1091.9356
580,1050161905,1093.9426
581,1049911265,1095.8805
582,1048514380,1097.8911
583,1048161905,1099.9005
584,1047967435,1101.9104
585,1047820478,1103.9251
586,1047776435,1105.9344
587,1047733720,1107.9409
588,1047376435,1109.9506
589,1047333720,1111.9597
590,1046976435,1113.9671
591,1046933720,1115.9045
592,1046576435,1117.913
593,1046533720,1119.9237
594,1046176435,1121.9735
595,1046133720,1123.9799
596,1045776435,1125.9871
597,1045733720,1128.0072
598,1045376435,1130.0104
599,1045333720,1132.013
600,1044976435,1134.018
601,1044933720,1135.9539
602,1044576435,1137.9605
603,1044533720,1139.9716
604,1044176435,1141.979
605,1044133720,1143.9874
606,1043776435,1145.9898
607,1043733720,1147.9937
608,1043376435,1149.9989
609,1043333720,1152.0103
610,1042976435,1154.0136
611,1042933720,1155.9517
612,1042576435,1157.9603
613,1042533720,1159.973
614,1042176435,1161.9788
615,1042133720,1163.985
616,1041776435,1165.9897
617,1041733720,1168.0001
618,1041376435,1170.0069
619,1041333720,1172.0119
620,1040976435,1174.0175
621,1040933720,1175.9552
622,1040576435,1177.9593
623,1040533720,1179.9639
624,1040507335,1181.9713
625,1039404185,1183.9813
626,1038933720,1185.9785
627,1038907335,1187.9786
628,1037804185,1189.974
629,1037333720,1191.9848
630,1037307335,1193.9821
631,1036204185,1195.9179
632,1035733720,1197.9154
633,1035707335,1199.9135
634,1034604185,1201.9068
635,1034133720,1203.9087
636,1034107335,1205.907
637,1033004185,1207.9254
638,1032533720,1209.9346
639,1032507335,1211.9395
640,1031404185,1213.941
641,1030933720,1215.8796
642,1030907335,1217.8921
643,1029804185,1219.8973
644,1029333720,1221.9072
645,1029307335,1223.922
646,1028204185,1225.9302
647,1027733720,1227.9402
648,1027707335,1229.9493
649,1026604185,1231.9616
650,1026133720,1233.9617
651,1026107335,1235.8994
652,1025004185,1237.9047
653,1024984604,1239.9135
654,1024941889,1241.9132
655,1024941889,1243.9139
656,1024941889,1245.9205
657,785337437,1247.2848
658,570628522,1248.6561
659,509815899,1250.0214
660,465992632,1251.3916
661,435112192,1252.6839
662,435112192,1254.0685
663,435112192,1255.4389
664,435112192,1256.8225
665,435112192,1258.2007
666,435112192,1259.5888
667,435112192,1260.9745
668,435112192,1262.349
669,435112192,1263.7183
670,435112192,1265.0895
671,435112192,1266.386
672,435112192,1267.7527
673,435112192,1269.1342
674,435112192,1270.5076
675,435112192,1271.8842
676,435112192,1273.2612
677,435112192,1274.6446
678,435112192,1276.0158
679,435112192,1277.3914
680,435112192,1278.7663
681,435112192,1280.0598
682,435112192,1281.4276
683,435112192,1282.7965
684,435112192,1284.1861
685,435112192,1285.5653
686,435112192,1286.9524
687,435112192,1288.3549
688,435112192,1289.7282
689,435112192,1291.1067
690,435112192,1292.5076
691,435112192,1293.7998
692,435112192,1295.1787
693,452573792,1296.546
694,452573792,1297.917
695,452573792,1299.2858
696,452573792,1300.6642
697,452573792,1302.0395
698,452573792,1303.4074
699,452573792,1304.7918
700,452573792,1306.1708
701,452573792,1307.473
702,452573792,1308.8492
703,452573792,1310.2526
704,452573792,1311.6241
705,452573792,1313.0299
706,452573792,1314.4077
707,452573792,1315.8193
708,452573792,1317.1996
709,452573792,1318.5844
710,452573792,1320.0222
711,452573792,1321.3244
712,452573792,1322.704
713,452573792,1324.1023
714,452573792,1325.4763
715,452573792,1326.8744
716,452573792,1328.2599
717,452573792,1329.6504
718,452573792,1331.0223
719,452573792,1332.401
720,452573792,1333.7749
721,452573792,1335.085
722,452573792,1336.4952
723,452573792,1337.8869
724,452573792,1339.2698
725,452573792,1340.6835
726,452573792,1342.0798
727,452573792,1343.4582
728,452573792,1344.8455
729,452573792,1346.2526
730,452573792,1347.6271
731,388874304,1349.5875
732,340485973,1351.5874
733,300485973,1353.603
734,278765227,1355.6105
735,261303627,1357.6275
736,250864022,1359.6408
737,242864022,1361.645
738,240974312,1363.6673
739,239775840,1365.6807
740,239224775,1367.6932
741,239224775,1369.6291
742,239224775,1371.6383
743,239224775,1373.6528
744,239224775,1375.6633
745,239224775,1377.6763
746,239224775,1379.6964
747,239224775,1381.6956
748,239224775,1383.6928
749,239224775,1385.6924
750,239224775,1387.6929
751,239224775,1389.6314
752,239224775,1391.6281
753,239224775,1393.62
754,239224775,1395.6137
755,239224775,1397.6104
756,239224775,1399.6047
757,239224775,1401.6055
758,239224775,1403.6044
759,239224775,1405.5979
760,239224775,1407.5914
761,239224775,1409.5296
762,239224775,1411.527
763,239224775,1413.5336
764,239224775,1415.5304
765,239224775,1417.5289
766,239224775,1419.5251
767,239224775,1421.5242
768,239224775,1423.5197
769,239224775,1425.518
770,239224775,1427.5294
771,239224775,1429.4669
772,239224775,1431.4612
773,239224775,1433.4568
774,239224775,1435.4746
775,239224775,1437.4806
776,239224775,1439.4967
777,239224775,1441.5169
778,239224775,1443.5355
779,239224775,1445.5533
780,239224775,1447.557
781,239224775,1449.5136
782,239224775,1451.5346
783,239224775,1453.5416
784,239224775,1455.5513
785,239224775,1457.5601
786,239224775,1459.5635
787,239224775,1461.5707
788,239224775,1463.577
789,239224775,1465.5874
790,239224775,1467.5879
791,239224775,1469.5287
792,239224775,1471.5272
793,239224775,1473.5581
794,239224775,1475.5656
795,239224775,1477.5833
796,239224775,1479.6009
797,239224775,1481.6237
798,239224775,1483.6323
799,239224775,1485.6424
800,239224775,1487.6457
801,239224775,1489.5813
802,239224775,1491.5824
803,239224775,1493.5985
804,239224775,1495.6138
805,239224775,1496.9696
806,239224775,1498.3488
807,239224775,1499.7029
808,239224775,1501.0604
809,239224775,1502.4137
810,239224775,1503.767
811,239224775,1505.0598
812,239224775,1506.4114
813,239224775,1507.7751
814,239224775,1509.1273
815,239224775,1510.4799
816,239224775,1511.8406
817,239224775,1513.1987
818,239224775,1514.5549
819,239224775,1515.9066
820,239224775,1517.2673
821,257046675,1518.5652
822,257046675,1519.9408
823,257046675,1521.2945
824,257046675,1522.6497
825,257046675,1524.0021
826,257046675,1525.3565
827,257046675,1526.7168
828,257046675,1528.076
829,257046675,1529.4303
830,257046675,1530.7831
831,257046675,1532.0812
832,257046675,1533.4389
833,257046675,1534.8024
834,257046675,1536.1757
835,257046675,1537.5315
836,257046675,1538.8944
837,257046675,1540.2749
838,257046675,1541.6443
839,257046675,1543.0118
840,257046675,1544.4293
841,257046675,1545.728
842,257046675,1547.0904
843,257046675,1548.5009
844,257046675,1549.8725
845,257046675,1551.2387
846,257046675,1552.6227
847,257046675,1553.9854
848,257046675,1555.3496
849,257046675,1556.7306
850,257046675,1558.0882
851,257046675,1559.3951
852,257046675,1560.7607
853,257046675,1562.1305
854,257046675,1563.4919
855,257046675,1564.8636
856,257046675,1566.2352
857,257046675,1567.6022
858,257046675,1568.9698
859,257046675,1570.3464
860,257046675,1571.7182
861,257046675,1573.0311
862,257046675,1574.3947
863,257046675,1575.7586
864,257046675,1577.1294
865,257046675,1578.4977
866,257046675,1579.8555
867,257046675,1581.2248
868,257046675,1582.5949
869,257046675,1583.9625
870,257046675,1585.3285
871,257046675,1586.6388
872,257046675,1587.9986
873,257046675,1589.3666
874,257046675,1590.7439
875,257046675,1592.1237
876,257046675,1593.4927
877,257046675,1594.8734
878,257046675,1596.2449
879,239224775,1598.2556
880,239224775,1600.2567
881,239224775,1602.1946
882,239224775,1604.1951
883,239224775,1606.2027
884,239224775,1608.208
885,239224775,1610.2189
886,239224775,1612.2265
887,239224775,1614.2407
888,239224775,1616.2471
889,239224775,1618.2483
890,239224775,1620.265
891,239224775,1622.2023
892,239224775,1624.2073
893,239224775,1626.2122
894,239224775,1628.2284
895,239224775,1630.2316
896,239224775,1632.2446
897,239224775,1634.2572
898,239224775,1636.2591
899,239224775,1638.2629
900,239224775,1640.2638
901,239224775,1642.2091
902,239224775,1644.2205
903,239224775,1646.2267
904,239224775,1648.2269
905,239224775,1650.2305
906,239224775,1652.2394
907,239224775,1654.2379
908,239224775,1656.2339
909,239224775,1658.236
910,239224775,1660.2313
911,239224775,1662.1721
912,239224775,1664.1665
913,239224775,1666.1645
914,239224775,1668.1634
915,239224775,1670.1566
916,239224775,1672.1505
917,239224775,1674.147
918,239224775,1676.1414
919,239224775,1678.1377
920,239224775,1680.1311
921,239224775,1682.0718
922,239224775,1684.0741
923,239224775,1686.0716
924,239224775,1688.0657
925,239224775,1690.0628
926,239224775,1692.0633
927,239224775,1694.0577
928,239224775,1696.0518
929,239224775,1698.0519
930,239224775,1700.0505
931,239224775,1701.9915
932,239224775,1703.9896
933,239224775,1705.9866
934,239224775,1707.9906
935,239224775,1709.9886
936,239224775,1711.9829
937,239224775,1713.982
938,239224775,1715.9779
939,239224775,1717.9737
940,239224775,1719.9689
941,239224775,1721.916
942,239224775,1723.9333
943,239224775,1725.9429
944,239224775,1727.9483
945,239224775,1729.9607
946,239224775,1731.963
947,239224775,1733.97
948,239224775,1735.9721
949,239224775,1737.9843
950,239224775,1739.9887
951,239224775,1741.9257
952,239224775,1743.9314
953,239224775,1745.3034
954,239224775,1746.6618
955,239224775,1748.0445
956,239224775,1749.4027
957,239224775,1750.7693
958,239224775,1752.1952
959,239224775,1753.5603
960,239224775,1754.9417
961,239224775,1756.2347
962,239224775,1757.6108
963,239224775,1758.9693
964,239224775,1760.331
965,239224775,1761.6923
966,239224775,1763.0481
967,239224775,1764.4085
968,239224775,1765.7705
969,257836114,1767.136
970,257836114,1768.5142
971,257836114,1769.811
972,257836114,1771.176
973,257836114,1772.5573
974,257836114,1773.9155
975,257836114,1775.2902
976,257836114,1776.6545
977,257836114,1778.0118
978,257836114,1779.3777
979,257836114,1780.7427
980,257836114,1782.1156
981,257836114,1783.4185
982,257836114,1784.7936
983,257836114,1786.1619
984,257836114,1787.5171
985,257836114,1788.8912
986,257836114,1790.2825
987,257836114,1791.6413
988,257836114,1792.9984
989,257836114,1794.3591
990,257836114,1795.7196
991,257836114,1797.0196
992,257836114,1798.3879
993,257836114,1799.7767
994,257836114,1801.1567
995,257836114,1802.5248
996,257836114,1803.8851
997,257836114,1805.2505
998,257836114,1806.612
999,257836114,1807.9825
1000,257836114,1809.3532
1001,257836114,1810.6671
1002,257836114,1812.0478
1003,257836114,1813.412
1004,257836114,1814.8016
1005,257836114,1816.1757
1006,257836114,1817.5336
1007,257836114,1818.9112
1008,257836114,1820.2786
1009,257836114,1821.6522
1010,257836114,1823.0294
1011,257836114,1824.3627
1012,257836114,1825.7498
1013,257836114,1827.1226
1014,257836114,1828.5076
1015,257836114,1829.8775
1016,257836114,1831.2502
1017,257836114,1832.6389
1018,257836114,1833.9966
1019,257836114,1835.3693
1020,257836114,1836.7452
1021,257836114,1838.0478
1022,257836114,1839.4125
1023,257836114,1840.8023
1024,257836114,1842.1735
1025,257836114,1843.5344
1026,257836114,1844.9179
1027,239224775,1846.9252
1028,239224775,1848.9593
1029,239224775,1850.9698
1030,239224775,1852.9965
1031,239224775,1854.9349
1032,239224775,1856.9652
1033,239224775,1858.9799
1034,239224775,1861.0152
1035,239224775,1863.021
1036,239224775,1865.0576
1037,239224775,1867.0683
1038,239224775,1869.1045
1039,239224775,1871.1047
1040,239224775,1873.1078
1041,239224775,1875.0467
1042,239224775,1877.0742
1043,239224775,1879.077
1044,239224775,1881.1033
1045,239224775,1883.104
1046,239224775,1885.1323
1047,239224775,1887.1415
1048,239224775,1889.1739
1049,239224775,1891.1747
1050,239224775,1893.2038
1051,239224775,1895.1419
1052,239224775,1897.1547
1053,239224775,1899.1866
1054,239224775,1901.216
1055,239224775,1903.2232
1056,239224775,1905.2231
1057,239224775,1907.2215
1058,239224775,1909.222
1059,239224775,1911.2197
1060,239224775,1913.2173
1061,239224775,1915.1573
1062,239224775,1917.1704
1063,239224775,1919.1751
1064,239224775,1921.1839
1065,239224775,1923.2053
1066,239224775,1925.2201
1067,239224775,1927.2194
1068,239224775,1929.244
1069,239224775,1931.2669
1070,239224775,1933.2732
1071,239224775,1935.2124
1072,239224775,1937.2294
1073,239224775,1939.2367
1074,239224775,1941.2518
1075,239224775,1943.2577
1076,239224775,1945.2767
1077,239224775,1947.2972
1078,239224775,1949.3187
1079,239224775,1951.3412
1080,239224775,1953.3548
1081,239224775,1955.293
1082,239224775,1957.2947
1083,239224775,1959.3089
1084,239224775,1961.3314
1085,239224775,1963.3533
1086,239224775,1965.36
1087,239224775,1967.3755
1088,239224775,1969.3727
1089,239224775,1971.3833
1090,239224775,1973.3918
1091,239224775,1975.3296
1092,239224775,1977.3321
1093,239224775,1979.3542
1094,239224775,1981.3614
1095,239224775,1983.3679
1096,239224775,1985.3737
1097,239224775,1987.3764
1098,239224775,1989.3974
1099,239224775,1991.4041
1100,239224775,1993.4227
1101,239224775,1994.7251
1102,239224775,1996.1135
1103,239224775,1997.4864
1104,239224775,1998.845
1105,239224775,2000.2296
1106,239224775,2001.589
1107,239224775,2002.9473
1108,239224775,2004.3033
1109,239224775,2005.6589
1110,239224775,2007.0182
1111,239224775,2008.3114
1112,239224775,2009.684
1113,239224775,2011.0488
1114,239224775,2012.4334
1115,239224775,2013.7882
1116,239224775,2015.1482
1117,264057512,2016.5104
1118,264057512,2017.8914
1119,264057512,2019.271
1120,264057512,2020.6434
1121,264057512,2021.9448
1122,264057512,2023.3259
1123,264057512,2024.6978
1124,264057512,2026.0697
1125,264057512,2027.4488
1126,264057512,2028.84
1127,264057512,2030.2275
1128,264057512,2031.6037
1129,264057512,2032.9983
1130,264057512,2034.3777
1131,264057512,2035.6818
1132,264057512,2037.0641
1133,264057512,2038.571
1134,264057512,2039.9645
1135,264057512,2041.3488
1136,264057512,2042.7566
1137,264057512,2044.1361
1138,264057512,2045.5075
1139,264057512,2046.8929
1140,264057512,2048.2834
1141,264057512,2049.5837
1142,264057512,2050.9633
1143,264057512,2052.3485
1144,264057512,2053.7449
1145,264057512,2055.1309
1146,264057512,2056.538
1147,264057512,2057.9332
1148,264057512,2059.311
1149,264057512,2060.7207
1150,264057512,2062.1195
1151,264057512,2063.4257
1152,264057512,2064.8212
1153,264057512,2066.2101
1154,264057512,2067.6128
1155,264057512,2068.9855
1156,264057512,2070.3643
1157,264057512,2071.7457
1158,264057512,2073.126
1159,264057512,2074.4999
1160,264057512,2075.8738
1161,264057512,2077.185
1162,264057512,2078.563
1163,264057512,2079.9438
1164,264057512,2081.32
1165,264057512,2082.6984
1166,264057512,2084.0801
1167,264057512,2085.4611
1168,264057512,2086.8497
1169,264057512,2088.2383
1170,264057512,2089.6325
1171,264057512,2090.9454
1172,264057512,2092.3417
1173,264057512,2093.7322
1174,264057512,2095.1087
1175,239224775,2097.1507
1176,239224775,2099.1563
1177,239224775,2101.1618
1178,239224775,2103.1747
1179,239224775,2105.1905
1180,239224775,2107.1914
1181,239224775,2109.1313
1182,239224775,2111.1452
1183,239224775,2113.1571
1184,239224775,2115.158
1185,239224775,2117.1828
1186,239224775,2119.1901
1187,239224775,2121.2005
1188,239224775,2123.2057
1189,239224775,2125.2127
1190,239224775,2127.2229
1191,239224775,2129.1599
1192,239224775,2131.1597
1193,239224775,2133.1736
1194,239224775,2135.1887
1195,239224775,2137.1954
1196,239224775,2139.1989
1197,239224775,2141.2194
1198,239224775,2143.2246
1199,239224775,2145.2456
1200,239224775,2147.2696
1201,239224775,2149.2122
1202,239224775,2151.2236
1203,239224775,2153.2417
1204,239224775,2155.2402
1205,239224775,2157.2531
1206,239224775,2159.2664
1207,239224775,2161.2708
1208,239224775,2163.2793
1209,239224775,2165.2844
1210,239224775,2167.2854
1211,239224775,2169.226
1212,239224775,2171.243
1213,239224775,2173.2651
1214,239224775,2175.286
1215,239224775,2177.3067
1216,239224775,2179.3282
1217,239224775,2181.3488
1218,239224775,2183.3581
1219,239224775,2185.3676
1220,239224775,2187.3995
1221,239224775,2189.3498
1222,239224775,2191.3507
1223,239224775,2193.357
1224,239224775,2195.3743
1225,239224775,2197.3767
1226,239224775,2199.3867
1227,239224775,2201.4103
1228,239224775,2203.4209
1229,239224775,2205.4711
1230,239224775,2207.4737
1231,239224775,2209.4333
1232,239224775,2211.4511
1233,239224775,2213.4504
1234,239224775,2215.446
1235,239224775,2217.4433
1236,239224775,2219.4503
1237,239224775,2221.4663
1238,239224775,2223.4692
1239,239224775,2225.4886
1240,239224775,2227.4868
1241,239224775,2229.4263
1242,239224775,2231.431
1243,239224775,2233.447
1244,239224775,2235.4537
1245,239224775,2237.4673
1246,239224775,2239.4665
1247,239224775,2241.4649
1248,239224775,2243.4655
1249,239224775,2244.817
1250,239224775,2246.189
1251,239224775,2247.4848
1252,239224775,2248.849
1253,239224775,2250.242
1254,239224775,2251.6184
1255,239224775,2253.0102
1256,239224775,2254.3886
1257,239224775,2255.7796
1258,239224775,2257.159
1259,239224775,2258.5296
1260,239224775,2259.9388
1261,239224775,2261.2333
1262,239224775,2262.6178
1263,239224775,2264.0207
1264,239224775,2265.3966
1265,270105215,2266.7891
1266,270105215,2268.1657
1267,270105215,2269.5328
1268,270105215,2270.9064
1269,270105215,2272.3179
1270,270105215,2273.6899
1271,270105215,2274.985
1272,270105215,2276.3516
1273,270105215,2277.741
1274,270105215,2279.1172
1275,270105215,2280.4852
1276,270105215,2281.8509
1277,270105215,2283.2243
1278,270105215,2284.5899
1279,270105215,2285.9602
1280,270105215,2287.3325
1281,270105215,2288.6355
1282,270105215,2290.0127
1283,270105215,2291.3826
1284,270105215,2292.7514
1285,270105215,2294.1196
1286,270105215,2295.494
1287,270105215,2296.8618
1288,270105215,2298.2303
1289,270105215,2299.6014
1290,270105215,2300.9788
1291,270105215,2302.276
1292,270105215,2303.645
1293,270105215,2305.0206
1294,270105215,2306.408
1295,270105215,2307.7802
1296,270105215,2309.1583
1297,270105215,2310.5368
1298,270105215,2311.9173
1299,270105215,2313.3045
1300,270105215,2314.6881
1301,270105215,2316.0131
1302,270105215,2317.3905
1303,270105215,2318.7783
1304,270105215,2320.1873
1305,270105215,2321.5792
1306,270105215,2322.9678
1307,270105215,2324.3931
1308,270105215,2325.7802
1309,270105215,2327.1724
1310,270105215,2328.5787
1311,270105215,2329.8834
1312,270105215,2331.2663
1313,270105215,2332.6682
1314,270105215,2334.0597
1315,270105215,2335.4427
1316,270105215,2336.852
1317,270105215,2338.2367
1318,270105215,2339.6437
1319,270105215,2341.0365
1320,270105215,2342.4201
1321,270105215,2343.7258
1322,270105215,2345.0879
1323,270105215,2347.1018
1324,270105215,2349.1351
1325,270105215,2351.1389
1326,270105215,2353.1654
1327,270105215,2355.1708
1328,270105215,2357.1946
1329,270105215,2359.1934
1330,270105215,2361.2223
1331,270105215,2363.1598
1332,270105215,2365.1833
1333,270105215,2367.1828
1334,270105215,2369.2141
1335,270105215,2371.2322
1336,270105215,2373.2524
1337,270105215,2375.2681
1338,270105215,2377.2705
1339,270105215,2379.2761
1340,270105215,2381.2827
1341,270105215,2383.2202
1342,270105215,2385.2419
1343,270105215,2387.249
1344,270105215,2389.282
1345,270105215,2391.2926
1346,270105215,2393.3132
1347,270105215,2395.3201
1348,270105215,2397.3441
1349,270105215,2399.3574
1350,270105215,2401.3721
1351,270105215,2403.3111
1352,270105215,2405.3296
1353,270105215,2407.3235
1354,270105215,2409.3366
1355,270105215,2411.3414
1356,270105215,2413.3384
1357,270105215,2415.3501
1358,270105215,2417.3562
1359,270105215,2419.3605
1360,270105215,2421.369
1361,270105215,2423.3067
1362,270105215,2425.3069
1363,270105215,2427.3139
1364,270105215,2429.3221
1365,270105215,2431.3165
1366,270105215,2433.3149
1367,270105215,2435.3303
1368,270105215,2437.3296
1369,270105215,2439.3313
1370,270105215,2441.3435
1371,270105215,2443.2835
1372,270105215,2445.3076
1373,270105215,2447.3202
1374,270105215,2449.3264
1375,270105215,2451.3362
1376,270105215,2453.3369
1377,270105215,2455.3364
1378,270105215,2457.3349
1379,270105215,2459.3368
1380,270105215,2461.3461
1381,270105215,2463.2873
1382,270105215,2465.3178
1383,270105215,2467.3384
1384,270105215,2469.338
1385,270105215,2471.3513
1386,270105215,2473.3464
1387,270105215,2475.3586
1388,270105215,2477.3789
1389,270105215,2479.3831
1390,270105215,2481.4026
1391,270105215,2483.3393
1392,270105215,2485.3545
1393,270105215,2487.358
1394,270105215,2489.3665
1395,270105215,2491.3732
1396,270105215,2493.3832
1397,239224775,2494.7513
1398,239224775,2496.1235
1399,239224775,2497.4794
1400,239224775,2498.8475
1401,239224775,2500.142
1402,239224775,2501.4951
1403,239224775,2502.8541
1404,239224775,2504.2236
1405,239224775,2505.5758
1406,239224775,2506.9362
1407,239224775,2508.2925
1408,239224775,2509.6621
1409,239224775,2511.021
1410,239224775,2512.3848
1411,239224775,2513.6788
1412,239224775,2515.0374
1413,270105215,2516.4229
1414,270105215,2517.7962
1415,270105215,2519.1577
1416,270105215,2520.5284
1417,270105215,2521.8883
1418,270105215,2523.2563
1419,270105215,2524.6427
1420,270105215,2526.0013
1421,270105215,2527.2984
1422,270105215,2528.6534
1423,270105215,2530.0068
1424,270105215,2531.3687
1425,270105215,2532.7258
1426,270105215,2534.0766
1427,270105215,2535.4342
1428,270105215,2536.793
1429,270105215,2538.1465
1430,270105215,2539.501
1431,270105215,2540.7991
1432,270105215,2542.1655
1433,270105215,2543.5247
1434,270105215,2544.9135
1435,270105215,2546.2827
1436,270105215,2547.6519
1437,270105215,2549.023
1438,270105215,2550.3893
1439,270105215,2551.7524
1440,270105215,2553.1249
1441,270105215,2554.4229
1442,270105215,2555.794
1443,270105215,2557.1536
1444,270105215,2558.5245
1445,270105215,2559.9112
1446,270105215,2561.2712
1447,270105215,2562.6453
1448,270105215,2564.0232
1449,270105215,2565.39
1450,270105215,2566.7708
1451,270105215,2568.0848
1452,270105215,2569.4451
1453,270105215,2570.8138
1454,270105215,2572.1895
1455,270105215,2573.5741
1456,270105215,2574.9412
1457,270105215,2576.3337
1458,270105215,2577.7194
1459,270105215,2579.0956
1460,270105215,2580.481
1461,270105215,2581.7927
1462,270105215,2583.1632
1463,270105215,2584.5571
1464,270105215,2585.9372
1465,270105215,2587.3059
1466,270105215,2588.6941
1467,270105215,2590.0814
1468,270105215,2591.4599
1469,270105215,2592.8587
1470,270105215,2594.2287
1471,270105215,2596.1669
1472,270105215,2598.1634
1473,270105215,2600.1597
1474,270105215,2602.1586
1475,270105215,2604.1574
1476,270105215,2606.154
1477,270105215,2608.1565
1478,270105215,2610.1532
1479,270105215,2612.1499
1480,270105215,2614.1492
1481,270105215,2616.0863
1482,270105215,2618.0856
1483,270105215,2620.0871
1484,270105215,2622.0993
1485,270105215,2624.1091
1486,270105215,2626.1135
1487,270105215,2628.1146
1488,270105215,2630.1145
1489,270105215,2632.1262
1490,270105215,2634.1265
1491,270105215,2636.0619
1492,270105215,2638.067
1493,270105215,2640.0721
1494,270105215,2642.0723
1495,270105215,2644.0781
1496,270105215,2646.078
1497,270105215,2648.0777
1498,270105215,2650.0771
1499,270105215,2652.0796
1500,270105215,2654.0775
1501,270105215,2656.0157
1502,270105215,2658.0179
1503,270105215,2660.0193
1504,270105215,2662.1711
1505,270105215,2664.1718
1506,270105215,2666.1708
1507,270105215,2668.1711
1508,270105215,2670.1736
1509,270105215,2672.171
1510,270105215,2674.1719
1511,270105215,2676.1108
1512,270105215,2678.1166
1513,270105215,2680.1216
1514,270105215,2682.1356
1515,270105215,2684.1446
1516,270105215,2686.1444
1517,270105215,2688.1462
1518,270105215,2690.1442
1519,270105215,2692.3208
1520,270105215,2694.327
1521,270105215,2696.2631
1522,270105215,2698.2571
1523,270105215,2700.2542
1524,270105215,2702.2489
1525,270105215,2704.2463
1526,270105215,2706.2497
1527,270105215,2708.2463
1528,270105215,2710.2417
1529,270105215,2712.2397
1530,270105215,2714.2401
1531,270105215,2716.1773
1532,270105215,2718.1721
1533,270105215,2720.1648
1534,270105215,2722.1743
1535,270105215,2724.2006
1536,270105215,2726.1921
1537,270105215,2728.1865
1538,270105215,2730.1789
1539,270105215,2732.1712
1540,270105215,2734.1651
1541,270105215,2736.1038
1542,270105215,2738.0984
1543,270105215,2740.0954
1544,270105215,2742.0927
1545,239224775,2743.445
1546,239224775,2744.7981
1547,239224775,2746.1476
1548,239224775,2747.5012
1549,239224775,2748.8538
1550,239224775,2750.2072
1551,239224775,2751.5004
1552,239224775,2752.8667
1553,239224775,2754.2179
1554,239224775,2755.5737
1555,239224775,2756.949
1556,239224775,2758.3124
1557,239224775,2759.6675
1558,239224775,2761.0163
1559,239224775,2762.366
1560,239224775,2763.7186
1561,270105215,2765.0114
1562,270105215,2766.3965
1563,270105215,2767.7587
1564,270105215,2769.1086
1565,270105215,2770.4612
1566,270105215,2771.815
1567,270105215,2773.1661
1568,270105215,2774.5405
1569,270105215,2775.9039
1570,270105215,2777.2672
1571,270105215,2778.5661
1572,270105215,2779.9257
1573,270105215,2781.2792
1574,270105215,2782.6336
1575,270105215,2783.9974
1576,270105215,2785.3533
1577,270105215,2786.7115
1578,270105215,2788.0656
1579,270105215,2789.4238
1580,270105215,2790.7817
1581,270105215,2792.078
1582,270105215,2793.4338
1583,270105215,2794.7899
1584,270105215,2796.1442
1585,270105215,2797.5011
1586,270105215,2798.8706
1587,270105215,2800.2355
1588,270105215,2801.6052
1589,270105215,2802.9669
1590,270105215,2804.3252
1591,270105215,2805.6441
1592,270105215,2807.0116
1593,270105215,2808.3906
1594,270105215,2809.7777
1595,270105215,2811.1584
1596,270105215,2812.5251
1597,270105215,2813.906
1598,270105215,2815.2713
1599,270105215,2816.6471
1600,270105215,2818.0183
1601,270105215,2819.3254
1602,270105215,2820.7104
1603,270105215,2822.081
1604,270105215,2823.4408
1605,270105215,2824.8023
1606,270105215,2826.1668
1607,270105215,2827.5266
1608,270105215,2828.9114
1609,270105215,2830.2817
1610,270105215,2831.6676
1611,270105215,2832.9867
1612,270105215,2834.3506
1613,270105215,2835.7255
1614,270105215,2837.0996
1615,270105215,2838.4719
1616,270105215,2839.83
1617,270105215,2841.2054
1618,270105215,2842.5828
1619,270105215,2844.5917
1620,270105215,2846.5914
1621,270105215,2848.5286
1622,270105215,2850.534
1623,270105215,2852.5412
1624,270105215,2854.5412
1625,270105215,2856.538
1626,270105215,2858.5351
1627,270105215,2860.5321
1628,270105215,2862.5413
1629,270105215,2864.5834
1630,270105215,2866.5849
1631,270105215,2868.525
1632,270105215,2870.5394
1633,270105215,2872.5409
1634,270105215,2874.5495
1635,270105215,2876.5616
1636,270105215,2878.5751
1637,270105215,2880.5901
1638,270105215,2882.5903
1639,270105215,2884.609
1640,270105215,2886.6204
1641,270105215,2888.5661
1642,270105215,2890.5649
1643,270105215,2892.564
1644,270105215,2894.5619
1645,270105215,2896.5594
1646,270105215,2898.5575
1647,270105215,2900.5622
1648,270105215,2902.5621
1649,270105215,2904.5645
1650,270105215,2906.5659
1651,270105215,2908.5073
1652,270105215,2910.5059
1653,270105215,2912.5043
1654,270105215,2914.5004
1655,270105215,2916.5492
1656,270105215,2918.5538
1657,270105215,2920.5983
1658,270105215,2922.6082
1659,270105215,2924.6527
1660,270105215,2926.6545
1661,270105215,2928.5949
1662,270105215,2930.607
1663,270105215,2932.6321
1664,270105215,2934.6437
1665,270105215,2936.6898
1666,270105215,2938.6998
1667,270105215,2940.7005
1668,270105215,2942.7109
1669,270105215,2944.7424
1670,270105215,2946.757
1671,270105215,2948.6977
1672,270105215,2950.6915
1673,270105215,2952.737
1674,270105215,2954.7506
1675,270105215,2956.7881
1676,270105215,2958.797
1677,270105215,2960.815
1678,270105215,2962.8096
1679,270105215,2964.8087
1680,270105215,2966.8088
1681,270105215,2968.7461
1682,270105215,2970.7412
1683,270105215,2972.7408
1684,270105215,2974.7379
1685,270105215,2976.7319
1686,270105215,2978.7261
1687,270105215,2980.7265
1688,270105215,2982.72
1689,270105215,2984.7179
1690,270105215,2986.7099
1691,270105215,2988.6544
1692,270105215,2990.6478
1693,239224775,2992.0017
1694,239224775,2993.3515
1695,239224775,2994.7084
1696,239224775,2996.0605
1697,239224775,2997.4124
1698,239224775,2998.7713
1699,239224775,3000.1249
1700,239224775,3001.4832
1701,239224775,3002.778
1702,239224775,3004.1451
1703,239224775,3005.4995
1704,239224775,3006.8649
1705,239224775,3008.2522
1706,239224775,3009.6182
1707,239224775,3010.9862
1708,239224775,3012.3609
1709,270105215,3013.7318
1710,270105215,3015.0997
1711,270105215,3016.3937
1712,270105215,3017.7479
1713,270105215,3019.1186
1714,270105215,3020.4814
1715,270105215,3021.8396
1716,270105215,3023.2128
1717,270105215,3024.5932
1718,270105215,3025.9532
1719,270105215,3027.3208
1720,270105215,3028.7045
1721,270105215,3030.0049
1722,270105215,3031.3594
1723,270105215,3032.7269
1724,270105215,3034.0889
1725,270105215,3035.4477
1726,270105215,3036.8185
1727,270105215,3038.1852
1728,270105215,3039.5493
1729,270105215,3040.9173
1730,270105215,3042.2917
1731,270105215,3043.5951
1732,270105215,3044.9679
1733,270105215,3046.3401
1734,270105215,3047.7208
1735,270105215,3049.0895
1736,270105215,3050.456
1737,270105215,3051.822
1738,270105215,3053.1913
1739,270105215,3054.562
1740,270105215,3055.9344
1741,270105215,3057.2441
1742,270105215,3058.6025
1743,270105215,3059.9833
1744,270105215,3061.3422
1745,270105215,3062.7268
1746,270105215,3064.1042
1747,270105215,3065.4696
1748,270105215,3066.8443
1749,270105215,3068.2322
1750,270105215,3069.6115
1751,270105215,3070.9198
1752,270105215,3072.3166
1753,270105215,3073.7146
1754,270105215,3075.1056
1755,270105215,3076.4994
1756,270105215,3077.886
1757,270105215,3079.2681
1758,270105215,3080.6466
1759,270105215,3082.0232
1760,270105215,3083.3856
1761,270105215,3084.6967
1762,270105215,3086.0765
1763,270105215,3087.4475
1764,270105215,3088.8347
1765,270105215,3090.2144
1766,270105215,3091.7404
1767,270105215,3093.7543
1768,270105215,3095.7674
1769,270105215,3097.7833
1770,270105215,3099.7953
1771,270105215,3101.7364
1772,270105215,3103.7457
1773,270105215,3105.7627
1774,270105215,3107.7769
1775,270105215,3109.7836
1776,270105215,3111.8014
1777,270105215,3113.8145
1778,270105215,3115.8242
1779,270105215,3117.8396
1780,270105215,3119.851
1781,270105215,3121.7899
1782,270105215,3123.8028
1783,270105215,3125.8186
1784,270105215,3127.8298
1785,270105215,3129.8391
1786,270105215,3131.8473
1787,270105215,3133.8568
1788,270105215,3135.8685
1789,270105215,3137.8821
1790,270105215,3139.8971
1791,270105215,3141.8388
1792,270105215,3143.85
1793,270105215,3145.8723
1794,270105215,3147.8834
1795,270105215,3149.8944
1796,270105215,3151.902
1797,270105215,3153.9432
1798,270105215,3155.9595
1799,270105215,3157.9659
1800,270105215,3159.9751
1801,270105215,3161.9202
1802,270105215,3163.9244
1803,270105215,3165.9326
1804,270105215,3167.9401
1805,270105215,3169.9448
1806,270105215,3171.9508
1807,270105215,3173.9593
1808,270105215,3175.9675
1809,270105215,3177.9743
1810,270105215,3179.9811
1811,270105215,3181.9224
1812,270105215,3183.9291
1813,270105215,3185.9393
1814,270105215,3187.9443
1815,270105215,3189.9508
1816,270105215,3191.9539
1817,270105215,3193.9596
1818,270105215,3195.968
1819,270105215,3198.1146
1820,270105215,3200.1219
1821,270105215,3202.0662
1822,270105215,3204.0682
1823,270105215,3206.0822
1824,270105215,3208.0919
1825,270105215,3210.1024
1826,270105215,3212.1175
1827,270105215,3214.1268
1828,270105215,3216.128
1829,270105215,3218.1251
1830,270105215,3220.1272
1831,270105215,3222.0652
1832,270105215,3224.0612
1833,270105215,3226.06
1834,270105215,3228.0618
1835,270105215,3230.0644
1836,270105215,3232.066
1837,270105215,3234.0684
1838,270105215,3236.0684
1839,270105215,3238.0701
1840,270105215,3240.0678
1841,239224775,3241.3651
1842,239224775,3242.73
1843,239224775,3244.1185
1844,239224775,3245.4732
1845,239224775,3246.834
1846,239224775,3248.1983
1847,239224775,3249.5537
1848,239224775,3250.9139
1849,239224775,3252.3017
1850,239224775,3253.6912
1851,239224775,3254.988
1852,239224775,3256.3725
1853,239224775,3257.7622
1854,239224775,3259.124
1855,239224775,3260.5101
1856,239224775,3261.8681
1857,270105215,3263.237
1858,270105215,3264.5988
1859,270105215,3265.9737
1860,270105215,3267.3383
1861,270105215,3268.6346
1862,270105215,3270.0114
1863,270105215,3271.37
1864,270105215,3272.7436
1865,270105215,3274.1153
1866,270105215,3275.4848
1867,270105215,3276.8451
1868,270105215,3278.2194
1869,270105215,3279.5896
1870,270105215,3280.9603
1871,270105215,3282.274
1872,270105215,3283.6363
1873,270105215,3285.0149
1874,270105215,3286.4016
1875,270105215,3287.7663
1876,270105215,3289.1391
1877,270105215,3290.5107
1878,270105215,3291.87
1879,270105215,3293.2401
1880,270105215,3294.6297
1881,270105215,3295.9285
1882,270105215,3297.2929
1883,270105215,3298.661
1884,270105215,3300.0346
1885,270105215,3301.4024
1886,270105215,3302.7628
1887,270105215,3304.1199
1888,270105215,3305.4899
1889,270105215,3306.855
1890,270105215,3308.2289
1891,270105215,3309.5329
1892,270105215,3310.9063
1893,270105215,3312.2887
1894,270105215,3313.6689
1895,270105215,3315.0338
1896,270105215,3316.4338
1897,270105215,3317.8415
1898,270105215,3319.2172
1899,270105215,3320.6073
1900,270105215,3322.0004
1901,270105215,3323.3069
1902,270105215,3324.6874
1903,270105215,3326.0699
1904,270105215,3327.451
1905,270105215,3328.83
1906,270105215,3330.1996
1907,270105215,3331.5666
1908,270105215,3332.9541
1909,270105215,3334.3201
1910,270105215,3335.701
1911,270105215,3337.0067
1912,270105215,3338.3794
1913,270105215,3339.7656
1914,270105215,3341.1458
1915,270105215,3343.1521
1916,270105215,3345.1734
1917,270105215,3347.1709
1918,270105215,3349.174
1919,270105215,3351.1765
1920,270105215,3353.1926
1921,270105215,3355.1306
1922,270105215,3357.1281
1923,270105215,3359.1323
1924,270105215,3361.1471
1925,270105215,3363.1454
1926,270105215,3365.172
1927,270105215,3367.1808
1928,270105215,3369.1862
1929,270105215,3371.1804
1930,270105215,3373.1789
1931,270105215,3375.1168
1932,270105215,3377.1464
1933,270105215,3379.1479
1934,270105215,3381.1596
1935,270105215,3383.1622
1936,270105215,3385.1807
1937,270105215,3387.1795
1938,270105215,3389.2
1939,270105215,3391.2008
1940,270105215,3393.1977
1941,270105215,3395.1361
1942,270105215,3397.1478
1943,270105215,3399.1546
1944,270105215,3401.1519
1945,270105215,3403.1528
1946,270105215,3405.1822
1947,270105215,3407.1946
1948,270105215,3409.2126
1949,270105215,3411.2187
1950,270105215,3413.2369
1951,270105215,3415.1757
1952,270105215,3417.1891
1953,270105215,3419.1957
1954,270105215,3421.2073
1955,270105215,3423.2257
1956,270105215,3425.2337
1957,270105215,3427.2319
1958,270105215,3429.251
1959,270105215,3431.2636
1960,270105215,3433.2852
1961,270105215,3435.2357
1962,270105215,3437.2331
1963,270105215,3439.2507
1964,270105215,3441.248
1965,270105215,3443.2537
1966,270105215,3445.261
1967,270105215,3447.2735
1968,270105215,3449.2786
1969,270105215,3451.2765
1970,270105215,3453.2953
1971,270105215,3455.2312
1972,270105215,3457.2439
1973,270105215,3459.2539
1974,270105215,3461.2503
1975,270105215,3463.2652
1976,270105215,3465.2738
1977,270105215,3467.2704
1978,270105215,3469.2927
1979,270105215,3471.2966
1980,270105215,3473.3119
1981,270105215,3475.2497
1982,270105215,3477.253
1983,270105215,3479.2617
1984,270105215,3481.2709
1985,270105215,3483.2802
1986,270105215,3485.2758
1987,270105215,3487.2881
1988,270105215,3489.3124
1989,239224775,3490.69
1990,239224775,3492.0536
1991,239224775,3493.3475
1992,239224775,3494.7268
1993,239224775,3496.1178
1994,239224775,3497.4749
1995,239224775,3498.8547
1996,239224775,3500.2528
1997,239224775,3501.6205
1998,239224775,3502.9876
1999,239224775,3504.3893
2000,239224775,3505.7537
2001,239224775,3507.0491
2002,239224775,3508.4304
2003,239224775,3509.7943
2004,239224775,3511.1618
2005,270105215,3512.5508
2006,270105215,3513.9096
2007,270105215,3515.2742
2008,270105215,3516.6476
2009,270105215,3518.0046
2010,270105215,3519.3655
2011,270105215,3520.6849
2012,270105215,3522.0457
2013,270105215,3523.4013
2014,270105215,3524.7797
2015,270105215,3526.1464
2016,270105215,3527.5083
2017,270105215,3528.8815
2018,270105215,3530.2522
2019,270105215,3531.6218
2020,270105215,3532.9961
2021,270105215,3534.3022
2022,270105215,3535.6627
2023,270105215,3537.0336
2024,270105215,3538.4049
2025,270105215,3539.7877
2026,270105215,3541.1533
2027,270105215,3542.5202
2028,270105215,3543.9224
2029,270105215,3545.2888
2030,270105215,3546.658
2031,270105215,3547.9566
2032,270105215,3549.3236
2033,270105215,3550.6869
2034,270105215,3552.0467
2035,270105215,3553.4068
2036,270105215,3554.7908
2037,270105215,3556.1865
2038,270105215,3557.5625
2039,270105215,3558.9391
2040,270105215,3560.315
2041,270105215,3561.6196
2042,270105215,3562.9887
2043,270105215,3564.3613
2044,270105215,3565.7322
2045,270105215,3567.105
2046,270105215,3568.4757
2047,270105215,3569.8648
2048,270105215,3571.2387
2049,270105215,3572.6419
2050,270105215,3574.0194
2051,270105215,3575.3284
2052,270105215,3576.6999
2053,270105215,3578.0761
2054,270105215,3579.4453
2055,270105215,3580.8293
2056,270105215,3582.2131
2057,270105215,3583.5853
2058,270105215,3584.9705
2059,270105215,3586.3496
2060,270105215,3587.7233
2061,270105215,3589.0321
2062,270105215,3590.3982
2063,270105215,3592.4192
2064,270105215,3594.4282
2065,270105215,3596.4351
2066,270105215,3598.4439
2067,270105215,3600.4478
2068,270105215,3602.4508
2069,270105215,3604.4502
2070,270105215,3606.4687
2071,270105215,3608.4108
2072,270105215,3610.4117
2073,270105215,3612.413
2074,270105215,3614.4253
2075,270105215,3616.4298
2076,270105215,3618.4342
2077,270105215,3620.4337
2078,270105215,3622.441
2079,270105215,3624.4576
2080,270105215,3626.4682
2081,270105215,3628.4057
2082,270105215,3630.4136
2083,270105215,3632.428
2084,270105215,3634.4392
2085,270105215,3636.4579
2086,270105215,3638.4724
2087,270105215,3640.4938
2088,270105215,3642.5002
2089,270105215,3644.5036
2090,270105215,3646.5086
2091,270105215,3648.455
2092,270105215,3650.4681
2093,270105215,3652.4734
2094,270105215,3654.4924
2095,270105215,3656.4909
2096,270105215,3658.4899
2097,270105215,3660.4994
2098,270105215,3662.5003
2099,270105215,3664.5008
2100,270105215,3666.5048
2101,270105215,3668.4474
2102,270105215,3670.4524
2103,270105215,3672.4559
2104,270105215,3674.459
2105,270105215,3676.4738
2106,270105215,3678.4839
2107,270105215,3680.4823
2108,270105215,3682.4864
2109,270105215,3684.5083
2110,270105215,3686.514
2111,270105215,3688.4526
2112,270105215,3690.4652
2113,270105215,3692.4707
2114,270105215,3694.4778
2115,270105215,3696.4968
2116,270105215,3698.5032
2117,270105215,3700.5274
2118,270105215,3702.5521
2119,270105215,3704.5572
2120,270105215,3706.5597
2121,270105215,3708.4993
2122,270105215,3710.5064
2123,270105215,3712.5107
2124,270105215,3714.5186
2125,270105215,3716.5286
2126,270105215,3718.5317
2127,270105215,3720.5386
2128,270105215,3722.5498
2129,270105215,3724.5528
2130,270105215,3726.5597
2131,270105215,3728.4986
2132,270105215,3730.5033
2133,270105215,3732.5143
2134,270105215,3734.5182
2135,270105215,3736.5283
2136,270105215,3738.536
2137,239224775,3739.8969
2138,239224775,3741.2616
2139,239224775,3742.6306
2140,239224775,3743.9953
2141,239224775,3745.289
2142,239224775,3746.6587
2143,239224775,3748.0212
2144,239224775,3749.385
2145,239224775,3750.7644
2146,239224775,3752.1303
2147,239224775,3753.4883
2148,239224775,3754.8574
2149,239224775,3756.2371
2150,239224775,3757.6042
2151,239224775,3758.8999
2152,239224775,3760.2766
2153,270105215,3761.6428
2154,270105215,3762.9989
2155,270105215,3764.3739
2156,270105215,3765.7289
2157,270105215,3767.1021
2158,270105215,3768.4838
2159,270105215,3769.8666
2160,270105215,3771.2377
2161,270105215,3772.5342
2162,270105215,3773.9208
2163,270105215,3775.2763
2164,270105215,3776.6333
2165,270105215,3777.9915
2166,270105215,3779.3487
2167,270105215,3780.7054
2168,270105215,3782.0617
2169,270105215,3783.4185
2170,270105215,3784.7798
2171,270105215,3786.0784
2172,270105215,3787.4306
2173,270105215,3788.7859
2174,270105215,3790.1484
2175,270105215,3791.5075
2176,270105215,3792.8667
2177,270105215,3794.2526
2178,270105215,3795.6362
2179,270105215,3797.0069
2180,270105215,3798.3758
2181,270105215,3799.6817
2182,270105215,3801.0528
2183,270105215,3802.4158
2184,270105215,3803.7968
2185,270105215,3805.1663
2186,270105215,3806.5673
2187,270105215,3807.9895
2188,270105215,3809.3546
2189,270105215,3810.7376
2190,270105215,3812.1308
2191,270105215,3813.4362
2192,270105215,3814.8266
2193,270105215,3816.1916
2194,270105215,3817.5696
2195,270105215,3818.9494
2196,270105215,3820.3415
2197,270105215,3821.7184
2198,270105215,3823.0938
2199,270105215,3824.4888
2200,270105215,3825.8553
2201,270105215,3827.1678
2202,270105215,3828.5434
2203,270105215,3829.9097
2204,270105215,3831.2786
2205,270105215,3832.6683
2206,270105215,3834.035
2207,270105215,3835.4057
2208,270105215,3836.8207
2209,270105215,3838.1914
2210,270105215,3839.5902
2211,270105215,3841.5482
2212,270105215,3843.5655
2213,270105215,3845.5854
2214,270105215,3847.5834
2215,270105215,3849.5999
2216,270105215,3851.617
2217,270105215,3853.6291
2218,270105215,3855.6423
2219,270105215,3857.6583
2220,270105215,3859.665
2221,270105215,3861.6036
2222,270105215,3863.6132
2223,270105215,3865.6215
2224,270105215,3867.6416
2225,270105215,3869.6531
2226,270105215,3871.666
2227,270105215,3873.6868
2228,270105215,3875.7008
2229,270105215,3877.7131
2230,270105215,3879.7288
2231,270105215,3881.6677
2232,270105215,3883.6827
2233,270105215,3885.7004
2234,270105215,3887.7198
2235,270105215,3889.7341
2236,270105215,3891.7508
2237,270105215,3893.7734
2238,270105215,3895.789
2239,270105215,3897.7955
2240,270105215,3899.8052
2241,270105215,3901.745
2242,270105215,3903.7642
2243,270105215,3905.7749
2244,270105215,3907.7726
2245,270105215,3909.7885
2246,270105215,3911.7962
2247,270105215,3913.8018
2248,270105215,3915.8135
2249,270105215,3917.8318
2250,270105215,3919.8366
2251,270105215,3921.7767
2252,270105215,3923.7909
2253,270105215,3925.7884
2254,270105215,3927.7937
2255,270105215,3929.7923
2256,270105215,3931.7985
2257,270105215,3933.8024
2258,270105215,3935.7999
2259,270105215,3937.8135
2260,270105215,3939.8264
2261,270105215,3941.7662
2262,270105215,3943.7851
2263,270105215,3945.7982
2264,270105215,3947.807
2265,270105215,3949.8132
2266,270105215,3951.8172
2267,270105215,3953.8261
2268,270105215,3955.8329
2269,270105215,3957.8495
2270,270105215,3959.8657
2271,270105215,3961.8051
2272,270105215,3963.8097
2273,270105215,3965.817
2274,270105215,3967.815
2275,270105215,3969.8142
2276,270105215,3971.8132
2277,270105215,3973.8177
2278,270105215,3975.8155
2279,270105215,3977.8147
2280,270105215,3979.823
2281,270105215,3981.7627
2282,270105215,3983.7734
2283,270105215,3985.783
2284,270105215,3987.7889
2285,239224775,3989.1521
2286,239224775,3990.532
2287,239224775,3991.8886
2288,239224775,3993.2623
2289,239224775,3994.6426
2290,239224775,3996.0233
2291,239224775,3997.3169
2292,239224775,3998.7003
2293,239224775,4000.0912
2294,239224775,4001.4479
2295,239224775,4002.8251
2296,239224775,4004.2148
2297,239224775,4005.583
2298,239224775,4006.9598
2299,239224775,4008.3252
2300,239224775,4009.6919
2301,270105215,4010.9893
2302,270105215,4012.3821
2303,270105215,4013.7552
2304,270105215,4015.122
2305,270105215,4016.5127
2306,270105215,4017.8766
2307,270105215,4019.2511
2308,270105215,4020.6313
2309,270105215,4021.9873
2310,270105215,4023.3529
2311,270105215,4024.6577
2312,270105215,4026.0161
2313,270105215,4027.3836
2314,270105215,4028.7552
2315,270105215,4030.1312
2316,270105215,4031.5023
2317,270105215,4032.8759
2318,270105215,4034.2691
2319,270105215,4035.6353
2320,270105215,4037.0115
2321,270105215,4038.3177
2322,270105215,4039.6832
2323,270105215,4041.0548
2324,270105215,4042.418
2325,270105215,4043.8176
2326,270105215,4045.1942
2327,270105215,4046.5646
2328,270105215,4047.957
2329,270105215,4049.3352
2330,270105215,4050.7156
2331,270105215,4052.0491
2332,270105215,4053.4143
2333,270105215,4054.806
2334,270105215,4056.1702
2335,270105215,4057.529
2336,270105215,4058.9158
2337,270105215,4060.3228
2338,270105215,4061.6911
2339,270105215,4063.0678
2340,270105215,4064.4681
2341,270105215,4065.7769
2342,270105215,4067.1464
2343,270105215,4068.538
2344,270105215,4069.9111
2345,270105215,4071.2822
2346,270105215,4072.6712
2347,270105215,4074.0393
2348,270105215,4075.4093
2349,270105215,4076.8055
2350,270105215,4078.1799
2351,270105215,4079.486
2352,270105215,4080.8775
2353,270105215,4082.2735
2354,270105215,4083.651
2355,270105215,4085.0188
2356,270105215,4086.3799
2357,270105215,4087.7415
2358,270105215,4089.1089
2359,270105215,4091.1069
2360,270105215,4093.1047
2361,270105215,4095.0439
2362,270105215,4097.0397
2363,270105215,4099.0439
2364,270105215,4101.0424
2365,270105215,4103.0396
2366,270105215,4105.0393
2367,270105215,4107.0482
2368,270105215,4109.0513
2369,270105215,4111.0822
2370,270105215,4113.089
2371,270105215,4115.0273
2372,270105215,4117.0305
2373,270105215,4119.0362
2374,270105215,4121.0533
2375,270105215,4123.0586
2376,270105215,4125.0629
2377,270105215,4127.0707
2378,270105215,4129.0804
2379,270105215,4131.0856
2380,270105215,4133.0887
2381,270105215,4135.0323
2382,270105215,4137.0437
2383,270105215,4139.0589
2384,270105215,4141.0643
2385,270105215,4143.0767
2386,270105215,4145.097
2387,270105215,4147.1064
2388,270105215,4149.1265
2389,270105215,4151.1434
2390,270105215,4153.1557
2391,270105215,4155.0969
2392,270105215,4157.1095
2393,270105215,4159.1166
2394,270105215,4161.1323
2395,270105215,4163.1474
2396,270105215,4165.1631
2397,270105215,4167.1839
2398,270105215,4169.1918
2399,270105215,4171.1939
2400,270105215,4173.2044
2401,270105215,4175.1449
2402,270105215,4177.1642
2403,270105215,4179.1686
2404,270105215,4181.1758
2405,270105215,4183.1869
2406,270105215,4185.1965
2407,270105215,4187.196
2408,270105215,4189.2058
2409,270105215,4191.2117
2410,270105215,4193.2196
2411,270105215,4195.1598
2412,270105215,4197.1754
2413,270105215,4199.1768
2414,270105215,4201.1906
2415,270105215,4203.198
2416,270105215,4205.2087
2417,270105215,4207.2114
2418,270105215,4209.2084
2419,270105215,4211.2041
2420,270105215,4213.2116
2421,270105215,4215.1515
2422,270105215,4217.1621
2423,270105215,4219.1698
2424,270105215,4221.1854
2425,270105215,4223.1912
2426,270105215,4225.202
2427,270105215,4227.2044
2428,270105215,4229.2154
2429,270105215,4231.2298
2430,270105215,4233.2321
2431,270105215,4235.173
2432,270105215,4237.1705
2433,239224775,4238.5365
2434,239224775,4239.8913
2435,239224775,4241.2474
2436,239224775,4242.6059
2437,239224775,4243.9662
2438,239224775,4245.332
2439,239224775,4246.6941
2440,239224775,4248.0766
2441,239224775,4249.3707
2442,239224775,4250.7387
2443,239224775,4252.1194
2444,239224775,4253.4854
2445,239224775,4254.8467
2446,239224775,4256.2181
2447,239224775,4257.5894
2448,239224775,4258.9495
2449,270105215,4260.329
2450,270105215,4261.6934
2451,270105215,4262.9924
2452,270105215,4264.3589
2453,270105215,4265.7142
2454,270105215,4267.0854
2455,270105215,4268.4627
2456,270105215,4269.8254
2457,270105215,4271.1902
2458,270105215,4272.5665
2459,270105215,4273.93
2460,270105215,4275.2998
2461,270105215,4276.5971
2462,270105215,4277.9629
2463,270105215,4279.3307
2464,270105215,4280.7002
2465,270105215,4282.0716
2466,270105215,4283.434
2467,270105215,4284.7952
2468,270105215,4286.1523
2469,270105215,4287.5217
2470,270105215,4288.8993
2471,270105215,4290.2052
2472,270105215,4291.5731
2473,270105215,4292.96
2474,270105215,4294.3329
2475,270105215,4295.7075
2476,270105215,4297.0806
2477,270105215,4298.4608
2478,270105215,4299.8291
2479,270105215,4301.1972
2480,270105215,4302.5711
2481,270105215,4303.8767
2482,270105215,4305.2512
2483,270105215,4306.6256
2484,270105215,4308.0244
2485,270105215,4309.396
2486,270105215,4310.7782
2487,270105215,4312.1739
2488,270105215,4313.5408
2489,270105215,4314.9232
2490,270105215,4316.3172
2491,270105215,4317.6341
2492,270105215,4319.0136
2493,270105215,4320.4139
2494,270105215,4321.7818
2495,270105215,4323.1591
2496,270105215,4324.5477
2497,270105215,4325.9137
2498,270105215,4327.2881
2499,270105215,4328.6752
2500,270105215,4330.0362
2501,270105215,4331.3464
2502,270105215,4332.7129
2503,270105215,4334.0788
2504,270105215,4335.4423
2505,270105215,4336.8073
2506,270105215,4338.1924
2507,270105215,4340.2102
2508,270105215,4342.2246
2509,270105215,4344.2542
2510,270105215,4346.2731
2511,270105215,4348.2149
2512,270105215,4350.228
2513,270105215,4352.2317
2514,270105215,4354.2321
2515,270105215,4356.2498
2516,270105215,4358.2569
2517,270105215,4360.2845
2518,270105215,4362.2972
2519,270105215,4364.2979
2520,270105215,4366.3054
2521,270105215,4368.242
2522,270105215,4370.2472
2523,270105215,4372.2469
2524,270105215,4374.2711
2525,270105215,4376.268
2526,270105215,4378.2688
2527,270105215,4380.2889
2528,270105215,4382.2873
2529,270105215,4384.2839
2530,270105215,4386.3003
2531,270105215,4388.2372
2532,270105215,4390.246
2533,270105215,4392.2637
2534,270105215,4394.265
2535,270105215,4396.2856
2536,270105215,4398.2998
2537,270105215,4400.2952
2538,270105215,4402.3069
2539,270105215,4404.3132
2540,270105215,4406.3101
2541,270105215,4408.2497
2542,270105215,4410.2597
2543,270105215,4412.2647
2544,270105215,4414.2782
2545,270105215,4416.2811
2546,270105215,4418.2903
2547,270105215,4420.2976
2548,270105215,4422.2966
2549,270105215,4424.302
2550,270105215,4426.3
2551,270105215,4428.238
2552,270105215,4430.2505
2553,270105215,4432.2584
2554,270105215,4434.2709
2555,270105215,4436.277
2556,270105215,4438.2861
2557,270105215,4440.3086
2558,270105215,4442.3068
2559,270105215,4444.3078
2560,270105215,4446.3157
2561,270105215,4448.2529
2562,270105215,4450.2543
2563,270105215,4452.2653
2564,270105215,4454.2684
2565,270105215,4456.2914
2566,270105215,4458.3086
2567,270105215,4460.3162
2568,270105215,4462.3216
2569,270105215,4464.3306
2570,270105215,4466.3328
2571,270105215,4468.2698
2572,270105215,4470.2815
2573,270105215,4472.2874
2574,270105215,4474.2896
2575,270105215,4476.3
2576,270105215,4478.3044
2577,270105215,4480.3101
2578,270105215,4482.3265
2579,270105215,4484.3317
2580,270105215,4486.3339
2581,239224775,4487.6383
2582,239224775,4489.0076
2583,239224775,4490.3853
2584,239224775,4491.7393
2585,239224775,4493.1142
2586,239224775,4494.4807
2587,239224775,4495.8333
2588,239224775,4497.1932
2589,239224775,4498.5564
2590,239224775,4499.92
2591,239224775,4501.2127
2592,239224775,4502.5786
2593,239224775,4503.9336
2594,239224775,4505.2985
2595,239224775,4506.656
2596,239224775,4508.005
2597,270105215,4509.3604
2598,270105215,4510.7093
2599,270105215,4512.0646
2600,270105215,4513.4151
2601,270105215,4514.7113
2602,270105215,4516.0674
2603,270105215,4517.4204
2604,270105215,4518.7788
2605,270105215,4520.1371
2606,270105215,4521.5006
2607,270105215,4522.8652
2608,270105215,4524.2433
2609,270105215,4525.6141
2610,270105215,4526.9702
2611,270105215,4528.2664
2612,270105215,4529.635
2613,270105215,4530.9924
2614,270105215,4532.3814
2615,270105215,4533.7426
2616,270105215,4535.1135
2617,270105215,4536.483
2618,270105215,4537.8451
2619,270105215,4539.2199
2620,270105215,4540.5817
2621,270105215,4541.8807
2622,270105215,4543.2496
2623,270105215,4544.625
2624,270105215,4545.981
2625,270105215,4547.3451
2626,270105215,4548.7142
2627,270105215,4550.0827
2628,270105215,4551.4423
2629,270105215,4552.8103
2630,270105215,4554.1737
2631,270105215,4555.4766
2632,270105215,4556.8398
2633,270105215,4558.2081
2634,270105215,4559.5805
2635,270105215,4560.9559
2636,270105215,4562.3338
2637,270105215,4563.7063
2638,270105215,4565.0774
2639,270105215,4566.4476
2640,270105215,4567.8429
2641,270105215,4569.16
2642,270105215,4570.5486
2643,270105215,4571.9307
2644,270105215,4573.3007
2645,270105215,4574.7019
2646,270105215,4576.0982
2647,270105215,4577.4627
2648,270105215,4578.8319
2649,270105215,4580.1893
2650,270105215,4581.547
2651,270105215,4582.8506
2652,270105215,4584.2112
2653,270105215,4585.5878
2654,270105215,4586.9475
2655,270105215,4588.9401
2656,270105215,4590.9371
2657,270105215,4592.934
2658,270105215,4594.9263
2659,270105215,4596.9235
2660,270105215,4598.9171
2661,270105215,4600.8557
2662,270105215,4602.8544
2663,270105215,4604.849
2664,270105215,4606.8465
2665,270105215,4608.8456
2666,270105215,4610.8415
2667,270105215,4612.8748
2668,270105215,4614.8922
2669,270105215,4616.9053
2670,270105215,4618.9211
2671,270105215,4620.8656
2672,270105215,4622.8751
2673,270105215,4624.9073
2674,270105215,4626.9194
2675,270105215,4628.9621
2676,270105215,4630.9663
2677,270105215,4632.9959
2678,270105215,4635.0059
2679,270105215,4637.0336
2680,270105215,4639.0436
2681,270105215,4640.9827
2682,270105215,4642.9957
2683,270105215,4645.0366
2684,270105215,4647.0462
2685,270105215,4649.1048
2686,270105215,4651.1156
2687,270105215,4653.1531
2688,270105215,4655.1536
2689,270105215,4657.1777
2690,270105215,4659.1847
2691,270105215,4661.1515
2692,270105215,4663.1578
2693,270105215,4665.2045
2694,270105215,4667.2198
2695,270105215,4669.2377
2696,270105215,4671.2671
2697,270105215,4673.2912
2698,270105215,4675.3021
2699,270105215,4677.3262
2700,270105215,4679.3383
2701,270105215,4681.2769
2702,270105215,4683.2865
2703,270105215,4685.3086
2704,270105215,4687.3232
2705,270105215,4689.337
2706,270105215,4691.3345
2707,270105215,4693.3331
2708,270105215,4695.3328
2709,270105215,4697.3321
2710,270105215,4699.3284
2711,270105215,4701.2658
2712,270105215,4703.2782
2713,270105215,4705.2787
2714,270105215,4707.2804
2715,270105215,4709.2873
2716,270105215,4711.2861
2717,270105215,4713.2889
2718,270105215,4715.289
2719,270105215,4717.2957
2720,270105215,4719.2978
2721,270105215,4721.2339
2722,270105215,4723.2361
2723,270105215,4725.2467
2724,270105215,4727.2698
2725,270105215,4729.2809
2726,270105215,4731.3028
2727,270105215,4733.312
2728,270105215,4735.3248
2729,239224775,4736.6978
2730,239224775,4738.0502
2731,239224775,4739.3426
2732,239224775,4740.7155
2733,239224775,4742.075
2734,239224775,4743.4419
2735,239224775,4744.8015
2736,239224775,4746.1677
2737,239224775,4747.5172
2738,239224775,4748.8749
2739,239224775,4750.2331
2740,239224775,4751.5933
2741,239224775,4752.8859
2742,239224775,4754.2448
2743,239224775,4755.601
2744,239224775,4756.957
2745,270105215,4758.3131
2746,270105215,4759.6722
2747,270105215,4761.0327
2748,270105215,4762.3883
2749,270105215,4763.7523
2750,270105215,4765.1359
2751,270105215,4766.4324
2752,270105215,4767.788
2753,270105215,4769.149
2754,270105215,4770.524
2755,270105215,4771.8824
2756,270105215,4773.2483
2757,270105215,4774.6196
2758,270105215,4776.0059
2759,270105215,4777.3721
2760,270105215,4778.7359
2761,270105215,4780.0459
2762,270105215,4781.4098
2763,270105215,4782.776
2764,270105215,4784.1425
2765,270105215,4785.5036
2766,270105215,4786.8822
2767,270105215,4788.2619
2768,270105215,4789.6251
2769,270105215,4790.9925
2770,270105215,4792.3587
2771,270105215,4793.6581
2772,270105215,4795.0299
2773,270105215,4796.3956
2774,270105215,4797.7649
2775,270105215,4799.1295
2776,270105215,4800.5028
2777,270105215,4801.8712
2778,270105215,4803.2413
2779,270105215,4804.6249
2780,270105215,4806.0083
2781,270105215,4807.3201
2782,270105215,4808.691
2783,270105215,4810.0558
2784,270105215,4811.4204
2785,270105215,4812.7826
2786,270105215,4814.1743
2787,270105215,4815.5351
2788,270105215,4816.9016
2789,270105215,4818.2931
2790,270105215,4819.6562
2791,270105215,4820.9729
2792,270105215,4822.3564
2793,270105215,4823.7507
2794,270105215,4825.1276
2795,270105215,4826.5173
2796,270105215,4827.9094
2797,270105215,4829.285
2798,270105215,4830.6597
2799,270105215,4832.0241
2800,270105215,4833.3891
2801,270105215,4834.7027
2802,270105215,4836.0916
2803,270105215,4838.1053
2804,270105215,4840.1103
2805,270105215,4842.1201
2806,270105215,4844.1238
2807,270105215,4846.1245
2808,270105215,4848.1322
2809,270105215,4850.13
2810,270105215,4852.1324
2811,270105215,4854.0703
2812,270105215,4856.0751
2813,270105215,4858.0852
2814,270105215,4860.096
2815,270105215,4862.0968
2816,270105215,4864.0991
2817,270105215,4866.0992
2818,270105215,4868.1064
2819,270105215,4870.1066
2820,270105215,4872.1398
2821,270105215,4874.0753
2822,270105215,4876.0769
2823,270105215,4878.0796
2824,270105215,4880.081
2825,270105215,4882.0841
2826,270105215,4884.0816
2827,270105215,4886.0857
2828,270105215,4888.0971
2829,270105215,4890.099
2830,270105215,4892.1066
2831,270105215,4894.0459
2832,270105215,4896.0538
2833,270105215,4898.0549
2834,270105215,4900.0583
2835,270105215,4902.0671
2836,270105215,4904.0749
2837,270105215,4906.0756
2838,270105215,4908.0791
2839,270105215,4910.0833
2840,270105215,4912.0975
2841,270105215,4914.0363
2842,270105215,4916.0373
2843,270105215,4918.0431
2844,270105215,4920.0483
2845,270105215,4922.0465
2846,270105215,4924.0487
2847,270105215,4926.0596
2848,270105215,4928.0624
2849,270105215,4930.0636
2850,270105215,4932.0646
2851,270105215,4934.0018
2852,270105215,4936.0057
2853,270105215,4938.011
2854,270105215,4940.0172
2855,270105215,4942.0257
2856,270105215,4944.0315
2857,270105215,4946.0357
2858,270105215,4948.0416
2859,270105215,4950.0485
2860,270105215,4952.0482
2861,270105215,4953.9853
2862,270105215,4955.994
2863,270105215,4958.0032
2864,270105215,4960.0091
2865,270105215,4962.0157
2866,270105215,4964.0239
2867,270105215,4966.0307
2868,270105215,4968.0378
2869,270105215,4970.0432
2870,270105215,4972.051
2871,270105215,4973.9884
2872,270105215,4975.9926
2873,270105215,4977.9988
2874,270105215,4980.0083
2875,270105215,4982.015
2876,270105215,4984.0223
2877,239224775,4985.3849
2878,239224775,4986.7501
2879,239224775,4988.1216
2880,239224775,4989.4787
2881,239224775,4990.7715
2882,239224775,4992.1342
2883,239224775,4993.4949
2884,239224775,4994.8606
2885,239224775,4996.2407
2886,239224775,4997.6113
2887,239224775,4998.9811
2888,239224775,5000.3547
2889,239224775,5001.7204
2890,239224775,5003.0824
2891,239224775,5004.3763
2892,239224775,5005.7417
2893,270105215,5007.109
2894,270105215,5008.4806
2895,270105215,5009.8514
2896,270105215,5011.2236
2897,270105215,5012.5931
2898,270105215,5013.9502
2899,270105215,5015.3212
2900,270105215,5016.6789
2901,270105215,5017.9749
2902,270105215,5019.3401
2903,270105215,5020.7099
2904,270105215,5022.0847
2905,270105215,5023.4541
2906,270105215,5024.8275
2907,270105215,5026.1937
2908,270105215,5027.5582
2909,270105215,5028.9317
2910,270105215,5030.3008
2911,270105215,5031.5985
2912,270105215,5032.9679
2913,270105215,5034.3424
2914,270105215,5035.7032
2915,270105215,5037.0794
2916,270105215,5038.4506
2917,270105215,5039.817
2918,270105215,5041.1779
2919,270105215,5042.5479
2920,270105215,5043.9094
2921,270105215,5045.2077
2922,270105215,5046.5696
2923,270105215,5047.9441
2924,270105215,5049.3041
2925,270105215,5050.6626
2926,270105215,5052.0181
2927,270105215,5053.3895
2928,270105215,5054.7734
2929,270105215,5056.1528
2930,270105215,5057.5166
2931,270105215,5058.8179
2932,270105215,5060.186
2933,270105215,5061.558
2934,270105215,5062.9352
2935,270105215,5064.3377
2936,270105215,5065.7136
2937,270105215,5067.1064
2938,270105215,5068.5038
2939,270105215,5069.8902
2940,270105215,5071.2642
2941,270105215,5072.6009
2942,270105215,5073.9778
2943,270105215,5075.3502
2944,270105215,5076.7237
2945,270105215,5078.1109
2946,270105215,5079.4759
2947,270105215,5080.868
2948,270105215,5082.3662
2949,270105215,5083.7348
2950,270105215,5085.1171
2951,270105215,5087.0589
2952,270105215,5089.0633
2953,270105215,5091.0701
2954,270105215,5093.0772
2955,270105215,5095.0865
2956,270105215,5097.0904
2957,270105215,5099.0924
2958,270105215,5101.1037
2959,270105215,5103.111
2960,270105215,5105.1119
2961,270105215,5107.053
2962,270105215,5109.0703
2963,270105215,5111.073
2964,270105215,5113.0779
2965,270105215,5115.0886
2966,270105215,5117.1251
2967,270105215,5119.1322
2968,270105215,5121.165
2969,270105215,5123.1663
2970,270105215,5125.1981
2971,270105215,5127.1377
2972,270105215,5129.1364
2973,270105215,5131.1497
2974,270105215,5133.1572
2975,270105215,5135.1654
2976,270105215,5137.1897
2977,270105215,5139.191
2978,270105215,5141.1904
2979,270105215,5143.1952
2980,270105215,5145.2282
2981,270105215,5147.1677
2982,270105215,5149.1737
2983,270105215,5151.1802
2984,270105215,5153.2013
2985,270105215,5155.2018
2986,270105215,5157.2374
2987,270105215,5159.2582
2988,270105215,5161.2693
2989,270105215,5163.2829
2990,270105215,5165.3233
2991,270105215,5167.2669
2992,270105215,5169.2788
2993,270105215,5171.2987
2994,270105215,5173.3051
2995,270105215,5175.3113
2996,270105215,5177.3168
2997,270105215,5179.3391
2998,270105215,5181.3565
2999,270105215,5183.3588
3000,270105215,5185.378
3001,270105215,5187.3186
