1,16275133017,0.60132
2,13337743632,0.62287
3,11483748453,0.6443
4,9646797863,0.66554
5,7960349993,0.68712
6,6409101013,0.70943
7,5185254488,0.73192
8,4119665557,0.75385
9,3845607313,0.7758
10,3609376258,0.79803
11,3429357945,0.81907
12,3342954475,0.84061
13,3290517695,0.86244
14,3295403605,0.88383
15,3308853585,0.90586
16,2525646409,0.93767
17,2150458434,0.969
18,1901166889,1.0011
19,1681892363,1.0331
20,1461759276,1.0646
21,1261759276,1.095
22,1082126740,1.1264
23,905911510,1.1575
24,755819355,1.1892
25,671378275,1.2209
26,594653910,1.2523
27,536240285,1.2837
28,486828060,1.3152
29,446828060,1.3465
30,406828060,1.3779
31,370579525,1.4083
32,337491110,1.4398
33,304960789,1.4711
34,272568019,1.5027
35,248094119,1.5373
36,227083479,1.5689
37,206901264,1.5999
38,186761054,1.6308
39,173311074,1.6625
40,162049844,1.6933
41,141909634,1.7228
42,135433459,1.7536
43,123624774,1.7845
44,119873309,1.8158
45,116895084,1.8471
46,114495084,1.879
47,112095084,1.9103
48,109695084,1.9418
49,107295084,1.9738
50,105295084,2.0052
51,103295084,2.0354
52,101295084,2.0667
53,99295084,2.0977
54,97295084,2.13
55,95687854,2.1611
56,94446614,2.1924
57,94046614,2.2237
58,93646614,2.255
59,93246614,2.2863
60,92853844,2.3177
61,92495084,2.3478
62,92289294,2.3785
63,90887854,2.4099
64,90495084,2.4413
65,90289294,2.4733
66,88887854,2.5051
67,88495084,2.5361
68,88289294,2.5677
69,86887854,2.5991
70,86495084,2.6305
71,86289294,2.6607
72,84887854,2.6914
73,84495084,2.7224
74,84342259,2.7537
75,83253844,2.7852
76,82895084,2.8165
77,82895084,2.8478
78,82895084,2.8791
79,101920995,2.9006
80,82895084,2.9224
81,101920995,2.9436
82,121345806,2.9661
83,101920995,2.989
84,121345806,3.0113
85,101920995,3.0342
86,121345806,3.0566
87,101920995,3.0796
88,82895084,3.1118
89,82895084,3.1436
90,82895084,3.1752
91,82895084,3.2054
92,82895084,3.2368
93,82895084,3.2676
94,82895084,3.2989
95,82895084,3.3306
96,82895084,3.3628
97,102319895,3.3848
98,82895084,3.4066
99,102319895,3.4287
100,154562520,3.4506
101,102319895,3.4723
102,154562520,3.4944
103,102319895,3.5171
104,154562520,3.5395
105,102319895,3.5624
106,32637402,3.5945
107,32637402,3.6266
108,32637402,3.6577
109,32637402,3.6895
110,32637402,3.7225
111,32637402,3.7528
112,32637402,3.7849
113,32637402,3.8171
114,32637402,3.8493
115,84880027,3.8712
116,32637402,3.893
117,84880027,3.9151
118,190214213,3.9371
119,84880027,3.9595
120,190214213,3.9817
121,84880027,4.0037
122,190214213,4.0268
123,84880027,4.0501
124,32637402,4.0814
125,32637402,4.1122
126,32637402,4.1426
127,32637402,4.1731
128,32637402,4.2035
129,32637402,4.2338
130,32637402,4.2642
131,32637402,4.2936
132,32637402,4.324
133,51663313,4.3452
134,32637402,4.366
135,51663313,4.3871
136,156997499,4.4086
137,51663313,4.4307
138,156997499,4.4522
139,51663313,4.4741
140,156997499,4.4959
141,51663313,4.5171
142,32637402,4.5482
143,32637402,4.5787
144,32637402,4.6091
145,32637402,4.6396
146,32637402,4.6703
147,32637402,4.7009
148,32637402,4.7316
149,32637402,4.7631
150,32637402,4.7943
151,84880027,4.8145
152,32637402,4.8353
153,84880027,4.8566
154,190214213,4.8776
155,84880027,4.8989
156,190214213,4.9205
157,84880027,4.9425
158,190214213,4.964
159,84880027,4.9859
160,32637402,5.017
161,32637402,5.0473
162,32637402,5.0776
163,32637402,5.1083
164,32637402,5.1392
165,32637402,5.1698
166,32637402,5.2003
167,32637402,5.2308
168,32637402,5.2613
169,51663313,5.2825
170,32637402,5.3032
171,51663313,5.3236
172,156997499,5.3448
173,51663313,5.3664
174,156997499,5.388
175,51663313,5.4113
176,156997499,5.4337
177,51663313,5.456
178,32637402,5.4871
179,32637402,5.5174
180,32637402,5.5485
181,32637402,5.5781
182,32637402,5.6086
183,32637402,5.6397
184,32637402,5.6702
185,32637402,5.7007
186,32637402,5.7318
187,84880027,5.7528
188,32637402,5.7735
189,84880027,5.795
190,190214213,5.8164
191,84880027,5.8374
192,190214213,5.8586
193,84880027,5.8805
194,190214213,5.9024
195,84880027,5.9245
196,32637402,5.9554
197,32637402,5.9861
198,32637402,6.0165
199,32637402,6.0472
200,32637402,6.0776
201,32637402,6.107
202,32637402,6.1374
203,32637402,6.168
204,32637402,6.1989
205,51663313,6.2202
206,32637402,6.2411
207,51663313,6.2622
208,156997499,6.2833
209,51663313,6.305
210,156997499,6.3265
211,51663313,6.3477
212,156997499,6.3691
213,51663313,6.3913
214,32637402,6.4223
215,32637402,6.4527
216,32637402,6.4836
217,32637402,6.5147
218,32637402,6.5455
219,32637402,6.576
220,32637402,6.6072
221,32637402,6.6372
222,32637402,6.6678
223,84880027,6.689
224,32637402,6.7102
225,84880027,6.732
226,190214213,6.7533
227,84880027,6.7748
228,190214213,6.7963
229,84880027,6.8185
230,190214213,6.8405
231,84880027,6.8619
232,32637402,6.893
233,32637402,6.9238
234,32637402,6.9542
235,32637402,6.9846
236,32637402,7.0153
237,32637402,7.0459
238,32637402,7.0763
239,32637402,7.1067
240,32637402,7.1373
241,51663313,7.1577
242,32637402,7.1785
243,51663313,7.1999
244,156997499,7.2213
245,51663313,7.2431
246,156997499,7.2646
247,51663313,7.2866
248,156997499,7.3081
249,51663313,7.3303
250,32637402,7.3614
251,32637402,7.3916
252,32637402,7.4219
253,32637402,7.4524
254,32637402,7.4836
255,32637402,7.5143
256,32637402,7.5454
257,32637402,7.5764
258,32637402,7.6071
259,84880027,7.6282
260,32637402,7.649
261,84880027,7.6692
262,190214213,7.6902
263,84880027,7.7116
264,190214213,7.7331
265,84880027,7.755
266,190214213,7.7767
267,84880027,7.7986
268,32637402,7.8297
269,32637402,7.861
270,32637402,7.892
271,32637402,7.9215
272,32637402,7.952
273,32637402,7.9825
274,32637402,8.013
275,32637402,8.0434
276,32637402,8.0742
277,51663313,8.0954
278,32637402,8.1166
279,51663313,8.138
280,156997499,8.1592
281,51663313,8.1799
282,156997499,8.2014
283,51663313,8.2234
284,156997499,8.2456
285,51663313,8.2678
286,32637402,8.2988
287,32637402,8.3293
288,32637402,8.3598
289,32637402,8.3904
290,32637402,8.4215
291,32637402,8.452
292,32637402,8.4827
293,32637402,8.5136
294,32637402,8.5448
295,84880027,8.5656
296,32637402,8.5866
297,84880027,8.6085
298,190214213,8.6297
299,84880027,8.6528
300,190214213,8.6742
301,84880027,8.6951
302,190214213,8.7168
303,84880027,8.739
304,32637402,8.7698
305,32637402,8.8003
306,32637402,8.8313
307,32637402,8.862
308,32637402,8.8924
309,32637402,8.923
310,32637402,8.9538
311,32637402,8.9834
312,32637402,9.0138
313,51663313,9.0351
314,32637402,9.0559
315,51663313,9.0769
316,156997499,9.0981
317,51663313,9.1198
318,156997499,9.1414
319,51663313,9.163
320,156997499,9.1847
321,51663313,9.2062
322,32637402,9.2373
323,32637402,9.268
324,32637402,9.2987
325,32637402,9.3293
326,32637402,9.3598
327,32637402,9.3904
328,32637402,9.4215
329,32637402,9.4522
330,32637402,9.4829
331,84880027,9.5029
332,32637402,9.5236
333,84880027,9.5447
334,190214213,9.5657
335,84880027,9.5871
336,190214213,9.6092
337,84880027,9.6312
338,190214213,9.6531
339,84880027,9.6752
340,32637402,9.7064
341,32637402,9.7367
342,32637402,9.7676
343,32637402,9.7982
344,32637402,9.8293
345,32637402,9.86
346,32637402,9.8911
347,32637402,9.9222
348,32637402,9.9528
349,51663313,9.9739
350,32637402,9.9951
351,51663313,10.0156
352,156997499,10.0368
353,51663313,10.0586
354,156997499,10.0801
355,51663313,10.1021
356,156997499,10.1235
357,51663313,10.1456
358,32637402,10.1763
359,32637402,10.2074
360,32637402,10.2378
361,32637402,10.2673
362,32637402,10.2984
363,32637402,10.3295
364,32637402,10.361
365,32637402,10.3923
366,32637402,10.423
367,84880027,10.4438
368,32637402,10.4649
369,84880027,10.486
370,190214213,10.5071
371,84880027,10.5277
372,190214213,10.5493
373,84880027,10.5712
374,190214213,10.593
375,84880027,10.6148
376,32637402,10.6458
377,32637402,10.6766
378,32637402,10.7074
379,32637402,10.7378
380,32637402,10.7685
381,32637402,10.7979
382,32637402,10.8285
383,32637402,10.859
384,32637402,10.8897
385,51663313,10.9109
386,32637402,10.9317
387,51663313,10.9531
388,156997499,10.974
389,51663313,10.9955
390,156997499,11.0176
391,51663313,11.0402
392,156997499,11.0622
393,51663313,11.0844
394,32637402,11.1155
395,32637402,11.1463
396,32637402,11.1772
397,32637402,11.2077
398,32637402,11.2383
399,32637402,11.2694
400,32637402,11.3001
401,32637402,11.3299
402,32637402,11.3611
403,84880027,11.3821
404,32637402,11.4031
405,84880027,11.4249
406,190214213,11.4462
407,84880027,11.4679
408,190214213,11.4891
409,84880027,11.5111
410,190214213,11.5329
411,84880027,11.5544
412,32637402,11.5851
413,32637402,11.6156
414,32637402,11.6461
415,32637402,11.6764
416,32637402,11.7069
417,32637402,11.7375
418,32637402,11.7689
419,32637402,11.7995
420,32637402,11.8307
421,51663313,11.8512
422,32637402,11.8721
423,51663313,11.8931
424,156997499,11.9143
425,51663313,11.9361
426,156997499,11.9591
427,51663313,11.9813
428,156997499,12.0032
429,51663313,12.0253
430,32637402,12.0567
431,32637402,12.087
432,32637402,12.1177
433,32637402,12.1486
434,32637402,12.1793
435,32637402,12.2105
436,32637402,12.2417
437,32637402,12.2729
438,32637402,12.3041
439,84880027,12.3253
440,32637402,12.3461
441,84880027,12.3664
442,190214213,12.3876
443,84880027,12.4093
444,190214213,12.431
445,84880027,12.4532
446,190214213,12.475
447,84880027,12.4973
448,32637402,12.528
449,32637402,12.5585
450,32637402,12.5891
451,32637402,12.6187
452,32637402,12.6491
453,32637402,12.6796
454,32637402,12.7104
455,32637402,12.7411
456,32637402,12.7726
457,51663313,12.7942
458,32637402,12.8156
459,51663313,12.8369
460,156997499,12.8581
461,51663313,12.8788
462,156997499,12.9004
463,51663313,12.9223
464,156997499,12.9441
465,51663313,12.9661
466,32637402,12.9972
467,32637402,13.0283
468,32637402,13.0588
469,32637402,13.0899
470,32637402,13.1217
471,32637402,13.1523
472,32637402,13.1829
473,32637402,13.2138
474,32637402,13.2444
475,84880027,13.2653
476,32637402,13.286
477,84880027,13.3072
478,190214213,13.3281
479,84880027,13.3495
480,190214213,13.371
481,84880027,13.3922
482,190214213,13.414
483,84880027,13.4358
484,32637402,13.4671
485,32637402,13.4984
486,32637402,13.5291
487,32637402,13.5595
488,32637402,13.59
489,32637402,13.6207
490,32637402,13.6512
491,32637402,13.6806
492,32637402,13.7112
493,51663313,13.7321
494,32637402,13.7529
495,51663313,13.7743
496,156997499,13.7956
497,51663313,13.817
498,156997499,13.8391
499,51663313,13.8612
500,156997499,13.883
501,51663313,13.9044
502,32637402,13.9355
503,32637402,13.9662
504,32637402,13.9968
505,32637402,14.0275
506,32637402,14.0587
507,32637402,14.0899
508,32637402,14.121
509,32637402,14.1519
510,32637402,14.1831
511,84880027,14.2033
512,32637402,14.2242
513,84880027,14.2457
514,190214213,14.2669
515,84880027,14.2886
516,190214213,14.3102
517,84880027,14.3322
518,190214213,14.354
519,84880027,14.3763
520,32637402,14.4075
521,32637402,14.4376
522,32637402,14.4681
523,32637402,14.4987
524,32637402,14.5293
525,32637402,14.5601
526,32637402,14.5911
527,32637402,14.6217
528,32637402,14.6525
529,51663313,14.6737
530,32637402,14.6948
531,51663313,14.7154
532,156997499,14.7366
533,51663313,14.7583
534,156997499,14.7798
535,51663313,14.8021
536,156997499,14.825
537,51663313,14.8487
538,32637402,14.8803
539,32637402,14.9122
540,32637402,14.9443
541,32637402,14.9755
542,32637402,15.0072
543,32637402,15.0396
544,32637402,15.0719
545,32637402,15.1041
546,32637402,15.1364
547,84880027,15.1592
548,32637402,15.1811
549,84880027,15.2029
550,190214213,15.2248
551,84880027,15.2463
552,190214213,15.2686
553,84880027,15.2912
554,190214213,15.3132
555,84880027,15.3359
556,32637402,15.3673
557,32637402,15.3986
558,32637402,15.4299
559,32637402,15.4608
560,32637402,15.4919
561,32637402,15.5222
562,32637402,15.5531
563,32637402,15.5839
564,32637402,15.6151
565,51663313,15.6368
566,32637402,15.6582
567,51663313,15.6799
568,156997499,15.7015
569,51663313,15.7238
570,156997499,15.7457
571,51663313,15.7674
572,156997499,15.7895
573,51663313,15.8121
574,32637402,15.8436
575,32637402,15.8753
576,32637402,15.9065
577,32637402,15.9378
578,32637402,15.9697
579,32637402,16.0016
580,32637402,16.0333
581,32637402,16.0643
582,32637402,16.0959
583,84880027,16.1177
584,32637402,16.1391
585,84880027,16.1608
586,190214213,16.1826
587,84880027,16.2049
588,190214213,16.227
589,84880027,16.2496
590,190214213,16.2719
591,84880027,16.2934
592,32637402,16.3248
593,32637402,16.3558
594,32637402,16.3863
595,32637402,16.4167
596,32637402,16.4471
597,32637402,16.4776
598,32637402,16.5083
599,32637402,16.5389
600,32637402,16.5694
601,51663313,16.5895
602,32637402,16.6106
603,51663313,16.6317
604,156997499,16.6527
605,51663313,16.6744
606,156997499,16.6965
607,51663313,16.7185
608,156997499,16.7404
609,51663313,16.7626
610,32637402,16.7938
611,32637402,16.8236
612,32637402,16.854
613,32637402,16.8845
614,32637402,16.9155
615,32637402,16.9467
616,32637402,16.9776
617,32637402,17.0087
618,32637402,17.0399
619,84880027,17.0614
620,32637402,17.0828
621,84880027,17.1035
622,190214213,17.1247
623,84880027,17.1464
624,190214213,17.1679
625,84880027,17.1899
626,190214213,17.2115
627,84880027,17.2337
628,32637402,17.2649
629,32637402,17.2958
630,32637402,17.3262
631,32637402,17.3557
632,32637402,17.386
633,32637402,17.4167
634,32637402,17.4481
635,32637402,17.4786
636,32637402,17.5093
637,51663313,17.5302
638,32637402,17.5509
639,51663313,17.572
640,156997499,17.5931
641,51663313,17.6138
642,156997499,17.6353
643,51663313,17.6573
644,156997499,17.6791
645,51663313,17.701
646,32637402,17.7324
647,32637402,17.7638
648,32637402,17.7944
649,32637402,17.825
650,32637402,17.8562
651,32637402,17.8864
652,32637402,17.917
653,32637402,17.9482
654,32637402,17.9789
655,84880027,17.9999
656,32637402,18.021
657,84880027,18.0422
658,190214213,18.0635
659,84880027,18.0852
660,190214213,18.1071
661,84880027,18.1283
662,190214213,18.1498
663,84880027,18.1721
664,32637402,18.2032
665,32637402,18.2336
666,32637402,18.2646
667,32637402,18.2951
668,32637402,18.3256
669,32637402,18.3584
670,32637402,18.3902
671,32637402,18.4204
672,32637402,18.4525
673,51663313,18.4747
674,32637402,18.4968
675,51663313,18.5187
676,156997499,18.5408
677,51663313,18.5635
678,156997499,18.5859
679,51663313,18.6088
680,156997499,18.6315
681,51663313,18.6538
682,32637402,18.6859
683,32637402,18.7177
684,32637402,18.7493
685,32637402,18.7809
686,32637402,18.8136
687,32637402,18.8462
688,32637402,18.8785
689,32637402,18.9108
690,32637402,18.9429
691,84880027,18.964
692,32637402,18.9854
693,84880027,19.0076
694,190214213,19.0295
695,84880027,19.0519
696,190214213,19.0741
697,84880027,19.0967
698,190214213,19.1192
699,84880027,19.1424
700,32637402,19.1746
701,32637402,19.2056
702,32637402,19.2365
703,32637402,19.2679
704,32637402,19.2992
705,32637402,19.3307
706,32637402,19.362
707,32637402,19.3941
708,32637402,19.4256
709,51663313,19.4476
710,32637402,19.4695
711,51663313,19.4907
712,156997499,19.5126
713,51663313,19.5352
714,156997499,19.5579
715,51663313,19.581
716,156997499,19.6036
717,51663313,19.6266
718,32637402,19.6586
719,32637402,19.6906
720,32637402,19.7222
721,32637402,19.7526
722,32637402,19.7846
723,32637402,19.8162
724,32637402,19.8479
725,32637402,19.8803
726,32637402,19.9126
727,84880027,19.9349
728,32637402,19.957
729,84880027,19.9789
730,190214213,20.0011
731,84880027,20.0228
732,190214213,20.0449
733,84880027,20.0676
734,190214213,20.0901
735,84880027,20.113
736,32637402,20.1447
737,32637402,20.1757
738,32637402,20.2072
739,32637402,20.2386
740,32637402,20.2702
741,32637402,20.3004
742,32637402,20.3326
743,32637402,20.3641
744,32637402,20.3954
745,51663313,20.4169
746,32637402,20.4382
747,51663313,20.46
748,156997499,20.4819
749,51663313,20.5042
750,156997499,20.5264
751,51663313,20.5483
752,156997499,20.5708
753,51663313,20.5937
754,32637402,20.6258
755,32637402,20.6582
756,32637402,20.6897
757,32637402,20.7212
758,32637402,20.7529
759,32637402,20.7849
760,32637402,20.8172
761,32637402,20.8487
762,32637402,20.8809
763,84880027,20.9029
764,32637402,20.9247
765,84880027,20.9463
766,190214213,20.9682
767,84880027,20.9911
768,190214213,21.0135
769,84880027,21.0359
770,190214213,21.0584
771,84880027,21.0805
772,32637402,21.1125
773,32637402,21.1437
774,32637402,21.1751
775,32637402,21.2064
776,32637402,21.2385
777,32637402,21.2705
778,32637402,21.3025
779,32637402,21.3345
780,32637402,21.3666
781,51663313,21.3881
782,32637402,21.4101
783,51663313,21.4322
784,156997499,21.4539
785,51663313,21.4764
786,156997499,21.4986
787,51663313,21.5213
788,156997499,21.5435
789,51663313,21.5662
790,32637402,21.5989
791,32637402,21.6294
792,32637402,21.6609
793,32637402,21.693
794,32637402,21.7257
795,32637402,21.7577
796,32637402,21.789
797,32637402,21.8205
798,32637402,21.8523
799,84880027,21.8736
800,32637402,21.8947
801,84880027,21.9152
802,190214213,21.9363
803,84880027,21.9581
804,190214213,21.9792
805,84880027,22.0012
806,190214213,22.0227
807,84880027,22.0453
808,32637402,22.076
809,32637402,22.1065
810,32637402,22.1369
811,32637402,22.1664
812,32637402,22.1966
813,32637402,22.227
814,32637402,22.2574
815,32637402,22.2878
816,32637402,22.3184
817,51663313,22.3393
818,32637402,22.3602
819,51663313,22.3812
820,156997499,22.4024
821,51663313,22.4231
822,156997499,22.4451
823,51663313,22.467
824,156997499,22.4888
825,51663313,22.5108
826,32637402,22.542
827,32637402,22.5726
828,32637402,22.603
829,32637402,22.6336
830,32637402,22.6643
831,32637402,22.6942
832,32637402,22.7248
833,32637402,22.7559
834,32637402,22.7871
835,84880027,22.8082
836,32637402,22.8297
837,84880027,22.8509
838,190214213,22.8722
839,84880027,22.8939
840,190214213,22.9151
841,84880027,22.9363
842,190214213,22.9582
843,84880027,22.9805
844,32637402,23.0114
845,32637402,23.042
846,32637402,23.0727
847,32637402,23.1031
848,32637402,23.1338
849,32637402,23.1647
850,32637402,23.1953
851,32637402,23.2247
852,32637402,23.2552
853,51663313,23.2762
854,32637402,23.2972
855,51663313,23.3183
856,156997499,23.3395
857,51663313,23.3613
858,156997499,23.3828
859,51663313,23.4047
860,156997499,23.4265
861,51663313,23.4475
862,32637402,23.4788
863,32637402,23.5099
864,32637402,23.5404
865,32637402,23.571
866,32637402,23.6022
867,32637402,23.6329
868,32637402,23.6637
869,32637402,23.6944
870,32637402,23.725
871,84880027,23.7451
872,32637402,23.7658
873,84880027,23.7869
874,190214213,23.808
875,84880027,23.8298
876,190214213,23.8516
877,84880027,23.8736
878,190214213,23.8954
879,84880027,23.9173
880,32637402,23.9484
881,32637402,23.9779
882,32637402,24.0083
883,32637402,24.0387
884,32637402,24.0692
885,32637402,24.0995
886,32637402,24.1299
887,32637402,24.1607
888,32637402,24.1917
889,51663313,24.2129
890,32637402,24.2336
891,51663313,24.2537
892,156997499,24.2749
893,51663313,24.2966
894,156997499,24.3177
895,51663313,24.3397
896,156997499,24.3614
897,51663313,24.3837
898,32637402,24.4148
899,32637402,24.4458
900,32637402,24.4762
901,32637402,24.5059
902,32637402,24.5371
903,32637402,24.5683
904,32637402,24.5996
905,32637402,24.6302
906,32637402,24.6612
907,84880027,24.6821
908,32637402,24.7029
909,84880027,24.724
910,190214213,24.7452
911,84880027,24.766
912,190214213,24.7894
913,84880027,24.8113
914,190214213,24.8336
915,84880027,24.8566
916,32637402,24.8879
917,32637402,24.9185
918,32637402,24.9488
919,32637402,24.9793
920,32637402,25.0097
921,32637402,25.0392
922,32637402,25.0695
923,32637402,25.0999
924,32637402,25.1305
925,51663313,25.1517
926,32637402,25.1725
927,51663313,25.1936
928,156997499,25.2145
929,51663313,25.2363
930,156997499,25.2579
931,51663313,25.2788
932,156997499,25.3006
933,51663313,25.3224
934,32637402,25.3535
935,32637402,25.3839
936,32637402,25.4145
937,32637402,25.445
938,32637402,25.4759
939,32637402,25.507
940,32637402,25.5382
941,32637402,25.5684
942,32637402,25.5996
943,84880027,25.6207
944,32637402,25.6417
945,84880027,25.663
946,190214213,25.6841
947,84880027,25.7058
948,190214213,25.7273
949,84880027,25.7492
950,190214213,25.7707
951,84880027,25.7918
952,32637402,25.8226
953,32637402,25.8538
954,32637402,25.8845
955,32637402,25.9152
956,32637402,25.9459
957,32637402,25.9769
958,32637402,26.0075
959,32637402,26.038
960,32637402,26.0686
961,51663313,26.0887
962,32637402,26.1096
963,51663313,26.1307
964,156997499,26.1519
965,51663313,26.1733
966,156997499,26.1948
967,51663313,26.2164
968,156997499,26.2382
969,51663313,26.2606
970,32637402,26.2918
971,32637402,26.3215
972,32637402,26.3518
973,32637402,26.3825
974,32637402,26.4135
975,32637402,26.4446
976,32637402,26.4755
977,32637402,26.5067
978,32637402,26.5379
979,84880027,26.559
980,32637402,26.5798
981,84880027,26.6
982,190214213,26.6208
983,84880027,26.6426
984,190214213,26.6642
985,84880027,26.6861
986,190214213,26.7079
987,84880027,26.7297
988,32637402,26.7607
989,32637402,26.7912
990,32637402,26.8217
991,32637402,26.851
992,32637402,26.8813
993,32637402,26.9117
994,32637402,26.9421
995,32637402,26.9727
996,32637402,27.0043
997,51663313,27.0255
998,32637402,27.0462
999,51663313,27.0673
1000,156997499,27.0885
1001,51663313,27.1094
1002,156997499,27.1309
1003,51663313,27.1529
1004,156997499,27.1744
1005,51663313,27.1966
1006,32637402,27.2273
1007,32637402,27.2578
1008,32637402,27.2883
1009,32637402,27.3196
1010,32637402,27.351
1011,32637402,27.3809
1012,32637402,27.4118
1013,32637402,27.443
1014,32637402,27.4737
1015,84880027,27.4949
1016,32637402,27.5158
1017,84880027,27.537
1018,190214213,27.5581
1019,84880027,27.5795
1020,190214213,27.6011
1021,84880027,27.6219
1022,190214213,27.6436
1023,84880027,27.6659
1024,32637402,27.6972
1025,32637402,27.7279
1026,32637402,27.759
1027,32637402,27.7896
1028,32637402,27.8203
1029,32637402,27.8507
1030,32637402,27.8812
1031,32637402,27.9106
1032,32637402,27.9411
1033,51663313,27.9636
1034,32637402,27.9854
1035,51663313,28.0074
1036,156997499,28.0295
1037,51663313,28.0523
1038,156997499,28.0748
1039,51663313,28.0975
1040,156997499,28.12
1041,51663313,28.1417
1042,32637402,28.1737
1043,32637402,28.2053
1044,32637402,28.2374
1045,32637402,28.269
1046,32637402,28.301
1047,32637402,28.3332
1048,32637402,28.3654
1049,32637402,28.3974
1050,32637402,28.4297
1051,84880027,28.4513
1052,32637402,28.4731
1053,84880027,28.4952
1054,190214213,28.5163
1055,84880027,28.5383
1056,190214213,28.5605
1057,84880027,28.5829
1058,190214213,28.605
1059,84880027,28.6275
1060,32637402,28.6588
1061,32637402,28.689
1062,32637402,28.7202
1063,32637402,28.7513
1064,32637402,28.7826
1065,32637402,28.8142
1066,32637402,28.8455
1067,32637402,28.8769
1068,32637402,28.9084
1069,51663313,28.93
1070,32637402,28.9514
1071,51663313,28.9722
1072,156997499,28.9936
1073,51663313,29.0157
1074,156997499,29.0375
1075,51663313,29.0598
1076,156997499,29.082
1077,51663313,29.105
1078,32637402,29.1365
1079,32637402,29.1679
1080,32637402,29.1986
1081,32637402,29.2281
1082,32637402,29.2589
1083,32637402,29.2905
1084,32637402,29.3223
1085,32637402,29.3538
1086,32637402,29.3852
1087,84880027,29.407
1088,32637402,29.4287
1089,84880027,29.4503
1090,190214213,29.4725
1091,84880027,29.4944
1092,190214213,29.5165
1093,84880027,29.5384
1094,190214213,29.5602
1095,84880027,29.5822
1096,32637402,29.6133
1097,32637402,29.6437
1098,32637402,29.6741
1099,32637402,29.7045
1100,32637402,29.7349
1101,32637402,29.7643
1102,32637402,29.7948
1103,32637402,29.8261
1104,32637402,29.858
1105,51663313,29.8803
1106,32637402,29.902
1107,51663313,29.9242
1108,156997499,29.9461
1109,51663313,29.9687
1110,156997499,29.9906
1111,51663313,30.0127
1112,156997499,30.0352
1113,51663313,30.0581
1114,32637402,30.0901
1115,32637402,30.1222
1116,32637402,30.1531
1117,32637402,30.185
1118,32637402,30.2174
1119,32637402,30.2496
1120,32637402,30.2818
1121,32637402,30.3133
1122,32637402,30.3455
1123,84880027,30.3674
1124,32637402,30.3892
1125,84880027,30.4114
1126,190214213,30.4334
1127,84880027,30.4559
1128,190214213,30.4781
1129,84880027,30.5007
1130,190214213,30.5234
1131,84880027,30.5458
1132,32637402,30.5778
1133,32637402,30.6091
1134,32637402,30.641
1135,32637402,30.6725
1136,32637402,30.7039
1137,32637402,30.7353
1138,32637402,30.7664
1139,32637402,30.7976
1140,32637402,30.8293
1141,51663313,30.8505
1142,32637402,30.8723
1143,51663313,30.8944
1144,156997499,30.9167
1145,51663313,30.9397
1146,156997499,30.962
1147,51663313,30.9845
1148,156997499,31.0075
1149,51663313,31.0313
1150,32637402,31.0632
1151,32637402,31.093
1152,32637402,31.1245
1153,32637402,31.1555
1154,32637402,31.1877
1155,32637402,31.2202
1156,32637402,31.2525
1157,32637402,31.2855
1158,32637402,31.3312
1159,84880027,31.3534
1160,32637402,31.3753
1161,84880027,31.3965
1162,190214213,31.4187
1163,84880027,31.4413
1164,190214213,31.4637
1165,84880027,31.4867
1166,190214213,31.5093
1167,84880027,31.5324
1168,32637402,31.5646
1169,32637402,31.5968
1170,32637402,31.628
1171,32637402,31.6575
1172,32637402,31.6886
1173,32637402,31.7206
1174,32637402,31.752
1175,32637402,31.7832
1176,32637402,31.8152
1177,51663313,31.8372
1178,32637402,31.859
1179,51663313,31.881
1180,156997499,31.9029
1181,51663313,31.9246
1182,156997499,31.9468
1183,51663313,31.9694
1184,156997499,31.9924
1185,51663313,32.0158
1186,32637402,32.0478
1187,32637402,32.0794
1188,32637402,32.1114
1189,32637402,32.1428
1190,32637402,32.1746
1191,32637402,32.2062
1192,32637402,32.2384
1193,32637402,32.2707
1194,32637402,32.3029
1195,84880027,32.3248
1196,32637402,32.3466
1197,84880027,32.3687
1198,190214213,32.3909
1199,84880027,32.4135
1200,190214213,32.4358
1201,84880027,32.4578
1202,190214213,32.4803
1203,84880027,32.5032
1204,32637402,32.5345
1205,32637402,32.5665
1206,32637402,32.5984
1207,32637402,32.6297
1208,32637402,32.661
1209,32637402,32.6922
1210,32637402,32.7238
1211,32637402,32.754
1212,32637402,32.7852
1213,51663313,32.8073
1214,32637402,32.8292
1215,51663313,32.8513
1216,156997499,32.8732
1217,51663313,32.8956
1218,156997499,32.9178
1219,51663313,32.9406
1220,156997499,32.9631
1221,51663313,32.9852
1222,32637402,33.0172
1223,32637402,33.0488
1224,32637402,33.0803
1225,32637402,33.1121
1226,32637402,33.1442
1227,32637402,33.1765
1228,32637402,33.2087
1229,32637402,33.2408
1230,32637402,33.273
1231,84880027,33.2943
1232,32637402,33.3161
1233,84880027,33.3383
1234,190214213,33.3599
1235,84880027,33.3823
1236,190214213,33.4044
1237,84880027,33.4273
1238,190214213,33.4497
1239,84880027,33.4723
1240,32637402,33.5038
1241,32637402,33.5343
1242,32637402,33.5654
1243,32637402,33.5963
1244,32637402,33.6276
1245,32637402,33.6588
1246,32637402,33.69
1247,32637402,33.7215
1248,32637402,33.7529
1249,51663313,33.7746
1250,32637402,33.7961
1251,51663313,33.8168
1252,156997499,33.8398
1253,51663313,33.862
1254,156997499,33.8839
1255,51663313,33.9062
1256,156997499,33.9283
1257,51663313,33.9508
1258,32637402,33.9822
1259,32637402,34.0134
1260,32637402,34.0447
1261,32637402,34.0748
1262,32637402,34.1064
1263,32637402,34.1379
1264,32637402,34.17
1265,32637402,34.2019
1266,32637402,34.2335
1267,84880027,34.2551
1268,32637402,34.2764
1269,84880027,34.2981
1270,190214213,34.3196
1271,84880027,34.341
1272,190214213,34.3628
1273,84880027,34.3852
1274,190214213,34.4074
1275,84880027,34.43
1276,32637402,34.4614
1277,32637402,34.4932
1278,32637402,34.5248
1279,32637402,34.5562
1280,32637402,34.5874
1281,32637402,34.6175
1282,32637402,34.6486
1283,32637402,34.681
1284,32637402,34.7126
1285,51663313,34.7343
1286,32637402,34.7558
1287,51663313,34.7775
1288,156997499,34.7991
1289,51663313,34.8213
1290,156997499,34.8432
1291,51663313,34.8647
1292,156997499,34.8872
1293,51663313,34.9098
1294,32637402,34.9412
1295,32637402,34.9727
1296,32637402,35.0039
1297,32637402,35.0351
1298,32637402,35.0666
1299,32637402,35.0982
1300,32637402,35.1298
1301,32637402,35.16
1302,32637402,35.1915
1303,84880027,35.2132
1304,32637402,35.2346
1305,84880027,35.2566
1306,190214213,35.2783
1307,84880027,35.3005
1308,190214213,35.3223
1309,84880027,35.3448
1310,190214213,35.3668
1311,84880027,35.3887
1312,32637402,35.42
1313,32637402,35.4513
1314,32637402,35.4826
1315,32637402,35.5138
1316,32637402,35.5451
1317,32637402,35.5765
1318,32637402,35.6082
1319,32637402,35.6396
1320,32637402,35.6711
1321,51663313,35.6918
1322,32637402,35.7132
1323,51663313,35.7349
1324,156997499,35.7565
1325,51663313,35.7787
1326,156997499,35.8005
1327,51663313,35.8228
1328,156997499,35.8449
1329,51663313,35.8676
1330,32637402,35.8992
1331,32637402,35.9295
1332,32637402,35.961
1333,32637402,35.9924
1334,32637402,36.024
1335,32637402,36.0555
1336,32637402,36.0871
1337,32637402,36.1188
1338,32637402,36.15
1339,84880027,36.1716
1340,32637402,36.193
1341,84880027,36.2136
1342,190214213,36.2351
1343,84880027,36.2571
1344,190214213,36.2796
1345,84880027,36.302
1346,190214213,36.3241
1347,84880027,36.3468
1348,32637402,36.3782
1349,32637402,36.4095
1350,32637402,36.4408
1351,32637402,36.471
1352,32637402,36.5024
1353,32637402,36.5329
1354,32637402,36.5633
1355,32637402,36.5938
1356,32637402,36.6244
1357,51663313,36.6458
1358,32637402,36.6673
1359,51663313,36.6888
1360,156997499,36.7101
1361,51663313,36.7315
1362,156997499,36.7533
1363,51663313,36.7754
1364,156997499,36.7972
1365,51663313,36.8194
1366,32637402,36.8505
1367,32637402,36.8812
1368,32637402,36.9117
1369,32637402,36.9422
1370,32637402,36.9735
1371,32637402,37.0043
1372,32637402,37.0355
1373,32637402,37.0662
1374,32637402,37.0975
1375,84880027,37.1187
1376,32637402,37.1398
1377,84880027,37.1608
1378,190214213,37.1821
1379,84880027,37.2038
1380,190214213,37.2254
1381,84880027,37.2466
1382,190214213,37.2683
1383,84880027,37.2905
1384,32637402,37.3219
1385,32637402,37.3529
1386,32637402,37.3834
1387,32637402,37.4139
1388,32637402,37.4448
1389,32637402,37.4758
1390,32637402,37.5062
1391,32637402,37.5357
1392,32637402,37.5662
1393,51663313,37.5872
1394,32637402,37.608
1395,51663313,37.6291
1396,156997499,37.6503
1397,51663313,37.672
1398,156997499,37.6938
1399,51663313,37.7159
1400,156997499,37.7377
1401,51663313,37.7591
1402,32637402,37.7899
1403,32637402,37.8203
1404,32637402,37.8508
1405,32637402,37.8817
1406,32637402,37.9128
1407,32637402,37.944
1408,32637402,37.9847
1409,32637402,38.0161
1410,32637402,38.0474
1411,84880027,38.0679
1412,32637402,38.0888
1413,84880027,38.1106
1414,190214213,38.1319
1415,84880027,38.1533
1416,190214213,38.1748
1417,84880027,38.1968
1418,190214213,38.2185
1419,84880027,38.2408
1420,32637402,38.2719
1421,32637402,38.3017
1422,32637402,38.3323
1423,32637402,38.3628
1424,32637402,38.3932
1425,32637402,38.4243
1426,32637402,38.4551
1427,32637402,38.4859
1428,32637402,38.5168
1429,51663313,38.5378
1430,32637402,38.5588
1431,51663313,38.5795
1432,156997499,38.6007
1433,51663313,38.6224
1434,156997499,38.6439
1435,51663313,38.6658
1436,156997499,38.6876
1437,51663313,38.7098
1438,32637402,38.7411
1439,32637402,38.772
1440,32637402,38.8027
1441,32637402,38.8325
1442,32637402,38.8631
1443,32637402,38.8938
1444,32637402,38.925
1445,32637402,38.9561
1446,32637402,38.9873
1447,84880027,39.0085
1448,32637402,39.0296
1449,84880027,39.0507
1450,190214213,39.0719
1451,84880027,39.0929
1452,190214213,39.1149
1453,84880027,39.1371
1454,190214213,39.1585
1455,84880027,39.1807
1456,32637402,39.2118
1457,32637402,39.2427
1458,32637402,39.2731
1459,32637402,39.3041
1460,32637402,39.3348
1461,32637402,39.3642
1462,32637402,39.3946
1463,32637402,39.425
1464,32637402,39.4555
1465,51663313,39.4766
1466,32637402,39.4981
1467,51663313,39.5192
1468,156997499,39.5405
1469,51663313,39.5623
1470,156997499,39.5838
1471,51663313,39.605
1472,156997499,39.6266
1473,51663313,39.6488
1474,32637402,39.68
1475,32637402,39.7106
1476,32637402,39.7413
1477,32637402,39.7722
1478,32637402,39.8042
1479,32637402,39.8353
1480,32637402,39.8664
1481,32637402,39.8969
1482,32637402,39.9277
1483,84880027,39.9489
1484,32637402,39.9696
1485,84880027,39.9911
1486,190214213,40.0122
1487,84880027,40.034
1488,190214213,40.0553
1489,84880027,40.0772
1490,190214213,40.099
1491,84880027,40.1204
1492,32637402,40.1515
1493,32637402,40.1824
1494,32637402,40.213
1495,32637402,40.2436
1496,32637402,40.2743
1497,32637402,40.3047
1498,32637402,40.3352
1499,32637402,40.3656
1500,32637402,40.3966
1501,51663313,40.4167
1502,32637402,40.4375
1503,51663313,40.4585
1504,156997499,40.4798
1505,51663313,40.5016
1506,156997499,40.5237
1507,51663313,40.5458
1508,156997499,40.5676
1509,51663313,40.5898
1510,32637402,40.6209
1511,32637402,40.6512
1512,32637402,40.6815
1513,32637402,40.7121
1514,32637402,40.7428
1515,32637402,40.774
1516,32637402,40.8047
1517,32637402,40.836
1518,32637402,40.8672
1519,84880027,40.8884
1520,32637402,40.9098
1521,84880027,40.9305
1522,190214213,40.9517
1523,84880027,40.9734
1524,190214213,40.9946
1525,84880027,41.0163
1526,190214213,41.0381
1527,84880027,41.0603
1528,32637402,41.091
1529,32637402,41.1216
1530,32637402,41.1522
1531,32637402,41.1817
1532,32637402,41.2121
1533,32637402,41.2434
1534,32637402,41.2742
1535,32637402,41.3128
1536,32637402,41.3435
1537,51663313,41.3647
1538,32637402,41.3855
1539,51663313,41.4066
1540,156997499,41.4278
1541,51663313,41.4488
1542,156997499,41.4702
1543,51663313,41.4922
1544,156997499,41.514
1545,51663313,41.5362
1546,32637402,41.5674
1547,32637402,41.5983
1548,32637402,41.629
1549,32637402,41.6601
1550,32637402,41.6909
1551,32637402,41.7214
1552,32637402,41.7525
1553,32637402,41.7832
1554,32637402,41.8144
1555,84880027,41.8356
1556,32637402,41.8565
1557,84880027,41.8776
1558,190214213,41.8989
1559,84880027,41.9209
1560,190214213,41.9427
1561,84880027,41.9637
1562,190214213,41.9855
1563,84880027,42.0078
1564,32637402,42.039
1565,32637402,42.0696
1566,32637402,42.1002
1567,32637402,42.1307
1568,32637402,42.1617
1569,32637402,42.1923
1570,32637402,42.2228
1571,32637402,42.2524
1572,32637402,42.2833
1573,51663313,42.3047
1574,32637402,42.3258
1575,51663313,42.3469
1576,156997499,42.3681
1577,51663313,42.3899
1578,156997499,42.4111
1579,51663313,42.4328
1580,156997499,42.4546
1581,51663313,42.4761
1582,32637402,42.5074
1583,32637402,42.5381
1584,32637402,42.5687
1585,32637402,42.5993
1586,32637402,42.6309
1587,32637402,42.6625
1588,32637402,42.6937
1589,32637402,42.7249
1590,32637402,42.7564
1591,84880027,42.777
1592,32637402,42.7978
1593,84880027,42.8189
1594,190214213,42.8398
1595,84880027,42.8616
1596,190214213,42.8832
1597,84880027,42.9051
1598,190214213,42.9269
1599,84880027,42.9494
1600,32637402,42.9803
1601,32637402,43.0098
1602,32637402,43.0408
1603,32637402,43.0714
1604,32637402,43.1019
1605,32637402,43.1324
1606,32637402,43.1628
1607,32637402,43.1933
1608,32637402,43.2241
1609,51663313,43.2453
1610,32637402,43.2664
1611,51663313,43.2869
1612,156997499,43.3081
1613,51663313,43.3295
1614,156997499,43.3515
1615,51663313,43.3736
1616,156997499,43.3955
1617,51663313,43.4173
1618,32637402,43.4485
1619,32637402,43.479
1620,32637402,43.5098
1621,32637402,43.5394
1622,32637402,43.57
1623,32637402,43.6011
1624,32637402,43.6316
1625,32637402,43.6629
1626,32637402,43.6941
1627,84880027,43.7152
1628,32637402,43.7363
1629,84880027,43.7575
1630,190214213,43.7788
1631,84880027,43.7996
1632,190214213,43.8208
1633,84880027,43.8429
1634,190214213,43.8646
1635,84880027,43.8865
1636,32637402,43.917
1637,32637402,43.9474
1638,32637402,43.9781
1639,32637402,44.0087
1640,32637402,44.0401
1641,32637402,44.0703
1642,32637402,44.1009
1643,32637402,44.1315
1644,32637402,44.1623
1645,51663313,44.1834
1646,32637402,44.2042
1647,51663313,44.2252
1648,156997499,44.2465
1649,51663313,44.2682
1650,156997499,44.2895
1651,51663313,44.3105
1652,156997499,44.3323
1653,51663313,44.3545
1654,32637402,44.3857
1655,32637402,44.4166
1656,32637402,44.4473
1657,32637402,44.4779
1658,32637402,44.5091
1659,32637402,44.5398
1660,32637402,44.5704
1661,32637402,44.6003
1662,32637402,44.6309
1663,84880027,44.6521
1664,32637402,44.673
1665,84880027,44.6941
1666,190214213,44.7167
1667,84880027,44.7389
1668,190214213,44.7606
1669,84880027,44.7825
1670,190214213,44.8041
1671,84880027,44.8253
1672,32637402,44.8565
1673,32637402,44.887
1674,32637402,44.9174
1675,32637402,44.9478
1676,32637402,44.9783
1677,32637402,45.0087
1678,32637402,45.0392
1679,32637402,45.0696
1680,32637402,45.1007
1681,51663313,45.1216
1682,32637402,45.1426
1683,51663313,45.1637
1684,156997499,45.1849
1685,51663313,45.2064
1686,156997499,45.228
1687,51663313,45.25
1688,156997499,45.2714
1689,51663313,45.2936
1690,32637402,45.3248
1691,32637402,45.3548
1692,32637402,45.3851
1693,32637402,45.4157
1694,32637402,45.4473
1695,32637402,45.4788
1696,32637402,45.5101
1697,32637402,45.5413
1698,32637402,45.5719
1699,84880027,45.5931
1700,32637402,45.6139
1701,84880027,45.634
1702,190214213,45.6549
1703,84880027,45.6766
1704,190214213,45.6981
1705,84880027,45.72
1706,190214213,45.742
1707,84880027,45.7648
1708,32637402,45.7961
1709,32637402,45.8265
1710,32637402,45.8571
1711,32637402,45.8866
1712,32637402,45.9169
1713,32637402,45.9474
1714,32637402,45.9778
1715,32637402,46.0083
1716,32637402,46.0391
1717,51663313,46.0599
1718,32637402,46.0806
1719,51663313,46.1019
1720,156997499,46.1231
1721,51663313,46.1439
1722,156997499,46.1656
1723,51663313,46.1877
1724,156997499,46.2095
1725,51663313,46.2313
1726,32637402,46.2624
1727,32637402,46.2929
1728,32637402,46.3236
1729,32637402,46.3542
1730,32637402,46.3854
1731,32637402,46.4159
1732,32637402,46.447
1733,32637402,46.4782
1734,32637402,46.5091
1735,84880027,46.5303
1736,32637402,46.5514
1737,84880027,46.5725
1738,190214213,46.5937
1739,84880027,46.6152
1740,190214213,46.6368
1741,84880027,46.6581
1742,190214213,46.6798
1743,84880027,46.702
1744,32637402,46.7327
1745,32637402,46.7631
1746,32637402,46.7935
1747,32637402,46.8241
1748,32637402,46.8551
1749,32637402,46.8859
1750,32637402,46.9167
1751,32637402,46.9463
1752,32637402,46.977
1753,51663313,46.9982
1754,32637402,47.019
1755,51663313,47.0402
1756,156997499,47.061
1757,51663313,47.0827
1758,156997499,47.104
1759,51663313,47.1259
1760,156997499,47.1475
1761,51663313,47.1689
1762,32637402,47.2
1763,32637402,47.2309
1764,32637402,47.2614
1765,32637402,47.2925
1766,32637402,47.3236
1767,32637402,47.3548
1768,32637402,47.3858
1769,32637402,47.4164
1770,32637402,47.4476
1771,84880027,47.4681
1772,32637402,47.489
1773,84880027,47.5101
1774,190214213,47.531
1775,84880027,47.5528
1776,190214213,47.5746
1777,84880027,47.5961
1778,190214213,47.6179
1779,84880027,47.6401
1780,32637402,47.6712
1781,32637402,47.7008
1782,32637402,47.7311
1783,32637402,47.7615
1784,32637402,47.792
1785,32637402,47.8225
1786,32637402,47.8529
1787,32637402,47.8835
1788,32637402,47.9146
1789,51663313,47.936
1790,32637402,47.9568
1791,51663313,47.9772
1792,156997499,47.9982
1793,51663313,48.0199
1794,156997499,48.0415
1795,51663313,48.0635
1796,156997499,48.0867
1797,51663313,48.1091
1798,32637402,48.1402
1799,32637402,48.1712
1800,32637402,48.2018
1801,32637402,48.2315
1802,32637402,48.2625
1803,32637402,48.294
1804,32637402,48.3253
1805,32637402,48.3563
1806,32637402,48.3875
1807,84880027,48.4085
1808,32637402,48.4292
1809,84880027,48.4504
1810,190214213,48.4715
1811,84880027,48.4925
1812,190214213,48.5138
1813,84880027,48.5354
1814,190214213,48.5572
1815,84880027,48.5793
1816,32637402,48.6107
1817,32637402,48.6411
1818,32637402,48.6716
1819,32637402,48.7022
1820,32637402,48.7337
1821,32637402,48.7632
1822,32637402,48.7937
1823,32637402,48.8241
1824,32637402,48.8548
1825,51663313,48.876
1826,32637402,48.8971
1827,51663313,48.9185
1828,156997499,48.9394
1829,51663313,48.9612
1830,156997499,48.983
1831,51663313,49.0043
1832,156997499,49.0261
1833,51663313,49.048
1834,32637402,49.0791
1835,32637402,49.1097
1836,32637402,49.1402
1837,32637402,49.1709
1838,32637402,49.2021
1839,32637402,49.2329
1840,32637402,49.2641
1841,32637402,49.2946
1842,32637402,49.3256
1843,84880027,49.3472
1844,32637402,49.3686
1845,84880027,49.3901
1846,190214213,49.4113
1847,84880027,49.433
1848,190214213,49.4546
1849,84880027,49.4765
1850,190214213,49.4983
1851,84880027,49.5197
1852,32637402,49.5508
1853,32637402,49.5814
1854,32637402,49.6122
1855,32637402,49.6427
1856,32637402,49.6733
1857,32637402,49.7041
1858,32637402,49.7346
1859,32637402,49.7651
1860,32637402,49.796
1861,51663313,49.8164
1862,32637402,49.8371
1863,51663313,49.8582
1864,156997499,49.8793
1865,51663313,49.9011
1866,156997499,49.9223
1867,51663313,49.9443
1868,156997499,49.9661
1869,51663313,49.9887
1870,32637402,50.0198
1871,32637402,50.0494
1872,32637402,50.0801
1873,32637402,50.1106
1874,32637402,50.1418
1875,32637402,50.173
1876,32637402,50.2041
1877,32637402,50.2353
1878,32637402,50.2664
1879,84880027,50.2876
1880,32637402,50.3084
1881,84880027,50.3288
1882,190214213,50.3499
1883,84880027,50.372
1884,190214213,50.3937
1885,84880027,50.4154
1886,190214213,50.4373
1887,84880027,50.4594
1888,32637402,50.4906
1889,32637402,50.5212
1890,32637402,50.5517
1891,32637402,50.5813
1892,32637402,50.6117
1893,32637402,50.6421
1894,32637402,50.6724
1895,32637402,50.7029
1896,32637402,50.7339
1897,51663313,50.7554
1898,32637402,50.7765
1899,51663313,50.7976
1900,156997499,50.8188
1901,51663313,50.8399
1902,156997499,50.8613
1903,51663313,50.8833
1904,156997499,50.9051
1905,51663313,50.9272
1906,32637402,50.9583
1907,32637402,50.9893
1908,32637402,51.0199
1909,32637402,51.0515
1910,32637402,51.0827
1911,32637402,51.1132
1912,32637402,51.1443
1913,32637402,51.1755
1914,32637402,51.2066
1915,84880027,51.2278
1916,32637402,51.2485
1917,84880027,51.2695
1918,190214213,51.2908
1919,84880027,51.3124
1920,190214213,51.3339
1921,84880027,51.3551
1922,190214213,51.3769
1923,84880027,51.3994
1924,32637402,51.4377
1925,32637402,51.4683
1926,32637402,51.4989
1927,32637402,51.5294
1928,32637402,51.5599
1929,32637402,51.5904
1930,32637402,51.6209
1931,32637402,51.6506
1932,32637402,51.681
1933,51663313,51.7019
1934,32637402,51.7235
1935,51663313,51.745
1936,156997499,51.7659
1937,51663313,51.7877
1938,156997499,51.8095
1939,51663313,51.8314
1940,156997499,51.8531
1941,51663313,51.8742
1942,32637402,51.9054
1943,32637402,51.9363
1944,32637402,51.9669
1945,32637402,51.9975
1946,32637402,52.0287
1947,32637402,52.0594
1948,32637402,52.0906
1949,32637402,52.1217
1950,32637402,52.1532
1951,84880027,52.1736
1952,32637402,52.1944
1953,84880027,52.2154
1954,190214213,52.2363
1955,84880027,52.2578
1956,190214213,52.2793
1957,84880027,52.3012
1958,190214213,52.323
1959,84880027,52.345
1960,32637402,52.3757
1961,32637402,52.4054
1962,32637402,52.4357
1963,32637402,52.4662
1964,32637402,52.4975
1965,32637402,52.5289
1966,32637402,52.56
1967,32637402,52.5905
1968,32637402,52.621
1969,51663313,52.6423
1970,32637402,52.663
1971,51663313,52.6834
1972,156997499,52.7046
1973,51663313,52.7262
1974,156997499,52.7477
1975,51663313,52.7696
1976,156997499,52.7914
1977,51663313,52.8136
1978,32637402,52.845
1979,32637402,52.876
1980,32637402,52.907
1981,32637402,52.9373
1982,32637402,52.9684
1983,32637402,52.9993
1984,32637402,53.0305
1985,32637402,53.0612
1986,32637402,53.0919
1987,84880027,53.1131
1988,32637402,53.1342
1989,84880027,53.1553
1990,190214213,53.1766
1991,84880027,53.1976
1992,190214213,53.2188
1993,84880027,53.2409
1994,190214213,53.2627
1995,84880027,53.2848
1996,32637402,53.316
1997,32637402,53.3464
1998,32637402,53.3769
1999,32637402,53.4077
2000,32637402,53.4381
2001,32637402,53.4675
2002,32637402,53.4979
2003,32637402,53.5283
2004,32637402,53.5594
2005,51663313,53.5809
2006,32637402,53.6017
2007,51663313,53.6227
2008,156997499,53.644
2009,51663313,53.6657
2010,156997499,53.6873
2011,51663313,53.7081
2012,156997499,53.7299
2013,51663313,53.7521
2014,32637402,53.7832
2015,32637402,53.8138
2016,32637402,53.8444
2017,32637402,53.8755
2018,32637402,53.9066
2019,32637402,53.9378
2020,32637402,53.9689
2021,32637402,53.9991
2022,32637402,54.03
2023,84880027,54.0512
2024,32637402,54.072
2025,84880027,54.0931
2026,190214213,54.1143
2027,84880027,54.136
2028,190214213,54.1573
2029,84880027,54.1792
2030,190214213,54.2016
2031,84880027,54.2232
2032,32637402,54.2544
2033,32637402,54.2852
2034,32637402,54.3157
2035,32637402,54.3464
2036,32637402,54.377
2037,32637402,54.4075
2038,32637402,54.438
2039,32637402,54.4685
2040,32637402,54.4993
2041,51663313,54.5194
2042,32637402,54.5402
2043,51663313,54.5617
2044,156997499,54.5825
2045,51663313,54.6045
2046,156997499,54.6261
2047,51663313,54.648
2048,156997499,54.6697
2049,51663313,54.6915
2050,32637402,54.7239
2051,32637402,54.7539
2052,32637402,54.7847
2053,32637402,54.8155
2054,32637402,54.8467
2055,32637402,54.8775
2056,32637402,54.9087
2057,32637402,54.9404
2058,32637402,54.9716
2059,84880027,54.9928
2060,32637402,55.0139
2061,84880027,55.0343
2062,190214213,55.0554
2063,84880027,55.0768
2064,190214213,55.0983
2065,84880027,55.1203
2066,190214213,55.142
2067,84880027,55.1639
2068,32637402,55.195
2069,32637402,55.2256
2070,32637402,55.2566
2071,32637402,55.2861
2072,32637402,55.3172
2073,32637402,55.3477
2074,32637402,55.3784
2075,32637402,55.4088
2076,32637402,55.4393
2077,51663313,55.4605
2078,32637402,55.4814
2079,51663313,55.5025
2080,156997499,55.5237
2081,51663313,55.5444
2082,156997499,55.5658
2083,51663313,55.5878
2084,156997499,55.6101
2085,51663313,55.6325
2086,32637402,55.6637
2087,32637402,55.6942
2088,32637402,55.7246
2089,32637402,55.7552
2090,32637402,55.7859
2091,32637402,55.8159
2092,32637402,55.8471
2093,32637402,55.8778
2094,32637402,55.9091
2095,84880027,55.9299
2096,32637402,55.9508
2097,84880027,55.9726
2098,190214213,55.9937
2099,84880027,56.0153
2100,190214213,56.0369
2101,84880027,56.0578
2102,190214213,56.0795
2103,84880027,56.1017
2104,32637402,56.1329
2105,32637402,56.1633
2106,32637402,56.1938
2107,32637402,56.2243
2108,32637402,56.2548
2109,32637402,56.2854
2110,32637402,56.3161
2111,32637402,56.3455
2112,32637402,56.3768
2113,51663313,56.398
2114,32637402,56.4188
2115,51663313,56.4399
2116,156997499,56.4612
2117,51663313,56.483
2118,156997499,56.5046
2119,51663313,56.5263
2120,156997499,56.5481
2121,51663313,56.5691
2122,32637402,56.6002
2123,32637402,56.6308
2124,32637402,56.662
2125,32637402,56.693
2126,32637402,56.7242
2127,32637402,56.7548
2128,32637402,56.786
2129,32637402,56.8171
2130,32637402,56.8483
2131,84880027,56.8688
2132,32637402,56.8895
2133,84880027,56.9106
2134,190214213,56.9319
2135,84880027,56.9536
2136,190214213,56.9752
2137,84880027,56.9975
2138,190214213,57.0196
2139,84880027,57.0415
2140,32637402,57.0727
2141,32637402,57.1028
2142,32637402,57.1332
2143,32637402,57.1638
2144,32637402,57.1942
2145,32637402,57.2247
2146,32637402,57.2552
2147,32637402,57.2857
2148,32637402,57.3163
2149,51663313,57.3374
2150,32637402,57.3585
2151,51663313,57.379
2152,156997499,57.4001
2153,51663313,57.4218
2154,156997499,57.4434
2155,51663313,57.4653
2156,156997499,57.4871
2157,51663313,57.5089
2158,32637402,57.5401
2159,32637402,57.5706
2160,32637402,57.6009
2161,32637402,57.6306
2162,32637402,57.6612
2163,32637402,57.692
2164,32637402,57.7236
2165,32637402,57.7552
2166,32637402,57.786
2167,84880027,57.8072
2168,32637402,57.8283
2169,84880027,57.8497
2170,190214213,57.8707
2171,84880027,57.8913
2172,190214213,57.9127
2173,84880027,57.9347
2174,190214213,57.9564
2175,84880027,57.9783
2176,32637402,58.0094
2177,32637402,58.0402
2178,32637402,58.071
2179,32637402,58.1122
2180,32637402,58.1434
2181,32637402,58.1728
2182,32637402,58.2041
2183,32637402,58.2356
2184,32637402,58.2666
2185,51663313,58.2886
2186,32637402,58.3102
2187,51663313,58.3321
2188,156997499,58.3539
2189,51663313,58.3764
2190,156997499,58.3985
2191,51663313,58.4202
2192,156997499,58.4432
2193,51663313,58.4658
2194,32637402,58.4977
2195,32637402,58.5298
2196,32637402,58.5607
2197,32637402,58.5922
2198,32637402,58.6244
2199,32637402,58.6561
2200,32637402,58.6883
2201,32637402,58.7198
2202,32637402,58.7516
2203,84880027,58.7735
2204,32637402,58.7957
2205,84880027,58.8182
2206,190214213,58.8403
2207,84880027,58.8628
2208,190214213,58.885
2209,84880027,58.9077
2210,190214213,58.9301
2211,84880027,58.9518
2212,32637402,58.9831
2213,32637402,59.0145
2214,32637402,59.0453
2215,32637402,59.0767
2216,32637402,59.1084
2217,32637402,59.1396
2218,32637402,59.1712
2219,32637402,59.2033
2220,32637402,59.2343
2221,51663313,59.2552
2222,32637402,59.277
2223,51663313,59.2991
2224,156997499,59.321
2225,51663313,59.3435
2226,156997499,59.3657
2227,51663313,59.3884
2228,156997499,59.4109
2229,51663313,59.4335
2230,32637402,59.4657
2231,32637402,59.4964
2232,32637402,59.5275
2233,32637402,59.5592
2234,32637402,59.5914
2235,32637402,59.6232
2236,32637402,59.6555
2237,32637402,59.6877
2238,32637402,59.7195
2239,84880027,59.7415
2240,32637402,59.7633
2241,84880027,59.7845
2242,190214213,59.806
2243,84880027,59.8285
2244,190214213,59.8513
2245,84880027,59.8743
2246,190214213,59.8967
2247,84880027,59.9194
2248,32637402,59.9514
2249,32637402,59.9834
2250,32637402,60.0151
2251,32637402,60.0454
2252,32637402,60.0774
2253,32637402,60.1086
2254,32637402,60.1399
2255,32637402,60.1715
2256,32637402,60.2034
2257,51663313,60.2256
2258,32637402,60.2477
2259,51663313,60.2699
2260,156997499,60.2918
2261,51663313,60.3136
2262,156997499,60.3358
2263,51663313,60.3585
2264,156997499,60.3809
2265,51663313,60.4036
2266,32637402,60.4351
2267,32637402,60.4667
2268,32637402,60.4983
2269,32637402,60.5292
2270,32637402,60.5621
2271,32637402,60.5936
2272,32637402,60.6259
2273,32637402,60.658
2274,32637402,60.6899
2275,84880027,60.7121
2276,32637402,60.7339
2277,84880027,60.756
2278,190214213,60.778
2279,84880027,60.8006
2280,190214213,60.8227
2281,84880027,60.8446
2282,190214213,60.8672
2283,84880027,60.8898
2284,32637402,60.9215
2285,32637402,60.9539
2286,32637402,60.9856
2287,32637402,61.0175
2288,32637402,61.0491
2289,32637402,61.0809
2290,32637402,61.1124
2291,32637402,61.1427
2292,32637402,61.1739
2293,51663313,61.1958
2294,32637402,61.2175
2295,51663313,61.2393
2296,156997499,61.2613
2297,51663313,61.2834
2298,156997499,61.3063
2299,51663313,61.3292
2300,156997499,61.3517
2301,51663313,61.3735
2302,32637402,61.4055
2303,32637402,61.4374
2304,32637402,61.469
2305,32637402,61.5005
2306,32637402,61.5325
2307,32637402,61.5643
2308,32637402,61.5965
2309,32637402,61.6351
2310,32637402,61.667
2311,84880027,61.6882
2312,32637402,61.71
2313,84880027,61.7325
2314,190214213,61.7543
2315,84880027,61.7768
2316,190214213,61.799
2317,84880027,61.8218
2318,190214213,61.8442
2319,84880027,61.8668
2320,32637402,61.8988
2321,32637402,61.9299
2322,32637402,61.9606
2323,32637402,61.992
2324,32637402,62.0229
2325,32637402,62.0539
2326,32637402,62.0858
2327,32637402,62.1172
2328,32637402,62.1488
2329,51663313,62.1708
2330,32637402,62.1923
2331,51663313,62.213
2332,156997499,62.2348
2333,51663313,62.2573
2334,156997499,62.2795
2335,51663313,62.3022
2336,156997499,62.3247
2337,51663313,62.3472
2338,32637402,62.3795
2339,32637402,62.4119
2340,32637402,62.443
2341,32637402,62.4727
2342,32637402,62.5047
2343,32637402,62.5367
2344,32637402,62.5686
2345,32637402,62.601
2346,32637402,62.6329
2347,84880027,62.6549
2348,32637402,62.6767
2349,84880027,62.6988
2350,190214213,62.7207
2351,84880027,62.742
2352,190214213,62.765
2353,84880027,62.7879
2354,190214213,62.8103
2355,84880027,62.8329
2356,32637402,62.865
2357,32637402,62.8969
2358,32637402,62.9285
2359,32637402,62.9604
2360,32637402,62.9923
2361,32637402,63.023
2362,32637402,63.0544
2363,32637402,63.0858
2364,32637402,63.117
2365,51663313,63.1393
2366,32637402,63.1612
2367,51663313,63.1831
2368,156997499,63.205
2369,51663313,63.2274
2370,156997499,63.2496
2371,51663313,63.2716
2372,156997499,63.2941
2373,51663313,63.3167
2374,32637402,63.3487
2375,32637402,63.3803
2376,32637402,63.4119
2377,32637402,63.4435
2378,32637402,63.4762
2379,32637402,63.5084
2380,32637402,63.5407
2381,32637402,63.5722
2382,32637402,63.6041
2383,84880027,63.6258
2384,32637402,63.6476
2385,84880027,63.6698
2386,190214213,63.6916
2387,84880027,63.7144
2388,190214213,63.7364
2389,84880027,63.7593
2390,190214213,63.7818
2391,84880027,63.804
2392,32637402,63.8362
2393,32637402,63.8679
2394,32637402,63.899
2395,32637402,63.9305
2396,32637402,63.9612
2397,32637402,63.9929
2398,32637402,64.0247
2399,32637402,64.0562
2400,32637402,64.0875
2401,51663313,64.1089
2402,32637402,64.1307
2403,51663313,64.1521
2404,156997499,64.1741
2405,51663313,64.1966
2406,156997499,64.2196
2407,51663313,64.2426
2408,156997499,64.265
2409,51663313,64.2874
2410,32637402,64.3194
2411,32637402,64.3504
2412,32637402,64.3813
2413,32637402,64.4134
2414,32637402,64.4455
2415,32637402,64.4775
2416,32637402,64.5093
2417,32637402,64.5413
2418,32637402,64.5732
2419,84880027,64.5949
2420,32637402,64.6171
2421,84880027,64.6383
2422,190214213,64.6603
2423,84880027,64.6829
2424,190214213,64.7051
2425,84880027,64.7278
2426,190214213,64.7502
2427,84880027,64.7727
2428,32637402,64.8047
2429,32637402,64.8367
2430,32637402,64.8678
2431,32637402,64.8972
2432,32637402,64.9284
2433,32637402,64.9599
2434,32637402,64.9909
2435,32637402,65.0224
2436,32637402,65.0538
2437,51663313,65.0757
2438,32637402,65.0975
2439,51663313,65.1197
2440,156997499,65.1419
2441,51663313,65.1633
2442,156997499,65.1864
2443,51663313,65.2094
2444,156997499,65.2319
2445,51663313,65.2547
2446,32637402,65.287
2447,32637402,65.3194
2448,32637402,65.3504
2449,32637402,65.3821
2450,32637402,65.4144
2451,32637402,65.4456
2452,32637402,65.4775
2453,32637402,65.5096
2454,32637402,65.5412
2455,84880027,65.5633
2456,32637402,65.5853
2457,84880027,65.6074
2458,190214213,65.6294
2459,84880027,65.6524
2460,190214213,65.6748
2461,84880027,65.6968
2462,190214213,65.7192
2463,84880027,65.7418
2464,32637402,65.7739
2465,32637402,65.8057
2466,32637402,65.8367
2467,32637402,65.8681
2468,32637402,65.9001
2469,32637402,65.9309
2470,32637402,65.9626
2471,32637402,65.9925
2472,32637402,66.0239
2473,51663313,66.0461
2474,32637402,66.0684
2475,51663313,66.0907
2476,156997499,66.1127
2477,51663313,66.1352
2478,156997499,66.1575
2479,51663313,66.1803
2480,156997499,66.2027
2481,51663313,66.2246
2482,32637402,66.2566
2483,32637402,66.2886
2484,32637402,66.3204
2485,32637402,66.3519
2486,32637402,66.3848
2487,32637402,66.4165
2488,32637402,66.4489
2489,32637402,66.4811
2490,32637402,66.513
2491,84880027,66.5338
2492,32637402,66.5554
2493,84880027,66.5775
2494,190214213,66.5994
2495,84880027,66.622
2496,190214213,66.6442
2497,84880027,66.6669
2498,190214213,66.6893
2499,84880027,66.7125
2500,32637402,66.7439
2501,32637402,66.7734
2502,32637402,66.8048
2503,32637402,66.8369
2504,32637402,66.8688
2505,32637402,66.9001
2506,32637402,66.932
2507,32637402,66.9639
2508,32637402,66.9953
2509,51663313,67.0173
2510,32637402,67.039
2511,51663313,67.0602
2512,156997499,67.0821
2513,51663313,67.1046
2514,156997499,67.1276
2515,51663313,67.1501
2516,156997499,67.1726
2517,51663313,67.1956
2518,32637402,67.2276
2519,32637402,67.2596
2520,32637402,67.2909
2521,32637402,67.3212
2522,32637402,67.3528
2523,32637402,67.385
2524,32637402,67.4172
2525,32637402,67.4494
2526,32637402,67.4816
2527,84880027,67.5037
2528,32637402,67.5258
2529,84880027,67.548
2530,190214213,67.5699
2531,84880027,67.5916
2532,190214213,67.6137
2533,84880027,67.6364
2534,190214213,67.6589
2535,84880027,67.6818
2536,32637402,67.7139
2537,32637402,67.7459
2538,32637402,67.7772
2539,32637402,67.8093
2540,32637402,67.841
2541,32637402,67.8714
2542,32637402,67.9024
2543,32637402,67.9339
2544,32637402,67.9662
2545,51663313,67.9883
2546,32637402,68.01
2547,51663313,68.0322
2548,156997499,68.0587
2549,51663313,68.0812
2550,156997499,68.1033
2551,51663313,68.1253
2552,156997499,68.1474
2553,51663313,68.1704
2554,32637402,68.2027
2555,32637402,68.2351
2556,32637402,68.2666
2557,32637402,68.2981
2558,32637402,68.3303
2559,32637402,68.3624
2560,32637402,68.3946
2561,32637402,68.4261
2562,32637402,68.4582
2563,84880027,68.4802
2564,32637402,68.5018
2565,84880027,68.5238
2566,190214213,68.5458
2567,84880027,68.5688
2568,190214213,68.5913
2569,84880027,68.6214
2570,190214213,68.6439
2571,84880027,68.6661
2572,32637402,68.6982
2573,32637402,68.7302
2574,32637402,68.7622
2575,32637402,68.7942
2576,32637402,68.8257
2577,32637402,68.8577
2578,32637402,68.889
2579,32637402,68.9204
2580,32637402,68.9527
2581,51663313,68.9739
2582,32637402,68.9956
2583,51663313,69.0175
2584,156997499,69.039
2585,51663313,69.0615
2586,156997499,69.0837
2587,51663313,69.1064
2588,156997499,69.1289
2589,51663313,69.1514
2590,32637402,69.1835
2591,32637402,69.2145
2592,32637402,69.2454
2593,32637402,69.277
2594,32637402,69.31
2595,32637402,69.3425
2596,32637402,69.3748
2597,32637402,69.4069
2598,32637402,69.4391
2599,84880027,69.4611
2600,32637402,69.4829
2601,84880027,69.5041
2602,190214213,69.526
2603,84880027,69.5482
2604,190214213,69.5704
2605,84880027,69.5932
2606,190214213,69.6157
2607,84880027,69.6392
2608,32637402,69.6715
2609,32637402,69.7024
2610,32637402,69.734
2611,32637402,69.7635
2612,32637402,69.7946
2613,32637402,69.8262
2614,32637402,69.857
2615,32637402,69.8883
2616,32637402,69.9206
2617,51663313,69.9421
2618,32637402,69.9635
2619,51663313,69.9854
2620,156997499,70.0074
2621,51663313,70.0291
2622,156997499,70.052
2623,51663313,70.075
2624,156997499,70.0975
2625,51663313,70.1204
2626,32637402,70.152
2627,32637402,70.1827
2628,32637402,70.214
2629,32637402,70.2455
2630,32637402,70.2776
2631,32637402,70.3085
2632,32637402,70.3407
2633,32637402,70.373
2634,32637402,70.4052
2635,84880027,70.4277
2636,32637402,70.4498
2637,84880027,70.472
2638,190214213,70.494
2639,84880027,70.5157
2640,190214213,70.5381
2641,84880027,70.5601
2642,190214213,70.5825
2643,84880027,70.6055
2644,32637402,70.6375
2645,32637402,70.6695
2646,32637402,70.7009
2647,32637402,70.7329
2648,32637402,70.7642
2649,32637402,70.7959
2650,32637402,70.8275
2651,32637402,70.8571
2652,32637402,70.8886
2653,51663313,70.9106
2654,32637402,70.9324
2655,51663313,70.9545
2656,156997499,70.9765
2657,51663313,70.9992
2658,156997499,71.0216
2659,51663313,71.0445
2660,156997499,71.0672
2661,51663313,71.0895
2662,32637402,71.1218
2663,32637402,71.1532
2664,32637402,71.1853
2665,32637402,71.2168
2666,32637402,71.2489
2667,32637402,71.281
2668,32637402,71.3132
2669,32637402,71.3453
2670,32637402,71.3774
2671,84880027,71.3986
2672,32637402,71.4204
2673,84880027,71.4426
2674,190214213,71.4645
2675,84880027,71.4875
2676,190214213,71.51
2677,84880027,71.5328
2678,190214213,71.5552
2679,84880027,71.5782
2680,32637402,71.6102
2681,32637402,71.6412
2682,32637402,71.672
2683,32637402,71.7032
2684,32637402,71.7346
2685,32637402,71.766
2686,32637402,71.7973
2687,32637402,71.8287
2688,32637402,71.8604
2689,51663313,71.8826
2690,32637402,71.9044
2691,51663313,71.9256
2692,156997499,71.9476
2693,51663313,71.9701
2694,156997499,71.9923
2695,51663313,72.015
2696,156997499,72.0375
2697,51663313,72.0604
2698,32637402,72.0925
2699,32637402,72.1245
2700,32637402,72.1565
2701,32637402,72.1861
2702,32637402,72.2184
2703,32637402,72.251
2704,32637402,72.2832
2705,32637402,72.3153
2706,32637402,72.3475
2707,84880027,72.3694
2708,32637402,72.3911
2709,84880027,72.4133
2710,190214213,72.4353
2711,84880027,72.4572
2712,190214213,72.4794
2713,84880027,72.5021
2714,190214213,72.5247
2715,84880027,72.5482
2716,32637402,72.5804
2717,32637402,72.6124
2718,32637402,72.6437
2719,32637402,72.675
2720,32637402,72.7062
2721,32637402,72.737
2722,32637402,72.7685
2723,32637402,72.8
2724,32637402,72.8313
2725,51663313,72.8534
2726,32637402,72.8749
2727,51663313,72.897
2728,156997499,72.9189
2729,51663313,72.9419
2730,156997499,72.9644
2731,51663313,72.9864
2732,156997499,73.0089
2733,51663313,73.0317
2734,32637402,73.0632
2735,32637402,73.0944
2736,32637402,73.1264
2737,32637402,73.1574
2738,32637402,73.1896
2739,32637402,73.2218
2740,32637402,73.2539
2741,32637402,73.2854
2742,32637402,73.3176
2743,84880027,73.3398
2744,32637402,73.362
2745,84880027,73.3841
2746,190214213,73.4062
2747,84880027,73.4287
2748,190214213,73.451
2749,84880027,73.4737
2750,190214213,73.4962
2751,84880027,73.5183
2752,32637402,73.5496
2753,32637402,73.5811
2754,32637402,73.6125
2755,32637402,73.6435
2756,32637402,73.6753
2757,32637402,73.7071
2758,32637402,73.7391
2759,32637402,73.7711
2760,32637402,73.8033
2761,51663313,73.8246
2762,32637402,73.8465
2763,51663313,73.8687
2764,156997499,73.8907
2765,51663313,73.9133
2766,156997499,73.9355
2767,51663313,73.9582
2768,156997499,73.9806
2769,51663313,74.0041
2770,32637402,74.0363
2771,32637402,74.0674
2772,32637402,74.0986
2773,32637402,74.1302
2774,32637402,74.1619
2775,32637402,74.1935
2776,32637402,74.226
2777,32637402,74.2584
2778,32637402,74.2908
2779,84880027,74.3128
2780,32637402,74.3347
2781,84880027,74.3559
2782,190214213,74.3779
2783,84880027,74.401
2784,190214213,74.4236
2785,84880027,74.4465
2786,190214213,74.469
2787,84880027,74.4919
2788,32637402,74.5228
2789,32637402,74.5543
2790,32637402,74.5858
2791,32637402,74.6162
2792,32637402,74.6471
2793,32637402,74.6791
2794,32637402,74.7102
2795,32637402,74.7422
2796,32637402,74.7745
2797,51663313,74.7968
2798,32637402,74.8187
2799,51663313,74.8409
2800,156997499,74.8628
2801,51663313,74.8846
2802,156997499,74.9068
2803,51663313,74.9296
2804,156997499,74.9521
2805,51663313,74.9745
2806,32637402,75.0065
2807,32637402,75.0386
2808,32637402,75.07
2809,32637402,75.1022
2810,32637402,75.1346
2811,32637402,75.1656
2812,32637402,75.1974
2813,32637402,75.2298
2814,32637402,75.262
2815,84880027,75.2839
2816,32637402,75.3056
2817,84880027,75.3275
2818,190214213,75.3493
2819,84880027,75.3718
2820,190214213,75.3939
2821,84880027,75.4158
2822,190214213,75.4383
2823,84880027,75.4618
2824,32637402,75.494
2825,32637402,75.5253
2826,32637402,75.5572
2827,32637402,75.5891
2828,32637402,75.6204
2829,32637402,75.6519
2830,32637402,75.684
2831,32637402,75.7159
2832,32637402,75.7473
2833,51663313,75.7693
2834,32637402,75.7912
2835,51663313,75.8131
2836,156997499,75.8352
2837,51663313,75.8579
2838,156997499,75.8805
2839,51663313,75.9032
2840,156997499,75.9256
2841,51663313,75.9475
2842,32637402,75.9794
2843,32637402,76.0115
2844,32637402,76.0435
2845,32637402,76.0754
2846,32637402,76.1076
2847,32637402,76.1397
2848,32637402,76.1713
2849,32637402,76.2036
2850,32637402,76.2366
2851,84880027,76.2581
2852,32637402,76.2801
2853,84880027,76.3022
2854,190214213,76.3243
2855,84880027,76.3468
2856,190214213,76.369
2857,84880027,76.3918
2858,190214213,76.4143
2859,84880027,76.4373
2860,32637402,76.4693
2861,32637402,76.5004
2862,32637402,76.5312
2863,32637402,76.5624
2864,32637402,76.5941
2865,32637402,76.6265
2866,32637402,76.6586
2867,32637402,76.6899
2868,32637402,76.7213
2869,51663313,76.7432
2870,32637402,76.7649
2871,51663313,76.7861
2872,156997499,76.8081
2873,51663313,76.8306
2874,156997499,76.8527
2875,51663313,76.8755
2876,156997499,76.898
2877,51663313,76.9216
2878,32637402,76.9538
2879,32637402,76.9849
2880,32637402,77.0163
2881,32637402,77.0462
2882,32637402,77.0783
2883,32637402,77.1104
2884,32637402,77.1425
2885,32637402,77.1745
2886,32637402,77.2065
2887,84880027,77.2284
2888,32637402,77.2503
2889,84880027,77.2726
2890,190214213,77.2951
2891,84880027,77.3175
2892,190214213,77.3398
2893,84880027,77.3629
2894,190214213,77.3856
2895,84880027,77.4088
2896,32637402,77.4412
2897,32637402,77.4727
2898,32637402,77.5048
2899,32637402,77.5361
2900,32637402,77.5675
2901,32637402,77.5978
2902,32637402,77.629
2903,32637402,77.6604
2904,32637402,77.6919
2905,51663313,77.7141
2906,32637402,77.7359
2907,51663313,77.758
2908,156997499,77.7799
2909,51663313,77.8024
2910,156997499,77.8246
2911,51663313,77.8465
2912,156997499,77.8689
2913,51663313,77.8919
2914,32637402,77.9238
2915,32637402,77.9552
2916,32637402,77.9866
2917,32637402,78.0189
2918,32637402,78.051
2919,32637402,78.0833
2920,32637402,78.1154
2921,32637402,78.1466
2922,32637402,78.1788
2923,84880027,78.2007
2924,32637402,78.2226
2925,84880027,78.2447
2926,190214213,78.2666
2927,84880027,78.2891
2928,190214213,78.3113
2929,84880027,78.3341
2930,190214213,78.3571
2931,84880027,78.3796
2932,32637402,78.4116
2933,32637402,78.4431
2934,32637402,78.4745
2935,32637402,78.5061
2936,32637402,78.5375
2937,32637402,78.5688
2938,32637402,78.6008
2939,32637402,78.6328
2940,32637402,78.6643
2941,51663313,78.6856
2942,32637402,78.7076
2943,51663313,78.7301
2944,156997499,78.7524
2945,51663313,78.7751
2946,156997499,78.7971
2947,51663313,78.8194
2948,156997499,78.8415
2949,51663313,78.8642
2950,32637402,78.8957
2951,32637402,78.9261
2952,32637402,78.9574
2953,32637402,78.9887
2954,32637402,79.0262
2955,32637402,79.058
2956,32637402,79.0896
2957,32637402,79.1221
2958,32637402,79.1542
2959,84880027,79.1758
2960,32637402,79.1971
2961,84880027,79.2178
2962,190214213,79.2395
2963,84880027,79.2617
2964,190214213,79.2836
2965,84880027,79.3059
2966,190214213,79.328
2967,84880027,79.3505
2968,32637402,79.3819
2969,32637402,79.4132
2970,32637402,79.4448
2971,32637402,79.4751
2972,32637402,79.5067
2973,32637402,79.5379
2974,32637402,79.5691
2975,32637402,79.6003
2976,32637402,79.6318
2977,51663313,79.6533
2978,32637402,79.6748
2979,51663313,79.6966
2980,156997499,79.7181
2981,51663313,79.7396
2982,156997499,79.7615
2983,51663313,79.784
2984,156997499,79.807
2985,51663313,79.8299
2986,32637402,79.8614
2987,32637402,79.8926
2988,32637402,79.9239
2989,32637402,79.9553
2990,32637402,79.9872
2991,32637402,80.0181
2992,32637402,80.0498
2993,32637402,80.0814
2994,32637402,80.1131
2995,84880027,80.1348
2996,32637402,80.1563
2997,84880027,80.1785
2998,190214213,80.2004
2999,84880027,80.2226
3000,190214213,80.2446
3001,84880027,80.2662
