1,1.370918864684455e+17,0.42891
2,9.447662956494822e+16,1.0368
3,6.486911116382982e+16,1.628
4,3.994597125946247e+16,2.1471
5,2.78821430004454e+16,2.6712
6,1.992876713044541e+16,3.1963
7,1.271192497314581e+16,3.7186
8,9562150714776518,4.2379
9,7993533283196832,4.7659
10,6629067549878204,5.3338
11,5476683660088956,5.9482
12,3243262884528481,6.4698
13,2592097749792512,6.9949
14,2531760624865662,7.5183
15,2531760624865662,8.0456
16,2531760624865662,8.5681
17,2531760624865662,9.0881
18,2592097749792512,9.6078
19,2531760624865662,10.136
20,3182925759601632,10.6573
21,2531760624865662,11.2047
22,3240092580766322,11.7511
23,2531760624865662,12.2753
24,3518984622849284,12.7978
25,2531760624865662,13.3176
26,4100378056445350,13.8403
27,2531760624865662,14.3645
28,4431240446568079,14.8871
29,2531760624865662,15.4077
30,4765181400426137,15.9291
31,2531760624865662,16.4482
32,4812623242987438,16.9692
33,2531760624865662,17.488
34,4830289556101962,18.0095
35,2531760624865662,18.5285
36,2531760624865662,19.0484
37,2531760624865662,19.5674
38,2531760624865662,20.0872
39,2592097749792512,20.607
40,2531760624865662,21.1272
41,3182925759601632,21.6475
42,2531760624865662,22.1673
43,3240092580766322,22.6881
44,2531760624865662,23.2079
45,3518984622849284,23.7361
46,2531760624865662,24.2571
47,4100378056445350,24.7787
48,2531760624865662,25.3002
49,4431240446568079,25.8215
50,2531760624865662,26.3458
51,4765181400426137,26.8756
52,2531760624865662,27.3969
53,4812623242987438,27.9202
54,2531760624865662,28.4408
55,4830289556101962,28.9671
56,2531760624865662,29.4877
