1,3.668239705902356e+17,0.04791
2,2.657877958886946e+17,0.062847
3,1.623432988360718e+17,0.077658
4,1.02720479294171e+17,0.092395
5,8.077923584823925e+16,0.10722
6,5.947227969158274e+16,0.12199
7,4.400846580672227e+16,0.1367
8,3.205294462866946e+16,0.15108
9,1.815537908283639e+16,0.16547
10,1.489610510958399e+16,0.1798
11,1.489610510958399e+16,0.19418
12,1.508352432450412e+16,0.20865
13,2517636164292994,0.2299
14,1651853651336586,0.25091
15,790126295630390,0.27199
16,545087527630390,0.293
17,355713902236909,0.31404
18,238675134236909,0.33508
19,201191291252884,0.35697
20,37578041589700,0.37834
21,26589327093771,0.39941
22,15673558668167,0.42046
23,5405347264142,0.44147
24,2047507245661,0.46619
25,39519054436,0.48819
26,0,0.50923
