1,4.058870131158421e+17,0.69996
2,3.172012232235383e+17,3.0505
3,2.81689254888819e+17,3.6692
4,2.483499364724068e+17,4.1253
5,1.598357633272081e+17,4.5609
6,1.365318139067004e+17,4.9717
7,1.184708159227839e+17,5.3834
8,1.018490117011061e+17,5.7972
9,8.849236868671091e+16,6.2134
10,8.087545796881715e+16,6.6658
11,7.799633731305614e+16,7.0818
12,5.800530116645892e+16,7.5003
13,5.53186921867519e+16,7.9289
14,5.4412797690397e+16,8.3434
15,5.53186921867519e+16,8.7578
16,5.705475528331082e+16,9.1796
17,4.848962982059272e+16,9.5994
18,4.454809984559273e+16,10.0068
19,4.136349732048748e+16,10.4094
20,3.916388027061571e+16,10.8175
21,3.723998136658373e+16,11.2293
22,3.536278677658374e+16,11.6357
23,3.368300846158374e+16,12.0424
24,3.207376256406698e+16,12.4484
25,3.046996303807608e+16,12.8536
26,2.873888217751488e+16,13.26
27,2.716879289251488e+16,13.6654
28,2.569939966193158e+16,14.0721
29,2.424989766448648e+16,14.4772
30,2.301730837948648e+16,14.8826
31,2.18431890870308e+16,15.2894
32,2.075537513787447e+16,15.6957
33,1.971391497807331e+16,16.1019
34,1.870399919925019e+16,16.5096
35,1.780939427925019e+16,16.9213
36,1.694417506425019e+16,17.3265
37,1.616158577925019e+16,17.7319
38,1.538180746425019e+16,18.1385
39,1.46661295970093e+16,18.5437
40,1.397654118352291e+16,18.948
41,1.334793030821248e+16,19.3537
42,1.265238245072924e+16,19.762
43,1.196942277572924e+16,20.1691
44,1.137005813944968e+16,20.5752
45,1.079296972596329e+16,20.9806
46,1.021879177596329e+16,21.3858
47,9659060295963290,21.7915
48,9186500670126264,22.1963
49,8747875815126264,22.6021
50,8312391240126264,23.0074
51,7906294861516322,23.4133
52,7507457743787205,23.8184
53,7115330610230844,24.224
54,6754753177659340,24.629
55,6319734982659340,25.0342
56,5969399652909445,25.4396
57,5619253362857781,25.8466
58,5336986542857781,26.2525
59,5069442686117756,26.6596
60,4817008548117756,27.0638
61,4566969048117756,27.4695
62,4341481938117656,27.8757
63,4116073878117656,28.2808
64,3871136021158132,28.6861
65,3650196542954260,29.0939
66,3434399223441086,29.5002
67,3163836567289986,29.9058
68,2965629118614782,30.3113
69,2770966334231373,30.7163
70,2524953234109150,31.1211
71,2301287467384506,31.5275
72,2124415222384506,31.9348
73,1981994276479627,32.3408
74,1844454776479627,32.7459
75,1731546716479627,33.1511
76,1622017389748602,33.5571
77,1497839439748602,33.9631
78,1399428417028793,34.3687
79,1321179657028793,34.7768
80,1248227472028793,35.1833
81,1179970587028793,35.5892
82,1115598342028793,35.9951
83,1053236997028793,36.4026
84,992116663292232,36.8079
85,936553469649815,37.2142
86,881113697649815,37.6221
87,830552482218934,38.0286
88,780081916706913,38.4349
89,664498305720009,38.8407
90,623853039587513,39.2465
91,583875732924392,39.653
92,552078502785972,40.0615
93,522094535694469,40.4675
94,413167571319893,40.8773
95,305405427623644,41.2827
96,276036615133644,41.6898
97,261769345076028,42.0973
98,251183085076028,42.5049
99,243065691473212,42.9113
100,236479431473212,43.3195
101,228636860862531,43.728
102,219449682862531,44.1362
103,212380364558780,44.5432
104,206323304558780,44.9508
105,200934427279579,45.3576
106,193460813279579,45.7664
107,187371585851083,46.1738
108,181962699851083,46.5806
109,175793257851083,46.9886
110,170313255851083,47.3957
111,165126077851083,47.8025
112,160494235851083,48.2114
113,156027442367642,48.6181
114,151833178367642,49.0255
115,147663736367642,49.4327
116,142254850367642,49.8412
117,136774848367642,50.249
118,132580584367642,50.6569
119,128411142367642,51.0647
120,124216878367642,51.4713
121,120430577142026,51.8766
122,116950575142026,52.2836
123,111541689142026,52.6891
124,107372247142026,53.0958
125,103177983142026,53.5012
126,99697981142026,53.9065
127,96289095142026,54.3207
128,92119653142026,54.7258
129,87925389142026,55.1308
130,84738211142026,55.5383
131,81858755646641,55.9457
132,79034678698305,56.3512
133,75983787646641,56.7562
134,73814345646641,57.1618
135,71306837095922,57.5675
136,68482760147586,57.9729
137,66501920646657,58.384
138,64538498111368,58.7909
139,62717163939388,59.1975
140,60547721939388,59.6033
141,59646344490107,60.0082
142,58788778153228,60.4135
143,58111842490107,60.8199
144,57455917438443,61.2254
145,56631840490107,61.6313
146,55060651367884,62.0383
147,54124331939388,62.4439
148,53222954490107,62.8503
149,52567029438443,63.2582
150,51742952490107,63.6635
151,51087027438443,64.0688
152,50465180962173,64.477
153,50056544090173,64.8848
154,49763340250884,65.2924
155,49593898250884,65.6986
156,49503622640203,66.1049
157,49446754699303,66.5116
158,48971698786254,66.9178
159,48931299796229,67.3253
160,48931299796229,67.7331
161,491205732224829,68.1476
162,48931299796229,68.5632
163,491205732224829,68.9763
164,1208836829273425,69.3922
165,695316389536738,69.7997
166,253041957108138,70.2122
167,50850095458665,70.6266
168,253041957108138,71.0457
169,695316389536738,71.46
170,272449289536738,71.8665
171,70257427887265,72.2798
172,50850095458665,72.6921
173,70257427887265,73.1044
174,272449289536738,73.5215
175,82202317444438,73.9311
176,62794985015838,74.3426
177,82202317444438,74.7538
178,201780683014278,75.1735
179,70257427887265,75.5827
180,50850095458665,75.9935
181,70257427887265,76.4061
182,272449289536738,76.8246
183,82202317444438,77.2318
184,62794985015838,77.6494
185,82202317444438,78.0617
186,201780683014278,78.4763
187,70257427887265,78.8841
188,50850095458665,79.2984
189,70257427887265,79.7122
190,272449289536738,80.1276
191,82202317444438,80.5345
192,62794985015838,80.9448
193,82202317444438,81.3612
194,201780683014278,81.7779
195,70257427887265,82.1859
196,50850095458665,82.5968
197,70257427887265,83.0107
198,272449289536738,83.4257
199,82202317444438,83.8337
200,62794985015838,84.2473
201,82202317444438,84.6653
202,201780683014278,85.0806
203,70257427887265,85.4909
204,50850095458665,85.9054
205,70257427887265,86.3208
206,272449289536738,86.7374
207,82202317444438,87.1482
208,62794985015838,87.5614
209,82202317444438,87.976
210,201780683014278,88.3946
211,70257427887265,88.8125
212,50850095458665,89.23
213,70257427887265,89.6507
214,272449289536738,90.0663
215,82202317444438,90.4768
216,62794985015838,90.8874
217,82202317444438,91.3141
218,201780683014278,91.7274
219,70257427887265,92.1336
220,50850095458665,92.5418
221,70257427887265,92.9525
222,272449289536738,93.3664
223,82202317444438,93.7715
224,62794985015838,94.1809
225,82202317444438,94.5918
226,201780683014278,95.0145
227,70257427887265,95.4195
228,50850095458665,95.829
229,70257427887265,96.2401
230,272449289536738,96.6529
231,82202317444438,97.0577
232,62794985015838,97.4671
233,82202317444438,97.8815
234,201780683014278,98.2927
235,70257427887265,98.6974
236,50850095458665,99.1057
237,70257427887265,99.5163
238,272449289536738,99.9296
239,82202317444438,100.3352
240,62794985015838,100.7439
241,82202317444438,101.1551
242,201780683014278,101.5688
243,70257427887265,101.975
244,50850095458665,102.3833
245,70257427887265,102.794
246,272449289536738,103.2049
247,82202317444438,103.6108
248,62794985015838,104.0192
249,82202317444438,104.431
250,201780683014278,104.8505
251,70257427887265,105.2566
252,50850095458665,105.6688
253,70257427887265,106.08
254,272449289536738,106.4945
255,82202317444438,106.9051
256,62794985015838,107.316
257,82202317444438,107.7284
258,201780683014278,108.141
259,70257427887265,108.5465
260,50850095458665,108.9551
261,70257427887265,109.3669
262,272449289536738,109.781
263,82202317444438,110.1878
264,62794985015838,110.5968
265,82202317444438,111.0107
266,201780683014278,111.4257
267,70257427887265,111.8313
268,50850095458665,112.2392
269,70257427887265,112.6502
270,272449289536738,113.0618
271,82202317444438,113.4697
272,62794985015838,113.8781
273,82202317444438,114.2882
274,201780683014278,114.7019
275,70257427887265,115.1086
276,50850095458665,115.518
277,70257427887265,115.9292
278,272449289536738,116.3409
279,82202317444438,116.7458
280,62794985015838,117.1541
281,82202317444438,117.5663
282,201780683014278,117.9838
283,70257427887265,118.3894
284,50850095458665,118.7989
285,70257427887265,119.2098
286,272449289536738,119.6225
287,82202317444438,120.0287
288,62794985015838,120.4437
289,82202317444438,120.8642
290,201780683014278,121.284
291,70257427887265,121.6967
292,50850095458665,122.1142
293,70257427887265,122.5267
294,272449289536738,122.9494
295,82202317444438,123.3995
296,62794985015838,123.8191
297,82202317444438,124.2381
298,201780683014278,124.6652
299,70257427887265,125.0823
300,50850095458665,125.4974
301,70257427887265,125.9155
302,272449289536738,126.3364
303,82202317444438,126.7471
304,62794985015838,127.1662
305,82202317444438,127.5799
306,201780683014278,128.0094
307,70257427887265,128.386
308,50850095458665,128.8923
