1,1.085321470580483e+17,0.54481
2,7.129973872938826e+16,2.0805
3,4.19311058923002e+16,2.7806
4,1.641027483526689e+16,3.3332
5,5213455379430070,3.8313
6,3787439532539445,4.3319
7,2547016138613420,4.8322
8,2492164206861739,5.3523
9,2492164206861739,5.8755
10,2492164206861739,6.3799
11,1669246656861739,6.8941
12,1296329106861739,7.3924
13,967044936861739,7.891
14,750260766861739,8.3869
15,546005991861739,8.9097
16,386946936861739,9.4292
17,282662766861739,9.9323
18,190907991861739,10.4362
19,131731011861739,10.9304
20,77636737337578,11.4218
21,30660284937609,11.9333
22,15895278876933,12.4304
23,5640694487649,12.9141
