1,4.058870131158421e+17,0.6107
2,3.172012232235383e+17,2.593
3,2.81689254888819e+17,3.232
4,2.483499364724068e+17,3.6736
5,1.598357633272081e+17,4.0829
6,1.365318139067004e+17,4.5115
7,1.184708159227839e+17,4.9177
8,1.018490117011061e+17,5.3237
9,8.849236868671091e+16,5.7304
10,8.087545796881715e+16,6.1708
11,7.799633731305614e+16,6.5761
12,5.800530116645892e+16,6.9879
13,5.53186921867519e+16,7.3934
14,5.4412797690397e+16,7.7977
15,5.53186921867519e+16,8.2044
16,5.705475528331082e+16,8.6112
17,4.848962982059272e+16,9.0268
18,4.454809984559273e+16,9.4411
19,4.136349732048748e+16,9.8448
20,3.916388027061571e+16,10.2513
21,3.723998136658373e+16,10.6539
22,3.536278677658374e+16,11.0593
23,3.368300846158374e+16,11.4697
24,3.207376256406698e+16,11.8744
25,3.046996303807608e+16,12.2824
26,2.873888217751488e+16,12.7024
27,2.716879289251488e+16,13.1084
28,2.569939966193158e+16,13.5153
29,2.424989766448648e+16,13.919
30,2.301730837948648e+16,14.3273
31,2.18431890870308e+16,14.7308
32,2.075537513787447e+16,15.1398
33,1.971391497807331e+16,15.5447
34,1.870399919925019e+16,15.9491
35,1.780939427925019e+16,16.3524
36,1.694417506425019e+16,16.758
37,1.616158577925019e+16,17.1781
38,1.538180746425019e+16,17.5847
39,1.46661295970093e+16,17.9917
40,1.397654118352291e+16,18.4032
41,1.334793030821248e+16,18.8087
42,1.265238245072924e+16,19.2195
43,1.196942277572924e+16,19.626
44,1.137005813944968e+16,20.033
45,1.079296972596329e+16,20.4405
46,1.021879177596329e+16,20.8485
47,9659060295963290,21.2604
48,9186500670126264,21.6657
49,8747875815126264,22.0736
50,8312391240126264,22.499
51,7906294861516322,22.9064
52,7507457743787205,23.3147
53,7115330610230844,23.72
54,6754753177659340,24.1312
55,6319734982659340,24.5502
56,5969399652909445,24.9566
57,5619253362857781,25.3638
58,5336986542857781,25.7706
59,5069442686117756,26.1754
60,4817008548117756,26.5815
61,4566969048117756,26.9887
62,4341481938117656,27.3932
63,4116073878117656,27.7963
64,3871136021158132,28.2001
65,3650196542954260,28.6085
66,3434399223441086,29.0133
67,3163836567289986,29.4191
68,2965629118614782,29.8215
69,2770966334231373,30.2239
70,2524953234109150,30.6257
71,2301287467384506,31.0283
72,2124415222384506,31.4321
73,1981994276479627,31.8329
74,1844454776479627,32.2356
75,1731546716479627,32.6363
76,1622017389748602,33.0385
77,1497839439748602,33.4402
78,1399428417028793,33.8405
79,1321179657028793,34.2422
80,1248227472028793,34.6429
81,1179970587028793,35.0443
82,1115598342028793,35.4452
83,1053236997028793,35.8466
84,992116663292232,36.2502
85,936553469649815,36.651
86,881113697649815,37.053
87,830552482218934,37.4566
88,780081916706913,37.8578
89,664498305720009,38.2598
90,623853039587513,38.6613
91,583875732924392,39.0633
92,552078502785972,39.4674
93,522094535694469,39.8686
94,413167571319893,40.2713
95,305405427623644,40.672
96,276036615133644,41.0775
97,261769345076028,41.479
98,251183085076028,41.8792
99,243065691473212,42.2827
100,236479431473212,42.6833
101,228636860862531,43.0879
102,219449682862531,43.4905
103,212380364558780,43.8911
104,206323304558780,44.2917
105,200934427279579,44.6931
106,193460813279579,45.0954
107,187371585851083,45.4981
108,181962699851083,45.9031
109,175793257851083,46.3056
110,170313255851083,46.7063
111,165126077851083,47.1072
112,160494235851083,47.5088
113,156027442367642,47.9106
114,151833178367642,48.3142
115,147663736367642,48.7152
116,142254850367642,49.1165
117,136774848367642,49.5179
118,132580584367642,49.9294
119,128411142367642,50.3304
120,124216878367642,50.7317
121,120430577142026,51.1414
122,116950575142026,51.5425
123,111541689142026,51.9592
124,107372247142026,52.3699
125,103177983142026,52.774
126,99697981142026,53.1829
127,96289095142026,53.5846
128,92119653142026,53.986
129,87925389142026,54.3895
130,84738211142026,54.7901
131,81858755646641,55.1914
132,79034678698305,55.5938
133,75983787646641,55.9955
134,73814345646641,56.3973
135,71306837095922,56.7984
136,68482760147586,57.2007
137,66501920646657,57.6015
138,64538498111368,58.004
139,62717163939388,58.4049
140,60547721939388,58.8068
141,59646344490107,59.2092
142,58788778153228,59.6112
143,58111842490107,60.012
144,57455917438443,60.4125
145,56631840490107,60.8147
146,55060651367884,61.2188
147,54124331939388,61.6193
148,53222954490107,62.02
149,52567029438443,62.4205
150,51742952490107,62.8214
151,51087027438443,63.2271
152,50465180962173,63.6274
153,50056544090173,64.0315
154,49763340250884,64.4333
155,49593898250884,64.8352
156,49503622640203,65.2373
157,49446754699303,65.6385
158,48971698786254,66.0402
159,48931299796229,66.4432
160,48931299796229,66.8441
161,491205732224829,67.2488
162,48931299796229,67.6508
163,491205732224829,68.0529
164,1208836829273425,68.4548
165,695316389536738,68.8558
166,694556359936738,69.2716
167,693797005336738,69.6783
168,693038325736738,70.0816
169,692280321136738,70.4837
170,691522991536738,70.8863
171,690766336936738,71.3054
172,690010357336738,71.7082
173,689255052736738,72.1126
174,688500423136738,72.5162
175,687746468536738,72.9198
176,686993188936738,73.3238
177,686240584336738,73.7263
178,685488654736738,74.1302
179,684737400136738,74.5332
180,683986820536738,74.9355
181,683236915936738,75.3402
182,682487686336738,75.7426
183,681739131736738,76.1456
184,680991252136738,76.5484
185,680244047536738,76.9512
186,679497517936738,77.354
187,678751663336738,77.7565
188,678006483736738,78.1611
189,677261979136738,78.5634
190,676518149536738,78.9664
191,675774994936738,79.3807
192,675032515336738,79.7851
193,674290710736738,80.199
194,673549581136738,80.6034
195,672809126536738,81.0067
196,672069346936738,81.4145
197,671330242336738,81.8191
198,670591812736738,82.235
199,669854058136738,82.6424
200,669116978536738,83.0514
201,668380573936738,83.4572
202,667644844336738,83.8668
203,666909789736738,84.2723
204,666175410136738,84.6811
205,665441705536738,85.0892
206,664708675936738,85.4939
207,663976321336738,85.8972
208,663244641736738,86.3002
209,662513637136738,86.7032
210,661783307536738,87.1065
211,661053652936738,87.5093
212,660324673336738,87.9112
213,659596368736738,88.3131
214,658868739136738,88.7163
215,658141784536738,89.1195
216,657415504936738,89.5226
217,656689900336738,89.9245
218,655964970736738,90.3281
219,655240716136738,90.7295
220,654517136536738,91.1332
221,653794231936738,91.5354
222,653072002336738,91.9378
223,652350447736738,92.3395
224,651629568136738,92.7439
225,650909363536738,93.1466
226,650189833936738,93.5497
227,649470979336738,93.9517
228,648752799736738,94.3552
229,648035295136738,94.7574
230,647318465536738,95.1626
231,646602310936738,95.5674
232,645886831336738,95.9691
233,645172026736738,96.3717
234,644457897136738,96.7779
235,643744442536738,97.1809
236,643031662936738,97.5852
237,642319558336738,97.992
238,641608128736738,98.4012
239,640897374136738,98.806
240,640187294536738,99.2117
241,639477889936738,99.6179
242,638769160336738,100.0209
243,638061105736738,100.4253
244,637353726136738,100.8292
245,636647021536738,101.236
246,635940991936738,101.6467
247,635235637336738,102.0503
248,634530957736738,102.4671
249,633826953136738,102.9192
250,633123623536738,103.3297
251,632420968936738,103.7339
252,631718989336738,104.1509
253,631017684736738,104.5635
254,630317055136738,104.9833
255,629617100536738,105.4258
256,628917820936738,105.834
257,628219216336738,106.2469
258,627521286736738,106.65
259,626824032136738,107.0533
260,626127452536738,107.4596
261,625431547936738,107.8658
262,624736318336738,108.2767
263,624041763736738,108.6791
264,623347884136738,109.0883
265,622654679536738,109.4909
266,621962149936738,109.896
267,621270295336738,110.2991
268,620579115736738,110.7035
269,619888611136738,111.1099
270,619198781536738,111.5171
271,618509626936738,111.9209
272,617821147336738,112.3249
273,617133342736738,112.7279
274,616446213136738,113.1315
275,615759758536738,113.5335
276,615073978936738,113.9356
277,614388874336738,114.3403
278,613704444736738,114.7441
279,613020690136738,115.1454
280,612337610536738,115.5538
281,611655205936738,115.9595
282,610973476336738,116.3631
283,610292421736738,116.7762
284,609612042136738,117.1815
285,608932337536738,117.5835
286,608253307936738,117.9867
287,607574953336738,118.389
288,606897273736738,118.7949
289,606220269136738,119.2069
290,605543939536738,119.615
291,604868284936738,120.0479
292,604193305336738,120.4819
293,603519000736738,120.8855
294,602845371136738,121.2908
295,602172416536738,121.6931
296,601500136936738,122.0956
297,600828532336738,122.4981
298,600157602736738,122.8998
299,599487348136738,123.3071
300,598817768536738,123.7084
301,598148863936738,124.1111
302,597480634336738,124.5128
303,596813079736738,124.9154
304,596146200136738,125.3182
305,595479995536738,125.7207
306,594814465936738,126.124
307,594149611336738,126.5266
308,593485431736738,126.9281
309,592821927136738,127.331
310,592159097536738,127.7325
311,591496942936738,128.1358
312,590835463336738,128.5376
313,590174658736738,128.9407
314,589514529136738,129.3444
315,588855074536738,129.7508
316,588196294936738,130.1533
317,587538190336738,130.5907
318,586880760736738,131.0033
319,586224006136738,131.4103
320,585567926536738,131.8154
321,584912521936738,132.2301
322,584257792336738,132.6384
323,583603737736738,133.0469
324,582950358136738,133.4551
325,582297653536738,134.0357
326,581645623936738,134.456
327,580994269336738,134.8722
328,580343589736738,135.2819
329,579693585136738,135.7136
330,579044255536738,136.1462
331,578395600936738,136.553
332,577747621336738,136.9598
333,577100316736738,137.3684
334,576453687136738,137.7767
335,575807732536738,138.1849
336,575162452936738,138.6008
337,574517848336738,139.0046
338,573873918736738,139.4085
339,573230664136738,139.8409
340,572588084536738,140.2736
341,571946179936738,140.7054
342,571304950336738,141.1162
343,570664395736738,141.5246
344,570024516136738,141.9304
345,569385311536738,142.3401
346,568746781936738,142.7438
347,568108927336738,143.1478
348,567471747736738,143.5508
349,566835243136738,143.9527
350,566199413536738,144.3571
351,565564258936738,144.759
352,564929779336738,145.1621
353,564295974736738,145.5641
354,563662845136738,145.9675
355,563030390536738,146.3702
356,562398610936738,146.7738
357,561767506336738,147.1795
358,561137076736738,147.5825
359,560507322136738,147.9846
360,559878242536738,148.3881
361,559249837936738,148.7902
362,558622108336738,149.193
363,557995053736738,149.5982
364,557368674136738,150.0019
365,556742969536738,150.4094
366,556117939936738,150.8125
367,555493585336738,151.2181
368,554869905736738,151.6209
369,554246901136738,152.0234
370,553624571536738,152.4262
371,553002916936738,152.8292
372,552381937336738,153.2343
373,551761632736738,153.6358
374,551142003136738,154.0399
375,550523048536738,154.4467
376,549904768936738,154.8575
377,549287164336738,155.2662
378,548670234736738,155.6741
379,548053980136738,156.0776
380,547438400536738,156.4859
381,546823495936738,156.8896
382,546209266336738,157.2963
383,545595711736738,157.6996
384,544982832136738,158.1018
385,544370627536738,158.5048
386,543759097936738,158.9067
387,543148243336738,159.3128
388,542538063736738,159.7146
389,541928559136738,160.1176
390,541319729536738,160.5203
391,540711574936738,160.9249
392,540104095336738,161.3337
393,539497290736738,161.7409
394,538891161136738,162.1514
395,538285706536738,162.5588
396,537680926936738,162.965
397,537076822336738,163.3898
398,536473392736738,163.7957
399,535870638136738,164.2057
400,535268558536738,164.6457
401,534667153936738,165.0582
402,534066424336738,165.4641
403,533466369736738,165.8659
404,532866990136738,166.2709
405,532268285536738,166.6729
406,531670255936738,167.0768
407,531072901336738,167.4808
408,530476221736738,167.8843
409,529880217136738,168.32
410,529284887536738,168.7558
411,528690232936738,169.1632
412,528096253336738,169.5687
413,527502948736738,169.9747
414,526910319136738,170.3829
415,526318364536738,170.8274
416,525727084936738,171.2407
417,525136480336738,171.6641
418,524546550736738,172.0704
419,523957296136738,172.4776
420,523368716536738,172.8865
421,522780811936738,173.2941
422,522193582336738,173.7042
423,521607027736738,174.1087
424,521021148136738,174.5275
425,520435943536738,174.9332
426,519851413936738,175.3483
427,519267559336738,175.7552
428,518684379736738,176.1637
429,518101875136738,176.5763
430,517520045536738,176.9864
431,516938890936738,177.3924
432,516358411336738,177.8006
433,515778606736738,178.2094
434,515199477136738,178.6166
435,514621022536738,179.0231
436,514043242936738,179.4304
437,513466138336738,179.8369
438,512889708736738,180.2444
439,512313954136738,180.6497
440,511738874536738,181.0566
441,511164469936738,181.4624
442,510590740336738,181.8679
443,510017685736738,182.2736
444,509445306136738,182.6788
445,508873601536738,183.0846
446,508302571936738,183.4918
447,507732217336738,183.8974
448,507162537736738,184.3076
449,506593533136738,184.7196
450,506025203536738,185.1278
451,505457548936738,185.5356
452,504890569336738,185.9418
453,504324264736738,186.3492
454,503758635136738,186.755
455,503193680536738,187.1623
456,502629400936738,187.5692
457,502065796336738,187.9764
458,501502866736738,188.3817
459,500940612136738,188.7876
460,500379032536738,189.1946
461,499818127936738,189.6002
462,499257898336738,190.0057
463,498698343736738,190.4114
464,498139464136738,190.8175
465,497581259536738,191.2246
466,497023729936738,191.6305
467,496466875336738,192.0363
468,495910695736738,192.4425
469,495355191136738,192.8478
470,494800361536738,193.2573
471,494246206936738,193.6622
472,493692727336738,194.0673
473,493139922736738,194.4727
474,492587793136738,194.8796
475,492036338536738,195.2885
476,491485558936738,195.6953
477,490935454336738,196.1015
478,490386024736738,196.5078
479,489837270136738,196.9134
480,489289190536738,197.3199
481,488741785936738,197.7261
482,488195056336738,198.1343
483,487649001736738,198.5407
484,487103622136738,198.9476
485,486558917536738,199.3538
486,486014887936738,199.7602
487,485471533336738,200.166
488,484928853736738,200.5772
489,484386849136738,200.984
490,483845519536738,201.3944
491,483304864936738,201.7993
492,482764885336738,202.2085
493,482225580736738,202.6171
494,481686951136738,203.0247
495,481148996536738,203.4398
496,480611716936738,203.8541
497,480075112336738,204.2689
498,479539182736738,204.6855
499,479003928136738,205.1118
500,478469348536738,205.5307
501,477935443936738,205.9396
502,477402214336738,206.3475
503,476869659736738,206.754
504,476337780136738,207.1638
505,475806575536738,207.5694
506,475276045936738,207.9743
507,474746191336738,208.3804
508,474217011736738,208.7871
509,473688507136738,209.1949
510,473160677536738,209.6023
511,472633522936738,210.0106
512,472107043336738,210.4154
513,471581238736738,210.8227
514,471056109136738,211.238
515,470531654536738,211.6468
516,470007874936738,212.0529
517,469484770336738,212.4592
518,468962340736738,212.8668
519,468440586136738,213.2774
520,467919506536738,213.6839
521,467399101936738,214.0905
522,466879372336738,214.4981
523,466360317736738,214.9031
524,465841938136738,215.3092
525,465324233536738,215.7164
526,464807203936738,216.1245
527,464290849336738,216.5298
528,463775169736738,216.9352
529,463260165136738,217.343
530,462745835536738,217.7493
531,462232180936738,218.1602
532,461719201336738,218.5658
533,461206896736738,218.9727
534,460695267136738,219.3801
535,460184312536738,219.7871
536,459674032936738,220.1946
537,459164428336738,220.6016
538,458655498736738,221.0077
539,458147244136738,221.4141
540,457639664536738,221.8209
541,457132759936738,222.2297
542,456626530336738,222.6379
543,456120975736738,223.0504
544,455616096136738,223.4584
545,455111891536738,223.8638
546,454608361936738,224.2711
547,454105507336738,224.6816
548,453603327736738,225.0934
549,453101823136738,225.505
550,452600993536738,225.9107
551,452100838936738,226.3175
552,451601359336738,226.7236
553,451102554736738,227.1314
554,450604425136738,227.5373
555,450106970536738,227.9468
556,449610190936738,228.3599
557,449114086336738,228.7661
558,448618656736738,229.1739
559,448123902136738,229.5844
560,447629822536738,229.9918
561,447136417936738,230.4016
562,446643688336738,230.8081
563,446151633736738,231.2202
564,445660254136738,231.6261
565,445169549536738,232.0322
566,444679519936738,232.4372
567,444190165336738,232.8447
568,443701485736738,233.2526
569,443213481136738,233.6612
570,442726151536738,234.0677
571,442239496936738,234.4744
572,441753517336738,234.8812
573,441268212736738,235.2877
574,440783583136738,235.6939
575,440299628536738,236.1007
576,439816348936738,236.5056
577,439333744336738,236.911
578,438851814736738,237.3221
579,438370560136738,237.7305
580,437889980536738,238.1397
581,437410075936738,238.5472
582,436930846336738,238.9516
583,436452291736738,239.3669
584,435974412136738,239.7728
585,435497207536738,240.1809
586,435020677936738,240.5866
587,434544823336738,240.994
588,434069643736738,241.4044
589,433595139136738,241.8139
590,433121309536738,242.2266
591,432648154936738,242.6365
592,432175675336738,243.0527
593,431703870736738,243.4718
594,431232741136738,243.878
595,430762286536738,244.2833
596,430292506936738,244.6894
597,429823402336738,245.0954
598,429354972736738,245.501
599,428887218136738,245.9063
600,428420138536738,246.316
601,427953733936738,246.7266
602,427488004336738,247.1337
603,427022949736738,247.5435
604,426558570136738,247.9522
605,426094865536738,248.3605
606,425631835936738,248.7668
607,425169481336738,249.1745
608,424707801736738,249.5804
609,424246797136738,249.9853
610,423786467536738,250.3918
611,423326812936738,250.8022
612,422867833336738,251.2276
613,422409528736738,251.6345
614,421951899136738,252.0428
615,421494944536738,252.4502
616,421038664936738,252.8594
617,420583060336738,253.2646
618,420128130736738,253.6747
619,419673876136738,254.0853
620,419220296536738,254.4913
621,418767391936738,254.8971
622,418315162336738,255.3071
623,417863607736738,255.7143
624,417412728136738,256.1329
625,416962523536738,256.538
626,416512993936738,256.9474
627,416064139336738,257.3533
628,415615959736738,257.7618
629,415168455136738,258.1705
630,414721625536738,258.5806
631,414275470936738,258.987
632,413829991336738,259.3942
633,413385186736738,259.7999
634,412941057136738,260.2065
635,412497602536738,260.6125
636,412054822936738,261.0181
637,411612718336738,261.4243
638,411171288736738,261.8296
639,410730534136738,262.2378
640,410290454536738,262.643
641,409851049936738,263.0503
642,409412320336738,263.4605
643,408974265736738,263.8661
644,408536886136738,264.2733
645,408100181536738,264.6805
646,407664151936738,265.0927
647,407228797336738,265.5
648,406794117736738,265.9057
649,406360113136738,266.3129
650,405926783536738,266.7195
651,405494128936738,267.1273
652,405062149336738,267.5343
653,404630844736738,267.941
654,404200215136738,268.3468
655,403770260536738,268.7525
656,403340980936738,269.1595
657,402912376336738,269.5705
658,402484446736738,269.9769
659,402057192136738,270.3866
660,401630612536738,270.7924
661,401204707936738,271.2015
662,400779478336738,271.6072
663,400354923736738,272.0126
664,399931044136738,272.4186
665,399507839536738,272.8256
666,399085309936738,273.2348
667,398663455336738,273.6407
668,398242275736738,274.0527
669,397821771136738,274.4625
670,397401941536738,274.8697
671,396982786936738,275.2807
672,396564307336738,275.6909
673,396146502736738,276.0979
674,395729373136738,276.5042
675,395312918536738,276.9112
676,394897138936738,277.3176
677,394482034336738,277.7243
678,394067604736738,278.1362
679,393653850136738,278.5424
680,393240770536738,278.954
681,392828365936738,279.3695
682,392416636336738,279.7784
683,392005581736738,280.1855
684,391595202136738,280.5971
685,391185497536738,281.0054
686,390776467936738,281.416
687,390368113336738,281.825
688,389960433736738,282.2398
689,389553429136738,282.6455
690,389147099536738,283.0563
691,388741444936738,283.4689
692,388336465336738,283.8781
693,387932160736738,284.2858
694,387528531136738,284.6931
695,387125576536738,285.105
696,386723296936738,285.5296
697,386321692336738,285.9403
698,385920762736738,286.351
699,385520508136738,286.7647
700,385120928536738,287.1751
701,384722023936738,287.5818
702,384323794336738,287.989
703,383925997831738,288.4023
704,383528443231738,288.8106
705,383131096726738,289.2208
706,382734200221738,289.6272
707,382337320621738,290.0329
708,381940874116738,290.4483
709,381544669516738,290.8586
710,381148673011738,291.2704
711,380753126506738,291.69
712,380357596906738,292.0994
713,379962500401738,292.5089
714,379567645801738,292.9195
715,379172999296738,293.3294
716,378778802791738,293.7452
717,378384623191738,294.1565
718,377990876686738,294.565
719,377597372086738,294.9744
720,377204075581738,295.38
721,376811229076738,295.7885
722,376418399476738,296.1996
723,376026002971738,296.6111
724,375633848371738,297.0287
725,375241901866738,297.4435
726,374850405361738,297.8562
727,374458925761738,298.2711
728,374067879256738,298.6763
729,373677074656738,299.0965
730,373286478151738,299.5099
731,372896331646738,299.9187
732,372506202046738,300.3283
733,372116505541738,300.7334
734,371727050941738,301.1426
735,371337804436738,301.5483
736,370949007931738,301.9558
737,370560228331738,302.366
738,370171881826738,302.7741
739,369783777226738,303.1829
740,369395880721738,303.5918
741,369008434216738,303.9972
742,368621004616738,304.4052
743,368234008111738,304.8126
744,367847253511738,305.2181
745,367460707006738,305.6233
746,367074610501738,306.0281
747,366688530901738,306.4411
748,366302884396738,306.8536
749,365917479796738,307.2662
750,365532283291738,307.6788
751,365147536786738,308.0844
752,364762807186738,308.4923
753,364378510681738,308.9079
754,363994456081738,309.3245
755,363610609576738,309.7335
756,363227213071738,310.161
757,362843833471738,310.5859
758,362460886966738,310.9948
759,362078182366738,311.4015
760,361695685861738,311.8086
761,361313639356738,312.217
762,360931609756738,312.6218
763,360550013251738,313.028
764,360168658651738,313.4338
765,359787512146738,313.8404
766,359406815641738,314.2473
767,359026136041738,314.6579
768,358645889536738,315.0687
769,358265884936738,315.4798
770,357886088431738,315.8977
771,357506741926738,316.308
772,357127412326738,316.7181
773,356748515821738,317.1245
774,356369861221738,317.5304
775,355991414716738,317.9379
776,355613418211738,318.3507
777,355235438611738,318.7608
778,354857892106738,319.1702
779,354480587506738,319.5802
780,354103491001738,319.9862
781,353726844496738,320.3916
782,353350214896738,320.7975
783,352974018391738,321.2047
784,352598063791738,321.6099
785,352222317286738,322.0155
786,351847020781738,322.4243
787,351471741181738,322.8307
788,351096894676738,323.2415
789,350722290076738,323.647
790,350347893571738,324.053
791,349973947066738,324.4638
792,349600017466738,324.8718
793,349226520961738,325.2781
794,348853266361738,325.6833
795,348480219856738,326.0881
796,348107623351738,326.494
797,347735043751738,326.8993
798,347362897246738,327.307
799,346990992646738,327.7116
800,346619296141738,328.1171
801,346248049636738,328.523
802,345876820036738,328.9278
803,345506023531738,329.3339
804,345135468931738,329.7388
805,344765122426738,330.1451
806,344395225921738,330.5498
807,344025346321738,330.9553
808,343655899816738,331.3712
809,343286695216738,331.781
810,342917698711738,332.1935
811,342549152206738,332.6045
812,342180622606738,333.0149
813,341812526101738,333.4233
814,341444671501738,333.8338
815,341077024996738,334.2502
816,340709828491738,334.6613
817,340342648891738,335.0668
818,339975902386738,335.423
819,339609397786738,335.8127
820,339243101281738,336.2188
821,338877254776738,336.6261
822,338511425176738,337.0364
