1,1.520974938715384e+18,0.60859
2,1.164585305363094e+18,2.7478
3,8.999059463606051e+17,3.3818
4,6.194395202218821e+17,3.8492
5,5.01716818830676e+17,4.3084
6,4.371083306524728e+17,4.7259
7,3.641703768628402e+17,5.1445
8,3.166677672447694e+17,5.5501
9,2.69352164810188e+17,5.956
10,2.412441304556531e+17,6.3613
11,2.213996378379884e+17,6.7784
12,2.097539905531584e+17,7.1831
13,2.007231913686116e+17,7.5971
14,1.949285931527005e+17,8.0076
15,1.833404852947648e+17,8.4121
16,1.780224036496343e+17,8.8171
17,1.742711051826144e+17,9.2271
18,1.716305826897863e+17,9.6319
19,1.695265360367728e+17,10.0371
20,1.695868339174321e+17,10.4423
21,1.710908339773651e+17,10.8523
22,1.552321611373651e+17,11.2725
23,1.477466793368388e+17,11.6854
24,1.40840184758474e+17,12.098
25,1.34021164028474e+17,12.5029
26,1.282754135591151e+17,12.9073
27,1.226313604091151e+17,13.3122
28,1.174280398841151e+17,13.7221
29,1.123453592865314e+17,14.1274
30,1.077738457273057e+17,14.5322
31,1.032400278547461e+17,14.9366
32,9.888402561995699e+16,15.3418
33,9.487704144524509e+16,15.7458
34,9.092048829524512e+16,16.15
35,8.724482309318994e+16,16.5562
36,8.379688102575797e+16,16.9654
37,8.056205305596566e+16,17.3704
38,7.745383357596566e+16,17.7756
39,7.436826360121408e+16,18.181
40,7.133840505121409e+16,18.5846
41,6.852524629235003e+16,18.9894
42,6.563980422491809e+16,19.3981
43,6.290485734491809e+16,19.8084
44,6.017434431328521e+16,20.2138
45,5.770903972503508e+16,20.6183
46,5.54291747727442e+16,21.0236
47,5.3207263045327e+16,21.4288
48,5.106499460738053e+16,21.8338
49,4.891115583904412e+16,22.2386
50,4.692595623904412e+16,22.6432
51,4.497529423554552e+16,23.0537
52,4.310457475554552e+16,23.4576
53,4.1301687592688e+16,23.8629
54,3.9126596617688e+16,24.2691
55,3.755237261754379e+16,24.6732
56,3.597823736754379e+16,25.0782
57,3.444753631828959e+16,25.4835
58,3.305399616058047e+16,25.894
59,3.172131763558047e+16,26.2985
60,3.050378349713047e+16,26.7033
61,2.936674194294534e+16,27.1088
62,2.823974037354897e+16,27.5134
63,2.722810512354897e+16,27.9173
64,2.621865115048785e+16,28.3222
65,2.52165645139992e+16,28.7335
66,2.42752532989992e+16,29.1386
67,2.336372710801587e+16,29.5444
68,2.246426308720722e+16,29.9495
69,2.125387394659611e+16,30.3593
70,2.013554511297289e+16,30.7696
71,1.928463066820726e+16,31.1765
72,1.845142874972602e+16,31.5809
73,1.763399974408538e+16,31.992
74,1.690131017908538e+16,32.3967
75,1.618942381855026e+16,32.8021
76,1.556923425355026e+16,33.2091
77,1.495095274666624e+16,33.6134
78,1.434132282166624e+16,34.0239
79,1.374998626527556e+16,34.4285
80,1.320054048818326e+16,34.8385
81,1.266746071289518e+16,35.2444
82,1.203547653818326e+16,35.6491
83,1.152778697318326e+16,36.0543
84,1.104994598563326e+16,36.4593
85,1.041419554048027e+16,36.8636
86,9942741141832272,37.2695
87,9495899166832272,37.6785
88,9089183259037852,38.0896
89,8693993694037853,38.4939
90,8301516804037853,38.8976
91,7942717044037853,39.3036
92,7589753829037853,39.7076
93,7240140504037853,40.1127
94,6898856079037853,40.5176
95,6560617089528883,40.928
96,6246057354528883,41.3335
97,5959723254528883,41.7378
98,5677033689528883,42.1423
99,5400330321141683,42.5471
100,5154030561141683,42.9544
101,4913567346141683,43.3613
102,4676897469981913,43.7756
103,4474837734981913,44.1805
104,4302562317095953,44.5868
105,4132372752095953,44.9935
106,3998572992095953,45.4017
107,3865649294277323,45.8107
108,3737686079277323,46.216
109,3612848249033738,46.6252
110,3477656819633958,47.0372
111,3373803753906308,47.4437
112,3264035673906308,47.8485
113,3163741211202023,48.2538
114,3066896626761098,48.6584
115,2761675923975553,49.0634
116,2249288360327038,49.4692
117,2153436471311033,49.8829
118,1812152046311033,50.2896
119,1722592311311033,50.6941
120,1636818789698233,51.0988
121,1550115421311033,51.5038
122,1464341899698233,51.9083
123,1392188074306419,52.3136
124,1331582229430119,52.7248
125,1273645683302039,53.1305
126,1215956118302039,53.54
127,1159252749914839,53.9488
128,1073479228302039,54.3548
129,1017630050387279,54.7605
130,972277461742659,55.1674
131,939811919742659,55.5742
132,910853807326454,55.9871
133,881177447326454,56.3946
134,853359228905209,56.803
135,767585707292409,57.247
136,740856972732153,57.6523
137,714327162732153,58.0588
138,688625027247148,58.4642
139,663537004847143,58.8849
140,639163047349898,59.2928
141,616306224213737,59.6997
142,595459014213737,60.1078
143,566524833052221,60.5139
144,534706303052221,60.9195
145,512887773052221,61.3266
146,492422231052221,61.7383
147,472745871052221,62.1448
148,447977791052221,62.5512
149,426159261052221,62.9579
150,406482901052221,63.3651
151,393829557643901,63.7707
152,372011027643901,64.1775
153,352334667643901,64.5827
154,340563310771021,65.0075
155,329602198819021,65.4135
156,319885228771021,65.822
157,303355418771021,66.2283
158,293679058771021,66.6372
159,280414418771021,67.045
160,268910978771021,67.4514
161,259504475278336,67.8643
162,250543363326336,68.2715
163,240826393278336,68.6774
164,232907033278336,69.0845
165,225945921326336,69.4957
166,219174874691211,69.9028
167,212645064691211,70.3108
168,202928094643211,70.724
169,197080884643211,71.1308
170,192119772691211,71.5373
171,187188490710010,71.948
172,183034229194405,72.3548
173,179391294862760,72.7621
174,176073310862760,73.169
175,173958574271080,73.5764
176,171305230862760,73.9945
177,160086816235170,74.4011
178,155738298278965,74.8082
179,151628870862760,75.2143
180,141952510862760,75.6208
181,140634526862760,76.0282
182,139541109720280,76.4361
183,138646918316900,76.8483
184,133294329672280,77.2553
185,127040579672280,77.6613
186,117669071905900,78.0684
187,114035989672280,78.4764
188,110832316618875,78.8839
189,110002349114230,79.2917
190,109408833114230,79.7192
191,103561623114230,80.1253
192,103135489973750,80.5328
193,103110211517686,80.9379
194,103101001084845,81.344
195,103101001084845,81.7511
196,103101001084845,82.1586
197,102710072134845,82.5763
198,102320268184845,82.9949
199,101931589234845,83.4109
200,101544035284845,83.8175
201,101157606334845,84.2302
202,100772302384845,84.6405
203,100388123434845,85.0502
204,100005069484845,85.4588
205,99623140534845,85.8711
206,99242336584845,86.2795
207,98862657634845,86.6891
208,98484103684845,87.0983
209,98106674734845,87.5087
210,97730370784845,87.9173
211,97355191834845,88.3265
212,96981137884845,88.7386
213,96608208934845,89.1487
214,96236404984845,89.5584
215,95865726034845,89.966
216,95496172084845,90.3753
217,95127743134845,90.7865
218,94760439184845,91.1977
219,94394260234845,91.6478
220,94029206284845,92.1188
221,93665277334845,92.5523
222,93302473384845,92.9787
223,92940794434845,93.5568
224,92580240484845,93.9659
225,92220811534845,94.3752
226,91862507584845,94.79
227,91505328634845,95.2034
228,91149274684845,95.6149
229,90794345734845,96.0253
230,90440541784845,96.48
231,90087862834845,96.8936
232,89736308884845,97.3065
233,89385879934845,97.7199
234,89036575984845,98.1293
235,88688397034845,98.5382
236,88341344697645,98.9466
237,88005511497645,99.3533
238,87690490797645,99.7583
239,87396282597645,100.1645
240,87122886897645,100.5687
241,86870303697645,100.9737
242,86638532997645,101.3817
243,86427574797645,101.7901
244,86237429097645,102.1958
245,86068095897645,102.5993
246,85900500147645,103.0094
247,85732291947645,103.4141
248,85564696197645,103.8952
249,85397612997645,104.3011
250,85230017247645,104.7048
251,85064059047645,105.1297
252,84896463297645,105.5489
253,84731630097645,105.9505
254,84564034347645,106.3557
255,84400326147645,106.7592
256,84232730397645,107.158
257,84070147197645,107.5558
258,83902551447645,107.9579
259,83741093247645,108.3555
260,83573497497645,108.753
261,83413164297645,109.1518
262,83245568547645,109.5534
263,83086360347645,109.9622
264,82918764597645,110.3672
265,82760681397645,110.7693
266,82593085647645,111.1703
267,82436127447645,111.583
268,82268531697645,111.9958
269,82112698497645,112.401
270,81945102747645,112.8132
271,81790394547645,113.2176
272,81622798797645,113.6165
273,81469215597645,114.0166
274,81301619847645,114.42
275,81149161647645,114.8189
276,80981565897645,115.2218
277,80830232697645,115.6202
278,80662636947645,116.0257
279,80512428747645,116.4294
280,80344832997645,116.8327
281,80195749797645,117.2336
282,80028154047645,117.637
283,79880195847645,118.0396
284,79712600097645,118.441
285,79564691847645,118.8517
286,79398171147645,119.2557
287,79250262897645,119.6551
288,79084867197645,120.0635
289,78936958947645,120.4714
290,78772688247645,120.8868
291,78624779997645,121.3025
292,78461634297645,121.713
293,78313726047645,122.119
294,78151705347645,122.5218
295,78003797097645,122.9313
296,77842901397645,123.3338
297,77694993147645,123.7387
298,77535222447645,124.1455
299,77387314197645,124.5454
300,77228668497645,124.9493
301,77080760247645,125.3509
302,76923239547645,125.7521
303,76775331297645,126.1493
304,76618935597645,126.554
305,76471027347645,126.9591
306,76315756647645,127.359
307,76167848397645,127.7595
308,76013702697645,128.16
309,75865794447645,128.5641
310,75712773747645,128.9707
311,75564865497645,129.3781
312,75412969797645,129.7747
313,75265061547645,130.1784
314,75114290847645,130.5866
315,74966382597645,130.9899
316,74816736897645,131.3897
317,74668828647645,131.7995
318,74520307947645,132.206
319,74372399697645,132.6093
320,74225003997645,133.0129
321,74077095747645,133.4157
322,73930825047645,133.8169
323,73782916797645,134.2191
324,73637771097645,134.6266
325,73489862847645,135.029
326,73345842147645,135.4283
327,73197933897645,135.8271
328,73055038197645,136.2262
329,72907129947645,136.6342
330,72765359247645,137.0397
331,72617450997645,137.451
332,72476805297645,137.8538
333,72328897047645,138.2546
334,72189376347645,138.6548
335,72041468097645,139.0559
336,71903072397645,139.4601
337,71755164147645,139.8628
338,71617893447645,140.2668
339,71469985197645,140.67
340,71333839497645,141.0699
341,71185931247645,141.473
342,71050910547645,141.8783
343,70903002297645,142.2844
344,70769106597645,142.697
345,70621198347645,143.1328
346,70488427647645,143.5346
347,70340519397645,143.9406
348,70208873697645,144.3476
349,70060965447645,144.758
350,69930444747645,145.1655
351,69782536497645,145.5714
352,69653140797645,145.9921
353,69505232547645,146.403
354,69376961847645,146.8055
355,69229053597645,147.1886
356,69100832847645,147.5465
357,68953999647645,147.9484
358,68825778897645,148.349
