1,5.39017275568708e+17,1.0224
2,4.944115614103475e+17,4.1987
3,4.502042694800115e+17,5.1986
4,4.104815134587921e+17,5.9923
5,3.760564152940476e+17,6.7506
6,3.442740813541466e+17,7.5386
7,3.15742865854833e+17,8.2918
8,2.901699519349623e+17,9.0499
9,2.645654489638864e+17,9.8031
10,2.442539581479847e+17,10.5545
11,2.283042451168881e+17,11.3116
12,2.12963402944327e+17,12.0704
13,2.002679623583958e+17,12.8226
14,1.880466433582019e+17,13.5744
15,1.779948179687356e+17,14.3274
16,1.687260084592479e+17,15.0852
17,1.596051361483336e+17,15.8388
18,1.510150518633044e+17,16.591
19,1.436153512541696e+17,17.3456
20,1.3673854863751e+17,18.1031
21,1.305063719480985e+17,18.8576
22,1.245140486814963e+17,19.6102
23,1.185450946733451e+17,20.3629
24,1.129499214058019e+17,21.1187
25,1.079282558097024e+17,21.8709
26,1.031752914120796e+17,22.6242
27,9.872793863013642e+16,23.3778
28,9.436236029635278e+16,24.1345
29,9.018309308845514e+16,24.8958
30,8.628463053405021e+16,25.6481
31,8.24811221205791e+16,26.4193
32,7.924678875280147e+16,27.1983
33,7.622394512114472e+16,27.9722
34,7.336584548912232e+16,28.7258
35,6.920991071532387e+16,29.4801
36,5.964354825687294e+16,30.2362
37,5.784013188773117e+16,30.9908
38,5.605584695090926e+16,31.7444
39,5.288903900539782e+16,32.4999
40,5.114822277898378e+16,33.2633
41,4.949266338577758e+16,34.0184
42,4.791080025611227e+16,34.7733
43,4.645244997312379e+16,35.5282
44,4.504926682642161e+16,36.2889
45,4.381494357180747e+16,37.0489
46,4.262877319180747e+16,37.8031
47,4.155667277383102e+16,38.5572
48,2.754990592145605e+17,39.3265
49,2.325225416970474e+17,40.081
50,2.082865557481729e+17,40.8355
51,1.928327264700174e+17,41.5913
52,1.778170490145918e+17,42.3518
53,1.688572937650263e+17,43.1061
54,1.60280836985338e+17,43.8594
55,1.51735535185338e+17,44.6142
56,1.445212662830617e+17,45.4219
57,1.382328704830617e+17,46.189
58,1.330857178830617e+17,46.9446
59,1.256522427299928e+17,47.7066
60,1.205523978710673e+17,48.4595
61,1.157901636701836e+17,49.214
62,1.113530294701837e+17,49.9697
63,1.069533127554309e+17,50.7243
64,1.027521495554309e+17,51.4764
65,9.866538935543088e+16,52.2326
66,9.497016041077003e+16,52.9875
67,9.038903292460893e+16,53.7442
68,8.679660644349773e+16,54.4976
69,8.323104981093965e+16,55.2512
70,7.993736186753939e+16,56.0056
71,7.666054214138874e+16,56.7626
72,7.35531481169599e+16,57.518
73,7.045677417670041e+16,58.2692
74,6.752022323413217e+16,59.024
75,6.482410420465312e+16,59.7807
76,6.239173755419673e+16,60.534
77,6.019057435419673e+16,61.289
78,5.805510515419673e+16,62.0438
79,5.594945331398552e+16,62.8015
80,5.39525277665996e+16,63.5552
81,5.200813979539819e+16,64.3157
82,5.014459274099819e+16,65.0693
83,4.844936379633734e+16,65.8499
84,4.677833091985102e+16,66.6035
85,4.510923868694826e+16,67.3588
86,4.368566448298294e+16,68.1187
87,4.227647267216528e+16,68.8937
88,4.089842130357859e+16,69.6636
89,3.963127410357859e+16,70.4205
90,3.85065507980541e+16,71.1747
91,3.750959961279964e+16,71.9581
92,3.661631255108539e+16,72.7485
93,3.574825120154178e+16,73.4996
94,3.488400207904178e+16,74.2636
95,2.088839730277825e+16,75.0494
96,1.900401657654572e+16,75.8127
97,1.756792283607092e+16,76.5826
98,1.657834472335023e+16,77.3401
99,1.584149953120263e+16,78.0991
100,1.533135342230129e+16,78.8529
101,1.482483604240017e+16,79.6123
102,1.432112966424642e+16,80.3653
103,1.384637024188802e+16,81.1243
104,1.339287488188802e+16,81.8778
105,1.302472695231629e+16,82.6294
106,1.268061143047699e+16,83.3805
107,1.234106858853561e+16,84.138
108,1.203113775155481e+16,84.8902
109,1.180060392972478e+16,85.6421
110,1.140825063355044e+16,86.395
111,1.073921800762795e+16,87.1567
112,1.020320487771552e+16,87.9092
113,9981553154515520,88.6718
114,9765134199560384,89.4241
115,9568834999153424,90.1783
116,9403992553306718,90.9318
117,9082763287580552,91.6845
118,8820017755520955,92.4378
119,8664286032320955,93.2
120,8515264272320955,93.9525
121,8387052549120955,94.7064
122,8275137714106151,95.4596
123,8178422223706151,96.2173
124,8082635607706151,96.9719
125,7989209177306151,97.725
126,7894987537772887,98.4787
127,7810245746716573,99.2378
128,7725979130716573,99.9945
129,7643454885645611,100.7456
130,7561139395245611,101.4965
131,7486280515245611,102.2489
132,7413087487245611,103.0006
133,7325676511051601,103.7513
134,7219338057921291,104.5017
135,7131409586721291,105.2562
136,7055961115521291,106.0073
137,6983214499521291,106.7587
138,6911116249121291,107.5103
139,6842189052445757,108.2616
140,6778883254845757,109.0125
141,6715914783645757,109.7635
142,6653210359553821,110.5139
143,6590693305558300,111.2658
144,6529466689558300,112.0167
145,6468844639930036,112.7683
146,6411895524730036,113.5195
147,6358786409530036,114.2712
148,6307090950895822,115.0226
149,6172200452331022,115.7734
150,6120504993696808,116.5241
151,6069026670448072,117.2773
152,6018538199248072,118.0282
153,5968831583248072,118.7799
154,5919562468048072,119.5309
155,5870556243612232,120.2844
156,5823794511612232,121.0367
157,5778727042812232,121.7874
158,5734802442012232,122.5391
159,5692114933212232,123.2911
160,5650249135612232,124.0418
161,5609277629930216,124.7926
162,5570430121130216,125.543
163,5532421649930216,126.2951
164,5494878952696670,127.0457
165,5458090680071015,127.7959
166,5429131246471015,128.5462
167,5401023777671015,129.2986
168,5373914865671015,130.048
169,5347623604871015,130.8108
170,5321338530405761,131.5725
171,5296281632805761,132.3399
172,5269990372005761,133.0903
173,5245460414286023,133.853
174,5219533660686023,134.6105
175,5195162399886023,135.3742
176,5170105502286023,136.1409
177,5145734241486023,136.8767
178,5121600091086023,137.5831
179,5096073590286023,138.3322
180,5072011185486023,139.2665
181,5048227593486023,140.0274
