1,2.793841506362225e+16,0.51568
2,1.390033551362226e+16,0.94251
3,9319541919832258,1.4037
4,5905876065083770,1.6795
1,5292073106083770,1.9813
2,4768675572083770,2.2671
3,4260559641635398,2.5407
4,3792162107635398,2.9361
1,3414998247397460,3.226
2,223761167271813,3.497
3,223761167271813,3.7674
4,223761167271813,4.0387
5,223761167271813,4.3109
6,223761167271813,4.5827
7,223761167271813,4.8518
8,223761167271813,5.1222
9,223761167271813,5.3931
10,223761167271813,5.6705
11,223761167271813,5.9425
12,223761167271813,6.2276
13,223761167271813,6.4963
14,223761167271813,6.7646
15,223761167271813,7.0325
16,223761167271813,7.3007
17,223761167271813,7.5685
18,223761167271813,7.8376
19,223761167271813,8.1081
20,223761167271813,8.3765
21,223761167271813,8.6498
22,223761167271813,8.9229
23,223761167271813,9.2027
24,223761167271813,9.4736
25,223761167271813,9.7414
26,803869558070765,10.0101
27,399751991979313,10.2783
28,399751991979313,10.5468
29,399751991979313,10.8156
30,399751991979313,11.0851
31,399751991979313,11.3554
32,399751991979313,11.6258
33,399751991979313,11.8957
34,399751991979313,12.1641
35,399751991979313,12.432
36,399751991979313,12.7001
37,399751991979313,12.9678
38,399751991979313,13.2359
39,399751991979313,13.5046
40,399751991979313,13.7724
41,399751991979313,14.0419
42,399751991979313,14.3108
43,399751991979313,14.5801
44,399751991979313,14.8494
45,399751991979313,15.1187
46,399751991979313,15.3868
47,399751991979313,15.656
48,399751991979313,15.9245
49,399751991979313,16.1929
50,399751991979313,16.4618
51,803869558070765,16.7307
52,803869558070765,16.999
53,803869558070765,17.2681
54,803869558070765,17.5372
55,803869558070765,17.807
56,803869558070765,18.0767
57,803869558070765,18.3446
58,803869558070765,18.6155
59,803869558070765,18.8855
60,803869558070765,19.1553
61,803869558070765,19.4258
62,803869558070765,19.6949
63,803869558070765,19.9639
64,803869558070765,20.2334
65,803869558070765,20.5028
66,803869558070765,20.7737
67,803869558070765,21.0433
68,803869558070765,21.3128
69,803869558070765,21.5911
70,803869558070765,21.8606
71,803869558070765,22.1302
72,803869558070765,22.4019
73,803869558070765,22.6713
74,1494593869439495,22.9423
75,914485478640543,23.2115
76,914485478640543,23.4803
77,914485478640543,23.7504
78,914485478640543,24.0201
79,914485478640543,24.2896
80,914485478640543,24.5592
81,914485478640543,24.8281
82,914485478640543,25.0977
83,914485478640543,25.367
84,914485478640543,25.6367
85,914485478640543,25.9055
86,914485478640543,26.1767
87,914485478640543,26.4462
88,914485478640543,26.7166
89,914485478640543,26.9862
90,914485478640543,27.2559
91,914485478640543,27.525
92,914485478640543,27.7948
93,914485478640543,28.0638
94,914485478640543,28.3328
95,914485478640543,28.6042
96,914485478640543,28.8728
97,914485478640543,29.1442
98,914485478640543,29.4134
99,1494593869439495,29.6842
100,1090476303348043,29.9529
1,1016995315348043,30.2356
2,947514327348043,30.5147
3,882033339348043,30.7874
4,820552351348043,31.0604
5,763071363348043,31.3342
6,709590375348043,31.6068
7,660109387348043,31.8804
8,614628399348043,32.1547
9,573147411348043,32.4275
10,535666423348043,32.7021
11,502185435348043,32.9756
12,472704447348043,33.2485
13,443356247348043,33.5213
14,417487547348043,33.797
15,392006559348043,34.0705
16,366658359348043,34.3441
17,342789659348043,34.6165
18,320920959348043,34.8899
19,299439971348043,35.1633
20,278091771348043,35.4368
21,258223071348043,35.7132
22,240354371348043,35.9863
23,222873383348043,36.2611
24,205525183348043,36.5344
25,189656483348043,36.8081
26,175787783348043,37.0808
27,162206683348043,37.3544
28,148725695348043,37.6275
29,135377495348043,37.9007
30,123508795348043,38.1743
31,111927695348043,38.4477
32,102058995348043,38.7231
33,92477895348043,38.9982
34,82996907348043,39.2789
35,73648707348043,39.5517
36,65303917348043,39.8247
37,57435217348043,40.098
38,49854117348043,40.3715
39,43509327348043,40.6463
40,37640627348043,40.9198
41,32059527348043,41.1935
42,26578539348043,41.4666
43,21230339348043,41.7417
44,16885549348043,42.0147
45,13016849348043,42.2882
46,9435749348043,42.562
47,7090959348043,42.8368
48,5222259348043,43.111
49,3641159348043,43.3849
50,2126499666025,43.6585
51,725194261025,43.9325
52,273079225000,44.2065
53,84419302500,44.4804
54,0,44.7554
