1,5.946628613122005e+19,0.34174
2,5.669992343328396e+19,0.70256
3,5.402820486960749e+19,1.3484
4,5.139317781863185e+19,1.6609
5,4.914593495327974e+19,1.9736
6,4.706827278327466e+19,2.296
7,4.499539099419197e+19,2.6077
8,4.298063684702968e+19,2.9071
9,4.105574887606265e+19,3.1951
10,3.925157441912199e+19,3.4812
11,3.748368092458527e+19,3.7687
12,3.600459633724414e+19,4.0607
13,3.457755919496781e+19,4.3477
14,3.315813209290518e+19,4.6357
15,3.084337592816653e+19,4.9236
16,2.945251784176292e+19,5.2112
17,2.818331269728417e+19,5.4982
18,2.696848032262776e+19,5.7854
19,2.576033000138649e+19,6.0727
20,2.478682242106726e+19,6.3599
21,2.381607821854167e+19,6.6471
22,2.293024914931524e+19,6.9364
23,2.219223946423349e+19,7.2251
24,2.146063918369246e+19,7.512
25,2.073557608646766e+19,7.7983
26,2.003174528240432e+19,8.0853
27,1.828399690653063e+19,8.3709
28,1.761582460435153e+19,8.6569
29,1.708655959592993e+19,8.9452
30,1.678993081865676e+19,9.2326
1,1.599207464486328e+19,9.5263
2,1.522177656520144e+19,9.8165
3,1.446266168850095e+19,10.108
4,1.370678681258218e+19,10.397
5,1.303523678568124e+19,10.6826
6,1.237062119513101e+19,10.9686
7,1.17420939711278e+19,11.268
8,1.113119311427536e+19,11.564
9,1.060012106353326e+19,11.8526
10,1.008344061281196e+19,12.1395
11,9.573353009877694e+18,12.4268
12,9.079957156654507e+18,12.7136
13,8.599674534277908e+18,13.003
14,8.167679023511469e+18,13.2943
15,7.779381030752911e+18,13.5812
16,7.404546961403355e+18,13.8673
17,7.032985598957284e+18,14.1542
18,6.674042180587929e+18,14.4403
19,6.327641202931727e+18,14.7286
20,5.996660020559438e+18,15.0155
21,5.746730087268321e+18,15.3021
22,5.500540589862889e+18,15.5888
23,5.260640969922188e+18,15.8761
24,5.021084571089546e+18,16.1676
25,4.80141487654433e+18,16.4545
26,4.666000157246209e+18,16.7421
27,4.543986230375347e+18,17.03
28,4.425063325433687e+18,17.3173
29,4.309283190086865e+18,17.605
30,4.198726580471105e+18,17.8923
31,4.093953432848069e+18,18.179
32,3.993662315781633e+18,18.4657
33,3.893678005888531e+18,18.7527
34,3.836678170284787e+18,19.0435
35,3.815816314132474e+18,19.3305
36,3.8102137186315e+18,19.6172
37,3.81989047740802e+18,19.9035
38,3.825493072908996e+18,20.1906
39,3.846354929061308e+18,20.4777
40,3.840382576305823e+18,20.7637
41,3.830705817529302e+18,21.0507
42,3.859464254878897e+18,21.3382
43,3.838972155981095e+18,21.6254
44,3.84457475148207e+18,21.9133
45,3.854414802284378e+18,22.2044
46,3.848812206783402e+18,22.4939
47,3.869304305681205e+18,22.7809
48,3.87527665843669e+18,23.0679
49,3.865436607634382e+18,23.3845
50,3.912494095376368e+18,23.7025
51,3.883735658026772e+18,24.017
52,3.86287380187446e+18,24.4
53,3.857271206373485e+18,24.7114
54,3.866947965150007e+18,25.008
55,3.872550560650981e+18,25.2954
56,3.893412416803294e+18,25.5933
57,3.887440064047809e+18,25.9546
58,3.877763305271287e+18,26.2597
59,3.906521742620882e+18,26.5491
60,3.88602964372308e+18,26.8408
1,3.691018529965707e+18,27.133
2,3.507628951028079e+18,27.4225
3,3.332174733595426e+18,27.7085
4,3.168256858105282e+18,27.9979
5,3.014516383130543e+18,28.284
6,2.867029790798193e+18,28.5696
7,2.738198981278309e+18,28.8569
8,2.612876684511441e+18,29.144
9,2.488069945696084e+18,29.4316
10,2.373591783639969e+18,29.7189
11,2.258745753207709e+18,30.0058
12,2.146122261013942e+18,30.2921
13,2.033931351812064e+18,30.5792
14,1.9271998302795e+18,30.8657
15,1.82705276322692e+18,31.1556
16,1.727817404630981e+18,31.4422
17,1.637637147985823e+18,31.7281
18,1.548608232186162e+18,32.0148
19,1.460657969804716e+18,32.3005
20,1.390782203841431e+18,32.5872
21,1.327187080766216e+18,32.8738
22,1.269408722343208e+18,33.1605
23,1.21316269374864e+18,33.448
24,1.15854631435834e+18,33.7348
25,1.103950570224409e+18,34.0243
26,1.049650466014398e+18,34.3116
27,1.00423042762563e+18,34.5985
28,9.646608176328081e+17,34.8852
29,9.311403128822459e+17,35.1724
30,9.043633112660342e+17,35.4593
31,8.791910538368908e+17,35.7456
32,8.590562367927203e+17,36.0312
33,8.544573550974725e+17,36.3181
34,8.52076299905377e+17,36.6044
35,8.502559499995726e+17,36.8916
36,8.520166928596549e+17,37.195
37,8.538370427654593e+17,37.5055
38,8.562180979575544e+17,37.8029
39,8.543977480517499e+17,38.0909
40,8.526370051916677e+17,38.3772
41,8.568368655645306e+17,38.6642
42,8.544558103724352e+17,38.9501
43,8.562165532325174e+17,39.2357
44,8.584359244607072e+17,39.5215
45,8.566751816006253e+17,39.8077
46,8.610545420569212e+17,40.0982
47,8.564556603616733e+17,40.3839
48,8.546353104558689e+17,40.6705
49,8.563960533159511e+17,40.9578
50,8.582164032217555e+17,41.2442
51,8.605974584138506e+17,41.5304
52,8.587771085080461e+17,41.8165
53,8.57016365647964e+17,42.1036
54,8.588367155537684e+17,42.3904
55,8.634355972490166e+17,42.6774
56,8.612162260208266e+17,42.9674
57,8.588351708287315e+17,43.2551
58,8.605959136888136e+17,43.5429
59,8.628152849170034e+17,43.8295
60,8.651963401090986e+17,44.1175
61,8.608169796528024e+17,44.4061
62,8.585976084246126e+17,44.693
63,8.629769688809087e+17,44.9807
64,8.683224653748165e+17,45.2685
65,8.639431049185203e+17,45.5542
66,8.597432445456577e+17,45.8399
67,8.573621893535626e+17,46.1307
68,8.556014464934804e+17,46.4179
69,8.574217963992849e+17,46.705
70,8.59182539259367e+17,46.9917
71,8.615635944514623e+17,47.2799
72,8.598028515913802e+17,47.5664
73,8.579825016855754e+17,47.8536
74,8.621823620584384e+17,48.1438
75,8.59801306866343e+17,48.43
76,8.615620497264252e+17,48.7171
77,8.63781420954615e+17,49.0068
78,8.62020678094533e+17,49.2945
79,8.644017332866281e+17,49.5817
80,8.661624761467101e+17,49.8691
81,8.705418366030063e+17,50.1568
82,8.659429549077585e+17,50.4439
83,8.635618997156632e+17,50.7312
84,8.617415498098588e+17,51.0187
85,8.599808069497766e+17,51.3798
86,8.618011568555812e+17,51.6893
87,8.641822120476762e+17,52.006
88,8.623618621418717e+17,52.3044
89,8.64122605001954e+17,52.5901
90,8.706716604480237e+17,52.8772
91,8.65326163954116e+17,53.1612
92,8.609468034978198e+17,53.4471
93,8.585657483057245e+17,53.7324
94,8.568050054456426e+17,54.0174
95,8.58625355351447e+17,54.3032
96,8.60386098211529e+17,54.5894
97,8.627671534036244e+17,54.8749
98,8.610064105435423e+17,55.1649
99,8.591860606377376e+17,55.4514
100,8.633859210106004e+17,55.738
101,8.610048658185051e+17,56.0242
102,8.627656086785873e+17,56.31
103,8.649849799067772e+17,56.5959
104,8.632242370466949e+17,56.906
105,8.656052922387901e+17,57.2158
106,8.673660350988723e+17,57.5271
107,8.651466638706825e+17,57.8258
108,8.695260243269786e+17,58.1167
109,8.671449691348835e+17,58.4038
110,8.629451087620206e+17,58.7201
111,8.611843659019386e+17,59.0068
112,8.630047158077432e+17,59.3108
113,8.647654586678253e+17,59.6201
114,8.671465138599204e+17,59.9171
115,8.653857709998383e+17,60.2079
116,8.635654210940339e+17,60.4979
117,8.677652814668964e+17,60.7879
118,8.653842262748014e+17,61.0872
119,8.676035975029911e+17,61.3759
120,8.693643403630732e+17,61.7077
1,8.578132715730733e+17,62.0842
2,8.490241531653755e+17,62.4256
3,8.404341092149361e+17,62.7707
4,8.321661194419489e+17,63.1141
5,8.240263897285802e+17,63.4581
6,8.163565141874578e+17,63.7856
7,8.09236873236501e+17,64.1239
8,8.02146801652702e+17,64.4523
9,7.95080079570702e+17,64.7795
10,7.880435701708707e+17,65.1072
11,7.811654921951681e+17,65.4334
12,7.744130396819718e+17,65.7595
13,7.676860420048417e+17,66.0859
14,7.612344761848417e+17,66.4125
15,7.547912675065283e+17,66.7405
16,7.483992367929522e+17,67.0719
17,7.418737549769285e+17,67.4019
18,7.355325443371978e+17,67.7316
19,7.292858222551978e+17,68.0595
20,7.230853299751978e+17,68.3854
21,7.170035895751978e+17,68.7109
22,7.109857126454697e+17,69.0386
23,7.050693106092609e+17,69.3638
24,6.991805620092609e+17,69.6892
25,6.933289961892609e+17,70.0178
26,6.875062395409382e+17,70.3444
27,6.817647974209382e+17,70.6709
28,6.760347961586332e+17,70.998
29,6.704343038786332e+17,71.3238
30,6.649525634786332e+17,71.6504
31,6.595258413966333e+17,71.9772
32,6.542370927966333e+17,72.3043
33,6.489855269766333e+17,72.6312
34,6.438440848566333e+17,72.9616
35,6.387324201586333e+17,73.2885
36,6.336930822209085e+17,73.6148
37,6.281867001123994e+17,73.9414
38,6.231569909048023e+17,74.2685
39,6.181484618048023e+17,74.5939
40,6.131479695248023e+17,74.9203
41,6.082177522448023e+17,75.2464
42,6.033360118448023e+17,75.5724
43,5.984887309228023e+17,75.8986
44,5.936891705328023e+17,76.2299
45,5.890004219328023e+17,76.556
46,5.843488561128023e+17,76.8834
47,5.797421340308023e+17,77.2095
48,5.752006919108023e+17,77.5352
49,5.706777963360351e+17,77.8607
50,5.662296111960351e+17,78.1868
51,5.61348533743472e+17,78.5137
52,5.569132562037662e+17,78.8402
53,5.525047271037662e+17,79.1708
54,5.481042348237662e+17,79.4961
55,5.437643326911132e+17,79.8229
56,5.394289301291263e+17,80.1489
57,5.320924856921126e+17,80.475
58,5.270284803521126e+17,80.8011
59,5.221103026288452e+17,81.128
60,5.176462972888452e+17,81.4534
61,5.133160800088452e+17,81.7786
62,5.090278783068452e+17,82.1087
63,5.047461379068452e+17,82.4333
64,5.004736384668452e+17,82.7601
65,4.963371644126006e+17,83.0866
66,4.922252616318135e+17,83.4124
67,4.881365130318135e+17,83.7398
68,4.840849472118135e+17,84.0687
69,4.800576662898135e+17,84.3973
70,4.760417654843802e+17,84.7239
71,4.720622050943802e+17,85.0539
72,4.681207629743802e+17,85.385
73,4.642381665779427e+17,85.712
74,4.603741612379428e+17,86.0388
75,4.565656321379428e+17,86.3674
76,4.527651398579428e+17,86.6931
77,4.489784104979428e+17,87.0205
78,4.452462364979428e+17,87.346
79,4.415160192179428e+17,87.6741
80,4.378185981779428e+17,88.0063
81,4.341368577779428e+17,88.3348
82,4.304910018758172e+17,88.668
83,4.268633464649645e+17,88.9948
84,4.233745978649645e+17,89.3221
85,4.199063961629645e+17,89.6479
86,4.164548303429645e+17,89.9735
87,4.130690296043572e+17,90.3031
88,4.097275874843572e+17,90.6365
89,4.064120961169595e+17,90.9675
90,4.031289553909107e+17,91.2935
91,3.998469723409107e+17,91.6251
92,3.965829670009107e+17,91.957
93,3.933347818609107e+17,92.2874
94,3.901201449280077e+17,92.615
95,3.869116158280077e+17,92.9457
96,3.837043349060077e+17,93.2724
97,3.805009648460077e+17,93.5996
98,3.773004725660077e+17,93.928
99,3.741137432060077e+17,94.2595
100,3.709541828160077e+17,94.6273
101,3.678220088160077e+17,95.1348
102,3.646917915360077e+17,95.4812
103,3.615943704960077e+17,95.8265
104,3.585070975477636e+17,96.1754
105,3.554253571477636e+17,96.526
106,3.523524669877636e+17,96.8787
107,3.492799675477636e+17,97.1908
108,3.463709923179055e+17,97.5434
109,3.389569106651692e+17,97.873
