1,3.123920195554327e+17,0.47401
2,2.420783615057761e+17,1.5729
3,1.877604161208701e+17,2.3308
4,1.480337126818112e+17,3.0111
5,1.089083361512706e+17,3.6879
6,7.942779049738086e+16,4.3587
7,5.411692606994197e+16,5.0261
8,4.156439884000482e+16,5.6911
9,3.408842765942041e+16,6.3583
10,3.207858862619125e+16,7.0519
11,3.09461563243204e+16,7.73
12,3.083764959448967e+16,8.3984
13,3.052323409349931e+16,9.0651
14,2.993209496334916e+16,9.732
15,2.991954422867967e+16,10.3991
16,2.993209496334916e+16,11.0684
17,3.036953502398914e+16,11.7378
1,2.374742241397201e+16,12.4305
2,2.023365681797201e+16,13.1164
3,1.673945907797201e+16,13.7932
4,1.349323124725196e+16,14.4687
5,1.095629926345802e+16,15.1458
6,8672736906560684,15.8221
7,7071904277925301,16.5038
8,5880355545925301,17.1804
9,4944662986076446,17.8569
10,4116614791837702,18.534
11,3348628241997956,19.2138
12,2596839192287000,19.8953
13,1900387491522279,20.5732
14,1424065219440385,21.2537
15,1108465813994126,21.9371
16,848018327605630.1,22.6198
17,650164759306254,23.2991
18,503171442506254.1,23.9806
19,376157821706254,24.6584
20,268728830610426.5,25.3383
21,183782325010426.5,26.0175
22,151112154203477,26.6977
23,123633764956129.5,27.375
24,97024292504254.52,28.0578
25,74737613072339.81,28.7375
26,56889978483199.41,29.4142
27,43359867248449.41,30.0919
28,36148631740911.8,30.7696
29,32966047811371.4,31.4504
30,32214624426531.8,32.1375
