1,1.063113450696695e+17,0.060238
2,7.871146142772826e+16,0.070848
3,5.97929957847064e+16,0.080397
4,4.103813370040177e+16,0.08994
5,2.061423674656516e+16,0.09955
6,9359197794796376,0.10902
7,4239242472945590,0.11941
8,4320626777644007,0.12895
9,3905128973906066,0.13859
10,4320626777644007,0.14835
11,4239242472945590,0.15934
12,3140325787909133,0.18653
13,2268123028083647,0.20418
14,1283199684030070,0.21934
15,831649864117614.4,0.23411
16,656766228735801.9,0.24888
17,497233340904463.9,0.26369
18,339386676020331.5,0.2782
19,82053978420331.5,0.29277
20,29181816682225.9,0.30756
21,7801496481244.4,0.32204
22,1725764141534.4,0.33643
23,0,0.351
