1,11877003149,0.2044,10334251165,0,1542751984
2,9040574783,0.24121,7444353325,0,1596221458
3,6884900254,0.26607,6166975480,0,717924774
4,5022582820,0.29003,4358127520,0,664455300
5,3235179790,0.31383,2593368265,0,641811525
6,2118945446,0.33781,1540201550,0,578743896
7,1368945446,0.36187,790201550,0,578743896
8,1115403950,0.38578,790201550,0,325202400
9,900476425,0.40965,622952025,0,277524400
10,743380299,0.43371,448214040,0,295166259
11,660559918,0.45768,364426895,966764,295166259
12,577864878,0.48151,281731855,966764,295166259
13,505476308,0.50552,286211290,11899297,207365721
14,476981084,0.53006,238982065,30633298,207365721
15,460848499,0.55438,222849480,30633298,207365721
16,503682005,0.57929,222849480,73466804,207365721
17,555326560,0.60368,274494035,73466804,207365721
18,462146054,0.67814,234494035,76286298,151365721
19,378280469,0.73799,198628450,76286298,103365721
20,305831904,0.79846,126179885,76286298,103365721
21,257831904,0.8562,126179885,76286298,55365721
22,212484384,0.91426,80832365,76286298,55365721
23,172484384,0.97149,80832365,36286298,55365721
24,135685431,1.0286,40832365,39487345,55365721
25,105550173,1.0864,40832365,39487345,25230463
26,86816172,1.1436,40832365,20753344,25230463
27,68816172,1.2015,38832365,20753344,9230463
28,52322222,1.2592,22338415,20753344,9230463
29,37204657,1.3164,7220850,20753344,9230463
30,22914861,1.3741,7220850,9820811,5873200
31,13036116,1.4318,3215305,9820811,0
32,11036116,1.4891,1215305,9820811,0
33,9965406,1.5479,144595,9820811,0
34,8998642,1.6057,144595,8854047,0
35,8598642,1.6628,144595,8454047,0
36,8198642,1.7205,144595,8054047,0
37,7798642,1.779,144595,7654047,0
38,7398642,1.8374,144595,7254047,0
39,6998642,1.8948,144595,6854047,0
40,6598642,1.9518,144595,6454047,0
41,6198642,2.0096,144595,6054047,0
42,6054047,2.067,0,6054047,0
43,5798642,2.1279,144595,5654047,0
44,5654047,2.1923,0,5654047,0
45,5398642,2.2497,144595,5254047,0
46,5254047,2.3085,0,5254047,0
47,4998642,2.3664,144595,4854047,0
48,4854047,2.4242,0,4854047,0
49,4598642,2.4818,144595,4454047,0
50,4454047,2.5392,0,4454047,0
51,4198642,2.5961,144595,4054047,0
52,4054047,2.6536,0,4054047,0
53,3798642,2.711,144595,3654047,0
54,3654047,2.7682,0,3654047,0
55,3398642,2.8259,144595,3254047,0
56,3254047,2.8832,0,3254047,0
57,2998642,2.941,144595,2854047,0
58,2854047,2.9988,0,2854047,0
59,2820541,3.0564,0,2820541,0
60,2820541,3.1141,0,2820541,0
61,2820541,3.1719,0,2820541,0
62,2820541,3.1992,0,2820541,0
63,10370416,3.2233,7549875,2820541,0
64,20249161,3.2476,11555420,2820541,5873200
65,10370416,3.3052,7549875,2820541,0
66,2820541,3.3629,0,2820541,0
67,2820541,3.4254,0,2820541,0
68,2820541,3.4835,0,2820541,0
69,2820541,3.5091,0,2820541,0
70,18953126,3.5232,16132585,2820541,0
71,54919890,3.5369,16132585,38787305,0
72,18953126,3.5724,16132585,2820541,0
73,2820541,3.607,0,2820541,0
74,2820541,3.6407,0,2820541,0
75,2820541,3.6766,0,2820541,0
76,2820541,3.6944,0,2820541,0
77,41957718,3.7082,0,41957718,0
78,87723468,3.7218,45765750,41957718,0
79,41957718,3.7573,0,41957718,0
80,2820541,3.7899,0,2820541,0
81,2820541,3.8233,0,2820541,0
82,2820541,3.8567,0,2820541,0
83,2820541,3.8733,0,2820541,0
84,77820541,3.8873,0,77820541,0
85,220624551,3.9012,142804010,77820541,0
86,77820541,3.9367,0,77820541,0
87,2820541,3.9695,0,2820541,0
88,2820541,4.0057,0,2820541,0
89,2820541,4.0402,0,2820541,0
90,2820541,4.0568,0,2820541,0
91,261095811,4.0711,203326145,57769666,0
92,335729317,4.0854,203326145,132403172,0
93,77454047,4.1228,0,77454047,0
94,77454047,4.1579,0,77454047,0
95,2820541,4.1904,0,2820541,0
96,2819494,4.2229,0,2819494,0
97,2819494,4.2566,0,2819494,0
98,2819494,4.2893,0,2819494,0
99,2819494,4.3038,0,2819494,0
100,12369369,4.3175,9549875,2819494,0
101,100484014,4.3314,75791320,2819494,21873200
102,12369369,4.366,9549875,2819494,0
103,2819494,4.3987,0,2819494,0
104,2819494,4.4318,0,2819494,0
105,2819494,4.4657,0,2819494,0
106,2819494,4.4817,0,2819494,0
107,38786258,4.5018,0,38786258,0
108,299133778,4.5259,260347520,38786258,0
109,217157758,4.5638,178371500,38786258,0
110,149521643,4.5978,110735385,38786258,0
111,89174123,4.6361,50387865,38786258,0
112,53207359,4.671,50387865,2819494,0
113,53207359,4.7045,50387865,2819494,0
114,53207359,4.7381,50387865,2819494,0
115,53207359,4.7548,50387865,2819494,0
116,92344536,4.7685,50387865,41956671,0
117,167344536,4.7846,50387865,116956671,0
118,128207359,4.8198,50387865,77819494,0
119,128207359,4.8537,50387865,77819494,0
120,53207359,4.8861,50387865,2819494,0
121,53207359,4.9201,50387865,2819494,0
122,53207359,4.9548,50387865,2819494,0
123,53207359,4.9714,50387865,2819494,0
124,234731174,4.9856,231911680,2819494,0
125,53207359,4.9992,50387865,2819494,0
126,127840865,5.0129,50387865,77453000,0
127,386116135,5.0272,253714010,132402125,0
128,127840865,5.0629,50387865,77453000,0
129,87840865,5.0955,10387865,77453000,0
130,13207359,5.128,10387865,2819494,0
131,13207359,5.1621,10387865,2819494,0
132,13207359,5.1946,10387865,2819494,0
133,13207359,5.2125,10387865,2819494,0
134,97212904,5.2265,94393410,2819494,0
135,146762779,5.2402,143943285,2819494,0
136,146762779,5.2758,143943285,2819494,0
137,62757234,5.3085,59937740,2819494,0
138,13207359,5.3447,10387865,2819494,0
139,13207359,5.3795,10387865,2819494,0
140,13207359,5.4125,10387865,2819494,0
141,13207359,5.4291,10387865,2819494,0
142,194731174,5.4434,191911680,2819494,0
143,64887405,5.4569,10387865,2819494,51680046
144,100854169,5.4705,10387865,38786258,51680046
145,145654873,5.4841,10387865,38786258,96480750
146,112928971,5.5196,10387865,38786258,63754848
147,102541106,5.5525,0,38786258,63754848
148,102541106,5.5885,0,38786258,63754848
149,66574342,5.6212,0,2819494,63754848
150,2819494,5.6536,0,2819494,0
151,2419494,5.6862,0,2419494,0
152,2419494,5.7197,0,2419494,0
153,2419494,5.7534,0,2419494,0
154,2419494,5.7689,0,2419494,0
155,36322769,5.7827,33903275,2419494,0
156,75459946,5.7985,33903275,41556671,0
157,36322769,5.8329,33903275,2419494,0
158,2419494,5.8675,0,2419494,0
159,2419494,5.9016,0,2419494,0
160,2419494,5.9357,0,2419494,0
161,2419494,5.9515,0,2419494,0
162,77053000,5.9654,0,77053000,0
163,335328270,5.9795,203326145,132002125,0
164,77053000,6.0138,0,77053000,0
165,2419494,6.0467,0,2419494,0
166,2419494,6.0811,0,2419494,0
167,2419494,6.1163,0,2419494,0
168,2419494,6.1352,0,2419494,0
169,68485674,6.1491,0,68485674,0
170,207897642,6.1632,93479435,114418207,0
171,207897642,6.1985,93479435,114418207,0
172,141831462,6.2316,93479435,48352027,0
173,2419494,6.2641,0,2419494,0
174,2419494,6.297,0,2419494,0
175,2419494,6.3298,0,2419494,0
176,2419494,6.3444,0,2419494,0
177,263943309,6.3587,261523815,2419494,0
178,459290829,6.3727,456871335,2419494,0
179,197767014,6.407,195347520,2419494,0
180,157767014,6.4396,155347520,2419494,0
181,2419494,6.473,0,2419494,0
182,2419494,6.5077,0,2419494,0
183,2419494,6.5414,0,2419494,0
184,2419494,6.556,0,2419494,0
185,38386258,6.5698,0,38386258,0
186,113386258,6.585,0,113386258,0
187,38386258,6.6182,0,38386258,0
188,2419494,6.6513,0,2419494,0
189,2019494,6.684,0,2019494,0
190,2019494,6.72,0,2019494,0
191,2019494,6.7546,0,2019494,0
192,2019494,6.7693,0,2019494,0
193,2019494,6.7831,0,2019494,0
194,41156671,6.7967,0,41156671,0
195,2019494,6.8344,0,2019494,0
196,2019494,6.8687,0,2019494,0
197,2019494,6.9032,0,2019494,0
198,2019494,6.9178,0,2019494,0
199,76653000,6.9317,0,76653000,0
200,189785585,6.9459,113132585,76653000,0
201,76653000,6.9791,0,76653000,0
202,2019494,7.0118,0,2019494,0
203,2019494,7.0444,0,2019494,0
204,2019494,7.0772,0,2019494,0
205,2019494,7.0917,0,2019494,0
206,68085674,7.1056,0,68085674,0
207,167497642,7.1195,53479435,114018207,0
208,101431462,7.1527,53479435,47952027,0
209,2019494,7.1856,0,2019494,0
210,2019494,7.2184,0,2019494,0
211,2019494,7.2523,0,2019494,0
212,2019494,7.2683,0,2019494,0
213,260294764,7.2825,203326145,56968619,0
214,415642284,7.2976,358673665,56968619,0
215,157367014,7.3311,155347520,2019494,0
216,155390994,7.3664,153371500,2019494,0
217,2043474,7.3991,23980,2019494,0
218,2043474,7.4332,23980,2019494,0
219,2043474,7.4665,23980,2019494,0
220,2043474,7.4833,23980,2019494,0
221,38010238,7.5004,23980,37986258,0
222,113010238,7.5142,23980,112986258,0
223,113010238,7.552,23980,112986258,0
224,77043474,7.5861,23980,77019494,0
225,2043474,7.6199,23980,2019494,0
226,1643474,7.6527,23980,1619494,0
227,1619494,7.6855,0,1619494,0
228,1619494,7.7223,0,1619494,0
229,1619494,7.756,0,1619494,0
230,1619494,7.7756,0,1619494,0
231,1619494,7.7902,0,1619494,0
232,40756671,7.8062,0,40756671,0
233,1619494,7.8391,0,1619494,0
234,1619494,7.8733,0,1619494,0
235,1619494,7.9114,0,1619494,0
236,1619494,7.9259,0,1619494,0
237,76253000,7.9397,0,76253000,0
238,142319180,7.9534,0,142319180,0
239,67685674,7.9862,0,67685674,0
240,67685674,8.0191,0,67685674,0
241,1619494,8.0515,0,1619494,0
242,1619494,8.0841,0,1619494,0
243,1619494,8.1169,0,1619494,0
244,1619494,8.1328,0,1619494,0
245,95169369,8.1469,93549875,1619494,0
246,208301954,8.1608,206682460,1619494,0
247,95169369,8.1963,93549875,1619494,0
248,1619494,8.2289,0,1619494,0
249,1619494,8.2615,0,1619494,0
250,1619494,8.2949,0,1619494,0
251,1619494,8.3115,0,1619494,0
252,259894764,8.3272,203326145,56568619,0
253,521418579,8.3435,464849960,56568619,0
254,259894764,8.3787,203326145,56568619,0
255,1619494,8.4113,0,1619494,0
256,1619494,8.4446,0,1619494,0
257,1219494,8.4794,0,1219494,0
258,1219494,8.5132,0,1219494,0
259,1219494,8.5473,0,1219494,0
260,1219494,8.564,0,1219494,0
261,37186258,8.5777,0,37186258,0
262,370718358,8.592,326903275,43815083,0
263,334751594,8.6279,326903275,7848319,0
264,334751594,8.6616,326903275,7848319,0
265,1219494,8.6941,0,1219494,0
266,1219494,8.7302,0,1219494,0
267,1219494,8.7642,0,1219494,0
268,1219494,8.7808,0,1219494,0
269,1219494,8.7946,0,1219494,0
270,75853000,8.8085,0,75853000,0
271,75853000,8.8452,0,75853000,0
272,1219494,8.8778,0,1219494,0
273,1219494,8.9102,0,1219494,0
274,1219494,8.9435,0,1219494,0
275,1219494,8.9601,0,1219494,0
276,463699854,8.9771,462480360,1219494,0
277,576832439,8.9913,575612945,1219494,0
278,114352079,9.0264,113132585,1219494,0
279,114352079,9.0614,113132585,1219494,0
280,1219494,9.0962,0,1219494,0
281,1219494,9.1289,0,1219494,0
282,1219494,9.1616,0,1219494,0
283,1219494,9.1787,0,1219494,0
284,96631462,9.1927,49479435,47152027,0
285,354906732,9.2068,252805580,102101152,0
286,259494764,9.2423,203326145,56168619,0
287,219494764,9.2762,163326145,56168619,0
288,1219494,9.309,0,1219494,0
289,1219494,9.3435,0,1219494,0
290,1219494,9.377,0,1219494,0
291,7492158,9.3943,0,1219494,6272664
292,82492158,9.4086,0,76219494,6272664
293,82492158,9.4223,0,76219494,6272664
294,7492158,9.4574,0,1219494,6272664
295,1219494,9.4902,0,1219494,0
296,819494,9.525,0,819494,0
297,819494,9.5584,0,819494,0
298,819494,9.5923,0,819494,0
299,819494,9.6089,0,819494,0
300,819494,9.6249,0,819494,0
301,819494,9.6386,0,819494,0
302,819494,9.675,0,819494,0
303,819494,9.7089,0,819494,0
304,819494,9.7428,0,819494,0
305,819494,9.7595,0,819494,0
306,819494,9.7736,0,819494,0
307,74885674,9.7873,0,74885674,0
308,74885674,9.8247,0,74885674,0
309,74885674,9.8577,0,74885674,0
310,819494,9.8905,0,819494,0
311,819494,9.9246,0,819494,0
312,819494,9.9576,0,819494,0
313,819494,9.9731,0,819494,0
314,125957164,9.9871,125137670,819494,0
315,12824579,10.0007,12005085,819494,0
316,68236547,10.0166,21484520,46752027,0
317,395617607,10.031,348865580,46752027,0
318,383612522,10.0667,336860495,46752027,0
319,343612522,10.0997,296860495,46752027,0
320,343612522,10.1351,296860495,46752027,0
321,288200554,10.1703,287381060,819494,0
322,819494,10.2047,0,819494,0
323,819494,10.2388,0,819494,0
324,819494,10.2724,0,819494,0
325,819494,10.2902,0,819494,0
326,73952079,10.304,73132585,819494,0
327,118411824,10.32,117592330,819494,0
328,45279239,10.3566,44459745,819494,0
329,45279239,10.3904,44459745,819494,0
330,819494,10.4229,0,819494,0
331,419494,10.4557,0,419494,0
332,419494,10.4904,0,419494,0
333,419494,10.524,0,419494,0
334,419494,10.5403,0,419494,0
335,139941374,10.5548,84572755,55368619,0
336,169102014,10.5685,113733395,55368619,0
337,29580134,10.6036,29160640,419494,0
338,29580134,10.6376,29160640,419494,0
339,419494,10.6717,0,419494,0
340,419494,10.7076,0,419494,0
341,419494,10.7418,0,419494,0
342,419494,10.7609,0,419494,0
343,419494,10.7746,0,419494,0
344,74653000,10.7887,0,74653000,0
345,419494,10.8218,0,419494,0
346,419494,10.8554,0,419494,0
347,419494,10.888,0,419494,0
348,419494,10.9024,0,419494,0
349,419494,10.9165,0,419494,0
350,126943309,10.9306,126523815,419494,0
351,419494,10.9636,0,419494,0
352,419494,10.9966,0,419494,0
353,419494,11.0298,0,419494,0
354,419494,11.0441,0,419494,0
355,419494,11.0578,0,419494,0
356,46352027,11.0715,0,46352027,0
357,419494,11.1058,0,419494,0
358,419494,11.1397,0,419494,0
359,419494,11.1774,0,419494,0
360,419494,11.1941,0,419494,0
361,271767014,11.2088,271347520,419494,0
362,335443474,11.2225,335023980,419494,0
363,231790994,11.2577,231371500,419494,0
364,135443474,11.2906,135023980,419494,0
365,135443474,11.3254,135023980,419494,0
366,135443474,11.3623,135023980,419494,0
367,135443474,11.3789,135023980,419494,0
368,210443474,11.3931,135023980,75419494,0
369,294903219,11.407,219483725,75419494,0
370,210443474,11.4427,135023980,75419494,0
371,135443474,11.476,135023980,419494,0
372,100161949,11.5088,99742455,419494,0
373,100161949,11.5425,99742455,419494,0
374,100161949,11.5781,99742455,419494,0
375,100161949,11.5949,99742455,419494,0
376,169322589,11.6086,168903095,419494,0
377,308844469,11.6226,253475850,55368619,0
378,169322589,11.6578,168903095,419494,0
379,100161949,11.6907,99742455,419494,0
380,100161949,11.7234,99742455,419494,0
381,100161949,11.7573,99742455,419494,0
382,100161949,11.7751,99742455,419494,0
383,174395455,11.789,99742455,74653000,0
384,247528040,11.8027,172875040,74653000,0
385,173294534,11.8402,172875040,419494,0
386,100161949,11.8728,99742455,419494,0
387,100161949,11.9073,99742455,419494,0
388,100161949,11.941,99742455,419494,0
389,100161949,11.9569,99742455,419494,0
390,146094482,11.9726,99742455,46352027,0
391,146094482,11.9864,99742455,46352027,0
392,141376007,12.0208,95023980,46352027,0
393,95443474,12.0576,95023980,419494,0
394,95443474,12.0911,95023980,419494,0
395,95443474,12.1252,95023980,419494,0
396,95443474,12.1434,95023980,419494,0
397,221967289,12.1574,221547795,419494,0
398,504995028,12.172,402302870,419494,102272664
399,221967289,12.2083,221547795,419494,0
400,95443474,12.2409,95023980,419494,0
401,55443474,12.2734,55023980,419494,0
402,55443474,12.3069,55023980,419494,0
403,55443474,12.3403,55023980,419494,0
404,55443474,12.358,55023980,419494,0
405,130443474,12.372,55023980,75419494,0
406,232716138,12.3859,55023980,75419494,102272664
407,130443474,12.4225,55023980,75419494,0
408,55443474,12.4571,55023980,419494,0
409,20161949,12.4898,19742455,419494,0
410,20161949,12.5231,19742455,419494,0
411,20161949,12.5565,19742455,419494,0
412,20161949,12.5742,19742455,419494,0
413,49322589,12.588,48903095,419494,0
414,188844469,12.602,133475850,55368619,0
415,49322589,12.6401,48903095,419494,0
416,20161949,12.6727,19742455,419494,0
417,20161949,12.7052,19742455,419494,0
418,20161949,12.7394,19742455,419494,0
419,20161949,12.7571,19742455,419494,0
420,93294534,12.7733,92875040,419494,0
421,167528040,12.7873,92875040,74653000,0
422,93294534,12.8241,92875040,419494,0
423,20161949,12.8575,19742455,419494,0
424,20161949,12.8902,19742455,419494,0
425,18161949,12.923,17742455,419494,0
426,18161949,12.956,17742455,419494,0
427,18161949,12.9886,17742455,419494,0
428,18161949,13.0063,17742455,419494,0
429,18161949,13.0202,17742455,419494,0
430,144685764,13.0341,144266270,419494,0
431,144685764,13.0709,144266270,419494,0
432,144685764,13.1058,144266270,419494,0
433,18161949,13.1387,17742455,419494,0
434,3137969,13.1711,2718475,419494,0
435,3137969,13.205,2718475,419494,0
436,3137969,13.2382,2718475,419494,0
437,3137969,13.2573,2718475,419494,0
438,3137969,13.271,2718475,419494,0
439,78137969,13.2848,2718475,75419494,0
440,78137969,13.3228,2718475,75419494,0
441,3137969,13.3554,2718475,419494,0
442,1137969,13.3893,718475,419494,0
443,1137969,13.4228,718475,419494,0
444,1137969,13.4589,718475,419494,0
445,1137969,13.4738,718475,419494,0
446,1137969,13.4876,718475,419494,0
447,28298609,13.5026,27879115,419494,0
448,28298609,13.5532,27879115,419494,0
449,1137969,13.6117,718475,419494,0
450,1137969,13.6709,718475,419494,0
451,1137969,13.7332,718475,419494,0
452,1137969,13.7589,718475,419494,0
453,1137969,13.7836,718475,419494,0
454,75371475,13.8086,718475,74653000,0
455,1137969,13.867,718475,419494,0
456,1137969,13.9114,718475,419494,0
457,1137969,13.9454,718475,419494,0
458,1137969,13.9643,718475,419494,0
459,1137969,13.9783,718475,419494,0
460,55070502,13.9923,718475,54352027,0
461,54352027,14.0342,0,54352027,0
462,54352027,14.0747,0,54352027,0
463,419494,14.1078,0,419494,0
464,19494,14.1407,0,19494,0
465,19494,14.1737,0,19494,0
466,19494,14.2077,0,19494,0
467,19494,14.2238,0,19494,0
468,19494,14.2376,0,19494,0
469,101543309,14.2515,101523815,19494,0
470,19494,14.2863,0,19494,0
471,19494,14.3196,0,19494,0
472,19494,14.3536,0,19494,0
473,19494,14.3684,0,19494,0
474,19494,14.3823,0,19494,0
475,139541374,14.3964,84572755,54968619,0
476,19494,14.4295,0,19494,0
477,0,14.4626,0,0,0
