1,8530010997,0.04781,5289867060,0,3240143937
2,6098197946,0.079331,4637084505,0,1461113441
3,4697044552,0.11075,3887084505,0,809960047
4,3526294327,0.14213,2716334280,0,809960047
5,2605132026,0.17359,1788444830,2342465,814344731
6,1790299914,0.20506,927801090,48154093,814344731
7,1035046316,0.2367,822546490,48154093,164345733
8,694713580,0.26825,447546490,82821357,164345733
9,694713580,0.29969,447546490,82821357,164345733
10,694713580,0.33117,447546490,82821357,164345733
11,567403300,0.40703,407546490,90821357,69035453
12,480473370,0.48278,360616560,50821357,69035453
13,398774825,0.55854,278918015,50821357,69035453
14,348406575,0.63504,228549765,50821357,69035453
15,308406575,0.7118,188549765,50821357,69035453
16,268406575,0.7873,148549765,50821357,69035453
17,228406575,0.8629,108549765,50821357,69035453
18,197115845,0.93937,77259035,50821357,69035453
19,160987930,1.0151,41131120,50821357,69035453
20,140530880,1.0909,20674070,50821357,69035453
21,122673101,1.139,20674070,50821357,51177674
22,105073101,1.1837,20674070,50421357,33977674
23,96146426,1.2288,11747395,50421357,33977674
24,90334798,1.2734,11747395,44609729,33977674
25,88142123,1.3178,9554720,44609729,33977674
26,86142123,1.362,7554720,44609729,33977674
27,84142123,1.4059,5554720,44609729,33977674
28,82142123,1.4499,3554720,44609729,33977674
29,80142123,1.4941,1554720,44609729,33977674
30,78942123,1.5384,3554720,44609729,30777674
31,76096673,1.5829,709270,44609729,30777674
32,58042323,1.6273,3554720,44609729,9877874
33,47764449,1.6718,3554720,44209729,0
34,44918999,1.7163,709270,44209729,0
35,44209729,1.7606,0,44209729,0
36,43809729,1.8048,0,43809729,0
37,43409729,1.8491,0,43409729,0
38,43009729,1.8938,0,43009729,0
39,42609729,1.9402,0,42609729,0
40,42209729,1.9867,0,42209729,0
41,41809729,2.0309,0,41809729,0
42,41409729,2.075,0,41409729,0
43,41009729,2.1206,0,41009729,0
44,40609729,2.1958,0,40609729,0
45,40209729,2.2712,0,40209729,0
46,39809729,2.347,0,39809729,0
47,39409729,2.423,0,39409729,0
48,39009729,2.4992,0,39009729,0
49,38609729,2.5745,0,38609729,0
50,38209729,2.6497,0,38209729,0
51,37809729,2.7253,0,37809729,0
52,37409729,2.801,0,37409729,0
53,37067264,2.8773,0,37067264,0
54,37067264,2.9532,0,37067264,0
55,37067264,3.029,0,37067264,0
56,37067264,3.062,0,37067264,0
57,37067264,3.0934,0,37067264,0
58,37067264,3.1252,0,37067264,0
59,37067264,3.2019,0,37067264,0
60,37067264,3.2778,0,37067264,0
61,37067264,3.3549,0,37067264,0
62,37067264,3.3876,0,37067264,0
63,37067264,3.4196,0,37067264,0
64,37067264,3.4515,0,37067264,0
65,37067264,3.5289,0,37067264,0
66,37067264,3.6062,0,37067264,0
67,37067264,3.6839,0,37067264,0
68,37067264,3.717,0,37067264,0
69,37067264,3.7489,0,37067264,0
70,37067264,3.7802,0,37067264,0
71,37067264,3.8287,0,37067264,0
72,37067264,3.8736,0,37067264,0
73,37067264,3.9187,0,37067264,0
74,37067264,3.938,0,37067264,0
75,37067264,3.9566,0,37067264,0
76,37067264,3.975,0,37067264,0
77,37067264,4.0205,0,37067264,0
78,37067264,4.066,0,37067264,0
79,37067264,4.1117,0,37067264,0
80,37067264,4.1309,0,37067264,0
81,37067264,4.1494,0,37067264,0
82,37067264,4.1678,0,37067264,0
83,0,4.2129,0,0,0
