1,9468606321,0.051982,8850268625,0,618337696
2,8136197256,0.086425,7350268625,0,785928631
3,6468606321,0.12072,5850268625,0,618337696
4,5137695516,0.15449,4461442055,0,676253461
5,4354503896,0.18817,3678250435,0,676253461
6,3682622035,0.22208,2928250435,0,754371600
7,3153049452,0.256,2531126745,3585011,618337696
8,2660352832,0.28991,2038430125,3585011,618337696
9,2366964736,0.32369,1173743140,3585011,1189636585
10,2118461020,0.35746,1173743140,3585011,941132869
11,1872505890,0.39114,927788010,3585011,941132869
12,1719729011,0.42471,927788010,3585011,788355990
13,1607502926,0.45843,815561925,3585011,788355990
14,1577006456,0.49221,785065455,3585011,788355990
15,1537902426,0.52638,745961425,3585011,788355990
16,1429534646,0.56048,637593645,3585011,788355990
17,1445194524,0.5943,637593645,3585011,804015868
18,1452101890,0.62828,637593645,26152255,788355990
19,987080408,0.70932,541614805,26152255,419313348
20,696950741,0.7904,367620490,26152255,303177996
21,312157540,0.87157,286005285,26152255,0
22,245525320,0.95277,219373065,26152255,0
23,205525320,1.0341,179373065,26152255,0
24,165525320,1.1155,139373065,26152255,0
25,125525320,1.1967,99373065,26152255,0
26,102697890,1.2781,76545635,26152255,0
27,89917010,1.3594,63764755,26152255,0
28,62697890,1.4403,36545635,26152255,0
29,49917010,1.5214,23764755,26152255,0
30,38506675,1.6024,12354420,26152255,0
31,28973625,1.6834,2821370,26152255,0
32,20973625,1.7648,2821370,18152255,0
33,6406381,1.8458,2821370,3585011,0
34,2821370,1.9268,2821370,0,0
35,821370,2.0085,821370,0,0
36,0,2.0895,0,0,0
