1,23715586213,0.07082,19453387830,0,4262198383
2,19250452051,0.10784,14953387830,0,4297064221
3,15395787308,0.1395,11133588925,0,4262198383
4,12568050586,0.17131,8610462535,0,3957588051
5,11192398040,0.20305,8027247595,74549031,3090601414
6,10156974643,0.23469,7525801920,93071088,2538101635
7,9309605199,0.26638,6036300520,93071088,3180233591
8,8280948517,0.29872,5422438500,93071088,2765438929
9,7646760358,0.33082,4264818045,93071088,3288871225
10,7072845653,0.36255,3690903340,93071088,3288871225
11,6560556058,0.3945,3676155170,118961959,2765438929
12,6232294797,0.42614,3283567405,183288463,2765438929
13,5935040188,0.45811,3223982640,234904343,2476153205
14,5645165673,0.49003,2911277565,257734903,2476153205
15,5406651184,0.52276,2858950445,257734903,2289965836
16,5213538255,0.55474,2672577215,262030878,2278930162
17,5112551144,0.58671,2531398375,302222607,2278930162
18,5091052558,0.61865,2563363080,434062720,2093626758
19,5039244103,0.65047,2483685345,434062720,2121496038
20,5036533713,0.68211,2480974955,434062720,2121496038
21,4613944248,0.71395,2301648060,437778830,1874517358
22,4585138423,0.74568,2356244675,386162950,1842730798
23,4586564249,0.77733,2498697180,386162950,1701704119
24,4621704037,0.80922,2498697180,421302738,1701704119
25,4137538370,0.88588,2319460765,421302738,1396774867
26,3945538370,0.96242,2319460765,421302738,1204774867
27,3780293720,1.0387,2423717530,421302738,935273452
28,3644918470,1.1153,2292638255,417006763,935273452
29,3470048325,1.1915,2062292570,417006763,990748992
30,3329984750,1.2677,1978228995,417006763,934748992
31,3198717626,1.3444,1946264290,285166650,967286686
32,3080545855,1.4208,1906264290,285166650,889114915
33,2994808385,1.4971,1828526820,277166650,889114915
34,2914789945,1.5733,1748174230,277500800,889114915
35,2840968785,1.6497,1714353070,237500800,889114915
36,2752652775,1.7263,1642037060,237500800,873114915
37,2700822527,1.8026,1610477340,237500800,852844387
38,2359903050,1.8787,1288079920,218978743,852844387
39,2084038435,1.9551,1029042635,218978743,836017057
40,1994951095,2.0318,923127965,218978743,852844387
41,1877780280,2.1082,915345730,218978743,743455807
42,1801734990,2.1845,839300440,218978743,743455807
43,1761400840,2.2612,799300440,218644593,743455807
44,1721400840,2.3375,759300440,218644593,743455807
45,1681400840,2.4143,719300440,218644593,743455807
46,1641400840,2.4909,679300440,218644593,743455807
47,1606261052,2.5675,679300440,183504805,743455807
48,1572157577,2.6438,661196965,183504805,727455807
49,1515648056,2.7203,661196965,183504805,670946286
50,1321148959,2.7969,690957445,183504805,446686709
51,1076797969,2.873,650957445,175504805,250335719
52,954275448,2.9495,650957445,171788695,131529308
53,903027640,3.0257,650957445,171788695,80281500
54,855027640,3.1026,650957445,171788695,32281500
55,807027640,3.179,610957445,163788695,32281500
56,759027640,3.2555,570957445,155788695,32281500
57,719027640,3.332,530957445,155788695,32281500
58,679027640,3.4087,490957445,155788695,32281500
59,658750550,3.4854,490957445,155788695,12004410
60,640961390,3.5617,481168285,147788695,12004410
61,616704625,3.6379,456911520,147788695,12004410
62,602108010,3.7142,442314905,147788695,12004410
63,588103600,3.7907,440314905,147788695,0
64,574216195,3.8669,426427500,147788695,0
65,562099831,3.9431,414502865,147596966,0
66,554099831,4.0197,414502865,139596966,0
67,546099831,4.0959,414502865,131596966,0
68,538099831,4.1721,414502865,123596966,0
69,531269271,4.2484,414502865,116766406,0
70,526643826,4.3245,409877420,116766406,0
71,491269271,4.4007,374502865,116766406,0
72,486643826,4.4776,369877420,116766406,0
73,484243826,4.5539,367877420,116366406,0
74,481843826,4.6299,365877420,115966406,0
75,479443826,4.7061,363877420,115566406,0
76,477043826,4.7826,361877420,115166406,0
77,475043826,4.8589,359877420,115166406,0
78,473043826,4.9351,357877420,115166406,0
79,471043826,5.0117,355877420,115166406,0
80,469043826,5.0878,353877420,115166406,0
81,467043826,5.1641,351877420,115166406,0
82,465043826,5.2411,349877420,115166406,0
83,463043826,5.32,347877420,115166406,0
84,461043826,5.3962,345877420,115166406,0
85,459043826,5.473,343877420,115166406,0
86,457043826,5.5504,341877420,115166406,0
87,455043826,5.6275,339877420,115166406,0
88,453043826,5.7038,337877420,115166406,0
89,451043826,5.7798,335877420,115166406,0
90,449043826,5.8561,333877420,115166406,0
91,447043826,5.9323,331877420,115166406,0
92,445043826,6.0089,329877420,115166406,0
93,443043826,6.085,327877420,115166406,0
94,441043826,6.1616,325877420,115166406,0
95,439043826,6.2379,323877420,115166406,0
96,437043826,6.3143,321877420,115166406,0
97,435043826,6.3905,319877420,115166406,0
98,433043826,6.467,317877420,115166406,0
99,431043826,6.5433,315877420,115166406,0
100,429043826,6.6196,313877420,115166406,0
101,427043826,6.6961,311877420,115166406,0
102,425811931,6.7725,310645525,115166406,0
103,425411931,6.8487,310645525,114766406,0
104,425011931,6.9251,310645525,114366406,0
105,424611931,7.0016,310645525,113966406,0
106,424211931,7.0776,310645525,113566406,0
107,423811931,7.1538,310645525,113166406,0
108,423411931,7.23,310645525,112766406,0
109,423011931,7.3066,310645525,112366406,0
110,422611931,7.3828,310645525,111966406,0
111,422211931,7.4591,310645525,111566406,0
112,421811931,7.5353,310645525,111166406,0
113,421411931,7.6116,310645525,110766406,0
114,421011931,7.6876,310645525,110366406,0
115,420611931,7.7639,310645525,109966406,0
116,420211931,7.8398,310645525,109566406,0
117,420082966,7.9159,310516560,109566406,0
118,420082966,7.9926,310516560,109566406,0
119,420082966,8.0693,310516560,109566406,0
120,420082966,8.1022,310516560,109566406,0
121,420082966,8.1341,310516560,109566406,0
122,420082966,8.1659,310516560,109566406,0
123,282274481,8.243,172708075,109566406,0
124,282274481,8.321,172708075,109566406,0
125,282274481,8.3981,172708075,109566406,0
126,282274481,8.4308,172708075,109566406,0
127,282274481,8.4626,172708075,109566406,0
128,317414269,8.4948,172708075,144706194,0
129,282274481,8.5726,172708075,109566406,0
130,282274481,8.6492,172708075,109566406,0
131,282274481,8.726,172708075,109566406,0
132,282274481,8.7589,172708075,109566406,0
133,332004202,8.7909,172708075,159296127,0
134,388844315,8.8228,172708075,216136240,0
135,332004202,8.8994,172708075,159296127,0
136,282274481,8.976,172708075,109566406,0
137,282274481,9.0532,172708075,109566406,0
138,282274481,9.1304,172708075,109566406,0
139,282274481,9.1637,172708075,109566406,0
140,349027128,9.1956,172708075,176319053,0
141,475643008,9.2278,172708075,302934933,0
142,349027128,9.3049,172708075,176319053,0
143,282274481,9.3811,172708075,109566406,0
144,282274481,9.4586,172708075,109566406,0
145,282274481,9.5363,172708075,109566406,0
146,282274481,9.5695,172708075,109566406,0
147,431382096,9.6017,283535230,147846866,0
148,594397070,9.634,386947220,207449850,0
149,431382096,9.7108,283535230,147846866,0
150,282274481,9.7871,172708075,109566406,0
151,282274481,9.8646,172708075,109566406,0
152,282274481,9.9422,172708075,109566406,0
153,357274481,9.9761,172708075,184566406,0
154,389209845,10.0083,172708075,216501770,0
155,558787788,10.0404,299929465,258858323,0
156,389209845,10.1171,172708075,216501770,0
157,314209845,10.1935,172708075,141501770,0
158,282274481,10.2702,172708075,109566406,0
159,282274481,10.3467,172708075,109566406,0
160,282274481,10.4234,172708075,109566406,0
161,454754771,10.457,345188365,109566406,0
162,489894559,10.489,345188365,144706194,0
163,675560059,10.5213,508177550,167382509,0
164,489894559,10.5976,345188365,144706194,0
165,317414269,10.6739,172708075,144706194,0
166,282274481,10.7499,172708075,109566406,0
167,282274481,10.8264,172708075,109566406,0
168,282274481,10.9029,172708075,109566406,0
169,282274481,10.9356,172708075,109566406,0
170,332004202,10.9683,172708075,159296127,0
171,388844315,11.0002,172708075,216136240,0
172,332004202,11.0768,172708075,159296127,0
173,282274481,11.1532,172708075,109566406,0
174,282274481,11.2301,172708075,109566406,0
175,282274481,11.3081,172708075,109566406,0
176,408890361,11.3412,172708075,236182286,0
177,556532782,11.3737,172708075,302934933,80889774
178,611210517,11.4059,227385810,302934933,80889774
179,463568096,11.4827,227385810,236182286,0
180,336952216,11.5591,227385810,109566406,0
181,282274481,11.6354,172708075,109566406,0
182,282274481,11.7124,172708075,109566406,0
183,282274481,11.7894,172708075,109566406,0
184,431382096,11.8227,283535230,147846866,0
185,431382096,11.8548,283535230,147846866,0
186,594397070,11.8873,386947220,207449850,0
187,431382096,11.9643,283535230,147846866,0
188,282274481,12.0404,172708075,109566406,0
189,282274481,12.1181,172708075,109566406,0
190,282274481,12.1958,172708075,109566406,0
191,282274481,12.2287,172708075,109566406,0
192,314209845,12.2611,172708075,141501770,0
193,389209845,12.2929,172708075,216501770,0
194,314209845,12.3699,172708075,141501770,0
195,282274481,12.4474,172708075,109566406,0
196,282274481,12.5237,172708075,109566406,0
197,282274481,12.6008,172708075,109566406,0
198,282274481,12.6337,172708075,109566406,0
199,317414269,12.6657,172708075,144706194,0
200,503079769,12.6979,335697260,167382509,0
201,317414269,12.7744,172708075,144706194,0
202,282274481,12.8506,172708075,109566406,0
203,282274481,12.9274,172708075,109566406,0
204,282274481,13.0041,172708075,109566406,0
205,282274481,13.0373,172708075,109566406,0
206,332004202,13.0692,172708075,159296127,0
207,332004202,13.1009,172708075,159296127,0
208,332004202,13.179,172708075,159296127,0
209,282274481,13.2552,172708075,109566406,0
210,282274481,13.3318,172708075,109566406,0
211,282274481,13.4088,172708075,109566406,0
212,339114594,13.4419,172708075,166406519,0
213,465730474,13.474,172708075,293022399,0
214,613372895,13.5058,172708075,359775046,80889774
215,465730474,13.5825,172708075,293022399,0
216,339114594,13.6589,172708075,166406519,0
217,282274481,13.735,172708075,109566406,0
218,282274481,13.8119,172708075,109566406,0
219,282274481,13.8894,172708075,109566406,0
220,445289455,13.9227,276120065,169169390,0
221,594397070,13.9548,386947220,207449850,0
222,834739809,13.9872,576019625,258720184,0
223,594397070,14.0637,386947220,207449850,0
224,431382096,14.1401,283535230,147846866,0
225,282274481,14.2165,172708075,109566406,0
226,282274481,14.2949,172708075,109566406,0
227,282274481,14.3724,172708075,109566406,0
228,314209845,14.4055,172708075,141501770,0
229,389209845,14.4375,172708075,216501770,0
230,558020257,14.4696,305500065,252520192,0
231,389209845,14.5462,172708075,216501770,0
232,314209845,14.623,172708075,141501770,0
233,282274481,14.6993,172708075,109566406,0
234,282274481,14.7757,172708075,109566406,0
235,282274481,14.8521,172708075,109566406,0
236,317414269,14.8851,172708075,144706194,0
237,503079769,14.9176,335697260,167382509,0
238,503079769,14.9494,335697260,167382509,0
239,317414269,15.0263,172708075,144706194,0
240,282274481,15.1025,172708075,109566406,0
241,282274481,15.1794,172708075,109566406,0
242,282274481,15.256,172708075,109566406,0
243,282274481,15.289,172708075,109566406,0
244,282274481,15.3213,172708075,109566406,0
245,332004202,15.3533,172708075,159296127,0
246,282274481,15.4301,172708075,109566406,0
247,282274481,15.5068,172708075,109566406,0
248,282274481,15.584,172708075,109566406,0
249,282274481,15.6175,172708075,109566406,0
250,339114594,15.6493,172708075,166406519,0
251,405867241,15.6813,172708075,233159166,0
252,339114594,15.7579,172708075,166406519,0
253,282274481,15.8341,172708075,109566406,0
254,282274481,15.9114,172708075,109566406,0
255,282274481,15.9888,172708075,109566406,0
256,282274481,16.0217,172708075,109566406,0
257,408890361,16.0537,172708075,236182286,0
258,557997976,16.0859,283535230,274462746,0
259,431382096,16.1625,283535230,147846866,0
260,407846951,16.2387,260000085,147846866,0
261,298739336,16.3149,189172930,109566406,0
262,282274481,16.3913,172708075,109566406,0
263,282274481,16.4686,172708075,109566406,0
264,282274481,16.5458,172708075,109566406,0
265,282274481,16.5787,172708075,109566406,0
266,314209845,16.6108,172708075,141501770,0
267,389209845,16.6428,172708075,216501770,0
268,314209845,16.7193,172708075,141501770,0
269,282274481,16.7956,172708075,109566406,0
270,282274481,16.8719,172708075,109566406,0
271,282274481,16.9488,172708075,109566406,0
272,282274481,16.982,172708075,109566406,0
273,317414269,17.0138,172708075,144706194,0
274,480429243,17.0459,276120065,204309178,0
275,317414269,17.1233,172708075,144706194,0
276,282274481,17.2002,172708075,109566406,0
277,282274481,17.2789,172708075,109566406,0
278,282274481,17.356,172708075,109566406,0
279,282274481,17.389,172708075,109566406,0
280,282274481,17.421,172708075,109566406,0
281,332004202,17.4527,172708075,159296127,0
282,282274481,17.5294,172708075,109566406,0
283,282274481,17.6063,172708075,109566406,0
284,282274481,17.6832,172708075,109566406,0
285,282274481,17.7163,172708075,109566406,0
286,339114594,17.7483,172708075,166406519,0
287,486757015,17.7805,172708075,233159166,80889774
288,339114594,17.8572,172708075,166406519,0
289,282274481,17.9335,172708075,109566406,0
290,282274481,18.0109,172708075,109566406,0
291,282274481,18.0888,172708075,109566406,0
292,282274481,18.1221,172708075,109566406,0
293,408890361,18.1543,172708075,236182286,0
294,517997976,18.1863,243535230,274462746,0
295,391382096,18.2629,243535230,147846866,0
296,367846951,18.3396,220000085,147846866,0
297,298739336,18.4161,189172930,109566406,0
298,282274481,18.4922,172708075,109566406,0
299,282274481,18.5698,172708075,109566406,0
300,282274481,18.6468,172708075,109566406,0
301,282274481,18.6798,172708075,109566406,0
302,314209845,18.7116,172708075,141501770,0
303,389209845,18.7435,172708075,216501770,0
304,314209845,18.82,172708075,141501770,0
305,282274481,18.896,172708075,109566406,0
306,282274481,18.9725,172708075,109566406,0
307,282274481,19.0489,172708075,109566406,0
308,282274481,19.082,172708075,109566406,0
309,317414269,19.114,172708075,144706194,0
310,480429243,19.146,276120065,204309178,0
311,317414269,19.2223,172708075,144706194,0
312,282274481,19.2992,172708075,109566406,0
313,282274481,19.3764,172708075,109566406,0
314,282274481,19.4533,172708075,109566406,0
315,282274481,19.4867,172708075,109566406,0
316,282274481,19.5185,172708075,109566406,0
317,332004202,19.5501,172708075,159296127,0
318,282274481,19.6271,172708075,109566406,0
319,282274481,19.7043,172708075,109566406,0
320,282274481,19.7809,172708075,109566406,0
321,282274481,19.8141,172708075,109566406,0
322,339114594,19.8459,172708075,166406519,0
323,405867241,19.8779,172708075,233159166,0
324,339114594,19.9545,172708075,166406519,0
325,282274481,20.0315,172708075,109566406,0
326,282274481,20.1088,172708075,109566406,0
327,282274481,20.1866,172708075,109566406,0
328,282274481,20.2195,172708075,109566406,0
329,408890361,20.2531,172708075,236182286,0
330,477997976,20.2861,203535230,274462746,0
331,351382096,20.3631,203535230,147846866,0
332,341615296,20.4397,193768430,147846866,0
333,303334836,20.5164,193768430,109566406,0
334,287523296,20.593,177956890,109566406,0
335,282927796,20.6691,173361390,109566406,0
336,282927796,20.7462,173361390,109566406,0
337,282927796,20.8238,173361390,109566406,0
338,282927796,20.857,173361390,109566406,0
339,314863160,20.889,173361390,141501770,0
340,389863160,20.9211,173361390,216501770,0
341,314863160,20.9985,173361390,141501770,0
342,282927796,21.075,173361390,109566406,0
343,282927796,21.1516,173361390,109566406,0
344,282927796,21.2283,173361390,109566406,0
345,282927796,21.2614,173361390,109566406,0
346,318067584,21.2939,173361390,144706194,0
347,481082558,21.3263,276773380,204309178,0
348,318067584,21.4028,173361390,144706194,0
349,282927796,21.4792,173361390,109566406,0
350,282274481,21.5554,172708075,109566406,0
351,282274481,21.6321,172708075,109566406,0
352,282274481,21.7085,172708075,109566406,0
353,282274481,21.7414,172708075,109566406,0
354,332004202,21.7733,172708075,159296127,0
355,388844315,21.8052,172708075,216136240,0
356,339114594,21.8816,172708075,166406519,0
357,339114594,21.9586,172708075,166406519,0
358,282274481,22.0356,172708075,109566406,0
359,282274481,22.1127,172708075,109566406,0
360,282274481,22.1898,172708075,109566406,0
361,282274481,22.2226,172708075,109566406,0
362,408890361,22.2546,172708075,236182286,0
363,447170821,22.287,172708075,274462746,0
364,320554941,22.364,172708075,147846866,0
365,320554941,22.4418,172708075,147846866,0
366,282274481,22.5181,172708075,109566406,0
367,282274481,22.5956,172708075,109566406,0
368,282274481,22.6733,172708075,109566406,0
369,429916902,22.707,172708075,176319053,80889774
370,519279628,22.7392,342960575,176319053,0
371,594279628,22.7713,342960575,251319053,0
372,424027128,22.8485,172708075,251319053,0
373,357274481,22.9249,172708075,184566406,0
374,282274481,23.0021,172708075,109566406,0
375,282274481,23.0783,172708075,109566406,0
376,282274481,23.1546,172708075,109566406,0
377,467939981,23.188,335697260,132242721,0
378,630954955,23.2203,439109250,191845705,0
379,666094743,23.2529,439109250,226985493,0
380,480429243,23.3303,276120065,204309178,0
381,317414269,23.407,172708075,144706194,0
382,282274481,23.4834,172708075,109566406,0
383,282274481,23.5604,172708075,109566406,0
384,282274481,23.637,172708075,109566406,0
385,300016033,23.6701,172708075,109566406,17741552
386,349745754,23.7021,172708075,159296127,17741552
387,586208059,23.7343,409170380,159296127,17741552
388,349745754,23.8111,172708075,159296127,17741552
389,300016033,23.8881,172708075,109566406,17741552
390,282274481,23.9644,172708075,109566406,0
391,282274481,24.0414,172708075,109566406,0
392,282274481,24.1183,172708075,109566406,0
393,339114594,24.1514,172708075,166406519,0
394,465730474,24.1837,172708075,293022399,0
395,679614514,24.2159,336761555,342852959,0
396,465730474,24.2925,172708075,293022399,0
397,339114594,24.3692,172708075,166406519,0
398,282274481,24.4455,172708075,109566406,0
399,282274481,24.5222,172708075,109566406,0
400,282274481,24.5995,172708075,109566406,0
401,282274481,24.6323,172708075,109566406,0
402,320554941,24.6642,172708075,147846866,0
403,387307588,24.6961,172708075,214599513,0
404,349027128,24.7725,172708075,176319053,0
405,349027128,24.8502,172708075,176319053,0
406,282274481,24.9261,172708075,109566406,0
407,282274481,25.0037,172708075,109566406,0
408,282274481,25.0804,172708075,109566406,0
409,282274481,25.1134,172708075,109566406,0
410,357274481,25.1455,172708075,184566406,0
411,487225461,25.1776,302659055,184566406,0
412,357274481,25.2543,172708075,184566406,0
413,282274481,25.3308,172708075,109566406,0
414,282274481,25.4075,172708075,109566406,0
415,282274481,25.4852,172708075,109566406,0
416,282274481,25.5183,172708075,109566406,0
417,317414269,25.5502,172708075,144706194,0
418,480429243,25.5825,276120065,204309178,0
419,317414269,25.6589,172708075,144706194,0
420,282274481,25.7348,172708075,109566406,0
421,282274481,25.8114,172708075,109566406,0
422,282274481,25.8879,172708075,109566406,0
423,282274481,25.9207,172708075,109566406,0
424,332004202,25.9526,172708075,159296127,0
425,442945754,25.9847,172708075,159296127,110941552
426,332004202,26.0613,172708075,159296127,0
427,282274481,26.1378,172708075,109566406,0
428,282274481,26.2144,172708075,109566406,0
429,282274481,26.2928,172708075,109566406,0
430,282274481,26.3259,172708075,109566406,0
431,339114594,26.3582,172708075,166406519,0
432,465730474,26.3903,172708075,293022399,0
433,339114594,26.4668,172708075,166406519,0
434,282274481,26.5436,172708075,109566406,0
435,282274481,26.6207,172708075,109566406,0
436,282274481,26.698,172708075,109566406,0
437,282274481,26.7307,172708075,109566406,0
438,320554941,26.7625,172708075,147846866,0
439,468197362,26.7946,172708075,214599513,80889774
440,429916902,26.8721,172708075,176319053,80889774
441,421646154,26.9488,172708075,176319053,72619026
442,287485362,27.0252,172708075,109566406,5210881
443,287485362,27.1028,172708075,109566406,5210881
444,287485362,27.1793,172708075,109566406,5210881
445,287485362,27.2124,172708075,109566406,5210881
446,362485362,27.2444,172708075,184566406,5210881
447,548150862,27.2768,335697260,207242721,5210881
448,362485362,27.3541,172708075,184566406,5210881
449,287485362,27.4304,172708075,109566406,5210881
450,287485362,27.5069,172708075,109566406,5210881
451,287485362,27.5848,172708075,109566406,5210881
452,287485362,27.6179,172708075,109566406,5210881
453,317414269,27.6496,172708075,144706194,0
454,480429243,27.6816,276120065,204309178,0
455,317414269,27.7582,172708075,144706194,0
456,282274481,27.8345,172708075,109566406,0
457,282274481,27.9113,172708075,109566406,0
458,282274481,27.9879,172708075,109566406,0
459,282274481,28.0212,172708075,109566406,0
460,332004202,28.0531,172708075,159296127,0
461,510014614,28.0853,315500065,194514549,0
462,332004202,28.1619,172708075,159296127,0
463,282274481,28.2385,172708075,109566406,0
464,282274481,28.3159,172708075,109566406,0
465,282274481,28.3928,172708075,109566406,0
466,282274481,28.4256,172708075,109566406,0
467,339114594,28.4576,172708075,166406519,0
468,465730474,28.4897,172708075,293022399,0
469,339114594,28.5666,172708075,166406519,0
470,282274481,28.644,172708075,109566406,0
471,282274481,28.7207,172708075,109566406,0
472,282274481,28.7978,172708075,109566406,0
473,282274481,28.8308,172708075,109566406,0
474,320554941,28.8626,172708075,147846866,0
475,387307588,28.8944,172708075,214599513,0
476,349027128,28.9711,172708075,176319053,0
477,349027128,29.0483,172708075,176319053,0
478,282274481,29.1245,172708075,109566406,0
479,282274481,29.2017,172708075,109566406,0
480,282274481,29.279,172708075,109566406,0
481,282274481,29.3121,172708075,109566406,0
482,357274481,29.3442,172708075,184566406,0
483,542939981,29.3763,335697260,207242721,0
484,357274481,29.4533,172708075,184566406,0
485,282274481,29.53,172708075,109566406,0
486,282274481,29.607,172708075,109566406,0
487,282274481,29.6842,172708075,109566406,0
488,282274481,29.7171,172708075,109566406,0
489,334699843,29.749,224993650,109706193,0
490,497714817,29.7811,328405640,169309177,0
491,334699843,29.8581,224993650,109706193,0
492,282274481,29.9341,172708075,109566406,0
493,282274481,30.0106,172708075,109566406,0
494,282274481,30.0872,172708075,109566406,0
495,282274481,30.1201,172708075,109566406,0
496,332004202,30.152,172708075,159296127,0
497,568466507,30.1842,409170380,159296127,0
498,332004202,30.2609,172708075,159296127,0
499,282274481,30.3376,172708075,109566406,0
500,282274481,30.4147,172708075,109566406,0
501,282274481,30.4915,172708075,109566406,0
502,282274481,30.5243,172708075,109566406,0
503,339114594,30.5563,172708075,166406519,0
504,465730474,30.5883,172708075,293022399,0
505,339114594,30.6655,172708075,166406519,0
506,282274481,30.7418,172708075,109566406,0
507,282274481,30.8184,172708075,109566406,0
508,282274481,30.8949,172708075,109566406,0
509,282274481,30.9278,172708075,109566406,0
510,320554941,30.9596,172708075,147846866,0
511,468197362,30.9917,172708075,214599513,80889774
512,387307588,31.0684,172708075,214599513,0
513,349027128,31.1451,172708075,176319053,0
514,282274481,31.2218,172708075,109566406,0
515,282274481,31.2991,172708075,109566406,0
516,282274481,31.3758,172708075,109566406,0
517,282274481,31.4089,172708075,109566406,0
518,357274481,31.4411,172708075,184566406,0
519,537284893,31.4732,317500065,219784828,0
520,357274481,31.5498,172708075,184566406,0
521,282274481,31.6259,172708075,109566406,0
522,282274481,31.7021,172708075,109566406,0
523,282274481,31.779,172708075,109566406,0
524,282274481,31.8117,172708075,109566406,0
525,334699843,31.8441,224993650,109706193,0
526,497714817,31.8765,328405640,169309177,0
527,334699843,31.9533,224993650,109706193,0
528,282274481,32.0298,172708075,109566406,0
529,282274481,32.1063,172708075,109566406,0
530,282274481,32.1831,172708075,109566406,0
531,282274481,32.2158,172708075,109566406,0
532,332004202,32.2482,172708075,159296127,0
533,517669702,32.2812,335697260,181972442,0
534,332004202,32.3582,172708075,159296127,0
535,282274481,32.4344,172708075,109566406,0
536,282274481,32.5114,172708075,109566406,0
537,282274481,32.5879,172708075,109566406,0
538,282274481,32.6209,172708075,109566406,0
539,339114594,32.6528,172708075,166406519,0
540,465730474,32.6851,172708075,293022399,0
541,339114594,32.7619,172708075,166406519,0
542,282274481,32.8396,172708075,109566406,0
543,282274481,32.9166,172708075,109566406,0
544,282274481,32.9933,172708075,109566406,0
545,282274481,33.0262,172708075,109566406,0
546,320554941,33.0582,172708075,147846866,0
547,387307588,33.0905,172708075,214599513,0
548,387307588,33.1683,172708075,214599513,0
549,349027128,33.2452,172708075,176319053,0
550,282274481,33.3214,172708075,109566406,0
551,282274481,33.3986,172708075,109566406,0
552,282274481,33.4746,172708075,109566406,0
553,282274481,33.5075,172708075,109566406,0
554,357274481,33.5398,172708075,184566406,0
555,462225461,33.5721,277659055,184566406,0
556,357274481,33.6488,172708075,184566406,0
557,282274481,33.7252,172708075,109566406,0
558,282274481,33.8014,172708075,109566406,0
559,282274481,33.8785,172708075,109566406,0
560,282274481,33.9112,172708075,109566406,0
561,334699843,33.9433,224993650,109706193,0
562,497714817,33.9757,328405640,169309177,0
563,334699843,34.0523,224993650,109706193,0
564,282274481,34.1286,172708075,109566406,0
565,282274481,34.2066,172708075,109566406,0
566,282274481,34.2834,172708075,109566406,0
567,282274481,34.3165,172708075,109566406,0
568,332004202,34.3486,172708075,159296127,0
569,517669702,34.3808,335697260,181972442,0
570,332004202,34.4576,172708075,159296127,0
571,282274481,34.5339,172708075,109566406,0
572,282274481,34.6104,172708075,109566406,0
573,282274481,34.6868,172708075,109566406,0
574,282274481,34.72,172708075,109566406,0
575,339114594,34.7519,172708075,166406519,0
576,465730474,34.7841,172708075,293022399,0
577,339114594,34.8609,172708075,166406519,0
578,282274481,34.9373,172708075,109566406,0
579,282274481,35.0139,172708075,109566406,0
580,282274481,35.0904,172708075,109566406,0
581,282274481,35.1235,172708075,109566406,0
582,320554941,35.1554,172708075,147846866,0
583,498197362,35.1878,172708075,214599513,110889774
584,498197362,35.2673,172708075,214599513,110889774
585,459916902,35.3445,172708075,176319053,110889774
586,282274481,35.4216,172708075,109566406,0
587,282274481,35.4995,172708075,109566406,0
588,282274481,35.5761,172708075,109566406,0
589,282274481,35.6091,172708075,109566406,0
590,357274481,35.6412,172708075,184566406,0
591,561158521,35.6733,326761555,234396966,0
592,357274481,35.7498,172708075,184566406,0
593,282274481,35.826,172708075,109566406,0
594,282274481,35.9031,172708075,109566406,0
595,282274481,35.9802,172708075,109566406,0
596,282274481,36.0131,172708075,109566406,0
597,334699843,36.045,224993650,109706193,0
598,497714817,36.0773,328405640,169309177,0
599,334699843,36.1538,224993650,109706193,0
600,282274481,36.2302,172708075,109566406,0
601,282274481,36.3078,172708075,109566406,0
602,282274481,36.3843,172708075,109566406,0
603,282274481,36.4175,172708075,109566406,0
604,332004202,36.4496,172708075,159296127,0
605,507614614,36.4817,313500065,194114549,0
606,332004202,36.5582,172708075,159296127,0
607,282274481,36.6345,172708075,109566406,0
608,282274481,36.7112,172708075,109566406,0
609,282274481,36.7885,172708075,109566406,0
610,282274481,36.8217,172708075,109566406,0
611,339114594,36.8535,172708075,166406519,0
612,465730474,36.8855,172708075,293022399,0
613,339114594,36.9623,172708075,166406519,0
614,282274481,37.0387,172708075,109566406,0
615,282274481,37.1153,172708075,109566406,0
616,282274481,37.1921,172708075,109566406,0
617,282274481,37.225,172708075,109566406,0
618,320554941,37.2569,172708075,147846866,0
619,387307588,37.2887,172708075,214599513,0
620,387307588,37.3661,172708075,214599513,0
621,349027128,37.4427,172708075,176319053,0
622,282274481,37.5189,172708075,109566406,0
623,282274481,37.596,172708075,109566406,0
624,282274481,37.6722,172708075,109566406,0
625,282274481,37.7052,172708075,109566406,0
626,357274481,37.7378,172708075,184566406,0
627,542939981,37.7703,335697260,207242721,0
628,357274481,37.847,172708075,184566406,0
629,282274481,37.9232,172708075,109566406,0
630,282274481,37.9997,172708075,109566406,0
631,282274481,38.077,172708075,109566406,0
632,282274481,38.1099,172708075,109566406,0
633,334699843,38.1421,224993650,109706193,0
634,497714817,38.1743,328405640,169309177,0
635,334699843,38.2516,224993650,109706193,0
636,282274481,38.3285,172708075,109566406,0
637,282274481,38.4061,172708075,109566406,0
638,282274481,38.4831,172708075,109566406,0
639,282274481,38.5167,172708075,109566406,0
640,332004202,38.549,172708075,159296127,0
641,568466507,38.5813,409170380,159296127,0
642,332004202,38.6581,172708075,159296127,0
643,282274481,38.7344,172708075,109566406,0
644,282274481,38.8107,172708075,109566406,0
645,282274481,38.8878,172708075,109566406,0
646,282274481,38.9208,172708075,109566406,0
647,339114594,38.9535,172708075,166406519,0
648,465730474,38.9857,172708075,293022399,0
649,339114594,39.0626,172708075,166406519,0
650,282274481,39.1389,172708075,109566406,0
651,282274481,39.2156,172708075,109566406,0
652,282274481,39.2921,172708075,109566406,0
653,282274481,39.325,172708075,109566406,0
654,320554941,39.3569,172708075,147846866,0
655,498197362,39.389,172708075,214599513,110889774
656,407560088,39.4656,192960575,214599513,0
657,369279628,39.542,192960575,176319053,0
658,302526981,39.6181,192960575,109566406,0
659,302526981,39.695,192960575,109566406,0
660,302526981,39.7713,192960575,109566406,0
661,302526981,39.8041,192960575,109566406,0
662,377526981,39.8362,192960575,184566406,0
663,555137393,39.8682,335752565,219384828,0
664,377526981,39.9446,192960575,184566406,0
665,302526981,40.0211,192960575,109566406,0
666,302526981,40.0977,192960575,109566406,0
667,302526981,40.1756,192960575,109566406,0
668,302526981,40.2084,192960575,109566406,0
669,354952343,40.2403,245246150,109706193,0
670,517967317,40.2724,348658140,169309177,0
671,354952343,40.3489,245246150,109706193,0
672,302526981,40.4255,192960575,109566406,0
673,302526981,40.503,192960575,109566406,0
674,302526981,40.5796,192960575,109566406,0
675,302526981,40.6124,192960575,109566406,0
676,352256702,40.6442,192960575,159296127,0
677,537922202,40.6765,355949760,181972442,0
678,352256702,40.7531,192960575,159296127,0
679,302526981,40.8296,192960575,109566406,0
680,302526981,40.9062,192960575,109566406,0
681,300526981,40.9832,190960575,109566406,0
682,300526981,41.0604,190960575,109566406,0
683,300526981,41.1379,190960575,109566406,0
684,357367094,41.1712,190960575,166406519,0
685,483982974,41.2035,190960575,293022399,0
686,545681454,41.2358,252659055,293022399,0
687,419065574,41.3132,252659055,166406519,0
688,362225461,41.3895,252659055,109566406,0
689,282274481,41.4657,172708075,109566406,0
690,282274481,41.543,172708075,109566406,0
691,282274481,41.6197,172708075,109566406,0
692,320554941,41.6526,172708075,147846866,0
693,326090305,41.6844,172708075,153382230,0
694,495668248,41.7165,299929465,195738783,0
695,326090305,41.7935,172708075,153382230,0
696,287809845,41.8707,172708075,115101770,0
697,282274481,41.9474,172708075,109566406,0
698,282274481,42.0244,172708075,109566406,0
699,282274481,42.1013,172708075,109566406,0
700,357274481,42.1344,172708075,184566406,0
701,520289455,42.1676,276120065,244169390,0
702,572714817,42.1996,328405640,244309177,0
703,497714817,42.2762,328405640,169309177,0
704,334699843,42.3524,224993650,109706193,0
705,282274481,42.4288,172708075,109566406,0
706,282274481,42.5058,172708075,109566406,0
707,282274481,42.5822,172708075,109566406,0
708,454538922,42.6153,172708075,176319053,105511794
709,504268643,42.6475,172708075,226048774,105511794
710,689934143,42.6796,335697260,248725089,105511794
711,504268643,42.7563,172708075,226048774,105511794
712,332004202,42.8327,172708075,159296127,0
713,282274481,42.9097,172708075,109566406,0
714,282274481,42.9864,172708075,109566406,0
715,282274481,43.0631,172708075,109566406,0
716,282274481,43.096,172708075,109566406,0
717,408890361,43.1353,172708075,236182286,0
718,465730474,43.1874,172708075,293022399,0
719,465730474,43.3132,172708075,293022399,0
720,339114594,43.4271,172708075,166406519,0
721,282274481,43.5048,172708075,109566406,0
722,282274481,43.5823,172708075,109566406,0
723,282274481,43.6592,172708075,109566406,0
724,282274481,43.6926,172708075,109566406,0
725,484158521,43.725,324761555,159396966,0
726,735637705,43.7573,532970405,202667300,0
727,484158521,43.8339,324761555,159396966,0
728,282274481,43.911,172708075,109566406,0
729,282274481,43.9879,172708075,109566406,0
730,282274481,44.0642,172708075,109566406,0
731,282274481,44.0971,172708075,109566406,0
732,320554941,44.1297,172708075,147846866,0
733,395554941,44.1628,172708075,222846866,0
734,357274481,44.2414,172708075,184566406,0
735,357274481,44.3198,172708075,184566406,0
736,282274481,44.3966,172708075,109566406,0
737,282274481,44.4739,172708075,109566406,0
738,282274481,44.5535,172708075,109566406,0
739,282274481,44.5863,172708075,109566406,0
740,334699843,44.6185,224993650,109706193,0
741,497714817,44.6509,328405640,169309177,0
742,334699843,44.7274,224993650,109706193,0
743,282274481,44.8037,172708075,109566406,0
744,282274481,44.8859,172708075,109566406,0
745,282274481,44.9637,172708075,109566406,0
746,332004202,44.9971,172708075,159296127,0
747,500013884,45.0294,198965110,301048774,0
748,720266384,45.0621,419217610,301048774,0
749,500013884,45.1394,198965110,301048774,0
750,332004202,45.2163,172708075,159296127,0
751,282274481,45.2929,172708075,109566406,0
752,282274481,45.3698,172708075,109566406,0
753,282274481,45.4467,172708075,109566406,0
754,339114594,45.4801,172708075,166406519,0
755,465730474,45.5124,172708075,293022399,0
756,483472026,45.5443,172708075,293022399,17741552
757,356856146,45.6211,172708075,166406519,17741552
758,300016033,45.6975,172708075,109566406,17741552
759,282274481,45.774,172708075,109566406,0
760,282274481,45.8505,172708075,109566406,0
761,282274481,45.928,172708075,109566406,0
762,467939981,45.9616,335697260,132242721,0
763,473075345,45.9935,335697260,137378085,0
764,511355805,46.0261,335697260,175658545,0
765,325690305,46.1029,172708075,152982230,0
766,320554941,46.1798,172708075,147846866,0
767,282274481,46.2565,172708075,109566406,0
768,282274481,46.3331,172708075,109566406,0
769,282274481,46.4098,172708075,109566406,0
770,357274481,46.4435,172708075,184566406,0
771,559158521,46.476,324761555,234396966,0
772,722173495,46.508,428173545,293999950,0
773,520289455,46.5844,276120065,244169390,0
774,445289455,46.6608,276120065,169169390,0
775,282274481,46.737,172708075,109566406,0
776,282274481,46.8138,172708075,109566406,0
777,282274481,46.8914,172708075,109566406,0
778,282274481,46.9248,172708075,109566406,0
779,334699843,46.9569,224993650,109706193,0
780,410260178,46.9894,224993650,176458840,8807688
781,349027128,47.0669,172708075,176319053,0
782,349027128,47.145,172708075,176319053,0
783,282274481,47.2226,172708075,109566406,0
784,282274481,47.3029,172708075,109566406,0
785,282274481,47.3802,172708075,109566406,0
786,282274481,47.4134,172708075,109566406,0
787,408890361,47.4458,172708075,236182286,0
788,465730474,47.4778,172708075,293022399,0
789,465730474,47.5575,172708075,293022399,0
790,339114594,47.6338,172708075,166406519,0
791,282274481,47.7102,172708075,109566406,0
792,282274481,47.7869,172708075,109566406,0
793,282274481,47.8674,172708075,109566406,0
794,518736786,47.9023,409170380,109566406,0
795,704402286,47.9348,572159565,132242721,0
796,709537650,47.9666,572159565,137378085,0
797,473075345,48.0435,335697260,137378085,0
798,287409845,48.1202,172708075,114701770,0
799,282274481,48.197,172708075,109566406,0
800,282274481,48.2741,172708075,109566406,0
801,282274481,48.3505,172708075,109566406,0
802,320554941,48.385,172708075,147846866,0
803,572034125,48.4178,380916925,191117200,0
804,647034125,48.4501,380916925,266117200,0
805,395554941,48.5267,172708075,222846866,0
806,357274481,48.603,172708075,184566406,0
807,282274481,48.6793,172708075,109566406,0
808,282274481,48.756,172708075,109566406,0
809,282274481,48.8326,172708075,109566406,0
810,445289455,48.8662,276120065,169169390,0
811,497714817,48.8983,328405640,169309177,0
812,699598857,48.931,480459120,219139737,0
813,497714817,49.0086,328405640,169309177,0
814,334699843,49.0847,224993650,109706193,0
815,282274481,49.1609,172708075,109566406,0
816,282274481,49.2382,172708075,109566406,0
817,282274481,49.3152,172708075,109566406,0
818,292004202,49.3483,172708075,119296127,0
819,292004202,49.3801,172708075,119296127,0
820,358756849,49.4122,172708075,186048774,0
821,292004202,49.4888,172708075,119296127,0
822,282274481,49.5649,172708075,109566406,0
823,282274481,49.6419,172708075,109566406,0
824,282274481,49.719,172708075,109566406,0
825,282274481,49.752,172708075,109566406,0
826,282274481,49.7838,172708075,109566406,0
827,339114594,49.8157,172708075,166406519,0
828,282274481,49.8923,172708075,109566406,0
829,282274481,49.9699,172708075,109566406,0
830,282274481,50.0472,172708075,109566406,0
831,282274481,50.0803,172708075,109566406,0
832,287409845,50.1123,172708075,114701770,0
833,414025725,50.1449,172708075,241317650,0
834,287409845,50.2229,172708075,114701770,0
835,282274481,50.3023,172708075,109566406,0
836,282274481,50.3794,172708075,109566406,0
837,282274481,50.4558,172708075,109566406,0
838,282274481,50.4891,172708075,109566406,0
839,320554941,50.5225,172708075,147846866,0
840,395554941,50.5546,172708075,222846866,0
841,395554941,50.6324,172708075,222846866,0
842,357274481,50.7088,172708075,184566406,0
843,282274481,50.7849,172708075,109566406,0
844,282274481,50.8626,172708075,109566406,0
845,282274481,50.9392,172708075,109566406,0
846,282274481,50.9726,172708075,109566406,0
847,445289455,51.0049,276120065,169169390,0
848,497714817,51.0368,328405640,169309177,0
849,497714817,51.1152,328405640,169309177,0
850,334699843,51.1917,224993650,109706193,0
851,282274481,51.2685,172708075,109566406,0
852,282274481,51.3454,172708075,109566406,0
853,282274481,51.4223,172708075,109566406,0
854,448284163,51.4558,196965110,251319053,0
855,458013884,51.4878,196965110,261048774,0
856,659897924,51.5199,349018590,310879334,0
857,458013884,51.5963,196965110,261048774,0
858,292004202,51.6725,172708075,119296127,0
859,282274481,51.7487,172708075,109566406,0
860,282274481,51.8258,172708075,109566406,0
861,282274481,51.9041,172708075,109566406,0
862,339114594,51.9374,172708075,166406519,0
863,339114594,51.9697,172708075,166406519,0
864,465730474,52.0018,172708075,293022399,0
865,408890361,52.0791,172708075,236182286,0
866,408890361,52.156,172708075,236182286,0
867,282274481,52.2332,172708075,109566406,0
868,282274481,52.3104,172708075,109566406,0
869,282274481,52.3873,172708075,109566406,0
870,467939981,52.4208,335697260,132242721,0
871,704402286,52.4533,572159565,132242721,0
872,742682746,52.4852,572159565,170523181,0
873,506220441,52.5619,335697260,170523181,0
874,320554941,52.6383,172708075,147846866,0
875,282274481,52.7146,172708075,109566406,0
876,282274481,52.7912,172708075,109566406,0
877,282274481,52.8675,172708075,109566406,0
878,357274481,52.9009,172708075,184566406,0
879,357274481,52.9327,172708075,184566406,0
880,520289455,52.9653,276120065,244169390,0
881,445289455,53.0422,276120065,169169390,0
882,444551735,53.1186,275382345,169169390,0
883,283536761,53.1956,173970355,109566406,0
884,283536761,53.274,173970355,109566406,0
885,283536761,53.3524,173970355,109566406,0
886,283536761,53.3856,173970355,109566406,0
887,337962123,53.418,228255930,109706193,0
888,503971805,53.4506,252512965,251458840,0
889,449546443,53.5287,198227390,251319053,0
890,425289408,53.6052,173970355,251319053,0
891,286463826,53.6814,176897420,109566406,0
892,286463826,53.7588,176897420,109566406,0
893,286463826,53.8367,176897420,109566406,0
894,486347866,53.871,326950900,159396966,0
895,543187979,53.9031,326950900,216237079,0
896,789837792,53.9354,348366355,216237079,225234358
897,541925699,54.0126,325688620,216237079,0
898,342041659,54.0895,175635140,166406519,0
899,285201546,54.1659,175635140,109566406,0
900,285201546,54.243,175635140,109566406,0
901,285201546,54.32,175635140,109566406,0
902,285201546,54.3534,175635140,109566406,0
903,411817426,54.3857,175635140,236182286,0
904,597482926,54.4179,338624325,258858601,0
905,470867046,54.4947,338624325,132242721,0
906,470867046,54.572,338624325,132242721,0
907,285201546,54.6482,175635140,109566406,0
908,285201546,54.7254,175635140,109566406,0
909,285201546,54.8021,175635140,109566406,0
910,323482006,54.8355,175635140,147846866,0
911,398482006,54.8676,175635140,222846866,0
912,634944311,54.9,412097445,222846866,0
913,398482006,54.977,175635140,222846866,0
914,323482006,55.054,175635140,147846866,0
915,285201546,55.1305,175635140,109566406,0
916,285201546,55.2074,175635140,109566406,0
917,285201546,55.2845,175635140,109566406,0
918,446216520,55.3184,277047130,169169390,0
919,500641882,55.3506,331332705,169309177,0
920,497714817,55.3824,328405640,169309177,0
921,576202217,55.4146,331332705,236061824,8807688
922,744612629,55.4472,466124695,269680246,8807688
923,576202217,55.5239,331332705,236061824,8807688
924,415187243,55.6009,229920715,176458840,8807688
925,351954193,55.6774,175635140,176319053,0
926,282274481,55.7537,172708075,109566406,0
927,282274481,55.8306,172708075,109566406,0
928,282274481,55.9075,172708075,109566406,0
929,282274481,55.9404,172708075,109566406,0
930,291604202,55.9724,172708075,118896127,0
931,348444315,56.0053,172708075,175736240,0
932,339114594,56.0821,172708075,166406519,0
933,339114594,56.16,172708075,166406519,0
934,282274481,56.2372,172708075,109566406,0
935,282274481,56.3157,172708075,109566406,0
936,282274481,56.3924,172708075,109566406,0
937,282274481,56.4254,172708075,109566406,0
938,282274481,56.4574,172708075,109566406,0
939,408890361,56.4898,172708075,236182286,0
940,282274481,56.5673,172708075,109566406,0
941,282274481,56.6444,172708075,109566406,0
942,282274481,56.722,172708075,109566406,0
943,282274481,56.7552,172708075,109566406,0
944,467939981,56.7878,335697260,132242721,0
945,669824021,56.8201,487750740,182073281,0
946,467939981,56.8983,335697260,132242721,0
947,282274481,56.9747,172708075,109566406,0
948,282274481,57.0518,172708075,109566406,0
949,282274481,57.1296,172708075,109566406,0
950,282274481,57.1625,172708075,109566406,0
951,320554941,57.1946,172708075,147846866,0
952,395554941,57.2268,172708075,222846866,0
953,320554941,57.304,172708075,147846866,0
954,282274481,57.3804,172708075,109566406,0
955,282274481,57.457,172708075,109566406,0
956,282274481,57.5341,172708075,109566406,0
957,282274481,57.5675,172708075,109566406,0
958,336699843,57.6,226993650,109706193,0
959,412260178,57.6327,226993650,176458840,8807688
960,372260178,57.7097,186993650,176458840,8807688
961,349027128,57.7862,172708075,176319053,0
962,282274481,57.8625,172708075,109566406,0
963,282274481,57.9393,172708075,109566406,0
964,282274481,58.0171,172708075,109566406,0
965,282274481,58.0502,172708075,109566406,0
966,291604202,58.0823,172708075,118896127,0
967,348444315,58.1144,172708075,175736240,0
968,339114594,58.1913,172708075,166406519,0
969,339114594,58.2691,172708075,166406519,0
970,282274481,58.3461,172708075,109566406,0
971,282274481,58.4231,172708075,109566406,0
972,282274481,58.4994,172708075,109566406,0
973,282274481,58.5326,172708075,109566406,0
974,282274481,58.5645,172708075,109566406,0
975,408890361,58.5967,172708075,236182286,0
976,282274481,58.6734,172708075,109566406,0
977,282274481,58.7503,172708075,109566406,0
978,282274481,58.8278,172708075,109566406,0
979,282274481,58.8611,172708075,109566406,0
980,452684893,58.8935,309500065,143184828,0
981,638350393,58.9259,472489250,165861143,0
982,467939981,59.0027,335697260,132242721,0
983,282274481,59.0809,172708075,109566406,0
984,282274481,59.1583,172708075,109566406,0
985,282274481,59.2365,172708075,109566406,0
986,282274481,59.2712,172708075,109566406,0
987,320554941,59.3039,172708075,147846866,0
988,395554941,59.3368,172708075,222846866,0
989,320554941,59.4138,172708075,147846866,0
990,282274481,59.4914,172708075,109566406,0
991,282274481,59.5688,172708075,109566406,0
992,282274481,59.6453,172708075,109566406,0
993,282274481,59.6784,172708075,109566406,0
994,285414269,59.7103,172708075,112706194,0
995,355093981,59.7423,175635140,179458841,0
996,352166916,59.8189,172708075,179458841,0
997,349027128,59.8967,172708075,176319053,0
998,282274481,59.973,172708075,109566406,0
999,282274481,60.0498,172708075,109566406,0
1000,282274481,60.1272,172708075,109566406,0
1001,291604202,60.1606,172708075,118896127,0
1002,492619176,60.193,314120065,178499111,0
1003,549459289,60.225,314120065,235339224,0
1004,348444315,60.3016,172708075,175736240,0
1005,339114594,60.3788,172708075,166406519,0
1006,282274481,60.4557,172708075,109566406,0
1007,282274481,60.5322,172708075,109566406,0
1008,282274481,60.6086,172708075,109566406,0
1009,408890361,60.642,172708075,236182286,0
1010,408890361,60.6739,172708075,236182286,0
1011,610774401,60.7066,324761555,286012846,0
1012,408890361,60.7835,172708075,236182286,0
1013,282274481,60.8602,172708075,109566406,0
1014,282274481,60.9367,172708075,109566406,0
1015,282274481,61.0147,172708075,109566406,0
1016,454684893,61.0488,311500065,143184828,0
1017,612362628,61.081,469177800,143184828,0
1018,798028128,61.1133,632166985,165861143,0
1019,612362628,61.1899,469177800,143184828,0
1020,439952216,61.2665,330385810,109566406,0
1021,282274481,61.3429,172708075,109566406,0
1022,282274481,61.4195,172708075,109566406,0
1023,282274481,61.4965,172708075,109566406,0
1024,320554941,61.5296,172708075,147846866,0
1025,395554941,61.5619,172708075,222846866,0
1026,395554941,61.5938,172708075,222846866,0
1027,320554941,61.6705,172708075,147846866,0
1028,282274481,61.7467,172708075,109566406,0
1029,282274481,61.8231,172708075,109566406,0
1030,282274481,61.8994,172708075,109566406,0
1031,282274481,61.9322,172708075,109566406,0
1032,285414269,61.9641,172708075,112706194,0
1033,352166916,61.9962,172708075,179458841,0
1034,285414269,62.0731,172708075,112706194,0
1035,282274481,62.1496,172708075,109566406,0
1036,282274481,62.2267,172708075,109566406,0
1037,282274481,62.306,172708075,109566406,0
1038,282274481,62.3395,172708075,109566406,0
1039,291604202,62.3717,172708075,118896127,0
1040,348444315,62.4036,172708075,175736240,0
1041,339114594,62.48,172708075,166406519,0
1042,282274481,62.557,172708075,109566406,0
1043,282274481,62.6338,172708075,109566406,0
1044,282274481,62.71,172708075,109566406,0
1045,282274481,62.7428,172708075,109566406,0
1046,408890361,62.7752,172708075,236182286,0
1047,408890361,62.8071,172708075,236182286,0
1048,408890361,62.8864,172708075,236182286,0
1049,282274481,62.9628,172708075,109566406,0
1050,282274481,63.0394,172708075,109566406,0
1051,282274481,63.1173,172708075,109566406,0
1052,467939981,63.1508,335697260,132242721,0
1053,614051637,63.1831,446390495,167661142,0
1054,771729372,63.2152,604068230,167661142,0
1055,586063872,63.2917,441079045,144984827,0
1056,439952216,63.3687,330385810,109566406,0
1057,282274481,63.445,172708075,109566406,0
1058,282274481,63.5213,172708075,109566406,0
1059,282274481,63.5981,172708075,109566406,0
1060,357274481,63.6322,172708075,184566406,0
1061,395554941,63.6643,172708075,222846866,0
1062,596569915,63.6965,314120065,282449850,0
1063,395554941,63.7731,172708075,222846866,0
1064,320554941,63.8496,172708075,147846866,0
1065,282274481,63.9257,172708075,109566406,0
1066,282274481,64.0021,172708075,109566406,0
1067,282274481,64.0795,172708075,109566406,0
1068,285414269,64.1134,172708075,112706194,0
1069,451423951,64.1458,196965110,254458841,0
1070,651307991,64.1782,347018590,304289401,0
1071,451423951,64.255,196965110,254458841,0
1072,285414269,64.3311,172708075,112706194,0
1073,282274481,64.4077,172708075,109566406,0
1074,282274481,64.4844,172708075,109566406,0
1075,282274481,64.5611,172708075,109566406,0
1076,291604202,64.594,172708075,118896127,0
1077,296739566,64.6262,172708075,124031491,0
1078,296739566,64.6578,172708075,124031491,0
1079,287409845,64.7342,172708075,114701770,0
1080,282274481,64.8107,172708075,109566406,0
1081,282274481,64.8873,172708075,109566406,0
1082,282274481,64.9653,172708075,109566406,0
1083,282274481,64.998,172708075,109566406,0
1084,339114594,65.03,172708075,166406519,0
1085,465730474,65.0621,172708075,293022399,0
1086,339114594,65.1401,172708075,166406519,0
1087,282274481,65.2168,172708075,109566406,0
1088,282274481,65.2949,172708075,109566406,0
1089,282274481,65.3724,172708075,109566406,0
1090,428386137,65.4058,283401310,144984827,0
1091,586063872,65.4381,441079045,144984827,0
1092,771729372,65.4704,604068230,167661142,0
1093,586063872,65.548,441079045,144984827,0
1094,428386137,65.6243,283401310,144984827,0
1095,282274481,65.7005,172708075,109566406,0
1096,282274481,65.7768,172708075,109566406,0
1097,282274481,65.8551,172708075,109566406,0
1098,320554941,65.8883,172708075,147846866,0
1099,395554941,65.9204,172708075,222846866,0
1100,596569915,65.9526,314120065,282449850,0
1101,395554941,66.0291,172708075,222846866,0
1102,320554941,66.1061,172708075,147846866,0
1103,282274481,66.1822,172708075,109566406,0
1104,282274481,66.2592,172708075,109566406,0
1105,282274481,66.3357,172708075,109566406,0
1106,285414269,66.3689,172708075,112706194,0
1107,451423951,66.4016,196965110,254458841,0
1108,653307991,66.4347,349018590,304289401,0
1109,451423951,66.5117,196965110,254458841,0
1110,285414269,66.589,172708075,112706194,0
1111,282274481,66.6656,172708075,109566406,0
1112,282274481,66.7423,172708075,109566406,0
1113,282274481,66.8186,172708075,109566406,0
1114,291604202,66.8514,172708075,118896127,0
1115,291604202,66.8833,172708075,118896127,0
1116,418220082,66.9155,172708075,245512007,0
1117,408890361,66.9919,172708075,236182286,0
1118,408890361,67.0688,172708075,236182286,0
1119,282274481,67.1454,172708075,109566406,0
1120,282274481,67.2223,172708075,109566406,0
1121,282274481,67.2988,172708075,109566406,0
1122,282274481,67.3319,172708075,109566406,0
1123,339114594,67.3651,172708075,166406519,0
1124,524780094,67.3979,335697260,189082834,0
1125,467939981,67.475,335697260,132242721,0
1126,282274481,67.5511,172708075,109566406,0
1127,282274481,67.6282,172708075,109566406,0
1128,282274481,67.7054,172708075,109566406,0
1129,282274481,67.7384,172708075,109566406,0
1130,452684893,67.7707,309500065,143184828,0
1131,653699867,67.803,450912055,202787812,0
1132,483289455,67.8799,314120065,169169390,0
1133,457575030,67.9563,288405640,169169390,0
1134,296560056,68.0326,186993650,109566406,0
1135,296560056,68.1094,186993650,109566406,0
1136,296560056,68.1873,186993650,109566406,0
1137,296560056,68.2204,186993650,109566406,0
1138,334840516,68.2534,186993650,147846866,0
1139,409840516,68.2871,186993650,222846866,0
1140,334840516,68.3639,186993650,147846866,0
1141,296560056,68.4408,186993650,109566406,0
1142,296560056,68.5188,186993650,109566406,0
1143,296560056,68.5959,186993650,109566406,0
1144,285414269,68.6289,172708075,112706194,0
1145,285414269,68.6607,172708075,112706194,0
1146,290949633,68.6924,172708075,118241558,0
1147,287809845,68.769,172708075,115101770,0
1148,287809845,68.8461,172708075,115101770,0
1149,282274481,68.9235,172708075,109566406,0
1150,282274481,69.0003,172708075,109566406,0
1151,282274481,69.0771,172708075,109566406,0
1152,282274481,69.1102,172708075,109566406,0
1153,408890361,69.1427,172708075,236182286,0
1154,408890361,69.1746,172708075,236182286,0
1155,282274481,69.2512,172708075,109566406,0
1156,282274481,69.3281,172708075,109566406,0
1157,282274481,69.4048,172708075,109566406,0
1158,282274481,69.438,172708075,109566406,0
1159,339114594,69.47,172708075,166406519,0
1160,405867241,69.5021,172708075,233159166,0
1161,339114594,69.5792,172708075,166406519,0
1162,282274481,69.6553,172708075,109566406,0
1163,282274481,69.7323,172708075,109566406,0
1164,282274481,69.8092,172708075,109566406,0
1165,282274481,69.842,172708075,109566406,0
1166,467939981,69.8744,335697260,132242721,0
1167,628954955,69.9066,437109250,191845705,0
1168,443289455,69.983,274120065,169169390,0
1169,441289455,70.06,272120065,169169390,0
1170,282274481,70.1363,172708075,109566406,0
1171,282274481,70.2127,172708075,109566406,0
1172,282274481,70.2897,172708075,109566406,0
1173,282274481,70.3226,172708075,109566406,0
1174,320554941,70.3545,172708075,147846866,0
1175,395554941,70.3865,172708075,222846866,0
1176,320554941,70.4633,172708075,147846866,0
1177,282274481,70.54,172708075,109566406,0
1178,282274481,70.6173,172708075,109566406,0
1179,282274481,70.6938,172708075,109566406,0
1180,282274481,70.7266,172708075,109566406,0
1181,338699843,70.7585,228993650,109706193,0
1182,344235207,70.7903,228993650,115241557,0
1183,287809845,70.8668,172708075,115101770,0
1184,287809845,70.9432,172708075,115101770,0
1185,282274481,71.0198,172708075,109566406,0
1186,282274481,71.0964,172708075,109566406,0
1187,282274481,71.174,172708075,109566406,0
1188,282274481,71.2069,172708075,109566406,0
1189,291204202,71.2399,172708075,118496127,0
1190,291204202,71.2729,172708075,118496127,0
1191,282274481,71.35,172708075,109566406,0
1192,282274481,71.4271,172708075,109566406,0
1193,282274481,71.5046,172708075,109566406,0
1194,282274481,71.5377,172708075,109566406,0
1195,339114594,71.5697,172708075,166406519,0
1196,465730474,71.6018,172708075,293022399,0
1197,339114594,71.6785,172708075,166406519,0
1198,282274481,71.7549,172708075,109566406,0
1199,282274481,71.8321,172708075,109566406,0
1200,282274481,71.9143,172708075,109566406,0
1201,282274481,71.9471,172708075,109566406,0
1202,349027128,71.9793,172708075,176319053,0
1203,508042102,72.0115,272120065,235922037,0
1204,441289455,72.0887,272120065,169169390,0
1205,439289455,72.1656,270120065,169169390,0
1206,282274481,72.2418,172708075,109566406,0
1207,282274481,72.3182,172708075,109566406,0
1208,282274481,72.3953,172708075,109566406,0
1209,282274481,72.4284,172708075,109566406,0
1210,320554941,72.4609,172708075,147846866,0
1211,395554941,72.4937,172708075,222846866,0
1212,320554941,72.5704,172708075,147846866,0
1213,282274481,72.647,172708075,109566406,0
1214,282274481,72.7245,172708075,109566406,0
1215,282274481,72.801,172708075,109566406,0
1216,282274481,72.834,172708075,109566406,0
1217,340699843,72.8661,230993650,109706193,0
1218,346235207,72.8978,230993650,115241557,0
1219,287809845,72.9745,172708075,115101770,0
1220,287809845,73.0513,172708075,115101770,0
1221,282274481,73.1276,172708075,109566406,0
1222,282274481,73.2047,172708075,109566406,0
1223,282274481,73.2817,172708075,109566406,0
1224,282274481,73.3149,172708075,109566406,0
1225,291204202,73.3468,172708075,118496127,0
1226,291204202,73.3788,172708075,118496127,0
1227,282274481,73.4557,172708075,109566406,0
1228,282274481,73.5325,172708075,109566406,0
1229,282274481,73.609,172708075,109566406,0
1230,282274481,73.6417,172708075,109566406,0
1231,339114594,73.6737,172708075,166406519,0
1232,465730474,73.7059,172708075,293022399,0
1233,339114594,73.7825,172708075,166406519,0
1234,282274481,73.8589,172708075,109566406,0
1235,282274481,73.9359,172708075,109566406,0
1236,282274481,74.013,172708075,109566406,0
1237,282274481,74.046,172708075,109566406,0
1238,448284163,74.0784,196965110,251319053,0
1239,605299137,74.1106,294377100,310922037,0
1240,439289455,74.1882,270120065,169169390,0
1241,437289455,74.2666,268120065,169169390,0
1242,282274481,74.3437,172708075,109566406,0
1243,282274481,74.4201,172708075,109566406,0
1244,282274481,74.4981,172708075,109566406,0
1245,282274481,74.5315,172708075,109566406,0
1246,320554941,74.5635,172708075,147846866,0
1247,395554941,74.5956,172708075,222846866,0
1248,320554941,74.6736,172708075,147846866,0
1249,282274481,74.7499,172708075,109566406,0
1250,282274481,74.8274,172708075,109566406,0
1251,282274481,74.9089,172708075,109566406,0
1252,282274481,74.9417,172708075,109566406,0
1253,342699843,74.9743,232993650,109706193,0
1254,348235207,75.0062,232993650,115241557,0
1255,287809845,75.0832,172708075,115101770,0
1256,287809845,75.1597,172708075,115101770,0
1257,282274481,75.2365,172708075,109566406,0
1258,282274481,75.3134,172708075,109566406,0
1259,282274481,75.3899,172708075,109566406,0
1260,282274481,75.4228,172708075,109566406,0
1261,291204202,75.4546,172708075,118496127,0
1262,291204202,75.4867,172708075,118496127,0
1263,282274481,75.5636,172708075,109566406,0
1264,282274481,75.6404,172708075,109566406,0
1265,282274481,75.7169,172708075,109566406,0
1266,282274481,75.7499,172708075,109566406,0
1267,339114594,75.7818,172708075,166406519,0
1268,465730474,75.814,172708075,293022399,0
1269,339114594,75.8903,172708075,166406519,0
1270,282274481,75.9662,172708075,109566406,0
1271,282274481,76.044,172708075,109566406,0
1272,282274481,76.1215,172708075,109566406,0
1273,282274481,76.1546,172708075,109566406,0
1274,349027128,76.1871,172708075,176319053,0
1275,504042102,76.2194,268120065,235922037,0
1276,437289455,76.2961,268120065,169169390,0
1277,435551735,76.3723,266382345,169169390,0
1278,282536761,76.4487,172970355,109566406,0
1279,282536761,76.5256,172970355,109566406,0
1280,282536761,76.6029,172970355,109566406,0
1281,282536761,76.6359,172970355,109566406,0
1282,320817221,76.6684,172970355,147846866,0
1283,395817221,76.7005,172970355,222846866,0
1284,320817221,76.7769,172970355,147846866,0
1285,282536761,76.8531,172970355,109566406,0
1286,282536761,76.9303,172970355,109566406,0
1287,282536761,77.0071,172970355,109566406,0
1288,282536761,77.04,172970355,109566406,0
1289,344962123,77.0727,235255930,109706193,0
1290,350497487,77.1051,235255930,115241557,0
1291,288072125,77.183,172970355,115101770,0
1292,288072125,77.2621,172970355,115101770,0
1293,282536761,77.34,172970355,109566406,0
1294,282536761,77.4167,172970355,109566406,0
1295,282536761,77.4956,172970355,109566406,0
1296,282536761,77.5294,172970355,109566406,0
1297,291466482,77.5616,172970355,118496127,0
1298,291466482,77.5934,172970355,118496127,0
1299,282536761,77.6699,172970355,109566406,0
1300,282536761,77.7481,172970355,109566406,0
1301,282536761,77.8252,172970355,109566406,0
1302,282536761,77.8632,172970355,109566406,0
1303,339376874,77.8952,172970355,166406519,0
1304,465992754,77.9272,172970355,293022399,0
1305,339376874,78.0038,172970355,166406519,0
1306,282536761,78.0806,172970355,109566406,0
1307,282536761,78.1579,172970355,109566406,0
1308,282274481,78.2345,172708075,109566406,0
1309,282274481,78.312,172708075,109566406,0
1310,282274481,78.3897,172708075,109566406,0
1311,435289455,78.4228,266120065,169169390,0
1312,601299137,78.4551,290377100,310922037,0
1313,803183177,78.4873,442430580,360752597,0
1314,601299137,78.5638,290377100,310922037,0
1315,435289455,78.6404,266120065,169169390,0
1316,282274481,78.7168,172708075,109566406,0
1317,282274481,78.7935,172708075,109566406,0
1318,282274481,78.8707,172708075,109566406,0
1319,320554941,78.9037,172708075,147846866,0
1320,395554941,78.9358,172708075,222846866,0
1321,457980303,78.9676,234993650,222986653,0
1322,382980303,79.0448,234993650,147986653,0
1323,342980303,79.1211,194993650,147986653,0
1324,304699843,79.1974,194993650,109706193,0
1325,282274481,79.2741,172708075,109566406,0
1326,282274481,79.3503,172708075,109566406,0
1327,282274481,79.4266,172708075,109566406,0
1328,467939981,79.46,335697260,132242721,0
1329,476869702,79.4922,335697260,141172442,0
1330,713332007,79.5248,572159565,141172442,0
1331,476869702,79.6022,335697260,141172442,0
1332,291204202,79.6788,172708075,118496127,0
1333,282274481,79.7552,172708075,109566406,0
1334,282274481,79.8319,172708075,109566406,0
1335,282274481,79.9081,172708075,109566406,0
1336,282274481,79.941,172708075,109566406,0
1337,339114594,79.973,172708075,166406519,0
1338,465730474,80.0053,172708075,293022399,0
1339,339114594,80.0818,172708075,166406519,0
1340,282274481,80.1583,172708075,109566406,0
1341,282274481,80.236,172708075,109566406,0
1342,282274481,80.3141,172708075,109566406,0
1343,282274481,80.3469,172708075,109566406,0
1344,443084893,80.3792,301500065,141584828,0
1345,508762628,80.4111,367177800,141584828,0
1346,347952216,80.4877,238385810,109566406,0
1347,282274481,80.5662,172708075,109566406,0
1348,282274481,80.6431,172708075,109566406,0
1349,282274481,80.7203,172708075,109566406,0
1350,282274481,80.7532,172708075,109566406,0
1351,448284163,80.7861,196965110,251319053,0
1352,523284163,80.8183,196965110,326319053,0
1353,357274481,80.8996,172708075,184566406,0
1354,357274481,80.9761,172708075,184566406,0
1355,282274481,81.0523,172708075,109566406,0
1356,282274481,81.1297,172708075,109566406,0
1357,282274481,81.207,172708075,109566406,0
1358,285414269,81.2404,172708075,112706194,0
1359,290549633,81.2723,172708075,117841558,0
1360,328830093,81.3042,172708075,156122018,0
1361,290549633,81.3805,172708075,117841558,0
1362,285414269,81.4566,172708075,112706194,0
1363,282274481,81.533,172708075,109566406,0
1364,282274481,81.6095,172708075,109566406,0
1365,282274481,81.6872,172708075,109566406,0
1366,291204202,81.72,172708075,118496127,0
1367,476869702,81.7523,335697260,141172442,0
1368,669884676,81.7845,469109250,200775426,0
1369,476869702,81.861,335697260,141172442,0
1370,291204202,81.9373,172708075,118496127,0
1371,282274481,82.0136,172708075,109566406,0
1372,282274481,82.0907,172708075,109566406,0
1373,282274481,82.1669,172708075,109566406,0
1374,282274481,82.1999,172708075,109566406,0
1375,339114594,82.232,172708075,166406519,0
1376,465730474,82.2646,172708075,293022399,0
1377,339114594,82.3414,172708075,166406519,0
1378,282274481,82.4175,172708075,109566406,0
1379,282274481,82.494,172708075,109566406,0
1380,282274481,82.5705,172708075,109566406,0
1381,347952216,82.604,238385810,109566406,0
1382,503663872,82.6362,357079045,146584827,0
1383,667673554,82.6683,379336080,288337474,0
1384,511961898,82.7457,260642845,251319053,0
1385,446284163,82.8219,194965110,251319053,0
1386,282274481,82.8982,172708075,109566406,0
1387,282274481,82.9747,172708075,109566406,0
1388,282274481,83.0514,172708075,109566406,0
1389,357274481,83.0846,172708075,184566406,0
1390,357274481,83.1165,172708075,184566406,0
1391,395554941,83.1487,172708075,222846866,0
1392,320554941,83.2254,172708075,147846866,0
1393,320554941,83.3052,172708075,147846866,0
1394,282274481,83.3814,172708075,109566406,0
1395,282274481,83.4574,172708075,109566406,0
1396,282274481,83.5361,172708075,109566406,0
1397,282274481,83.5698,172708075,109566406,0
1398,285414269,83.6049,172708075,112706194,0
1399,478429243,83.6414,306120065,172309178,0
1400,438429243,83.728,266120065,172309178,0
1401,435289455,83.8163,266120065,169169390,0
1402,282274481,83.906,172708075,109566406,0
1403,282274481,83.9979,172708075,109566406,0
1404,282274481,84.0752,172708075,109566406,0
1405,467939981,84.1089,335697260,132242721,0
1406,665824021,84.1413,483750740,182073281,0
1407,792439901,84.1735,483750740,308689161,0
1408,594555861,84.2501,335697260,258858601,0
1409,408890361,84.3268,172708075,236182286,0
1410,282274481,84.4029,172708075,109566406,0
1411,282274481,84.4793,172708075,109566406,0
1412,282274481,84.5557,172708075,109566406,0
1413,282274481,84.5888,172708075,109566406,0
1414,339114594,84.6208,172708075,166406519,0
1415,364792329,84.6527,198385810,166406519,0
1416,307952216,84.729,198385810,109566406,0
1417,307952216,84.8056,198385810,109566406,0
1418,282274481,84.8819,172708075,109566406,0
1419,282274481,84.9584,172708075,109566406,0
1420,282274481,85.0351,172708075,109566406,0
1421,437986137,85.0688,291401310,146584827,0
1422,512986137,85.101,291401310,221584827,0
1423,674995819,85.1333,311658345,363337474,0
1424,512986137,85.2096,291401310,221584827,0
1425,357274481,85.2861,172708075,184566406,0
1426,282274481,85.363,172708075,109566406,0
1427,282274481,85.4398,172708075,109566406,0
1428,282274481,85.5158,172708075,109566406,0
1429,320554941,85.5491,172708075,147846866,0
1430,557017246,85.5819,409170380,147846866,0
1431,619442608,85.6141,471455955,147986653,0
1432,382980303,85.6905,234993650,147986653,0
1433,342980303,85.7666,194993650,147986653,0
1434,304699843,85.8434,194993650,109706193,0
1435,282274481,85.9198,172708075,109566406,0
1436,282274481,85.9966,172708075,109566406,0
1437,282274481,86.073,172708075,109566406,0
1438,282274481,86.1061,172708075,109566406,0
1439,467939981,86.1386,335697260,132242721,0
1440,594555861,86.1707,335697260,258858601,0
1441,594555861,86.2494,335697260,258858601,0
1442,408890361,86.3281,172708075,236182286,0
1443,282274481,86.405,172708075,109566406,0
1444,282274481,86.482,172708075,109566406,0
1445,282274481,86.5598,172708075,109566406,0
1446,282274481,86.593,172708075,109566406,0
1447,339114594,86.6253,172708075,166406519,0
1448,532129568,86.6575,306120065,226009503,0
1449,339114594,86.734,172708075,166406519,0
1450,282274481,86.8106,172708075,109566406,0
1451,282274481,86.8914,172708075,109566406,0
1452,282274481,86.9684,172708075,109566406,0
1453,282274481,87.0016,172708075,109566406,0
1454,300016033,87.0335,172708075,109566406,17741552
1455,366768680,87.0657,172708075,176319053,17741552
1456,349027128,87.1427,172708075,176319053,0
1457,282274481,87.2192,172708075,109566406,0
1458,282274481,87.2955,172708075,109566406,0
1459,282274481,87.3733,172708075,109566406,0
1460,282274481,87.406,172708075,109566406,0
1461,287409845,87.4383,172708075,114701770,0
1462,362409845,87.4702,172708075,189701770,0
1463,287409845,87.5465,172708075,114701770,0
1464,282274481,87.6228,172708075,109566406,0
1465,282274481,87.6992,172708075,109566406,0
1466,282274481,87.7759,172708075,109566406,0
1467,282274481,87.8085,172708075,109566406,0
1468,285414269,87.8402,172708075,112706194,0
1469,323694729,87.8719,172708075,150986654,0
1470,285414269,87.9479,172708075,112706194,0
1471,282274481,88.0238,172708075,109566406,0
1472,282274481,88.1004,172708075,109566406,0
1473,282274481,88.1773,172708075,109566406,0
1474,282274481,88.21,172708075,109566406,0
1475,467939981,88.2422,335697260,132242721,0
1476,594555861,88.2741,335697260,258858601,0
1477,594555861,88.3515,335697260,258858601,0
1478,408890361,88.4274,172708075,236182286,0
1479,282274481,88.5032,172708075,109566406,0
1480,282274481,88.5798,172708075,109566406,0
1481,282274481,88.657,172708075,109566406,0
1482,475289455,88.6903,306120065,169169390,0
1483,532129568,88.7222,306120065,226009503,0
1484,726013608,88.7544,450173545,275840063,0
1485,532129568,88.8305,306120065,226009503,0
1486,339114594,88.9064,172708075,166406519,0
1487,282274481,88.9822,172708075,109566406,0
1488,282274481,89.0582,172708075,109566406,0
1489,282274481,89.1345,172708075,109566406,0
1490,393216033,89.169,172708075,109566406,110941552
1491,553225715,89.2014,190965110,251319053,110941552
1492,578903450,89.2333,216642845,251319053,110941552
1493,418893768,89.3104,198385810,109566406,110941552
1494,307952216,89.3866,198385810,109566406,0
1495,282274481,89.4623,172708075,109566406,0
1496,282274481,89.5387,172708075,109566406,0
1497,282274481,89.6146,172708075,109566406,0
1498,357274481,89.6477,172708075,184566406,0
1499,593736786,89.6801,409170380,184566406,0
1500,632017246,89.7118,409170380,222846866,0
1501,395554941,89.788,172708075,222846866,0
1502,320554941,89.8642,172708075,147846866,0
1503,282274481,89.9402,172708075,109566406,0
1504,282274481,90.0163,172708075,109566406,0
1505,282274481,90.0927,172708075,109566406,0
1506,285414269,90.1256,172708075,112706194,0
1507,293143990,90.1575,172708075,120435915,0
1508,478809490,90.1895,335697260,143112230,0
1509,471079769,90.2657,335697260,135382509,0
1510,467939981,90.342,335697260,132242721,0
1511,282274481,90.4179,172708075,109566406,0
1512,282274481,90.4943,172708075,109566406,0
1513,282274481,90.5706,172708075,109566406,0
1514,282274481,90.6032,172708075,109566406,0
1515,408890361,90.6355,172708075,236182286,0
1516,567300773,90.6679,299500065,267800708,0
1517,408890361,90.7441,172708075,236182286,0
1518,282274481,90.8198,172708075,109566406,0
1519,282274481,90.8963,172708075,109566406,0
1520,282274481,90.9736,172708075,109566406,0
1521,339114594,91.0066,172708075,166406519,0
1522,530998634,91.0389,314761555,216237079,0
1523,691008316,91.0714,333018590,357989726,0
1524,499124276,91.1478,190965110,308159166,0
1525,442284163,91.2236,190965110,251319053,0
1526,282274481,91.2994,172708075,109566406,0
1527,282274481,91.3755,172708075,109566406,0
1528,282274481,91.4518,172708075,109566406,0
1529,307952216,91.4846,198385810,109566406,0
1530,313487580,91.5164,198385810,115101770,0
1531,483065523,91.5484,325607200,157458323,0
1532,313487580,91.6244,198385810,115101770,0
1533,287809845,91.701,172708075,115101770,0
1534,282274481,91.777,172708075,109566406,0
1535,282274481,91.8532,172708075,109566406,0
1536,282274481,91.9293,172708075,109566406,0
1537,320554941,91.9623,172708075,147846866,0
1538,395554941,91.9943,172708075,222846866,0
1539,403284662,92.026,172708075,230576587,0
1540,328284662,92.1021,172708075,155576587,0
1541,290004202,92.1779,172708075,117296127,0
1542,282274481,92.2543,172708075,109566406,0
1543,282274481,92.3309,172708075,109566406,0
1544,282274481,92.4076,172708075,109566406,0
1545,285414269,92.4404,172708075,112706194,0
1546,471079769,92.473,335697260,135382509,0
1547,664094743,92.5056,469109250,194985493,0
1548,471079769,92.5827,335697260,135382509,0
1549,285414269,92.6589,172708075,112706194,0
1550,282274481,92.7346,172708075,109566406,0
1551,282274481,92.811,172708075,109566406,0
1552,282274481,92.8882,172708075,109566406,0
1553,282274481,92.9209,172708075,109566406,0
1554,408890361,92.953,172708075,236182286,0
1555,465730474,92.9848,172708075,293022399,0
1556,339114594,93.061,172708075,166406519,0
1557,339114594,93.1381,172708075,166406519,0
1558,282274481,93.2141,172708075,109566406,0
1559,282274481,93.291,172708075,109566406,0
1560,282274481,93.3681,172708075,109566406,0
1561,442284163,93.4018,190965110,251319053,0
1562,632168203,93.434,331018590,301149613,0
1563,657845938,93.4659,356696325,301149613,0
1564,467961898,93.5421,216642845,251319053,0
1565,307952216,93.6181,198385810,109566406,0
1566,282274481,93.6943,172708075,109566406,0
1567,282274481,93.7704,172708075,109566406,0
1568,282274481,93.8463,172708075,109566406,0
1569,486416033,93.8794,172708075,109566406,204141552
1570,561416033,93.9114,172708075,184566406,204141552
1571,599696493,93.9431,172708075,222846866,204141552
1572,395554941,94.0193,172708075,222846866,0
1573,320554941,94.0956,172708075,147846866,0
1574,282274481,94.1716,172708075,109566406,0
1575,282274481,94.2481,172708075,109566406,0
1576,282274481,94.3238,172708075,109566406,0
1577,290004202,94.3568,172708075,117296127,0
1578,483019176,94.3893,306120065,176899111,0
1579,668684676,94.4216,469109250,199575426,0
1580,660954955,94.498,469109250,191845705,0
1581,467939981,94.5737,335697260,132242721,0
1582,282274481,94.6496,172708075,109566406,0
1583,282274481,94.7262,172708075,109566406,0
1584,282274481,94.8027,172708075,109566406,0
1585,285414269,94.8355,172708075,112706194,0
1586,412030149,94.8677,172708075,239322074,0
1587,648492454,94.8997,409170380,239322074,0
1588,412030149,94.9758,172708075,239322074,0
1589,285414269,95.0515,172708075,112706194,0
1590,282274481,95.1271,172708075,109566406,0
1591,282274481,95.2037,172708075,109566406,0
1592,282274481,95.2814,172708075,109566406,0
1593,282274481,95.3143,172708075,109566406,0
1594,339114594,95.3462,172708075,166406519,0
1595,405867241,95.3779,172708075,233159166,0
1596,349027128,95.4544,172708075,176319053,0
1597,349027128,95.5316,172708075,176319053,0
1598,282274481,95.6079,172708075,109566406,0
1599,282274481,95.6851,172708075,109566406,0
1600,282274481,95.7617,172708075,109566406,0
1601,282274481,95.7944,172708075,109566406,0
1602,470158521,95.8267,310761555,159396966,0
1603,545158521,95.859,310761555,234396966,0
1604,357274481,95.935,172708075,184566406,0
1605,357274481,96.0112,172708075,184566406,0
1606,282274481,96.0874,172708075,109566406,0
1607,282274481,96.1637,172708075,109566406,0
1608,282274481,96.2402,172708075,109566406,0
1609,282274481,96.2729,172708075,109566406,0
1610,290004202,96.3048,172708075,117296127,0
1611,328284662,96.3367,172708075,155576587,0
1612,290004202,96.413,172708075,117296127,0
1613,282274481,96.489,172708075,109566406,0
1614,282274481,96.5651,172708075,109566406,0
1615,282274481,96.6419,172708075,109566406,0
1616,282274481,96.6748,172708075,109566406,0
1617,467939981,96.7076,335697260,132242721,0
1618,660954955,96.7398,469109250,191845705,0
1619,467939981,96.8161,335697260,132242721,0
1620,282274481,96.892,172708075,109566406,0
1621,282274481,96.9681,172708075,109566406,0
1622,282274481,97.0444,172708075,109566406,0
1623,282274481,97.0771,172708075,109566406,0
1624,285414269,97.1087,172708075,112706194,0
1625,412030149,97.1406,172708075,239322074,0
1626,285414269,97.2172,172708075,112706194,0
1627,282274481,97.2932,172708075,109566406,0
1628,282274481,97.3697,172708075,109566406,0
1629,282274481,97.4464,172708075,109566406,0
1630,282274481,97.479,172708075,109566406,0
1631,339114594,97.511,172708075,166406519,0
1632,366792329,97.5426,200385810,166406519,0
1633,309952216,97.6187,200385810,109566406,0
1634,304560056,97.6947,194993650,109566406,0
1635,304560056,97.7721,194993650,109566406,0
1636,304560056,97.8482,194993650,109566406,0
1637,304560056,97.8809,194993650,109566406,0
1638,340822336,97.9128,231255930,109566406,0
1639,407574983,97.9445,231255930,176319053,0
1640,340822336,98.0206,231255930,109566406,0
1641,304560056,98.0965,194993650,109566406,0
1642,304560056,98.1729,194993650,109566406,0
1643,304560056,98.2501,194993650,109566406,0
1644,304560056,98.2836,194993650,109566406,0
1645,342840516,98.3156,194993650,147846866,0
1646,350570237,98.3475,194993650,155576587,0
1647,350570237,98.4244,194993650,155576587,0
1648,312289777,98.5016,194993650,117296127,0
1649,304560056,98.5777,194993650,109566406,0
1650,304560056,98.654,194993650,109566406,0
1651,304560056,98.7316,194993650,109566406,0
1652,304560056,98.7646,194993650,109566406,0
1653,379560056,98.7967,194993650,184566406,0
1654,532575030,98.8289,288405640,244169390,0
1655,379560056,98.9058,194993650,184566406,0
1656,304560056,98.9816,194993650,109566406,0
1657,304560056,99.0581,194993650,109566406,0
1658,304560056,99.1348,194993650,109566406,0
1659,304560056,99.1679,194993650,109566406,0
1660,285414269,99.1997,172708075,112706194,0
1661,412030149,99.2317,172708075,239322074,0
1662,597695649,99.2638,335697260,261998389,0
1663,412030149,99.3403,172708075,239322074,0
1664,285414269,99.4163,172708075,112706194,0
1665,282274481,99.4923,172708075,109566406,0
1666,282274481,99.5685,172708075,109566406,0
1667,282274481,99.6449,172708075,109566406,0
1668,282274481,99.6776,172708075,109566406,0
1669,339114594,99.7093,172708075,166406519,0
1670,344249958,99.7411,172708075,171541883,0
1671,287409845,99.8174,172708075,114701770,0
1672,287409845,99.8939,172708075,114701770,0
1673,282274481,99.9699,172708075,109566406,0
1674,282274481,100.0474,172708075,109566406,0
1675,282274481,100.1245,172708075,109566406,0
1676,442284163,100.1583,190965110,251319053,0
1677,553225715,100.1902,190965110,251319053,110941552
1678,741109755,100.2225,329018590,301149613,110941552
1679,553225715,100.2988,190965110,251319053,110941552
1680,393216033,100.3749,172708075,109566406,110941552
1681,282274481,100.4512,172708075,109566406,0
1682,282274481,100.5276,172708075,109566406,0
1683,282274481,100.6038,172708075,109566406,0
1684,290004202,100.6368,172708075,117296127,0
1685,328284662,100.6687,172708075,155576587,0
1686,481299636,100.7007,266120065,215179571,0
1687,443019176,100.7775,266120065,176899111,0
1688,435289455,100.8539,266120065,169169390,0
1689,282274481,100.9297,172708075,109566406,0
1690,282274481,101.0059,172708075,109566406,0
1691,282274481,101.0824,172708075,109566406,0
1692,357274481,101.1156,172708075,184566406,0
1693,542939981,101.1483,335697260,207242721,0
1694,669555861,101.1806,335697260,333858601,0
1695,594555861,101.2579,335697260,258858601,0
1696,408890361,101.3344,172708075,236182286,0
1697,282274481,101.4102,172708075,109566406,0
1698,282274481,101.4865,172708075,109566406,0
1699,282274481,101.5639,172708075,109566406,0
1700,344699843,101.5966,234993650,109706193,0
1701,401539956,101.6288,234993650,166546306,0
1702,638002261,101.661,471455955,166546306,0
1703,401539956,101.7373,234993650,166546306,0
1704,339114594,101.8138,172708075,166406519,0
1705,282274481,101.8905,172708075,109566406,0
1706,282274481,101.9664,172708075,109566406,0
1707,282274481,102.0428,172708075,109566406,0
1708,282274481,102.0757,172708075,109566406,0
1709,431484893,102.1078,291500065,139984828,0
1710,457162628,102.1394,317177800,139984828,0
1711,307952216,102.2154,198385810,109566406,0
1712,282274481,102.2913,172708075,109566406,0
1713,282274481,102.3681,172708075,109566406,0
1714,282274481,102.4453,172708075,109566406,0
1715,282274481,102.4784,172708075,109566406,0
1716,442284163,102.5106,190965110,251319053,0
1717,480564623,102.5422,190965110,289599513,0
1718,320554941,102.6184,172708075,147846866,0
1719,320554941,102.6943,172708075,147846866,0
1720,282274481,102.7701,172708075,109566406,0
1721,282274481,102.8462,172708075,109566406,0
1722,282274481,102.924,172708075,109566406,0
1723,282274481,102.9568,172708075,109566406,0
1724,435289455,102.9891,266120065,169169390,0
1725,510289455,103.0211,266120065,244169390,0
1726,357274481,103.0976,172708075,184566406,0
1727,357274481,103.1744,172708075,184566406,0
1728,282274481,103.2502,172708075,109566406,0
1729,282274481,103.3267,172708075,109566406,0
1730,282274481,103.4038,172708075,109566406,0
1731,408890361,103.437,172708075,236182286,0
1732,594555861,103.4694,335697260,258858601,0
1733,784439901,103.5017,475750740,308689161,0
1734,594555861,103.5778,335697260,258858601,0
1735,408890361,103.6535,172708075,236182286,0
1736,282274481,103.7293,172708075,109566406,0
1737,282274481,103.8058,172708075,109566406,0
1738,282274481,103.882,172708075,109566406,0
1739,287809845,103.9149,172708075,115101770,0
1740,344649958,103.9467,172708075,171941883,0
1741,407075320,103.9785,234993650,172081670,0
1742,344649958,104.0545,172708075,171941883,0
1743,287809845,104.1323,172708075,115101770,0
1744,282274481,104.209,172708075,109566406,0
1745,282274481,104.2865,172708075,109566406,0
1746,282274481,104.363,172708075,109566406,0
1747,300016033,104.3956,172708075,109566406,17741552
1748,325693768,104.4278,198385810,109566406,17741552
1749,485703450,104.4597,216642845,251319053,17741552
1750,460025715,104.5367,190965110,251319053,17741552
1751,300016033,104.6125,172708075,109566406,17741552
1752,282274481,104.6881,172708075,109566406,0
1753,282274481,104.7643,172708075,109566406,0
1754,282274481,104.8412,172708075,109566406,0
1755,289604202,104.8743,172708075,116896127,0
1756,327884662,104.9062,172708075,155176587,0
1757,480899636,104.9381,266120065,214779571,0
1758,442619176,105.0143,266120065,176499111,0
1759,289604202,105.0903,172708075,116896127,0
1760,282274481,105.1668,172708075,109566406,0
1761,282274481,105.2429,172708075,109566406,0
1762,282274481,105.3191,172708075,109566406,0
1763,282274481,105.3518,172708075,109566406,0
1764,357274481,105.3839,172708075,184566406,0
1765,522586137,105.4159,299401310,223184827,0
1766,357274481,105.492,172708075,184566406,0
1767,282274481,105.5682,172708075,109566406,0
1768,282274481,105.645,172708075,109566406,0
1769,282274481,105.7224,172708075,109566406,0
1770,408890361,105.7552,172708075,236182286,0
1771,594555861,105.7874,335697260,258858601,0
1772,656981223,105.8195,397982835,258998388,0
1773,471315723,105.8959,234993650,236322073,0
1774,344699843,105.9717,234993650,109706193,0
1775,282274481,106.0477,172708075,109566406,0
1776,282274481,106.1242,172708075,109566406,0
1777,282274481,106.1999,172708075,109566406,0
1778,339114594,106.2327,172708075,166406519,0
1779,528998634,106.2648,312761555,216237079,0
1780,780477818,106.2969,520970405,259507413,0
1781,528998634,106.3732,312761555,216237079,0
1782,339114594,106.4489,172708075,166406519,0
1783,282274481,106.5251,172708075,109566406,0
1784,282274481,106.6015,172708075,109566406,0
1785,282274481,106.6777,172708075,109566406,0
1786,442284163,106.7108,190965110,251319053,0
1787,662536663,106.7428,411217610,251319053,0
1788,700817123,106.7745,411217610,289599513,0
1789,480564623,106.8508,190965110,289599513,0
1790,320554941,106.9271,172708075,147846866,0
1791,282274481,107.0032,172708075,109566406,0
1792,282274481,107.0794,172708075,109566406,0
1793,282274481,107.1554,172708075,109566406,0
1794,289604202,107.1884,172708075,116896127,0
1795,442619176,107.2206,266120065,176499111,0
1796,679081481,107.2531,502582370,176499111,0
1797,442619176,107.3296,266120065,176499111,0
1798,289604202,107.4051,172708075,116896127,0
1799,282274481,107.481,172708075,109566406,0
1800,282274481,107.5579,172708075,109566406,0
1801,282274481,107.6345,172708075,109566406,0
1802,282274481,107.6672,172708075,109566406,0
1803,357274481,107.6991,172708075,184566406,0
1804,483890361,107.7311,172708075,311182286,0
1805,408890361,107.8071,172708075,236182286,0
1806,408890361,107.8848,172708075,236182286,0
1807,282274481,107.9605,172708075,109566406,0
1808,282274481,108.037,172708075,109566406,0
1809,282274481,108.1136,172708075,109566406,0
1810,282274481,108.1463,172708075,109566406,0
1811,287409845,108.1781,172708075,114701770,0
1812,349835207,108.2098,234993650,114841557,0
1813,287409845,108.286,172708075,114701770,0
1814,282274481,108.362,172708075,109566406,0
1815,282274481,108.4387,172708075,109566406,0
1816,282274481,108.5157,172708075,109566406,0
1817,339114594,108.5493,172708075,166406519,0
1818,339114594,108.5814,172708075,166406519,0
1819,524780094,108.6137,335697260,189082834,0
1820,339114594,108.6896,172708075,166406519,0
1821,282274481,108.7653,172708075,109566406,0
1822,282274481,108.8418,172708075,109566406,0
1823,282274481,108.9184,172708075,109566406,0
1824,320554941,108.9511,172708075,147846866,0
1825,478564623,108.9832,188965110,289599513,0
1826,696817123,109.0152,407217610,289599513,0
1827,478564623,109.0915,188965110,289599513,0
1828,320554941,109.1674,172708075,147846866,0
1829,282274481,109.2431,172708075,109566406,0
1830,282274481,109.3191,172708075,109566406,0
1831,282274481,109.3954,172708075,109566406,0
1832,289604202,109.4282,172708075,116896127,0
1833,442619176,109.4602,266120065,176499111,0
1834,630503216,109.4923,404173545,226329671,0
1835,442619176,109.5685,266120065,176499111,0
1836,289604202,109.6442,172708075,116896127,0
1837,282274481,109.7199,172708075,109566406,0
1838,282274481,109.7957,172708075,109566406,0
1839,282274481,109.8727,172708075,109566406,0
1840,357274481,109.9058,172708075,184566406,0
1841,483890361,109.9378,172708075,311182286,0
1842,720352666,109.9702,409170380,311182286,0
1843,483890361,110.0463,172708075,311182286,0
1844,357274481,110.1224,172708075,184566406,0
1845,282274481,110.1984,172708075,109566406,0
1846,282274481,110.2781,172708075,109566406,0
1847,282274481,110.3546,172708075,109566406,0
1848,344699843,110.3874,234993650,109706193,0
1849,344699843,110.419,234993650,109706193,0
1850,495510255,110.4509,355785640,139724615,0
1851,344699843,110.5279,234993650,109706193,0
1852,282274481,110.6041,172708075,109566406,0
1853,282274481,110.6806,172708075,109566406,0
1854,282274481,110.7571,172708075,109566406,0
1855,282274481,110.7896,172708075,109566406,0
1856,339114594,110.8213,172708075,166406519,0
1857,524780094,110.8541,335697260,189082834,0
1858,339114594,110.9308,172708075,166406519,0
1859,282274481,111.0066,172708075,109566406,0
1860,282274481,111.0831,172708075,109566406,0
1861,282274481,111.1597,172708075,109566406,0
1862,282274481,111.1925,172708075,109566406,0
1863,320554941,111.2243,172708075,147846866,0
1864,387307588,111.2559,172708075,214599513,0
1865,320554941,111.332,172708075,147846866,0
1866,282274481,111.4077,172708075,109566406,0
1867,282274481,111.4836,172708075,109566406,0
1868,282274481,111.5598,172708075,109566406,0
1869,282274481,111.5926,172708075,109566406,0
1870,289604202,111.6244,172708075,116896127,0
1871,442619176,111.6562,266120065,176499111,0
1872,289604202,111.7324,172708075,116896127,0
1873,282274481,111.8086,172708075,109566406,0
1874,282274481,111.8857,172708075,109566406,0
1875,282274481,111.9625,172708075,109566406,0
1876,472158521,111.9958,312761555,159396966,0
1877,598774401,112.028,312761555,286012846,0
1878,673774401,112.0597,312761555,361012846,0
1879,483890361,112.1361,172708075,311182286,0
1880,357274481,112.2181,172708075,184566406,0
1881,282274481,112.2946,172708075,109566406,0
1882,282274481,112.3717,172708075,109566406,0
1883,282274481,112.4487,172708075,109566406,0
1884,518736786,112.4826,409170380,109566406,0
1885,581162148,112.5146,471455955,109706193,0
1886,832641332,112.547,679664805,152976527,0
1887,581162148,112.6243,471455955,109706193,0
1888,344699843,112.7008,234993650,109706193,0
1889,282274481,112.7775,172708075,109566406,0
1890,282274481,112.8544,172708075,109566406,0
1891,282274481,112.9318,172708075,109566406,0
1892,339114594,112.9653,172708075,166406519,0
1893,524780094,112.9978,335697260,189082834,0
1894,777731074,113.0301,588648240,189082834,0
1895,524780094,113.1069,335697260,189082834,0
1896,339114594,113.1845,172708075,166406519,0
1897,282274481,113.2623,172708075,109566406,0
1898,282274481,113.3402,172708075,109566406,0
1899,282274481,113.4169,172708075,109566406,0
1900,320554941,113.45,172708075,147846866,0
1901,476564623,113.4824,186965110,289599513,0
1902,629579597,113.5158,280377100,349202497,0
1903,473569915,113.5928,266120065,207449850,0
1904,435289455,113.6699,266120065,169169390,0
1905,282274481,113.7467,172708075,109566406,0
1906,282274481,113.8233,172708075,109566406,0
1907,282274481,113.9056,172708075,109566406,0
1908,282274481,113.9387,172708075,109566406,0
1909,289604202,113.9708,172708075,116896127,0
1910,416220082,114.003,172708075,243512007,0
1911,408890361,114.0803,172708075,236182286,0
1912,408890361,114.1572,172708075,236182286,0
1913,282274481,114.2339,172708075,109566406,0
1914,282274481,114.3106,172708075,109566406,0
1915,282274481,114.3875,172708075,109566406,0
1916,282274481,114.4204,172708075,109566406,0
1917,287409845,114.4527,172708075,114701770,0
1918,362409845,114.4849,172708075,189701770,0
1919,287409845,114.5615,172708075,114701770,0
1920,282274481,114.6388,172708075,109566406,0
1921,282274481,114.7167,172708075,109566406,0
1922,282274481,114.795,172708075,109566406,0
1923,282274481,114.8279,172708075,109566406,0
1924,344699843,114.8599,234993650,109706193,0
1925,534583883,114.8925,375047130,159536753,0
1926,344699843,114.9696,234993650,109706193,0
1927,282274481,115.0466,172708075,109566406,0
1928,282274481,115.1236,172708075,109566406,0
1929,282274481,115.2007,172708075,109566406,0
1930,282274481,115.2336,172708075,109566406,0
1931,339114594,115.2654,172708075,166406519,0
1932,524780094,115.2977,335697260,189082834,0
1933,339114594,115.374,172708075,166406519,0
1934,282274481,115.4503,172708075,109566406,0
1935,282274481,115.5271,172708075,109566406,0
1936,282274481,115.6044,172708075,109566406,0
1937,282274481,115.6374,172708075,109566406,0
1938,320554941,115.6696,172708075,147846866,0
1939,387307588,115.7018,172708075,214599513,0
1940,320554941,115.7782,172708075,147846866,0
1941,282274481,115.8544,172708075,109566406,0
1942,282274481,115.9311,172708075,109566406,0
1943,282274481,116.0074,172708075,109566406,0
1944,282274481,116.0401,172708075,109566406,0
1945,289604202,116.0719,172708075,116896127,0
1946,416220082,116.104,172708075,243512007,0
1947,408890361,116.1813,172708075,236182286,0
1948,408890361,116.2588,172708075,236182286,0
1949,282274481,116.336,172708075,109566406,0
1950,282274481,116.4126,172708075,109566406,0
1951,282274481,116.4893,172708075,109566406,0
1952,282274481,116.5275,172708075,109566406,0
1953,287409845,116.5594,172708075,114701770,0
1954,362409845,116.5917,172708075,189701770,0
1955,287409845,116.6687,172708075,114701770,0
1956,282274481,116.7452,172708075,109566406,0
1957,282274481,116.8223,172708075,109566406,0
1958,282274481,116.9044,172708075,109566406,0
1959,282274481,116.9377,172708075,109566406,0
1960,344699843,116.9696,234993650,109706193,0
1961,497714817,117.0018,328405640,169309177,0
1962,344699843,117.0789,234993650,109706193,0
1963,282274481,117.1552,172708075,109566406,0
1964,282274481,117.2322,172708075,109566406,0
1965,282274481,117.3089,172708075,109566406,0
1966,282274481,117.3419,172708075,109566406,0
1967,339114594,117.3736,172708075,166406519,0
1968,524780094,117.4059,335697260,189082834,0
1969,339114594,117.4825,172708075,166406519,0
1970,282274481,117.5586,172708075,109566406,0
1971,282274481,117.6361,172708075,109566406,0
1972,282274481,117.7125,172708075,109566406,0
1973,438284163,117.7461,186965110,251319053,0
1974,476564623,117.778,186965110,289599513,0
1975,696817123,117.81,407217610,289599513,0
1976,476564623,117.8866,186965110,289599513,0
1977,320554941,117.9638,172708075,147846866,0
1978,282274481,118.0408,172708075,109566406,0
1979,282274481,118.1173,172708075,109566406,0
1980,282274481,118.1937,172708075,109566406,0
1981,289604202,118.2268,172708075,116896127,0
1982,416220082,118.259,172708075,243512007,0
1983,604104122,118.2913,310761555,293342567,0
1984,416220082,118.3678,172708075,243512007,0
1985,289604202,118.4444,172708075,116896127,0
1986,282274481,118.5209,172708075,109566406,0
1987,282274481,118.5978,172708075,109566406,0
1988,282274481,118.6748,172708075,109566406,0
1989,287409845,118.708,172708075,114701770,0
1990,362409845,118.7401,172708075,189701770,0
1991,531987788,118.7724,299929465,232058323,0
1992,362409845,118.8492,172708075,189701770,0
1993,287409845,118.9258,172708075,114701770,0
1994,282274481,119.0027,172708075,109566406,0
1995,282274481,119.0795,172708075,109566406,0
1996,282274481,119.1564,172708075,109566406,0
1997,344699843,119.1901,234993650,109706193,0
1998,497714817,119.2223,328405640,169309177,0
1999,683380317,119.2554,491394825,191985492,0
2000,530365343,119.333,397982835,132382508,0
2001,467939981,119.4091,335697260,132242721,0
