1,18239525097,0.10272,16240693280,0,1998831817
2,14936354477,0.11819,13829230010,15825070,1091299397
3,12778565622,0.13368,10781107675,15825070,1981632877
4,9752968772,0.14937,8645844305,15825070,1091299397
5,7749112678,0.16477,6772203005,15825070,961084603
6,5755321139,0.18007,4983188250,15825070,756307819
7,4391673064,0.19568,3619540175,15825070,756307819
8,3606258294,0.21114,3284125405,15825070,306307819
9,3183031567,0.22654,2883730340,15825070,283476157
10,2815686822,0.24248,2516385595,15825070,283476157
11,2530050767,0.258,2230749540,15825070,283476157
12,2264216347,0.27331,1964915120,15825070,283476157
13,2074859072,0.28872,1775557845,15825070,283476157
14,2026457515,0.3044,1701393185,41588173,283476157
15,2006816475,0.31974,1681752145,41588173,283476157
16,1715859168,0.33538,1146090890,41588173,528180105
17,1258644834,0.35122,1008147110,41588173,208909551
18,979922859,0.36743,745250205,25763103,208909551
19,754593919,0.38357,519921265,25763103,208909551
20,699782077,0.39936,519921265,28162206,151698606
21,758819569,0.41529,519921265,87199698,151698606
22,918327844,0.43158,647008290,119620948,151698606
23,731274819,0.47023,492376515,87199698,151698606
24,579032944,0.50793,340134640,87199698,151698606
25,427334338,0.54536,340134640,87199698,0
26,351784808,0.58237,264585110,87199698,0
27,288526903,0.62064,201327205,87199698,0
28,229489411,0.66037,201327205,28162206,0
29,173177986,0.69783,145015780,28162206,0
30,133177986,0.73458,105015780,28162206,0
31,93177986,0.77157,65015780,28162206,0
32,54769741,0.80856,26607535,28162206,0
33,29006638,0.84547,26607535,2399103,0
34,20926748,0.88217,18527645,2399103,0
35,14074278,0.91929,11675175,2399103,0
36,7917193,0.95617,5518090,2399103,0
37,2399103,0.99785,0,2399103,0
38,0,1.0347,0,0,0
