1,46243888508,0.05424,40790245835,0,5453642673
2,41083520026,0.091216,35448559445,0,5634960581
3,36962889413,0.12793,31932548640,0,5030340773
4,33113165056,0.16478,28198555385,0,4914609671
5,29336912531,0.20187,24422302860,0,4914609671
6,26142940231,0.23891,21228330560,0,4914609671
7,22952152486,0.2757,18168373110,0,4783779376
8,20372703610,0.31295,15783846395,0,4588857215
9,18263800997,0.3498,13981939920,0,4281861077
10,16455287677,0.38629,12173426600,0,4281861077
11,15306001740,0.42289,10983938305,0,4322063435
12,14227945779,0.45964,8833399640,0,5394546139
13,11785880460,0.49633,8446902980,0,3338977480
14,10779615885,0.53294,7516302750,0,3263313135
15,9911693079,0.56969,6848074680,0,3063618399
16,9177975581,0.60642,5472252030,0,3705723551
17,8513823415,0.64293,5465710440,31848770,3016264205
18,8014769585,0.67954,4966656610,31848770,3016264205
19,7554320414,0.71637,4499578195,38478014,3016264205
20,7100127644,0.75327,3867333150,38478014,3194316480
21,6014593011,0.79149,3867333150,82809784,2064450077
22,5641730746,0.8285,3711323475,82809784,1847597487
23,5338611585,0.86518,3448612330,82809784,1807189471
24,5177769569,0.90217,3753323830,134215943,1290229796
25,5030805399,0.93864,3606359660,134215943,1290229796
26,5083051316,0.97528,3606359660,186461860,1290229796
27,5140037471,1.0119,3606359660,243448015,1290229796
28,4674518679,1.1006,3503197240,243448015,927873424
29,4106355975,1.1889,3226643635,243448015,636264325
30,3771693017,1.2773,3159536205,243448015,368708797
31,3386778047,1.3664,2774621235,243448015,368708797
32,3146778047,1.4568,2574621235,203448015,368708797
33,2912744087,1.5453,2340587275,203448015,368708797
34,2729746957,1.6343,2300587275,203448015,225711667
35,2532139252,1.7234,2225022610,203448015,103668627
36,2362059457,1.8116,2054942815,203448015,103668627
37,2194072372,1.9007,1918804500,171599245,103668627
38,2074072372,1.989,1798804500,171599245,103668627
39,1952820912,2.0771,1677553040,171599245,103668627
40,1842321262,2.1654,1567053390,171599245,103668627
41,1730883272,2.2546,1455615400,171599245,103668627
42,1634952757,2.3434,1359684885,171599245,103668627
43,1547663902,2.432,1272396030,171599245,103668627
44,1393987827,2.5207,1162433695,171599245,59954887
45,1289701170,2.6094,1162433695,127267475,0
46,1204901130,2.6986,1077633655,127267475,0
47,1129205480,2.7872,1001938005,127267475,0
48,1058728445,2.8756,931460970,127267475,0
49,993910490,2.9639,866643015,127267475,0
50,930549520,3.0519,803282045,127267475,0
51,872922225,3.1395,745654750,127267475,0
52,815791365,3.2273,688523890,127267475,0
53,758805210,3.3159,688523890,70281320,0
54,706033060,3.4048,635751740,70281320,0
55,653787143,3.4925,635751740,18035403,0
56,613787143,3.5803,595751740,18035403,0
57,573787143,3.6684,555751740,18035403,0
58,533787143,3.7562,515751740,18035403,0
59,493787143,3.8439,475751740,18035403,0
60,453787143,3.9316,435751740,18035403,0
61,413787143,4.0195,395751740,18035403,0
62,373787143,4.1075,355751740,18035403,0
63,333787143,4.1958,315751740,18035403,0
64,293991933,4.2842,275956530,18035403,0
65,260639483,4.3726,242604080,18035403,0
66,235949948,4.4609,217914545,18035403,0
67,211403378,4.5486,193367975,18035403,0
68,193139598,4.6371,175104195,18035403,0
69,182442478,4.7249,164407075,18035403,0
70,174893498,4.8126,156858095,18035403,0
71,168264254,4.9005,156858095,11406159,0
72,166264254,4.9891,154858095,11406159,0
73,164264254,5.0768,152858095,11406159,0
74,162264254,5.165,150858095,11406159,0
75,160264254,5.2538,148858095,11406159,0
76,158264254,5.3428,146858095,11406159,0
77,156264254,5.431,144858095,11406159,0
78,154264254,5.5193,142858095,11406159,0
79,152264254,5.6072,140858095,11406159,0
80,150264254,5.695,138858095,11406159,0
81,148264254,5.7837,136858095,11406159,0
82,146264254,5.8728,134858095,11406159,0
83,144264254,5.9609,132858095,11406159,0
84,142264254,6.0485,130858095,11406159,0
85,140264254,6.1363,128858095,11406159,0
86,138264254,6.2247,126858095,11406159,0
87,136264254,6.3132,124858095,11406159,0
88,134264254,6.4014,122858095,11406159,0
89,132264254,6.4897,120858095,11406159,0
90,130264254,6.5776,118858095,11406159,0
91,128264254,6.666,116858095,11406159,0
92,126264254,6.7539,114858095,11406159,0
93,124264254,6.8421,112858095,11406159,0
94,122264254,6.9307,110858095,11406159,0
95,120264254,7.0196,108858095,11406159,0
96,118264254,7.1081,106858095,11406159,0
97,116264254,7.1963,104858095,11406159,0
98,114264254,7.2844,102858095,11406159,0
99,112264254,7.3737,100858095,11406159,0
100,110264254,7.4626,98858095,11406159,0
101,108264254,7.5506,96858095,11406159,0
102,106289649,7.6395,94883490,11406159,0
103,104596664,7.7277,93190505,11406159,0
104,103031404,7.8165,91625245,11406159,0
105,102345344,7.9052,90939185,11406159,0
106,102163429,7.9942,90757270,11406159,0
107,100345344,8.0821,88939185,11406159,0
108,100163429,8.1705,88757270,11406159,0
109,98345344,8.2587,86939185,11406159,0
110,98163429,8.3468,86757270,11406159,0
111,96345344,8.4343,84939185,11406159,0
112,96172669,8.522,84766510,11406159,0
113,95945344,8.6098,84939185,11006159,0
114,95772669,8.6974,84766510,11006159,0
115,95545344,8.7849,84939185,10606159,0
116,95372669,8.8726,84766510,10606159,0
117,95145344,8.9603,84939185,10206159,0
118,94972669,9.0479,84766510,10206159,0
119,94745344,9.1356,84939185,9806159,0
120,94572669,9.2233,84766510,9806159,0
121,94345344,9.3113,84939185,9406159,0
122,94172669,9.3993,84766510,9406159,0
123,93945344,9.4868,84939185,9006159,0
124,93772669,9.5746,84766510,9006159,0
125,93545344,9.6625,84939185,8606159,0
126,93372669,9.7501,84766510,8606159,0
127,93145344,9.8376,84939185,8206159,0
128,92972669,9.9254,84766510,8206159,0
129,92745344,10.013,84939185,7806159,0
130,92572669,10.1007,84766510,7806159,0
131,92345344,10.1882,84939185,7406159,0
132,92172669,10.2757,84766510,7406159,0
133,91945344,10.3641,84939185,7006159,0
134,91772669,10.4542,84766510,7006159,0
135,91545344,10.5427,84939185,6606159,0
136,91372669,10.6315,84766510,6606159,0
137,91145344,10.7194,84939185,6206159,0
138,90972669,10.8083,84766510,6206159,0
139,90745344,10.8961,84939185,5806159,0
140,90572669,10.9841,84766510,5806159,0
141,90345344,11.0717,84939185,5406159,0
142,90172669,11.1593,84766510,5406159,0
143,89945344,11.2474,84939185,5006159,0
144,89772669,11.3348,84766510,5006159,0
145,89545344,11.423,84939185,4606159,0
146,89372669,11.5109,84766510,4606159,0
147,89145344,11.5984,84939185,4206159,0
148,88972669,11.6867,84766510,4206159,0
149,88745344,11.7754,84939185,3806159,0
150,88572669,11.8651,84766510,3806159,0
151,88345344,11.9534,84939185,3406159,0
152,88172669,12.0409,84766510,3406159,0
153,87945344,12.1286,84939185,3006159,0
154,87772669,12.2167,84766510,3006159,0
155,87545344,12.3046,84939185,2606159,0
156,87372669,12.3919,84766510,2606159,0
157,87145344,12.4796,84939185,2206159,0
158,86972669,12.5674,84766510,2206159,0
159,86745344,12.6554,84939185,1806159,0
160,86572669,12.7431,84766510,1806159,0
161,86345344,12.8307,84939185,1406159,0
162,86172669,12.9186,84766510,1406159,0
163,85945344,13.0062,84939185,1006159,0
164,85772669,13.0936,84766510,1006159,0
165,85545344,13.1813,84939185,606159,0
166,85545344,13.269,84939185,606159,0
167,83545344,13.3575,82939185,606159,0
168,83545344,13.4469,82939185,606159,0
169,83545344,13.5355,82939185,606159,0
170,126216279,13.5737,82939185,43277094,0
171,170548050,13.6105,82939185,87608865,0
172,222793967,13.6468,82939185,139854782,0
173,170548050,13.7352,82939185,87608865,0
174,126216279,13.8229,82939185,43277094,0
175,83545344,13.9106,82939185,606159,0
176,83545344,13.9989,82939185,606159,0
177,83545344,14.0876,82939185,606159,0
178,140531499,14.1259,82939185,57592314,0
179,333709829,14.1632,276117515,57592314,0
180,445301873,14.201,364519695,80782178,0
181,333709829,14.29,276117515,57592314,0
182,140531499,14.3779,82939185,57592314,0
183,83545344,14.4656,82939185,606159,0
184,83545344,14.5542,82939185,606159,0
185,83545344,14.6435,82939185,606159,0
186,280773414,14.6819,280167255,606159,0
187,518634424,14.7189,518028265,606159,0
188,776571310,14.7559,736511100,40060210,0
189,518634424,14.8438,518028265,606159,0
190,280773414,14.9318,280167255,606159,0
191,83545344,15.02,82939185,606159,0
192,83087634,15.1091,82481475,606159,0
193,83087634,15.1991,82481475,606159,0
194,83087634,15.2879,82481475,606159,0
195,395595771,15.3263,335034725,606159,59954887
196,702277606,15.3632,574867790,67454929,59954887
197,1065777256,15.4006,938367440,67454929,59954887
198,702277606,15.4889,574867790,67454929,59954887
199,395595771,15.578,335034725,606159,59954887
200,83087634,15.6673,82481475,606159,0
201,83087634,15.7553,82481475,606159,0
202,81087634,15.843,80481475,606159,0
203,81087634,15.9309,80481475,606159,0
204,81087634,16.0183,80481475,606159,0
205,123758569,16.056,80481475,43277094,0
206,168090340,16.0936,80481475,87608865,0
207,220336257,16.1302,80481475,139854782,0
208,168090340,16.2197,80481475,87608865,0
209,123758569,16.3077,80481475,43277094,0
210,81087634,16.3963,80481475,606159,0
211,81087634,16.4853,80481475,606159,0
212,81087634,16.5743,80481475,606159,0
213,138073789,16.6134,80481475,57592314,0
214,331252119,16.6512,273659805,57592314,0
215,440844163,16.6881,360061985,80782178,0
216,331252119,16.7766,273659805,57592314,0
217,138073789,16.8643,80481475,57592314,0
218,81087634,16.9522,80481475,606159,0
219,81087634,17.0406,80481475,606159,0
220,81087634,17.1286,80481475,606159,0
221,278315704,17.1667,277709545,606159,0
222,536252590,17.2038,496192380,40060210,0
223,894025635,17.2409,853965425,40060210,0
224,536252590,17.3297,496192380,40060210,0
225,278315704,17.4185,277709545,606159,0
226,81087634,17.5061,80481475,606159,0
227,81087634,17.5956,80481475,606159,0
228,81087634,17.6854,80481475,606159,0
229,444587284,17.724,443981125,606159,0
230,755095421,17.7609,694534375,606159,59954887
231,1061777256,17.7979,934367440,67454929,59954887
232,698277606,17.8865,570867790,67454929,59954887
233,391595771,17.9741,331034725,606159,59954887
234,81087634,18.0615,80481475,606159,0
235,81087634,18.1496,80481475,606159,0
236,79087634,18.2395,78481475,606159,0
237,79087634,18.3286,78481475,606159,0
238,79087634,18.4165,78481475,606159,0
239,123419405,18.4543,78481475,44937930,0
240,166090340,18.4908,78481475,87608865,0
241,218336257,18.5277,78481475,139854782,0
242,166090340,18.6162,78481475,87608865,0
243,121758569,18.7038,78481475,43277094,0
244,79087634,18.7916,78481475,606159,0
245,79087634,18.8799,78481475,606159,0
246,79087634,18.9678,78481475,606159,0
247,272265964,19.0057,271659805,606159,0
248,329252119,19.0428,271659805,57592314,0
249,438844163,19.0799,358061985,80782178,0
250,329252119,19.1679,271659805,57592314,0
251,136073789,19.256,78481475,57592314,0
252,79087634,19.3442,78481475,606159,0
253,79087634,19.434,78481475,606159,0
254,79087634,19.5223,78481475,606159,0
255,337024520,19.5615,296964310,40060210,0
256,534252590,19.5989,494192380,40060210,0
257,894025635,19.6373,853965425,40060210,0
258,534252590,19.726,494192380,40060210,0
259,276315704,19.8134,275709545,606159,0
260,79087634,19.9013,78481475,606159,0
261,79087634,19.9903,78481475,606159,0
262,79087634,20.0785,78481475,606159,0
263,442587284,20.1167,441981125,606159,0
264,755095421,20.1537,694534375,606159,59954887
265,1061777256,20.1913,934367440,67454929,59954887
266,698277606,20.2798,570867790,67454929,59954887
267,391595771,20.3676,331034725,606159,59954887
268,79087634,20.4551,78481475,606159,0
269,79087634,20.5432,78481475,606159,0
270,77087634,20.631,76481475,606159,0
271,77087634,20.7185,76481475,606159,0
272,77087634,20.8065,76481475,606159,0
273,121419405,20.8452,76481475,44937930,0
274,164090340,20.8816,76481475,87608865,0
275,216336257,20.9178,76481475,139854782,0
276,164090340,21.0071,76481475,87608865,0
277,119758569,21.095,76481475,43277094,0
278,77087634,21.1825,76481475,606159,0
279,77087634,21.2701,76481475,606159,0
280,77087634,21.3576,76481475,606159,0
281,270265964,21.3958,269659805,606159,0
282,327252119,21.4326,269659805,57592314,0
283,436844163,21.4693,356061985,80782178,0
284,327252119,21.5586,269659805,57592314,0
285,134073789,21.6463,76481475,57592314,0
286,77087634,21.7337,76481475,606159,0
287,77087634,21.8215,76481475,606159,0
288,77087634,21.9094,76481475,606159,0
289,335024520,21.9475,294964310,40060210,0
290,532252590,21.9845,492192380,40060210,0
291,894025635,22.0214,853965425,40060210,0
292,532252590,22.1097,492192380,40060210,0
293,274315704,22.1973,273709545,606159,0
294,77087634,22.2853,76481475,606159,0
295,77087634,22.3742,76481475,606159,0
296,77087634,22.4632,76481475,606159,0
297,440587284,22.5024,439981125,606159,0
298,751095421,22.5405,690534375,606159,59954887
299,1057777256,22.5782,930367440,67454929,59954887
300,694277606,22.667,566867790,67454929,59954887
301,387595771,22.7544,327034725,606159,59954887
302,77087634,22.8416,76481475,606159,0
303,77087634,22.9295,76481475,606159,0
304,75087634,23.0183,74481475,606159,0
305,75087634,23.106,74481475,606159,0
306,75087634,23.1937,74481475,606159,0
307,119419405,23.2313,74481475,44937930,0
308,162090340,23.2678,74481475,87608865,0
309,214336257,23.3042,74481475,139854782,0
310,162090340,23.392,74481475,87608865,0
311,117758569,23.4795,74481475,43277094,0
312,75087634,23.5668,74481475,606159,0
313,75087634,23.6545,74481475,606159,0
314,75087634,23.7423,74481475,606159,0
315,268265964,23.7803,267659805,606159,0
316,325252119,23.8169,267659805,57592314,0
317,434844163,23.8536,354061985,80782178,0
318,325252119,23.9415,267659805,57592314,0
319,132073789,24.0292,74481475,57592314,0
320,75087634,24.1167,74481475,606159,0
321,75087634,24.205,74481475,606159,0
322,75087634,24.2936,74481475,606159,0
323,333024520,24.3317,292964310,40060210,0
324,530252590,24.3689,490192380,40060210,0
325,894025635,24.4061,853965425,40060210,0
326,530252590,24.4946,490192380,40060210,0
327,272315704,24.5828,271709545,606159,0
328,75087634,24.6716,74481475,606159,0
329,75087634,24.7606,74481475,606159,0
330,75087634,24.8496,74481475,606159,0
331,438587284,24.8881,437981125,606159,0
332,751095421,24.9253,690534375,606159,59954887
333,1057777256,24.9623,930367440,67454929,59954887
334,694277606,25.0503,566867790,67454929,59954887
335,387595771,25.1379,327034725,606159,59954887
336,75087634,25.2253,74481475,606159,0
337,75087634,25.3133,74481475,606159,0
338,73087634,25.4022,72481475,606159,0
339,73087634,25.4903,72481475,606159,0
340,73087634,25.5784,72481475,606159,0
341,117419405,25.6165,72481475,44937930,0
342,160090340,25.653,72481475,87608865,0
343,212336257,25.6895,72481475,139854782,0
344,160090340,25.7774,72481475,87608865,0
345,115758569,25.8649,72481475,43277094,0
346,73087634,25.9525,72481475,606159,0
347,73087634,26.0403,72481475,606159,0
348,73087634,26.128,72481475,606159,0
349,266265964,26.1656,265659805,606159,0
350,323252119,26.2028,265659805,57592314,0
351,432844163,26.2398,352061985,80782178,0
352,323252119,26.328,265659805,57592314,0
353,130073789,26.4156,72481475,57592314,0
354,73087634,26.5033,72481475,606159,0
355,73087634,26.5912,72481475,606159,0
356,73087634,26.6789,72481475,606159,0
357,331024520,26.7166,290964310,40060210,0
358,528252590,26.7544,488192380,40060210,0
359,893166565,26.7921,853106355,40060210,0
360,528252590,26.8809,488192380,40060210,0
361,270315704,26.9689,269709545,606159,0
362,73087634,27.0567,72481475,606159,0
363,73087634,27.1456,72481475,606159,0
364,73087634,27.2339,72481475,606159,0
365,436587284,27.2721,435981125,606159,0
366,747095421,27.3093,686534375,606159,59954887
367,1053777256,27.3464,926367440,67454929,59954887
368,690277606,27.4344,562867790,67454929,59954887
369,383595771,27.5219,323034725,606159,59954887
370,73087634,27.6097,72481475,606159,0
371,73087634,27.6978,72481475,606159,0
372,73087634,27.7853,72481475,606159,0
373,394676059,27.8234,382028045,12648014,0
374,446921976,27.8606,382028045,64893931,0
375,491253747,27.8974,382028045,109225702,0
376,169665322,27.9859,72481475,97183847,0
377,117419405,28.0733,72481475,44937930,0
378,73087634,28.1608,72481475,606159,0
379,73087634,28.2492,72481475,606159,0
380,71087634,28.3379,70481475,606159,0
381,71087634,28.4279,70481475,606159,0
382,71087634,28.5162,70481475,606159,0
383,113758569,28.5539,70481475,43277094,0
384,170744724,28.5909,70481475,100263249,0
385,363923054,28.6279,263659805,100263249,0
386,170744724,28.7165,70481475,100263249,0
387,113758569,28.804,70481475,43277094,0
388,71087634,28.892,70481475,606159,0
389,71087634,28.9803,70481475,606159,0
390,71087634,29.0682,70481475,606159,0
391,329024520,29.1065,288964310,40060210,0
392,526252590,29.1436,486192380,40060210,0
393,890025635,29.181,849965425,40060210,0
394,526252590,29.2686,486192380,40060210,0
395,268315704,29.3563,267709545,606159,0
396,71087634,29.444,70481475,606159,0
397,71087634,29.5316,70481475,606159,0
398,71087634,29.6204,70481475,606159,0
399,434587284,29.6594,433981125,606159,0
400,747095421,29.6966,686534375,606159,59954887
401,1053777256,29.7339,926367440,67454929,59954887
402,690277606,29.8221,562867790,67454929,59954887
403,383595771,29.9099,323034725,606159,59954887
404,71087634,29.9974,70481475,606159,0
405,71087634,30.0848,70481475,606159,0
406,71087634,30.1725,70481475,606159,0
407,123333551,30.2106,70481475,52852076,0
408,167665322,30.2475,70481475,97183847,0
409,532579297,30.2847,435395450,97183847,0
410,167665322,30.3737,70481475,97183847,0
411,115419405,30.4625,70481475,44937930,0
412,71087634,30.5505,70481475,606159,0
413,71087634,30.6387,70481475,606159,0
414,69087634,30.7264,68481475,606159,0
415,69087634,30.8147,68481475,606159,0
416,69087634,30.9033,68481475,606159,0
417,126073789,30.9415,68481475,57592314,0
418,168744724,30.9781,68481475,100263249,0
419,361923054,31.0148,261659805,100263249,0
420,168744724,31.1043,68481475,100263249,0
421,111758569,31.1923,68481475,43277094,0
422,69087634,31.2803,68481475,606159,0
423,69087634,31.3693,68481475,606159,0
424,69087634,31.4586,68481475,606159,0
425,327024520,31.4972,286964310,40060210,0
426,524252590,31.5343,484192380,40060210,0
427,886025635,31.5716,845965425,40060210,0
428,524252590,31.6604,484192380,40060210,0
429,266315704,31.7481,265709545,606159,0
430,69087634,31.8357,68481475,606159,0
431,69087634,31.9238,68481475,606159,0
432,69087634,32.012,68481475,606159,0
433,432587284,32.0502,431981125,606159,0
434,743095421,32.0874,682534375,606159,59954887
435,1049777256,32.1243,922367440,67454929,59954887
436,686277606,32.2131,558867790,67454929,59954887
437,379595771,32.302,319034725,606159,59954887
438,69087634,32.3908,68481475,606159,0
439,69087634,32.4787,68481475,606159,0
440,69087634,32.5665,68481475,606159,0
441,121333551,32.6044,68481475,52852076,0
442,165665322,32.6411,68481475,97183847,0
443,532579297,32.6781,435395450,97183847,0
444,165665322,32.7662,68481475,97183847,0
445,113419405,32.8541,68481475,44937930,0
446,69087634,32.9418,68481475,606159,0
447,69087634,33.0295,68481475,606159,0
448,67087634,33.1173,66481475,606159,0
449,67087634,33.2051,66481475,606159,0
450,67087634,33.293,66481475,606159,0
451,124073789,33.3308,66481475,57592314,0
452,166744724,33.3674,66481475,100263249,0
453,359923054,33.4043,259659805,100263249,0
454,166744724,33.4923,66481475,100263249,0
455,109758569,33.5805,66481475,43277094,0
456,67087634,33.6691,66481475,606159,0
457,67087634,33.7571,66481475,606159,0
458,67087634,33.8454,66481475,606159,0
459,325024520,33.8835,284964310,40060210,0
460,522252590,33.9205,482192380,40060210,0
461,882025635,33.9577,841965425,40060210,0
462,522252590,34.046,482192380,40060210,0
463,264315704,34.1339,263709545,606159,0
464,67087634,34.2219,66481475,606159,0
465,67087634,34.3106,66481475,606159,0
466,67087634,34.4002,66481475,606159,0
467,430587284,34.4386,429981125,606159,0
468,743095421,34.4755,682534375,606159,59954887
469,1049777256,34.5126,922367440,67454929,59954887
470,686277606,34.6014,558867790,67454929,59954887
471,379595771,34.6901,319034725,606159,59954887
472,67087634,34.7779,66481475,606159,0
473,67087634,34.866,66481475,606159,0
474,67087634,34.954,66481475,606159,0
475,119333551,34.992,66481475,52852076,0
476,163665322,35.0285,66481475,97183847,0
477,528579297,35.0656,431395450,97183847,0
478,163665322,35.1541,66481475,97183847,0
479,111419405,35.2421,66481475,44937930,0
480,67087634,35.3297,66481475,606159,0
481,67087634,35.4173,66481475,606159,0
482,65087634,35.505,64481475,606159,0
483,65087634,35.5925,64481475,606159,0
484,65087634,35.6804,64481475,606159,0
485,122073789,35.7181,64481475,57592314,0
486,164744724,35.7547,64481475,100263249,0
487,357923054,35.7914,257659805,100263249,0
488,164744724,35.8794,64481475,100263249,0
489,107758569,35.9677,64481475,43277094,0
490,65087634,36.0559,64481475,606159,0
491,65087634,36.1441,64481475,606159,0
492,65087634,36.2323,64481475,606159,0
493,323024520,36.2702,282964310,40060210,0
494,520252590,36.3073,480192380,40060210,0
495,878025635,36.3444,837965425,40060210,0
496,520252590,36.4327,480192380,40060210,0
497,262315704,36.5203,261709545,606159,0
498,65087634,36.6081,64481475,606159,0
499,65087634,36.6961,64481475,606159,0
500,65087634,36.7849,64481475,606159,0
501,428587284,36.8232,427981125,606159,0
502,739095421,36.8607,678534375,606159,59954887
503,1045777256,36.898,918367440,67454929,59954887
504,682277606,36.9865,554867790,67454929,59954887
505,375595771,37.0744,315034725,606159,59954887
506,65087634,37.1629,64481475,606159,0
507,65087634,37.2515,64481475,606159,0
508,65087634,37.3393,64481475,606159,0
509,117333551,37.3782,64481475,52852076,0
510,161665322,37.4153,64481475,97183847,0
511,528579297,37.4528,431395450,97183847,0
512,161665322,37.5413,64481475,97183847,0
513,109419405,37.6298,64481475,44937930,0
514,65087634,37.7178,64481475,606159,0
515,65087634,37.8056,64481475,606159,0
516,63087634,37.8933,62481475,606159,0
517,63087634,37.9811,62481475,606159,0
518,63087634,38.069,62481475,606159,0
519,120073789,38.1069,62481475,57592314,0
520,162744724,38.1434,62481475,100263249,0
521,355923054,38.1803,255659805,100263249,0
522,162744724,38.2689,62481475,100263249,0
523,105758569,38.3566,62481475,43277094,0
524,63087634,38.4444,62481475,606159,0
525,63087634,38.5323,62481475,606159,0
526,63087634,38.6204,62481475,606159,0
527,321024520,38.6586,280964310,40060210,0
528,518252590,38.6956,478192380,40060210,0
529,874025635,38.7326,833965425,40060210,0
530,518252590,38.8209,478192380,40060210,0
531,260315704,38.9091,259709545,606159,0
532,63087634,38.9973,62481475,606159,0
533,63087634,39.0855,62481475,606159,0
534,63087634,39.1737,62481475,606159,0
535,426587284,39.2122,425981125,606159,0
536,739095421,39.2495,678534375,606159,59954887
537,1045777256,39.2866,918367440,67454929,59954887
538,682277606,39.3767,554867790,67454929,59954887
539,375595771,39.4656,315034725,606159,59954887
540,63087634,39.554,62481475,606159,0
541,63087634,39.6422,62481475,606159,0
542,63087634,39.7306,62481475,606159,0
543,115333551,39.7685,62481475,52852076,0
544,159665322,39.8054,62481475,97183847,0
545,524579297,39.8425,427395450,97183847,0
546,159665322,39.9314,62481475,97183847,0
547,107419405,40.0194,62481475,44937930,0
548,63087634,40.1073,62481475,606159,0
549,63087634,40.1951,62481475,606159,0
550,61087634,40.2834,60481475,606159,0
551,61087634,40.3727,60481475,606159,0
552,61087634,40.4619,60481475,606159,0
553,118073789,40.4997,60481475,57592314,0
554,160744724,40.5362,60481475,100263249,0
555,353923054,40.5731,253659805,100263249,0
556,160744724,40.662,60481475,100263249,0
557,103758569,40.75,60481475,43277094,0
558,61087634,40.8381,60481475,606159,0
559,61087634,40.9268,60481475,606159,0
560,61087634,41.0154,60481475,606159,0
561,319024520,41.0538,278964310,40060210,0
562,516252590,41.0909,476192380,40060210,0
563,870025635,41.128,829965425,40060210,0
564,516252590,41.2169,476192380,40060210,0
565,258315704,41.305,257709545,606159,0
566,61087634,41.393,60481475,606159,0
567,61087634,41.481,60481475,606159,0
568,61087634,41.5693,60481475,606159,0
569,424587284,41.6079,423981125,606159,0
570,735095421,41.6451,674534375,606159,59954887
571,1041777256,41.682,914367440,67454929,59954887
572,678277606,41.7711,550867790,67454929,59954887
573,371595771,41.8599,311034725,606159,59954887
574,61087634,41.9481,60481475,606159,0
575,61087634,42.0357,60481475,606159,0
576,61087634,42.1238,60481475,606159,0
577,113333551,42.1618,60481475,52852076,0
578,157665322,42.1987,60481475,97183847,0
579,524579297,42.2357,427395450,97183847,0
580,157665322,42.3239,60481475,97183847,0
581,105419405,42.4118,60481475,44937930,0
582,61087634,42.4995,60481475,606159,0
583,61087634,42.5877,60481475,606159,0
584,59087634,42.6756,58481475,606159,0
585,59087634,42.764,58481475,606159,0
586,59087634,42.8523,58481475,606159,0
587,116073789,42.8909,58481475,57592314,0
588,158744724,42.9275,58481475,100263249,0
589,351923054,42.9642,251659805,100263249,0
590,158744724,43.0534,58481475,100263249,0
591,101758569,43.1414,58481475,43277094,0
592,59087634,43.2289,58481475,606159,0
593,59087634,43.317,58481475,606159,0
594,59087634,43.4063,58481475,606159,0
595,317024520,43.4447,276964310,40060210,0
596,514252590,43.4816,474192380,40060210,0
597,866025635,43.5188,825965425,40060210,0
598,514252590,43.6076,474192380,40060210,0
599,256315704,43.6957,255709545,606159,0
600,59087634,43.7833,58481475,606159,0
601,59087634,43.8716,58481475,606159,0
602,59087634,43.9606,58481475,606159,0
603,422587284,44.0003,421981125,606159,0
604,735095421,44.0384,674534375,606159,59954887
605,1041777256,44.076,914367440,67454929,59954887
606,678277606,44.1647,550867790,67454929,59954887
607,371595771,44.2538,311034725,606159,59954887
608,59087634,44.3421,58481475,606159,0
609,59087634,44.4302,58481475,606159,0
610,59087634,44.5182,58481475,606159,0
611,111333551,44.5566,58481475,52852076,0
612,155665322,44.5933,58481475,97183847,0
613,520579297,44.6309,423395450,97183847,0
614,155665322,44.7201,58481475,97183847,0
615,103419405,44.808,58481475,44937930,0
616,59087634,44.8956,58481475,606159,0
617,59087634,44.9832,58481475,606159,0
618,57087634,45.0711,56481475,606159,0
619,57087634,45.1592,56481475,606159,0
620,57087634,45.2476,56481475,606159,0
621,114073789,45.286,56481475,57592314,0
622,156744724,45.3229,56481475,100263249,0
623,349923054,45.3602,249659805,100263249,0
624,156744724,45.4494,56481475,100263249,0
625,99758569,45.5371,56481475,43277094,0
626,57087634,45.6251,56481475,606159,0
627,57087634,45.7132,56481475,606159,0
628,57087634,45.8015,56481475,606159,0
629,315024520,45.8395,274964310,40060210,0
630,512252590,45.8767,472192380,40060210,0
631,862025635,45.9139,821965425,40060210,0
632,512252590,46.0024,472192380,40060210,0
633,254315704,46.0902,253709545,606159,0
634,57087634,46.1784,56481475,606159,0
635,57087634,46.2677,56481475,606159,0
636,57087634,46.3569,56481475,606159,0
637,420587284,46.3962,419981125,606159,0
638,731095421,46.4336,670534375,606159,59954887
639,1037777256,46.4711,910367440,67454929,59954887
640,674277606,46.5603,546867790,67454929,59954887
641,367595771,46.6491,307034725,606159,59954887
642,57087634,46.7375,56481475,606159,0
643,57087634,46.8258,56481475,606159,0
644,57087634,46.9139,56481475,606159,0
645,109333551,46.9518,56481475,52852076,0
646,153665322,46.989,56481475,97183847,0
647,520579297,47.0263,423395450,97183847,0
648,153665322,47.1153,56481475,97183847,0
649,101419405,47.2036,56481475,44937930,0
650,57087634,47.2917,56481475,606159,0
651,57087634,47.3799,56481475,606159,0
652,57087634,47.4689,56481475,606159,0
653,452186578,47.5085,428390555,23796023,0
654,361858008,47.546,338061985,23796023,0
655,418844163,47.5831,338061985,80782178,0
656,461515098,47.6198,338061985,123453113,0
657,349923054,47.7086,249659805,100263249,0
658,156744724,47.7969,56481475,100263249,0
659,99758569,47.8858,56481475,43277094,0
660,57087634,47.9745,56481475,606159,0
661,57087634,48.063,56481475,606159,0
662,57087634,48.1517,56481475,606159,0
663,404860679,48.1906,404254520,606159,0
664,662797565,48.2284,622737355,40060210,0
665,860025635,48.266,819965425,40060210,0
666,512252590,48.3549,472192380,40060210,0
667,254315704,48.4427,253709545,606159,0
668,57087634,48.5307,56481475,606159,0
669,57087634,48.6192,56481475,606159,0
670,57087634,48.7076,56481475,606159,0
671,358962109,48.7459,358355950,606159,0
672,722461759,48.7837,721855600,606159,0
673,1034969896,48.8212,974408850,606159,59954887
674,671470246,48.9101,610909200,606159,59954887
675,369595771,48.9979,309034725,606159,59954887
676,57087634,49.086,56481475,606159,0
677,57087634,49.174,56481475,606159,0
678,57087634,49.2619,56481475,606159,0
679,422001609,49.3008,421395450,606159,0
680,474247526,49.3376,421395450,52852076,0
681,518579297,49.3753,421395450,97183847,0
682,153665322,49.4645,56481475,97183847,0
683,101419405,49.5523,56481475,44937930,0
684,57087634,49.6405,56481475,606159,0
685,57087634,49.7281,56481475,606159,0
686,57087634,49.8159,56481475,606159,0
687,452186578,49.8545,428390555,23796023,0
688,361858008,49.8912,338061985,23796023,0
689,418844163,49.928,338061985,80782178,0
690,461515098,49.9658,338061985,123453113,0
691,349923054,50.0543,249659805,100263249,0
692,156744724,50.1424,56481475,100263249,0
693,99758569,50.2308,56481475,43277094,0
694,57087634,50.3188,56481475,606159,0
695,57087634,50.4067,56481475,606159,0
696,57087634,50.4945,56481475,606159,0
697,402860679,50.5328,402254520,606159,0
698,660797565,50.5698,620737355,40060210,0
699,858025635,50.6069,817965425,40060210,0
700,512252590,50.6956,472192380,40060210,0
701,254315704,50.7844,253709545,606159,0
702,57087634,50.8729,56481475,606159,0
703,57087634,50.9613,56481475,606159,0
704,57087634,51.0493,56481475,606159,0
705,420587284,51.0875,419981125,606159,0
706,718461759,51.1247,717855600,606159,0
707,1030969896,51.1615,970408850,606159,59954887
708,667470246,51.2495,606909200,606159,59954887
709,369595771,51.3376,309034725,606159,59954887
710,57087634,51.4258,56481475,606159,0
711,57087634,51.514,56481475,606159,0
712,57087634,51.6026,56481475,606159,0
713,422001609,51.6414,421395450,606159,0
714,474247526,51.6783,421395450,52852076,0
715,518579297,51.7152,421395450,97183847,0
716,153665322,51.803,56481475,97183847,0
717,101419405,51.8907,56481475,44937930,0
718,57087634,51.9784,56481475,606159,0
719,57087634,52.0657,56481475,606159,0
720,57087634,52.1535,56481475,606159,0
721,450186578,52.1921,426390555,23796023,0
722,359858008,52.2289,336061985,23796023,0
723,416844163,52.2656,336061985,80782178,0
724,459515098,52.3022,336061985,123453113,0
725,349923054,52.3922,249659805,100263249,0
726,156744724,52.4806,56481475,100263249,0
727,99758569,52.5683,56481475,43277094,0
728,57087634,52.6565,56481475,606159,0
729,57087634,52.7442,56481475,606159,0
730,57087634,52.8322,56481475,606159,0
731,404860679,52.8704,404254520,606159,0
732,662797565,52.9073,622737355,40060210,0
733,860025635,52.944,819965425,40060210,0
734,512252590,53.0324,472192380,40060210,0
735,254315704,53.1201,253709545,606159,0
736,57087634,53.2078,56481475,606159,0
737,57087634,53.2958,56481475,606159,0
738,57087634,53.3836,56481475,606159,0
739,420587284,53.4223,419981125,606159,0
740,720461759,53.4593,719855600,606159,0
741,1030969896,53.4962,970408850,606159,59954887
742,667470246,53.5841,606909200,606159,59954887
743,367595771,53.6721,307034725,606159,59954887
744,57087634,53.7602,56481475,606159,0
745,57087634,53.8485,56481475,606159,0
746,57087634,53.9366,56481475,606159,0
747,424001609,53.9753,423395450,606159,0
748,476247526,54.0119,423395450,52852076,0
749,520579297,54.0484,423395450,97183847,0
750,153665322,54.137,56481475,97183847,0
751,101419405,54.2253,56481475,44937930,0
752,57087634,54.314,56481475,606159,0
753,57087634,54.4023,56481475,606159,0
754,57087634,54.4907,56481475,606159,0
755,450186578,54.5292,426390555,23796023,0
756,359858008,54.5657,336061985,23796023,0
757,416844163,54.6023,336061985,80782178,0
758,459515098,54.6393,336061985,123453113,0
759,349923054,54.7277,249659805,100263249,0
760,156744724,54.8153,56481475,100263249,0
761,99758569,54.9029,56481475,43277094,0
762,57087634,54.9908,56481475,606159,0
763,57087634,55.0788,56481475,606159,0
764,57087634,55.1668,56481475,606159,0
765,402860679,55.2054,402254520,606159,0
766,660797565,55.2425,620737355,40060210,0
767,858025635,55.2796,817965425,40060210,0
768,512252590,55.3688,472192380,40060210,0
769,254315704,55.4578,253709545,606159,0
770,57087634,55.5458,56481475,606159,0
771,57087634,55.6352,56481475,606159,0
772,57087634,55.7246,56481475,606159,0
773,420587284,55.7628,419981125,606159,0
774,718461759,55.7998,717855600,606159,0
775,1030969896,55.8369,970408850,606159,59954887
776,667470246,55.9249,606909200,606159,59954887
777,369595771,56.0132,309034725,606159,59954887
778,57087634,56.1009,56481475,606159,0
779,57087634,56.1893,56481475,606159,0
780,57087634,56.2781,56481475,606159,0
781,422001609,56.3168,421395450,606159,0
782,474247526,56.3539,421395450,52852076,0
783,518579297,56.391,421395450,97183847,0
784,153665322,56.4801,56481475,97183847,0
785,101419405,56.5687,56481475,44937930,0
786,57087634,56.6571,56481475,606159,0
787,57087634,56.7457,56481475,606159,0
788,57087634,56.834,56481475,606159,0
789,450186578,56.8728,426390555,23796023,0
790,359858008,56.9093,336061985,23796023,0
791,416844163,56.9462,336061985,80782178,0
792,459515098,56.983,336061985,123453113,0
793,349923054,57.0715,249659805,100263249,0
794,156744724,57.1594,56481475,100263249,0
795,99758569,57.2473,56481475,43277094,0
796,57087634,57.3355,56481475,606159,0
797,57087634,57.4235,56481475,606159,0
798,57087634,57.5114,56481475,606159,0
799,404860679,57.5495,404254520,606159,0
800,662797565,57.5867,622737355,40060210,0
801,860025635,57.6235,819965425,40060210,0
802,512252590,57.7114,472192380,40060210,0
803,254315704,57.7995,253709545,606159,0
804,57087634,57.8878,56481475,606159,0
805,57087634,57.9763,56481475,606159,0
806,57087634,58.0642,56481475,606159,0
807,420587284,58.1025,419981125,606159,0
808,720461759,58.1398,719855600,606159,0
809,1030969896,58.1769,970408850,606159,59954887
810,667470246,58.2653,606909200,606159,59954887
811,367595771,58.3539,307034725,606159,59954887
812,57087634,58.4428,56481475,606159,0
813,57087634,58.5317,56481475,606159,0
814,57087634,58.6202,56481475,606159,0
815,424001609,58.6587,423395450,606159,0
816,476247526,58.6954,423395450,52852076,0
817,520579297,58.732,423395450,97183847,0
818,153665322,58.8203,56481475,97183847,0
819,101419405,58.908,56481475,44937930,0
820,57087634,58.9965,56481475,606159,0
821,57087634,59.0849,56481475,606159,0
822,57087634,59.1738,56481475,606159,0
823,450186578,59.2132,426390555,23796023,0
824,359858008,59.2501,336061985,23796023,0
825,416844163,59.2873,336061985,80782178,0
826,459515098,59.3244,336061985,123453113,0
827,349923054,59.4139,249659805,100263249,0
828,156744724,59.5023,56481475,100263249,0
829,99758569,59.59,56481475,43277094,0
830,57087634,59.6777,56481475,606159,0
831,57087634,59.7652,56481475,606159,0
832,57087634,59.8534,56481475,606159,0
833,402860679,59.8916,402254520,606159,0
834,660797565,59.9285,620737355,40060210,0
835,858025635,59.9652,817965425,40060210,0
836,512252590,60.0535,472192380,40060210,0
837,254315704,60.1411,253709545,606159,0
838,57087634,60.2293,56481475,606159,0
839,57087634,60.3183,56481475,606159,0
840,57087634,60.4075,56481475,606159,0
841,420587284,60.4461,419981125,606159,0
842,718461759,60.4835,717855600,606159,0
843,1030969896,60.521,970408850,606159,59954887
844,667470246,60.6117,606909200,606159,59954887
845,369595771,60.7007,309034725,606159,59954887
846,57087634,60.7892,56481475,606159,0
847,57087634,60.8783,56481475,606159,0
848,57087634,60.966,56481475,606159,0
849,422001609,61.0042,421395450,606159,0
850,474247526,61.0408,421395450,52852076,0
851,518579297,61.0772,421395450,97183847,0
852,153665322,61.165,56481475,97183847,0
853,101419405,61.2525,56481475,44937930,0
854,57087634,61.3399,56481475,606159,0
855,57087634,61.4293,56481475,606159,0
856,57087634,61.5172,56481475,606159,0
857,450186578,61.5555,426390555,23796023,0
858,359858008,61.592,336061985,23796023,0
859,416844163,61.6292,336061985,80782178,0
860,459515098,61.6659,336061985,123453113,0
861,349923054,61.7541,249659805,100263249,0
862,156744724,61.8419,56481475,100263249,0
863,99758569,61.9293,56481475,43277094,0
864,57087634,62.018,56481475,606159,0
865,57087634,62.1062,56481475,606159,0
866,57087634,62.195,56481475,606159,0
867,404860679,62.2337,404254520,606159,0
868,662797565,62.2712,622737355,40060210,0
869,860025635,62.3087,819965425,40060210,0
870,512252590,62.3972,472192380,40060210,0
871,254315704,62.4853,253709545,606159,0
872,57087634,62.573,56481475,606159,0
873,57087634,62.661,56481475,606159,0
874,57087634,62.7491,56481475,606159,0
875,420587284,62.7878,419981125,606159,0
876,720461759,62.8249,719855600,606159,0
877,1030969896,62.8619,970408850,606159,59954887
878,667470246,62.9505,606909200,606159,59954887
879,367595771,63.0389,307034725,606159,59954887
880,57087634,63.1267,56481475,606159,0
881,57087634,63.2144,56481475,606159,0
882,57087634,63.3027,56481475,606159,0
883,424001609,63.3413,423395450,606159,0
884,476247526,63.3779,423395450,52852076,0
885,520579297,63.4143,423395450,97183847,0
886,153665322,63.5027,56481475,97183847,0
887,101419405,63.5907,56481475,44937930,0
888,57087634,63.6789,56481475,606159,0
889,57087634,63.7663,56481475,606159,0
890,57087634,63.8543,56481475,606159,0
891,450186578,63.893,426390555,23796023,0
892,359858008,63.9297,336061985,23796023,0
893,416844163,63.9662,336061985,80782178,0
894,459515098,64.0029,336061985,123453113,0
895,349923054,64.0911,249659805,100263249,0
896,156744724,64.1789,56481475,100263249,0
897,99758569,64.2669,56481475,43277094,0
898,57087634,64.3554,56481475,606159,0
899,57087634,64.445,56481475,606159,0
900,57087634,64.5341,56481475,606159,0
901,402860679,64.5727,402254520,606159,0
902,660797565,64.6103,620737355,40060210,0
903,858025635,64.6481,817965425,40060210,0
904,512252590,64.7372,472192380,40060210,0
905,254315704,64.8249,253709545,606159,0
906,57087634,64.9125,56481475,606159,0
907,57087634,65.0009,56481475,606159,0
908,57087634,65.0893,56481475,606159,0
909,420587284,65.1275,419981125,606159,0
910,718461759,65.1645,717855600,606159,0
911,1030969896,65.2023,970408850,606159,59954887
912,667470246,65.2907,606909200,606159,59954887
913,369595771,65.3785,309034725,606159,59954887
914,57087634,65.4661,56481475,606159,0
915,57087634,65.5537,56481475,606159,0
916,57087634,65.6419,56481475,606159,0
917,422001609,65.6802,421395450,606159,0
918,474247526,65.7167,421395450,52852076,0
919,518579297,65.7536,421395450,97183847,0
920,153665322,65.8422,56481475,97183847,0
921,101419405,65.9299,56481475,44937930,0
922,57087634,66.0179,56481475,606159,0
923,57087634,66.1061,56481475,606159,0
924,57087634,66.1945,56481475,606159,0
925,450186578,66.2331,426390555,23796023,0
926,359858008,66.2695,336061985,23796023,0
927,416844163,66.3062,336061985,80782178,0
928,459515098,66.3428,336061985,123453113,0
929,349923054,66.4318,249659805,100263249,0
930,156744724,66.5196,56481475,100263249,0
931,99758569,66.608,56481475,43277094,0
932,57087634,66.6968,56481475,606159,0
933,57087634,66.7856,56481475,606159,0
934,57087634,66.8743,56481475,606159,0
935,404860679,66.9129,404254520,606159,0
936,662797565,66.9502,622737355,40060210,0
937,860025635,66.9873,819965425,40060210,0
938,512252590,67.0758,472192380,40060210,0
939,254315704,67.1634,253709545,606159,0
940,57087634,67.2516,56481475,606159,0
941,57087634,67.34,56481475,606159,0
942,57087634,67.4297,56481475,606159,0
943,420587284,67.468,419981125,606159,0
944,720461759,67.5052,719855600,606159,0
945,1030969896,67.5422,970408850,606159,59954887
946,667470246,67.6307,606909200,606159,59954887
947,367595771,67.7183,307034725,606159,59954887
948,57087634,67.8059,56481475,606159,0
949,57087634,67.8938,56481475,606159,0
950,57087634,67.9821,56481475,606159,0
951,424001609,68.0203,423395450,606159,0
952,476247526,68.057,423395450,52852076,0
953,520579297,68.0937,423395450,97183847,0
954,153665322,68.1818,56481475,97183847,0
955,101419405,68.2709,56481475,44937930,0
956,57087634,68.3593,56481475,606159,0
957,57087634,68.447,56481475,606159,0
958,57087634,68.5355,56481475,606159,0
959,450186578,68.5745,426390555,23796023,0
960,359858008,68.6113,336061985,23796023,0
961,416844163,68.6487,336061985,80782178,0
962,459515098,68.6855,336061985,123453113,0
963,349923054,68.774,249659805,100263249,0
964,156744724,68.862,56481475,100263249,0
965,99758569,68.9502,56481475,43277094,0
966,57087634,69.0378,56481475,606159,0
967,57087634,69.1256,56481475,606159,0
968,57087634,69.214,56481475,606159,0
969,402860679,69.2525,402254520,606159,0
970,660797565,69.2895,620737355,40060210,0
971,858025635,69.3263,817965425,40060210,0
972,512252590,69.4148,472192380,40060210,0
973,254315704,69.5028,253709545,606159,0
974,57087634,69.5907,56481475,606159,0
975,57087634,69.6791,56481475,606159,0
976,57087634,69.7674,56481475,606159,0
977,420587284,69.8058,419981125,606159,0
978,718461759,69.8431,717855600,606159,0
979,1030969896,69.88,970408850,606159,59954887
980,667470246,69.968,606909200,606159,59954887
981,369595771,70.056,309034725,606159,59954887
982,57087634,70.1439,56481475,606159,0
983,57087634,70.2323,56481475,606159,0
984,57087634,70.3203,56481475,606159,0
985,422001609,70.3592,421395450,606159,0
986,474247526,70.397,421395450,52852076,0
987,518579297,70.4342,421395450,97183847,0
988,153665322,70.5232,56481475,97183847,0
989,101419405,70.6116,56481475,44937930,0
990,57087634,70.6998,56481475,606159,0
991,57087634,70.7876,56481475,606159,0
992,57087634,70.8758,56481475,606159,0
993,450186578,70.9146,426390555,23796023,0
994,359858008,70.9519,336061985,23796023,0
995,416844163,70.9895,336061985,80782178,0
996,459515098,71.0264,336061985,123453113,0
997,349923054,71.1152,249659805,100263249,0
998,156744724,71.2039,56481475,100263249,0
999,99758569,71.292,56481475,43277094,0
1000,57087634,71.38,56481475,606159,0
1001,57087634,71.469,56481475,606159,0
1002,57087634,71.5572,56481475,606159,0
1003,404860679,71.5955,404254520,606159,0
1004,662797565,71.6323,622737355,40060210,0
1005,860025635,71.6692,819965425,40060210,0
1006,512252590,71.7579,472192380,40060210,0
1007,254315704,71.8458,253709545,606159,0
1008,57087634,71.9334,56481475,606159,0
1009,57087634,72.0217,56481475,606159,0
1010,57087634,72.1099,56481475,606159,0
1011,420587284,72.1482,419981125,606159,0
1012,720461759,72.1853,719855600,606159,0
1013,1030969896,72.2227,970408850,606159,59954887
1014,667470246,72.3117,606909200,606159,59954887
1015,367595771,72.4012,307034725,606159,59954887
1016,57087634,72.4888,56481475,606159,0
1017,57087634,72.5762,56481475,606159,0
1018,57087634,72.6645,56481475,606159,0
1019,424001609,72.7029,423395450,606159,0
1020,476247526,72.7394,423395450,52852076,0
1021,520579297,72.7758,423395450,97183847,0
1022,153665322,72.8637,56481475,97183847,0
1023,101419405,72.9515,56481475,44937930,0
1024,57087634,73.0394,56481475,606159,0
1025,57087634,73.1271,56481475,606159,0
1026,57087634,73.2158,56481475,606159,0
1027,450186578,73.2545,426390555,23796023,0
1028,359858008,73.2911,336061985,23796023,0
1029,416844163,73.3276,336061985,80782178,0
1030,459515098,73.3645,336061985,123453113,0
1031,349923054,73.4537,249659805,100263249,0
1032,156744724,73.5422,56481475,100263249,0
1033,99758569,73.6304,56481475,43277094,0
1034,57087634,73.7184,56481475,606159,0
1035,57087634,73.8066,56481475,606159,0
1036,57087634,73.8949,56481475,606159,0
1037,402860679,73.933,402254520,606159,0
1038,660797565,73.971,620737355,40060210,0
1039,858025635,74.0084,817965425,40060210,0
1040,512252590,74.0973,472192380,40060210,0
1041,254315704,74.1856,253709545,606159,0
1042,57087634,74.2742,56481475,606159,0
1043,57087634,74.3631,56481475,606159,0
1044,57087634,74.4515,56481475,606159,0
1045,420587284,74.4901,419981125,606159,0
1046,718461759,74.5272,717855600,606159,0
1047,1030969896,74.5648,970408850,606159,59954887
1048,667470246,74.6535,606909200,606159,59954887
1049,369595771,74.7414,309034725,606159,59954887
1050,57087634,74.8292,56481475,606159,0
1051,57087634,74.9172,56481475,606159,0
1052,57087634,75.0052,56481475,606159,0
1053,422001609,75.0436,421395450,606159,0
1054,474247526,75.0801,421395450,52852076,0
1055,518579297,75.1168,421395450,97183847,0
1056,153665322,75.2052,56481475,97183847,0
1057,101419405,75.2931,56481475,44937930,0
1058,57087634,75.3806,56481475,606159,0
1059,57087634,75.4686,56481475,606159,0
1060,57087634,75.5564,56481475,606159,0
1061,450186578,75.5949,426390555,23796023,0
1062,359858008,75.6312,336061985,23796023,0
1063,416844163,75.6682,336061985,80782178,0
1064,459515098,75.7047,336061985,123453113,0
1065,349923054,75.7929,249659805,100263249,0
1066,156744724,75.8807,56481475,100263249,0
1067,99758569,75.9687,56481475,43277094,0
1068,57087634,76.0567,56481475,606159,0
1069,57087634,76.1445,56481475,606159,0
1070,57087634,76.2328,56481475,606159,0
1071,404860679,76.2714,404254520,606159,0
1072,662797565,76.3088,622737355,40060210,0
1073,860025635,76.346,819965425,40060210,0
1074,512252590,76.4361,472192380,40060210,0
1075,254315704,76.5245,253709545,606159,0
1076,57087634,76.6129,56481475,606159,0
1077,57087634,76.7012,56481475,606159,0
1078,57087634,76.7894,56481475,606159,0
1079,420587284,76.8277,419981125,606159,0
1080,720461759,76.8649,719855600,606159,0
1081,1030969896,76.9019,970408850,606159,59954887
1082,667470246,76.9902,606909200,606159,59954887
1083,367595771,77.0788,307034725,606159,59954887
1084,57087634,77.1665,56481475,606159,0
1085,57087634,77.2548,56481475,606159,0
1086,57087634,77.3425,56481475,606159,0
1087,424001609,77.3806,423395450,606159,0
1088,476247526,77.4174,423395450,52852076,0
1089,520579297,77.4542,423395450,97183847,0
1090,153665322,77.5421,56481475,97183847,0
1091,101419405,77.6296,56481475,44937930,0
1092,57087634,77.7171,56481475,606159,0
1093,57087634,77.8048,56481475,606159,0
1094,57087634,77.8923,56481475,606159,0
1095,450186578,77.9307,426390555,23796023,0
1096,359858008,77.9672,336061985,23796023,0
1097,416844163,78.0039,336061985,80782178,0
1098,459515098,78.0402,336061985,123453113,0
1099,349923054,78.1284,249659805,100263249,0
1100,156744724,78.2168,56481475,100263249,0
1101,99758569,78.3054,56481475,43277094,0
1102,57087634,78.393,56481475,606159,0
1103,57087634,78.4815,56481475,606159,0
1104,57087634,78.57,56481475,606159,0
1105,402860679,78.6085,402254520,606159,0
1106,660797565,78.6458,620737355,40060210,0
1107,858025635,78.6828,817965425,40060210,0
1108,512252590,78.7714,472192380,40060210,0
1109,254315704,78.8597,253709545,606159,0
1110,57087634,78.9479,56481475,606159,0
1111,57087634,79.0363,56481475,606159,0
1112,57087634,79.1247,56481475,606159,0
1113,420587284,79.1633,419981125,606159,0
1114,718461759,79.2008,717855600,606159,0
1115,1030969896,79.2384,970408850,606159,59954887
1116,667470246,79.3273,606909200,606159,59954887
1117,369595771,79.4166,309034725,606159,59954887
1118,57087634,79.5047,56481475,606159,0
1119,57087634,79.5923,56481475,606159,0
1120,57087634,79.6806,56481475,606159,0
1121,422001609,79.7189,421395450,606159,0
1122,474247526,79.7555,421395450,52852076,0
1123,518579297,79.7928,421395450,97183847,0
1124,153665322,79.8816,56481475,97183847,0
1125,101419405,79.9708,56481475,44937930,0
1126,57087634,80.0591,56481475,606159,0
1127,57087634,80.1469,56481475,606159,0
1128,57087634,80.2358,56481475,606159,0
1129,450186578,80.2747,426390555,23796023,0
1130,359858008,80.3121,336061985,23796023,0
1131,416844163,80.3493,336061985,80782178,0
1132,459515098,80.3862,336061985,123453113,0
1133,349923054,80.4755,249659805,100263249,0
1134,156744724,80.5643,56481475,100263249,0
1135,99758569,80.653,56481475,43277094,0
1136,57087634,80.7419,56481475,606159,0
1137,57087634,80.8312,56481475,606159,0
1138,57087634,80.9197,56481475,606159,0
1139,404860679,80.958,404254520,606159,0
1140,662797565,80.9949,622737355,40060210,0
1141,860025635,81.032,819965425,40060210,0
1142,512252590,81.1206,472192380,40060210,0
1143,254315704,81.2087,253709545,606159,0
1144,57087634,81.2964,56481475,606159,0
1145,57087634,81.3846,56481475,606159,0
1146,57087634,81.4734,56481475,606159,0
1147,420587284,81.5121,419981125,606159,0
1148,720461759,81.5493,719855600,606159,0
1149,1030969896,81.5865,970408850,606159,59954887
1150,667470246,81.6752,606909200,606159,59954887
1151,367595771,81.7631,307034725,606159,59954887
1152,57087634,81.8511,56481475,606159,0
1153,57087634,81.939,56481475,606159,0
1154,57087634,82.0273,56481475,606159,0
1155,424001609,82.0658,423395450,606159,0
1156,476247526,82.1025,423395450,52852076,0
1157,520579297,82.1392,423395450,97183847,0
1158,153665322,82.2283,56481475,97183847,0
1159,101419405,82.3176,56481475,44937930,0
1160,57087634,82.4068,56481475,606159,0
1161,57087634,82.4958,56481475,606159,0
1162,57087634,82.5846,56481475,606159,0
1163,450186578,82.6241,426390555,23796023,0
1164,359858008,82.6616,336061985,23796023,0
1165,416844163,82.6987,336061985,80782178,0
1166,459515098,82.7359,336061985,123453113,0
1167,349923054,82.825,249659805,100263249,0
1168,156744724,82.9137,56481475,100263249,0
1169,99758569,83.0025,56481475,43277094,0
1170,57087634,83.0907,56481475,606159,0
1171,57087634,83.1791,56481475,606159,0
1172,57087634,83.2675,56481475,606159,0
1173,402860679,83.3063,402254520,606159,0
1174,660797565,83.3432,620737355,40060210,0
1175,858025635,83.3802,817965425,40060210,0
1176,512252590,83.4686,472192380,40060210,0
1177,254315704,83.5563,253709545,606159,0
1178,57087634,83.6437,56481475,606159,0
1179,57087634,83.7321,56481475,606159,0
1180,57087634,83.8207,56481475,606159,0
1181,420587284,83.8597,419981125,606159,0
1182,718461759,83.8968,717855600,606159,0
1183,1030969896,83.9343,970408850,606159,59954887
1184,667470246,84.0233,606909200,606159,59954887
1185,369595771,84.1115,309034725,606159,59954887
1186,57087634,84.1994,56481475,606159,0
1187,57087634,84.2883,56481475,606159,0
1188,57087634,84.3765,56481475,606159,0
1189,422001609,84.4152,421395450,606159,0
1190,474247526,84.4517,421395450,52852076,0
1191,518579297,84.4887,421395450,97183847,0
1192,153665322,84.5771,56481475,97183847,0
1193,101419405,84.6657,56481475,44937930,0
1194,57087634,84.7537,56481475,606159,0
1195,57087634,84.8422,56481475,606159,0
1196,57087634,84.9306,56481475,606159,0
1197,450186578,84.9695,426390555,23796023,0
1198,359858008,85.0062,336061985,23796023,0
1199,416844163,85.0427,336061985,80782178,0
1200,459515098,85.0796,336061985,123453113,0
1201,349923054,85.168,249659805,100263249,0
1202,156744724,85.2566,56481475,100263249,0
1203,99758569,85.3447,56481475,43277094,0
1204,57087634,85.4339,56481475,606159,0
1205,57087634,85.5221,56481475,606159,0
1206,57087634,85.6104,56481475,606159,0
1207,404860679,85.6489,404254520,606159,0
1208,662797565,85.6861,622737355,40060210,0
1209,860025635,85.723,819965425,40060210,0
1210,512252590,85.8115,472192380,40060210,0
1211,254315704,85.8998,253709545,606159,0
1212,57087634,85.9886,56481475,606159,0
1213,57087634,86.0784,56481475,606159,0
1214,57087634,86.1673,56481475,606159,0
1215,420587284,86.2058,419981125,606159,0
1216,720461759,86.2433,719855600,606159,0
1217,1030969896,86.2806,970408850,606159,59954887
1218,667470246,86.3694,606909200,606159,59954887
1219,367595771,86.4576,307034725,606159,59954887
1220,57087634,86.5454,56481475,606159,0
1221,57087634,86.6334,56481475,606159,0
1222,57087634,86.7217,56481475,606159,0
1223,424001609,86.7603,423395450,606159,0
1224,476247526,86.7975,423395450,52852076,0
1225,520579297,86.8345,423395450,97183847,0
1226,153665322,86.9237,56481475,97183847,0
1227,101419405,87.0118,56481475,44937930,0
1228,57087634,87.0999,56481475,606159,0
1229,57087634,87.1881,56481475,606159,0
1230,57087634,87.2768,56481475,606159,0
1231,450186578,87.3155,426390555,23796023,0
1232,359858008,87.3522,336061985,23796023,0
1233,416844163,87.3892,336061985,80782178,0
1234,459515098,87.4259,336061985,123453113,0
1235,349923054,87.5148,249659805,100263249,0
1236,156744724,87.6039,56481475,100263249,0
1237,99758569,87.6925,56481475,43277094,0
1238,57087634,87.7809,56481475,606159,0
1239,57087634,87.8696,56481475,606159,0
1240,57087634,87.9578,56481475,606159,0
1241,402860679,87.9961,402254520,606159,0
1242,660797565,88.0332,620737355,40060210,0
1243,858025635,88.0702,817965425,40060210,0
1244,512252590,88.1587,472192380,40060210,0
1245,254315704,88.2471,253709545,606159,0
1246,57087634,88.336,56481475,606159,0
1247,57087634,88.4262,56481475,606159,0
1248,57087634,88.5147,56481475,606159,0
1249,420587284,88.5535,419981125,606159,0
1250,718461759,88.5908,717855600,606159,0
1251,1030969896,88.628,970408850,606159,59954887
1252,667470246,88.7185,606909200,606159,59954887
1253,369595771,88.807,309034725,606159,59954887
1254,57087634,88.8959,56481475,606159,0
1255,57087634,88.9852,56481475,606159,0
1256,57087634,89.0741,56481475,606159,0
1257,422001609,89.1126,421395450,606159,0
1258,474247526,89.1495,421395450,52852076,0
1259,518579297,89.1868,421395450,97183847,0
1260,153665322,89.2754,56481475,97183847,0
1261,101419405,89.3632,56481475,44937930,0
1262,57087634,89.452,56481475,606159,0
1263,57087634,89.5405,56481475,606159,0
1264,57087634,89.629,56481475,606159,0
1265,450186578,89.6673,426390555,23796023,0
1266,359858008,89.7041,336061985,23796023,0
1267,416844163,89.7409,336061985,80782178,0
1268,459515098,89.7778,336061985,123453113,0
1269,349923054,89.8665,249659805,100263249,0
1270,156744724,89.9554,56481475,100263249,0
1271,99758569,90.0437,56481475,43277094,0
1272,57087634,90.132,56481475,606159,0
1273,57087634,90.2208,56481475,606159,0
1274,57087634,90.3095,56481475,606159,0
1275,404860679,90.3483,404254520,606159,0
1276,662797565,90.3861,622737355,40060210,0
1277,860025635,90.4235,819965425,40060210,0
1278,512252590,90.5127,472192380,40060210,0
1279,254315704,90.6009,253709545,606159,0
1280,57087634,90.6896,56481475,606159,0
1281,57087634,90.7783,56481475,606159,0
1282,57087634,90.8669,56481475,606159,0
1283,420587284,90.9054,419981125,606159,0
1284,720461759,90.9429,719855600,606159,0
1285,1030969896,90.9805,970408850,606159,59954887
1286,667470246,91.0695,606909200,606159,59954887
1287,367595771,91.1578,307034725,606159,59954887
1288,57087634,91.2464,56481475,606159,0
1289,57087634,91.3346,56481475,606159,0
1290,57087634,91.4243,56481475,606159,0
1291,424001609,91.4627,423395450,606159,0
1292,476247526,91.4998,423395450,52852076,0
1293,520579297,91.5367,423395450,97183847,0
1294,153665322,91.626,56481475,97183847,0
1295,101419405,91.7142,56481475,44937930,0
1296,57087634,91.8027,56481475,606159,0
1297,57087634,91.8912,56481475,606159,0
1298,57087634,91.9803,56481475,606159,0
1299,450186578,92.0188,426390555,23796023,0
1300,359858008,92.0554,336061985,23796023,0
1301,416844163,92.0924,336061985,80782178,0
1302,459515098,92.1292,336061985,123453113,0
1303,349923054,92.219,249659805,100263249,0
1304,156744724,92.3075,56481475,100263249,0
1305,99758569,92.3959,56481475,43277094,0
1306,57087634,92.4843,56481475,606159,0
1307,57087634,92.5727,56481475,606159,0
1308,57087634,92.661,56481475,606159,0
1309,402860679,92.6996,402254520,606159,0
1310,660797565,92.7371,620737355,40060210,0
1311,858025635,92.7746,817965425,40060210,0
1312,512252590,92.8639,472192380,40060210,0
1313,254315704,92.9522,253709545,606159,0
1314,57087634,93.0408,56481475,606159,0
1315,57087634,93.1308,56481475,606159,0
1316,57087634,93.2196,56481475,606159,0
1317,420587284,93.2579,419981125,606159,0
1318,718461759,93.2953,717855600,606159,0
1319,1030969896,93.3327,970408850,606159,59954887
1320,667470246,93.422,606909200,606159,59954887
1321,369595771,93.5103,309034725,606159,59954887
1322,57087634,93.5983,56481475,606159,0
1323,57087634,93.6868,56481475,606159,0
1324,57087634,93.775,56481475,606159,0
1325,422001609,93.8132,421395450,606159,0
1326,474247526,93.85,421395450,52852076,0
1327,518579297,93.8868,421395450,97183847,0
1328,153665322,93.975,56481475,97183847,0
1329,101419405,94.0629,56481475,44937930,0
1330,57087634,94.1511,56481475,606159,0
1331,57087634,94.2398,56481475,606159,0
1332,57087634,94.3286,56481475,606159,0
1333,450186578,94.3678,426390555,23796023,0
1334,359858008,94.4047,336061985,23796023,0
1335,416844163,94.4417,336061985,80782178,0
1336,459515098,94.4786,336061985,123453113,0
1337,349923054,94.5669,249659805,100263249,0
1338,156744724,94.6558,56481475,100263249,0
1339,99758569,94.7439,56481475,43277094,0
1340,57087634,94.8317,56481475,606159,0
1341,57087634,94.9196,56481475,606159,0
1342,57087634,95.008,56481475,606159,0
1343,404860679,95.0462,404254520,606159,0
1344,662797565,95.0831,622737355,40060210,0
1345,860025635,95.1202,819965425,40060210,0
1346,512252590,95.2088,472192380,40060210,0
1347,254315704,95.2969,253709545,606159,0
1348,57087634,95.3852,56481475,606159,0
1349,57087634,95.4736,56481475,606159,0
1350,57087634,95.5621,56481475,606159,0
1351,420587284,95.6009,419981125,606159,0
1352,720461759,95.6383,719855600,606159,0
1353,1030969896,95.676,970408850,606159,59954887
1354,667470246,95.7642,606909200,606159,59954887
1355,367595771,95.8528,307034725,606159,59954887
1356,57087634,95.941,56481475,606159,0
1357,57087634,96.0299,56481475,606159,0
1358,57087634,96.1188,56481475,606159,0
1359,424001609,96.157,423395450,606159,0
1360,476247526,96.1939,423395450,52852076,0
1361,520579297,96.2309,423395450,97183847,0
1362,153665322,96.319,56481475,97183847,0
1363,101419405,96.407,56481475,44937930,0
1364,57087634,96.4946,56481475,606159,0
1365,57087634,96.5822,56481475,606159,0
1366,57087634,96.6703,56481475,606159,0
1367,450186578,96.7087,426390555,23796023,0
1368,359858008,96.7458,336061985,23796023,0
1369,416844163,96.7825,336061985,80782178,0
1370,459515098,96.8194,336061985,123453113,0
1371,349923054,96.9083,249659805,100263249,0
1372,156744724,96.9963,56481475,100263249,0
1373,99758569,97.0842,56481475,43277094,0
1374,57087634,97.1724,56481475,606159,0
1375,57087634,97.2612,56481475,606159,0
1376,57087634,97.3498,56481475,606159,0
1377,402860679,97.3886,402254520,606159,0
1378,660797565,97.4264,620737355,40060210,0
1379,858025635,97.4638,817965425,40060210,0
1380,512252590,97.5522,472192380,40060210,0
1381,254315704,97.641,253709545,606159,0
1382,57087634,97.7292,56481475,606159,0
1383,57087634,97.8174,56481475,606159,0
1384,57087634,97.9056,56481475,606159,0
1385,420587284,97.9442,419981125,606159,0
1386,718461759,97.982,717855600,606159,0
1387,1030969896,98.0192,970408850,606159,59954887
1388,667470246,98.1078,606909200,606159,59954887
1389,369595771,98.1961,309034725,606159,59954887
1390,57087634,98.285,56481475,606159,0
1391,57087634,98.3735,56481475,606159,0
1392,57087634,98.4616,56481475,606159,0
1393,422001609,98.5,421395450,606159,0
1394,474247526,98.537,421395450,52852076,0
1395,518579297,98.5735,421395450,97183847,0
1396,153665322,98.662,56481475,97183847,0
1397,101419405,98.75,56481475,44937930,0
1398,57087634,98.838,56481475,606159,0
1399,57087634,98.926,56481475,606159,0
1400,57087634,99.0138,56481475,606159,0
1401,450186578,99.0525,426390555,23796023,0
1402,359858008,99.0897,336061985,23796023,0
1403,416844163,99.1267,336061985,80782178,0
1404,459515098,99.1632,336061985,123453113,0
1405,349923054,99.2518,249659805,100263249,0
1406,156744724,99.3407,56481475,100263249,0
1407,99758569,99.4295,56481475,43277094,0
1408,57087634,99.5175,56481475,606159,0
1409,57087634,99.6061,56481475,606159,0
1410,57087634,99.6958,56481475,606159,0
1411,404860679,99.7342,404254520,606159,0
1412,662797565,99.7711,622737355,40060210,0
1413,860025635,99.8083,819965425,40060210,0
1414,512252590,99.8979,472192380,40060210,0
1415,254315704,99.9865,253709545,606159,0
1416,57087634,100.0746,56481475,606159,0
1417,57087634,100.1628,56481475,606159,0
1418,57087634,100.2518,56481475,606159,0
1419,420587284,100.2911,419981125,606159,0
1420,720461759,100.3288,719855600,606159,0
1421,1030969896,100.3669,970408850,606159,59954887
1422,667470246,100.457,606909200,606159,59954887
1423,367595771,100.5461,307034725,606159,59954887
1424,57087634,100.6348,56481475,606159,0
1425,57087634,100.7235,56481475,606159,0
1426,57087634,100.8115,56481475,606159,0
1427,424001609,100.85,423395450,606159,0
1428,476247526,100.8867,423395450,52852076,0
1429,520579297,100.9232,423395450,97183847,0
1430,153665322,101.0123,56481475,97183847,0
1431,101419405,101.1011,56481475,44937930,0
1432,57087634,101.1896,56481475,606159,0
1433,57087634,101.2774,56481475,606159,0
1434,57087634,101.3653,56481475,606159,0
1435,450186578,101.404,426390555,23796023,0
1436,359858008,101.4408,336061985,23796023,0
1437,416844163,101.4775,336061985,80782178,0
1438,459515098,101.5141,336061985,123453113,0
1439,349923054,101.6024,249659805,100263249,0
1440,156744724,101.6902,56481475,100263249,0
1441,99758569,101.7784,56481475,43277094,0
1442,57087634,101.8669,56481475,606159,0
1443,57087634,101.9552,56481475,606159,0
1444,57087634,102.0435,56481475,606159,0
1445,402860679,102.0823,402254520,606159,0
1446,660797565,102.1192,620737355,40060210,0
1447,858025635,102.1563,817965425,40060210,0
1448,512252590,102.2453,472192380,40060210,0
1449,254315704,102.3338,253709545,606159,0
1450,57087634,102.422,56481475,606159,0
1451,57087634,102.5109,56481475,606159,0
1452,57087634,102.5995,56481475,606159,0
1453,420587284,102.6378,419981125,606159,0
1454,718461759,102.6751,717855600,606159,0
1455,1030969896,102.7128,970408850,606159,59954887
1456,667470246,102.8016,606909200,606159,59954887
1457,369595771,102.8898,309034725,606159,59954887
1458,57087634,102.9777,56481475,606159,0
1459,57087634,103.0656,56481475,606159,0
1460,57087634,103.1535,56481475,606159,0
1461,422001609,103.1918,421395450,606159,0
1462,474247526,103.2285,421395450,52852076,0
1463,518579297,103.265,421395450,97183847,0
1464,153665322,103.3538,56481475,97183847,0
1465,101419405,103.4432,56481475,44937930,0
1466,57087634,103.5315,56481475,606159,0
1467,57087634,103.6197,56481475,606159,0
1468,57087634,103.7082,56481475,606159,0
1469,450186578,103.747,426390555,23796023,0
1470,359858008,103.7839,336061985,23796023,0
1471,416844163,103.821,336061985,80782178,0
1472,459515098,103.8578,336061985,123453113,0
1473,349923054,103.9461,249659805,100263249,0
1474,156744724,104.035,56481475,100263249,0
1475,99758569,104.1231,56481475,43277094,0
1476,57087634,104.2115,56481475,606159,0
1477,57087634,104.2999,56481475,606159,0
1478,57087634,104.3882,56481475,606159,0
1479,404860679,104.4269,404254520,606159,0
1480,662797565,104.4642,622737355,40060210,0
1481,860025635,104.5012,819965425,40060210,0
1482,512252590,104.59,472192380,40060210,0
1483,254315704,104.6788,253709545,606159,0
1484,57087634,104.7665,56481475,606159,0
1485,57087634,104.8548,56481475,606159,0
1486,57087634,104.9432,56481475,606159,0
1487,420587284,104.9818,419981125,606159,0
1488,720461759,105.019,719855600,606159,0
1489,1030969896,105.0563,970408850,606159,59954887
1490,667470246,105.1447,606909200,606159,59954887
1491,367595771,105.2331,307034725,606159,59954887
1492,57087634,105.3211,56481475,606159,0
1493,57087634,105.4094,56481475,606159,0
1494,57087634,105.4979,56481475,606159,0
1495,424001609,105.5362,423395450,606159,0
1496,476247526,105.5726,423395450,52852076,0
1497,520579297,105.6092,423395450,97183847,0
1498,153665322,105.6975,56481475,97183847,0
1499,101419405,105.7853,56481475,44937930,0
1500,57087634,105.8736,56481475,606159,0
1501,57087634,105.9618,56481475,606159,0
1502,57087634,106.0496,56481475,606159,0
1503,450186578,106.0884,426390555,23796023,0
1504,359858008,106.125,336061985,23796023,0
1505,416844163,106.1617,336061985,80782178,0
1506,459515098,106.1985,336061985,123453113,0
1507,349923054,106.2878,249659805,100263249,0
1508,156744724,106.3766,56481475,100263249,0
1509,99758569,106.4651,56481475,43277094,0
1510,57087634,106.5532,56481475,606159,0
1511,57087634,106.6416,56481475,606159,0
1512,57087634,106.7299,56481475,606159,0
1513,402860679,106.7683,402254520,606159,0
1514,660797565,106.8056,620737355,40060210,0
1515,858025635,106.8428,817965425,40060210,0
1516,512252590,106.9316,472192380,40060210,0
1517,254315704,107.02,253709545,606159,0
1518,57087634,107.1079,56481475,606159,0
1519,57087634,107.1961,56481475,606159,0
1520,57087634,107.2841,56481475,606159,0
1521,420587284,107.3223,419981125,606159,0
1522,718461759,107.3594,717855600,606159,0
1523,1030969896,107.3964,970408850,606159,59954887
1524,667470246,107.4842,606909200,606159,59954887
1525,369595771,107.5718,309034725,606159,59954887
1526,57087634,107.6595,56481475,606159,0
1527,57087634,107.7476,56481475,606159,0
1528,57087634,107.8359,56481475,606159,0
1529,422001609,107.8743,421395450,606159,0
1530,474247526,107.9112,421395450,52852076,0
1531,518579297,107.9478,421395450,97183847,0
1532,153665322,108.0358,56481475,97183847,0
1533,101419405,108.1234,56481475,44937930,0
1534,57087634,108.2117,56481475,606159,0
1535,57087634,108.3008,56481475,606159,0
1536,57087634,108.39,56481475,606159,0
1537,450186578,108.4289,426390555,23796023,0
1538,359858008,108.4657,336061985,23796023,0
1539,416844163,108.5024,336061985,80782178,0
1540,459515098,108.5388,336061985,123453113,0
1541,349923054,108.6266,249659805,100263249,0
1542,156744724,108.7151,56481475,100263249,0
1543,99758569,108.8036,56481475,43277094,0
1544,57087634,108.8925,56481475,606159,0
1545,57087634,108.9822,56481475,606159,0
1546,57087634,109.0722,56481475,606159,0
1547,404860679,109.1116,404254520,606159,0
1548,662797565,109.1488,622737355,40060210,0
1549,860025635,109.1858,819965425,40060210,0
1550,512252590,109.2753,472192380,40060210,0
1551,254315704,109.3642,253709545,606159,0
1552,57087634,109.4534,56481475,606159,0
1553,57087634,109.5438,56481475,606159,0
1554,57087634,109.6334,56481475,606159,0
1555,420587284,109.672,419981125,606159,0
1556,720461759,109.7093,719855600,606159,0
1557,1030969896,109.7465,970408850,606159,59954887
1558,667470246,109.8352,606909200,606159,59954887
1559,367595771,109.924,307034725,606159,59954887
1560,57087634,110.0127,56481475,606159,0
1561,57087634,110.1017,56481475,606159,0
1562,57087634,110.1902,56481475,606159,0
1563,424001609,110.2286,423395450,606159,0
1564,476247526,110.2658,423395450,52852076,0
1565,520579297,110.3025,423395450,97183847,0
1566,153665322,110.3912,56481475,97183847,0
1567,101419405,110.4788,56481475,44937930,0
1568,57087634,110.567,56481475,606159,0
1569,57087634,110.6552,56481475,606159,0
1570,57087634,110.7434,56481475,606159,0
1571,450186578,110.7815,426390555,23796023,0
1572,359858008,110.8183,336061985,23796023,0
1573,416844163,110.8551,336061985,80782178,0
1574,459515098,110.8916,336061985,123453113,0
1575,349923054,110.98,249659805,100263249,0
1576,156744724,111.0679,56481475,100263249,0
1577,99758569,111.1565,56481475,43277094,0
1578,57087634,111.2443,56481475,606159,0
1579,57087634,111.3325,56481475,606159,0
1580,57087634,111.4209,56481475,606159,0
1581,402860679,111.4595,402254520,606159,0
1582,660797565,111.4966,620737355,40060210,0
1583,858025635,111.5335,817965425,40060210,0
1584,512252590,111.6221,472192380,40060210,0
1585,254315704,111.7103,253709545,606159,0
1586,57087634,111.7979,56481475,606159,0
1587,57087634,111.8864,56481475,606159,0
1588,57087634,111.9748,56481475,606159,0
1589,420587284,112.0137,419981125,606159,0
1590,718461759,112.0509,717855600,606159,0
1591,1030969896,112.0879,970408850,606159,59954887
1592,667470246,112.1768,606909200,606159,59954887
1593,369595771,112.2655,309034725,606159,59954887
1594,57087634,112.3541,56481475,606159,0
1595,57087634,112.4434,56481475,606159,0
1596,57087634,112.5312,56481475,606159,0
1597,422001609,112.5698,421395450,606159,0
1598,474247526,112.6069,421395450,52852076,0
1599,518579297,112.6441,421395450,97183847,0
1600,153665322,112.7324,56481475,97183847,0
1601,101419405,112.8202,56481475,44937930,0
1602,57087634,112.9084,56481475,606159,0
1603,57087634,112.9961,56481475,606159,0
1604,57087634,113.084,56481475,606159,0
1605,450186578,113.1223,426390555,23796023,0
1606,359858008,113.1591,336061985,23796023,0
1607,416844163,113.196,336061985,80782178,0
1608,459515098,113.2325,336061985,123453113,0
1609,349923054,113.3208,249659805,100263249,0
1610,156744724,113.4089,56481475,100263249,0
1611,99758569,113.497,56481475,43277094,0
1612,57087634,113.5846,56481475,606159,0
1613,57087634,113.6726,56481475,606159,0
1614,57087634,113.7609,56481475,606159,0
1615,404860679,113.7995,404254520,606159,0
1616,662797565,113.8364,622737355,40060210,0
1617,860025635,113.8734,819965425,40060210,0
1618,512252590,113.9622,472192380,40060210,0
1619,254315704,114.0502,253709545,606159,0
1620,57087634,114.1377,56481475,606159,0
1621,57087634,114.2275,56481475,606159,0
1622,57087634,114.3166,56481475,606159,0
1623,420587284,114.3557,419981125,606159,0
1624,720461759,114.3926,719855600,606159,0
1625,1030969896,114.43,970408850,606159,59954887
1626,667470246,114.5189,606909200,606159,59954887
1627,367595771,114.6071,307034725,606159,59954887
1628,57087634,114.6956,56481475,606159,0
1629,57087634,114.784,56481475,606159,0
1630,57087634,114.8724,56481475,606159,0
1631,424001609,114.9112,423395450,606159,0
1632,476247526,114.948,423395450,52852076,0
1633,520579297,114.9844,423395450,97183847,0
1634,153665322,115.073,56481475,97183847,0
1635,101419405,115.161,56481475,44937930,0
1636,57087634,115.2492,56481475,606159,0
1637,57087634,115.3373,56481475,606159,0
1638,57087634,115.4268,56481475,606159,0
1639,450186578,115.4655,426390555,23796023,0
1640,359858008,115.5024,336061985,23796023,0
1641,416844163,115.5391,336061985,80782178,0
1642,459515098,115.5757,336061985,123453113,0
1643,349923054,115.6653,249659805,100263249,0
1644,156744724,115.7534,56481475,100263249,0
1645,99758569,115.8413,56481475,43277094,0
1646,57087634,115.9293,56481475,606159,0
1647,57087634,116.0176,56481475,606159,0
1648,57087634,116.1063,56481475,606159,0
1649,402860679,116.1447,402254520,606159,0
1650,660797565,116.1824,620737355,40060210,0
1651,858025635,116.2202,817965425,40060210,0
1652,512252590,116.3094,472192380,40060210,0
1653,254315704,116.3976,253709545,606159,0
1654,57087634,116.486,56481475,606159,0
1655,57087634,116.5751,56481475,606159,0
1656,57087634,116.6637,56481475,606159,0
1657,420587284,116.7028,419981125,606159,0
1658,718461759,116.7401,717855600,606159,0
1659,1030969896,116.7773,970408850,606159,59954887
1660,667470246,116.8664,606909200,606159,59954887
1661,369595771,116.9547,309034725,606159,59954887
1662,57087634,117.0429,56481475,606159,0
1663,57087634,117.1314,56481475,606159,0
1664,57087634,117.2203,56481475,606159,0
1665,422001609,117.2596,421395450,606159,0
1666,474247526,117.2965,421395450,52852076,0
1667,518579297,117.3334,421395450,97183847,0
1668,153665322,117.4225,56481475,97183847,0
1669,101419405,117.5108,56481475,44937930,0
1670,57087634,117.5994,56481475,606159,0
1671,57087634,117.688,56481475,606159,0
1672,57087634,117.7768,56481475,606159,0
1673,450186578,117.8161,426390555,23796023,0
1674,359858008,117.8531,336061985,23796023,0
1675,416844163,117.8898,336061985,80782178,0
1676,459515098,117.9267,336061985,123453113,0
1677,349923054,118.0161,249659805,100263249,0
1678,156744724,118.1042,56481475,100263249,0
1679,99758569,118.1922,56481475,43277094,0
1680,57087634,118.2808,56481475,606159,0
1681,57087634,118.3702,56481475,606159,0
1682,57087634,118.4595,56481475,606159,0
1683,404860679,118.498,404254520,606159,0
1684,662797565,118.5353,622737355,40060210,0
1685,860025635,118.5726,819965425,40060210,0
1686,512252590,118.6624,472192380,40060210,0
1687,254315704,118.7508,253709545,606159,0
1688,57087634,118.8389,56481475,606159,0
1689,57087634,118.9276,56481475,606159,0
1690,57087634,119.0164,56481475,606159,0
1691,420587284,119.055,419981125,606159,0
1692,720461759,119.0922,719855600,606159,0
1693,1030969896,119.1296,970408850,606159,59954887
1694,667470246,119.2188,606909200,606159,59954887
1695,367595771,119.3071,307034725,606159,59954887
1696,57087634,119.3951,56481475,606159,0
1697,57087634,119.4832,56481475,606159,0
1698,57087634,119.5714,56481475,606159,0
1699,424001609,119.6099,423395450,606159,0
1700,476247526,119.6467,423395450,52852076,0
1701,520579297,119.6834,423395450,97183847,0
1702,153665322,119.7725,56481475,97183847,0
1703,101419405,119.8605,56481475,44937930,0
1704,57087634,119.9485,56481475,606159,0
1705,57087634,120.0365,56481475,606159,0
1706,57087634,120.1244,56481475,606159,0
1707,450186578,120.1633,426390555,23796023,0
1708,359858008,120.2001,336061985,23796023,0
1709,416844163,120.2372,336061985,80782178,0
1710,459515098,120.274,336061985,123453113,0
1711,349923054,120.3629,249659805,100263249,0
1712,156744724,120.4508,56481475,100263249,0
1713,99758569,120.5389,56481475,43277094,0
1714,57087634,120.6269,56481475,606159,0
1715,57087634,120.7155,56481475,606159,0
1716,57087634,120.8036,56481475,606159,0
1717,402860679,120.8422,402254520,606159,0
1718,660797565,120.8795,620737355,40060210,0
1719,858025635,120.9165,817965425,40060210,0
1720,512252590,121.0052,472192380,40060210,0
1721,254315704,121.0932,253709545,606159,0
1722,57087634,121.1809,56481475,606159,0
1723,57087634,121.2696,56481475,606159,0
1724,57087634,121.3584,56481475,606159,0
1725,420587284,121.3976,419981125,606159,0
1726,718461759,121.4351,717855600,606159,0
1727,1030969896,121.4726,970408850,606159,59954887
1728,667470246,121.5613,606909200,606159,59954887
1729,369595771,121.6494,309034725,606159,59954887
1730,57087634,121.7381,56481475,606159,0
1731,57087634,121.8265,56481475,606159,0
1732,57087634,121.9156,56481475,606159,0
1733,422001609,121.9544,421395450,606159,0
1734,474247526,121.9914,421395450,52852076,0
1735,518579297,122.0285,421395450,97183847,0
1736,153665322,122.1175,56481475,97183847,0
1737,101419405,122.2059,56481475,44937930,0
1738,57087634,122.294,56481475,606159,0
1739,57087634,122.3823,56481475,606159,0
1740,57087634,122.471,56481475,606159,0
1741,450186578,122.51,426390555,23796023,0
1742,359858008,122.5469,336061985,23796023,0
1743,416844163,122.5841,336061985,80782178,0
1744,459515098,122.6207,336061985,123453113,0
1745,349923054,122.709,249659805,100263249,0
1746,156744724,122.7969,56481475,100263249,0
1747,99758569,122.8849,56481475,43277094,0
1748,57087634,122.973,56481475,606159,0
1749,57087634,123.0612,56481475,606159,0
1750,57087634,123.1494,56481475,606159,0
1751,404860679,123.1879,404254520,606159,0
1752,662797565,123.2255,622737355,40060210,0
1753,860025635,123.2629,819965425,40060210,0
1754,512252590,123.3538,472192380,40060210,0
1755,254315704,123.4429,253709545,606159,0
1756,57087634,123.5318,56481475,606159,0
1757,57087634,123.6204,56481475,606159,0
1758,57087634,123.7091,56481475,606159,0
1759,420587284,123.7476,419981125,606159,0
1760,720461759,123.7849,719855600,606159,0
1761,1030969896,123.8222,970408850,606159,59954887
1762,667470246,123.911,606909200,606159,59954887
1763,367595771,123.9994,307034725,606159,59954887
1764,57087634,124.0878,56481475,606159,0
1765,57087634,124.1762,56481475,606159,0
1766,57087634,124.2648,56481475,606159,0
1767,424001609,124.3032,423395450,606159,0
1768,476247526,124.3405,423395450,52852076,0
1769,520579297,124.3783,423395450,97183847,0
1770,153665322,124.4674,56481475,97183847,0
1771,101419405,124.556,56481475,44937930,0
1772,57087634,124.6456,56481475,606159,0
1773,57087634,124.7345,56481475,606159,0
1774,57087634,124.8229,56481475,606159,0
1775,450186578,124.8614,426390555,23796023,0
1776,359858008,124.8982,336061985,23796023,0
1777,416844163,124.9352,336061985,80782178,0
1778,459515098,124.9721,336061985,123453113,0
1779,349923054,125.0614,249659805,100263249,0
1780,156744724,125.1497,56481475,100263249,0
1781,99758569,125.2384,56481475,43277094,0
1782,57087634,125.3269,56481475,606159,0
1783,57087634,125.4152,56481475,606159,0
1784,57087634,125.5036,56481475,606159,0
1785,402860679,125.5418,402254520,606159,0
1786,660797565,125.5795,620737355,40060210,0
1787,858025635,125.6169,817965425,40060210,0
1788,512252590,125.7049,472192380,40060210,0
1789,254315704,125.793,253709545,606159,0
1790,57087634,125.8815,56481475,606159,0
1791,57087634,125.9699,56481475,606159,0
1792,57087634,126.0579,56481475,606159,0
1793,420587284,126.0962,419981125,606159,0
1794,718461759,126.1333,717855600,606159,0
1795,1030969896,126.1704,970408850,606159,59954887
1796,667470246,126.2592,606909200,606159,59954887
1797,369595771,126.347,309034725,606159,59954887
1798,57087634,126.4347,56481475,606159,0
1799,57087634,126.5228,56481475,606159,0
1800,57087634,126.6107,56481475,606159,0
1801,422001609,126.6493,421395450,606159,0
1802,474247526,126.6865,421395450,52852076,0
1803,518579297,126.7235,421395450,97183847,0
1804,153665322,126.8127,56481475,97183847,0
1805,101419405,126.9016,56481475,44937930,0
1806,57087634,126.9904,56481475,606159,0
1807,57087634,127.079,56481475,606159,0
1808,57087634,127.1678,56481475,606159,0
1809,450186578,127.2067,426390555,23796023,0
1810,359858008,127.2434,336061985,23796023,0
1811,416844163,127.2801,336061985,80782178,0
1812,459515098,127.3167,336061985,123453113,0
1813,349923054,127.4056,249659805,100263249,0
1814,156744724,127.4939,56481475,100263249,0
1815,99758569,127.5817,56481475,43277094,0
1816,57087634,127.67,56481475,606159,0
1817,57087634,127.7581,56481475,606159,0
1818,57087634,127.8467,56481475,606159,0
1819,404860679,127.8852,404254520,606159,0
1820,662797565,127.9225,622737355,40060210,0
1821,860025635,127.9601,819965425,40060210,0
1822,512252590,128.049,472192380,40060210,0
1823,254315704,128.1382,253709545,606159,0
1824,57087634,128.227,56481475,606159,0
1825,57087634,128.316,56481475,606159,0
1826,57087634,128.4056,56481475,606159,0
1827,420587284,128.4444,419981125,606159,0
1828,720461759,128.4824,719855600,606159,0
1829,1030969896,128.52,970408850,606159,59954887
1830,667470246,128.6095,606909200,606159,59954887
1831,367595771,128.699,307034725,606159,59954887
1832,57087634,128.7885,56481475,606159,0
1833,57087634,128.8776,56481475,606159,0
1834,57087634,128.9663,56481475,606159,0
1835,424001609,129.0048,423395450,606159,0
1836,476247526,129.0419,423395450,52852076,0
1837,520579297,129.0792,423395450,97183847,0
1838,153665322,129.1686,56481475,97183847,0
1839,101419405,129.2569,56481475,44937930,0
1840,57087634,129.3453,56481475,606159,0
1841,57087634,129.4337,56481475,606159,0
1842,57087634,129.5224,56481475,606159,0
1843,450186578,129.5609,426390555,23796023,0
1844,359858008,129.5975,336061985,23796023,0
1845,416844163,129.6344,336061985,80782178,0
1846,459515098,129.6714,336061985,123453113,0
1847,349923054,129.7594,249659805,100263249,0
1848,156744724,129.8481,56481475,100263249,0
1849,99758569,129.9361,56481475,43277094,0
1850,57087634,130.0239,56481475,606159,0
1851,57087634,130.1118,56481475,606159,0
1852,57087634,130.1999,56481475,606159,0
1853,402860679,130.2385,402254520,606159,0
1854,660797565,130.2755,620737355,40060210,0
1855,858025635,130.3125,817965425,40060210,0
1856,512252590,130.4025,472192380,40060210,0
1857,254315704,130.4914,253709545,606159,0
1858,57087634,130.5801,56481475,606159,0
1859,57087634,130.6688,56481475,606159,0
1860,57087634,130.7569,56481475,606159,0
1861,420587284,130.7958,419981125,606159,0
1862,718461759,130.8341,717855600,606159,0
1863,1030969896,130.8723,970408850,606159,59954887
1864,667470246,130.9612,606909200,606159,59954887
1865,369595771,131.0505,309034725,606159,59954887
1866,57087634,131.1389,56481475,606159,0
1867,57087634,131.2275,56481475,606159,0
1868,57087634,131.3151,56481475,606159,0
1869,422001609,131.3541,421395450,606159,0
1870,474247526,131.3913,421395450,52852076,0
1871,518579297,131.428,421395450,97183847,0
1872,153665322,131.5162,56481475,97183847,0
1873,101419405,131.604,56481475,44937930,0
1874,57087634,131.6916,56481475,606159,0
1875,57087634,131.7799,56481475,606159,0
1876,57087634,131.8674,56481475,606159,0
1877,450186578,131.9059,426390555,23796023,0
1878,359858008,131.9424,336061985,23796023,0
1879,416844163,131.9792,336061985,80782178,0
1880,459515098,132.0156,336061985,123453113,0
1881,349923054,132.1036,249659805,100263249,0
1882,156744724,132.1915,56481475,100263249,0
1883,99758569,132.2797,56481475,43277094,0
1884,57087634,132.3676,56481475,606159,0
1885,57087634,132.4554,56481475,606159,0
1886,57087634,132.5437,56481475,606159,0
1887,404860679,132.5826,404254520,606159,0
1888,662797565,132.6197,622737355,40060210,0
1889,860025635,132.657,819965425,40060210,0
1890,512252590,132.7456,472192380,40060210,0
1891,254315704,132.8337,253709545,606159,0
1892,57087634,132.9221,56481475,606159,0
1893,57087634,133.0115,56481475,606159,0
1894,57087634,133.1004,56481475,606159,0
1895,420587284,133.139,419981125,606159,0
1896,720461759,133.1762,719855600,606159,0
1897,1030969896,133.2131,970408850,606159,59954887
1898,667470246,133.3013,606909200,606159,59954887
1899,367595771,133.3896,307034725,606159,59954887
1900,57087634,133.4782,56481475,606159,0
1901,57087634,133.5672,56481475,606159,0
1902,57087634,133.6566,56481475,606159,0
1903,424001609,133.695,423395450,606159,0
1904,476247526,133.7318,423395450,52852076,0
1905,520579297,133.7684,423395450,97183847,0
1906,153665322,133.8568,56481475,97183847,0
1907,101419405,133.9452,56481475,44937930,0
1908,57087634,134.0343,56481475,606159,0
1909,57087634,134.1225,56481475,606159,0
1910,57087634,134.2114,56481475,606159,0
1911,450186578,134.2502,426390555,23796023,0
1912,359858008,134.2871,336061985,23796023,0
1913,416844163,134.3238,336061985,80782178,0
1914,459515098,134.3603,336061985,123453113,0
1915,349923054,134.4487,249659805,100263249,0
1916,156744724,134.5366,56481475,100263249,0
1917,99758569,134.6242,56481475,43277094,0
1918,57087634,134.7121,56481475,606159,0
1919,57087634,134.8004,56481475,606159,0
1920,57087634,134.8893,56481475,606159,0
1921,402860679,134.9279,402254520,606159,0
1922,660797565,134.9648,620737355,40060210,0
1923,858025635,135.002,817965425,40060210,0
1924,512252590,135.0901,472192380,40060210,0
1925,254315704,135.1782,253709545,606159,0
1926,57087634,135.2659,56481475,606159,0
1927,57087634,135.3541,56481475,606159,0
1928,57087634,135.4423,56481475,606159,0
1929,420587284,135.4807,419981125,606159,0
1930,718461759,135.5179,717855600,606159,0
1931,1030969896,135.5555,970408850,606159,59954887
1932,667470246,135.644,606909200,606159,59954887
1933,369595771,135.7325,309034725,606159,59954887
1934,57087634,135.8204,56481475,606159,0
1935,57087634,135.9085,56481475,606159,0
1936,57087634,135.9964,56481475,606159,0
1937,422001609,136.0347,421395450,606159,0
1938,474247526,136.0714,421395450,52852076,0
1939,518579297,136.108,421395450,97183847,0
1940,153665322,136.1972,56481475,97183847,0
1941,101419405,136.2862,56481475,44937930,0
1942,57087634,136.3753,56481475,606159,0
1943,57087634,136.4647,56481475,606159,0
1944,57087634,136.5537,56481475,606159,0
1945,450186578,136.5926,426390555,23796023,0
1946,359858008,136.6302,336061985,23796023,0
1947,416844163,136.6675,336061985,80782178,0
1948,459515098,136.7043,336061985,123453113,0
1949,349923054,136.7926,249659805,100263249,0
1950,156744724,136.8806,56481475,100263249,0
1951,99758569,136.9697,56481475,43277094,0
1952,57087634,137.0577,56481475,606159,0
1953,57087634,137.1459,56481475,606159,0
1954,57087634,137.2346,56481475,606159,0
1955,404860679,137.273,404254520,606159,0
1956,662797565,137.3103,622737355,40060210,0
1957,860025635,137.3472,819965425,40060210,0
1958,512252590,137.4358,472192380,40060210,0
1959,254315704,137.5239,253709545,606159,0
1960,57087634,137.6118,56481475,606159,0
1961,57087634,137.7,56481475,606159,0
1962,57087634,137.7883,56481475,606159,0
1963,420587284,137.8269,419981125,606159,0
1964,720461759,137.8641,719855600,606159,0
1965,1030969896,137.902,970408850,606159,59954887
1966,667470246,137.9907,606909200,606159,59954887
1967,367595771,138.0788,307034725,606159,59954887
1968,57087634,138.1667,56481475,606159,0
1969,57087634,138.2554,56481475,606159,0
1970,57087634,138.3445,56481475,606159,0
1971,424001609,138.3835,423395450,606159,0
1972,476247526,138.4207,423395450,52852076,0
1973,520579297,138.458,423395450,97183847,0
1974,153665322,138.5471,56481475,97183847,0
1975,101419405,138.6359,56481475,44937930,0
1976,57087634,138.725,56481475,606159,0
1977,57087634,138.8144,56481475,606159,0
1978,57087634,138.903,56481475,606159,0
1979,450186578,138.9415,426390555,23796023,0
1980,359858008,138.9781,336061985,23796023,0
1981,416844163,139.0147,336061985,80782178,0
1982,459515098,139.0514,336061985,123453113,0
1983,349923054,139.1406,249659805,100263249,0
1984,156744724,139.2285,56481475,100263249,0
1985,99758569,139.317,56481475,43277094,0
1986,57087634,139.4062,56481475,606159,0
1987,57087634,139.4959,56481475,606159,0
1988,57087634,139.5851,56481475,606159,0
1989,402860679,139.6239,402254520,606159,0
1990,660797565,139.6619,620737355,40060210,0
1991,858025635,139.6992,817965425,40060210,0
1992,512252590,139.7888,472192380,40060210,0
1993,254315704,139.8776,253709545,606159,0
1994,57087634,139.9665,56481475,606159,0
1995,57087634,140.0557,56481475,606159,0
1996,57087634,140.1444,56481475,606159,0
1997,420587284,140.1829,419981125,606159,0
1998,718461759,140.2204,717855600,606159,0
1999,1030969896,140.2581,970408850,606159,59954887
2000,667470246,140.3472,606909200,606159,59954887
2001,369595771,140.4355,309034725,606159,59954887
