1,67807239241,0.03208,63378407885,0,4428831356
2,55672842270,0.049954,50988732935,0,4684109335
3,47804633861,0.067497,44858527025,0,2946106836
4,40317229216,0.084916,37747841095,0,2569388121
5,34785680941,0.10228,32181718210,0,2603962731
6,29579908989,0.11958,27285029050,36923135,2257956804
7,25804937269,0.13702,23478596395,68384070,2257956804
8,22637507229,0.15432,20478596395,68384070,2090526764
9,19665287828,0.17157,17824974550,68384070,1771929208
10,17415287828,0.18913,15574974550,68384070,1771929208
11,15602711258,0.2065,13762397980,68384070,1771929208
12,13908890733,0.22396,12068577455,68384070,1771929208
13,12342995643,0.24152,10607302535,68384070,1667309038
14,10249667431,0.25892,8783751105,108153320,1357763006
15,9187348450,0.27636,6519174980,108153320,2560020150
16,6849210622,0.2941,6315703680,122031712,411475230
17,5841154097,0.3115,5307647155,122031712,411475230
18,4939564012,0.32888,4406057070,122031712,411475230
19,4589641848,0.34646,3842522485,122031712,625087651
20,4255291997,0.36401,3653844960,189971807,411475230
21,3973079452,0.38148,3371632415,189971807,411475230
22,3757558757,0.3991,3104726220,241357307,411475230
23,3543226877,0.4165,2890394340,241357307,411475230
24,3022548537,0.43404,2369716000,241357307,411475230
25,2672396177,0.45133,2019563640,241357307,411475230
26,2476710642,0.46854,2072710710,241357307,162642625
27,2094388721,0.48601,1666684040,265062056,162642625
28,1969571991,0.50333,1541867310,265062056,162642625
29,1654335986,0.52054,1226631305,265062056,162642625
30,1543004749,0.54716,1068451410,311910714,162642625
31,1484687453,0.56446,790945105,373086447,320655901
32,1307100273,0.58179,565157950,421286422,320655901
33,1307977964,0.59924,515514120,471807943,320655901
34,1367367870,0.61695,515514120,531197849,320655901
35,1155913429,0.65946,422072955,571197849,162642625
36,917796459,0.7011,226425860,571197849,120172750
37,827550774,0.74303,226425860,601124914,0
38,756168474,0.78468,155043560,601124914,0
39,696778568,0.82608,155043560,541735008,0
40,656778568,0.8675,155043560,501735008,0
41,616778568,0.90894,115043560,501735008,0
42,576778568,0.95038,115043560,461735008,0
43,536778568,0.99173,75043560,461735008,0
44,496778568,1.0339,75043560,421735008,0
45,465477548,1.0752,43742540,421735008,0
46,446741693,1.1168,25006685,421735008,0
47,429822708,1.1583,8087700,421735008,0
48,421735008,1.1997,0,421735008,0
49,413735008,1.2411,0,413735008,0
50,405735008,1.2825,0,405735008,0
51,397735008,1.3245,0,397735008,0
52,389735008,1.3664,0,389735008,0
53,381735008,1.4082,0,381735008,0
54,373735008,1.4502,0,373735008,0
55,365735008,1.4918,0,365735008,0
56,357735008,1.5332,0,357735008,0
57,349735008,1.5751,0,349735008,0
58,341735008,1.6166,0,341735008,0
59,333735008,1.6581,0,333735008,0
60,330145608,1.6997,4410600,325735008,0
61,325735008,1.7414,0,325735008,0
62,317735008,1.7828,0,317735008,0
63,315213487,1.8245,0,315213487,0
64,314813487,1.8661,0,314813487,0
65,314413487,1.9076,0,314413487,0
66,314013487,1.9491,0,314013487,0
67,313613487,1.9907,0,313613487,0
68,313213487,2.0327,0,313213487,0
69,312813487,2.0745,0,312813487,0
70,312413487,2.1167,0,312413487,0
71,312013487,2.1595,0,312013487,0
72,311613487,2.2033,0,311613487,0
73,311213487,2.2454,0,311213487,0
74,310813487,2.2877,0,310813487,0
75,310413487,2.3296,0,310413487,0
76,310013487,2.3715,0,310013487,0
77,309613487,2.4147,0,309613487,0
78,309213487,2.4574,0,309213487,0
79,308813487,2.4996,0,308813487,0
80,308413487,2.5415,0,308413487,0
81,308013487,2.583,0,308013487,0
82,307613487,2.6251,0,307613487,0
83,307213487,2.6674,0,307213487,0
84,306813487,2.7093,0,306813487,0
85,306413487,2.7524,0,306413487,0
86,306013487,2.7981,0,306013487,0
87,305613487,2.8407,0,305613487,0
88,305213487,2.8827,0,305213487,0
89,304813487,2.9249,0,304813487,0
90,304413487,2.9676,0,304413487,0
91,304013487,3.0107,0,304013487,0
92,303613487,3.0524,0,303613487,0
93,303213487,3.094,0,303213487,0
94,302813487,3.1356,0,302813487,0
95,302413487,3.1774,0,302413487,0
96,302013487,3.2193,0,302013487,0
97,301613487,3.2613,0,301613487,0
98,301213487,3.3033,0,301213487,0
99,300813487,3.3452,0,300813487,0
100,300413487,3.3871,0,300413487,0
101,300013487,3.4291,0,300013487,0
102,299613487,3.4708,0,299613487,0
103,299213487,3.5128,0,299213487,0
104,298813487,3.5549,0,298813487,0
105,298413487,3.5966,0,298413487,0
106,298013487,3.6381,0,298013487,0
107,297613487,3.6795,0,297613487,0
108,297213487,3.7209,0,297213487,0
109,296813487,3.7627,0,296813487,0
110,296413487,3.8042,0,296413487,0
111,296013487,3.846,0,296013487,0
112,295613487,3.8878,0,295613487,0
113,295213487,3.9294,0,295213487,0
114,294813487,3.9711,0,294813487,0
115,294413487,4.0133,0,294413487,0
116,294013487,4.0558,0,294013487,0
117,293613487,4.0976,0,293613487,0
118,293213487,4.1393,0,293213487,0
119,292813487,4.1808,0,292813487,0
120,292413487,4.2226,0,292413487,0
121,292013487,4.2644,0,292013487,0
122,291613487,4.3059,0,291613487,0
123,291213487,4.3474,0,291213487,0
124,290813487,4.3888,0,290813487,0
125,290413487,4.4301,0,290413487,0
126,290013487,4.4715,0,290013487,0
127,289613487,4.5132,0,289613487,0
128,289213487,4.5546,0,289213487,0
129,288813487,4.596,0,288813487,0
130,288413487,4.6374,0,288413487,0
131,288013487,4.6792,0,288013487,0
132,287613487,4.7212,0,287613487,0
133,287213487,4.7628,0,287213487,0
134,286813487,4.8047,0,286813487,0
135,286413487,4.8465,0,286413487,0
136,286013487,4.8878,0,286013487,0
137,285613487,4.9293,0,285613487,0
138,285213487,4.9707,0,285213487,0
139,284813487,5.0124,0,284813487,0
140,284413487,5.0541,0,284413487,0
141,284013487,5.096,0,284013487,0
142,283613487,5.1377,0,283613487,0
143,283213487,5.1812,0,283213487,0
144,282813487,5.2242,0,282813487,0
145,282413487,5.2663,0,282413487,0
146,282013487,5.308,0,282013487,0
147,281613487,5.3498,0,281613487,0
148,279519682,5.3912,5906195,273613487,0
149,277119682,5.4342,3906195,273213487,0
150,274719682,5.4762,1906195,272813487,0
151,272413487,5.5183,0,272413487,0
152,272013487,5.5602,0,272013487,0
153,271613487,5.6021,0,271613487,0
154,271213487,5.6442,0,271213487,0
155,270813487,5.6863,0,270813487,0
156,270413487,5.7283,0,270413487,0
157,270013487,5.7753,0,270013487,0
158,269613487,5.8174,0,269613487,0
159,269213487,5.8592,0,269213487,0
160,268813487,5.901,0,268813487,0
161,268413487,5.9423,0,268413487,0
162,268013487,5.984,0,268013487,0
163,267613487,6.0257,0,267613487,0
164,267213487,6.0673,0,267213487,0
165,266813487,6.1091,0,266813487,0
166,266413487,6.1508,0,266413487,0
167,266013487,6.1922,0,266013487,0
168,265613487,6.234,0,265613487,0
169,265213487,6.2757,0,265213487,0
170,264813487,6.3176,0,264813487,0
171,264413487,6.3594,0,264413487,0
172,264013487,6.401,0,264013487,0
173,263613487,6.4425,0,263613487,0
174,263213487,6.484,0,263213487,0
175,262813487,6.5258,0,262813487,0
176,262413487,6.5676,0,262413487,0
177,262013487,6.6093,0,262013487,0
178,261613487,6.6511,0,261613487,0
179,261301187,6.6925,87700,261213487,0
180,260901187,6.7341,87700,260813487,0
181,260608112,6.7759,194625,260413487,0
182,260348427,6.8175,334940,260013487,0
183,260046722,6.8593,433235,259613487,0
184,259787037,6.9014,573550,259213487,0
185,259548427,6.9431,334940,259213487,0
186,251646722,6.9846,433235,251213487,0
187,245598064,7.027,433235,245164829,0
188,245198064,7.0689,433235,244764829,0
189,244798064,7.1107,433235,244364829,0
190,244398064,7.1525,433235,243964829,0
191,243998064,7.194,433235,243564829,0
192,243598064,7.2354,433235,243164829,0
193,243198064,7.2786,433235,242764829,0
194,242798064,7.3202,433235,242364829,0
195,242398064,7.3618,433235,241964829,0
196,241998064,7.4032,433235,241564829,0
197,241719672,7.4448,433235,241286437,0
198,241481062,7.4863,194625,241286437,0
199,241253812,7.528,194625,240886437,172750
200,241081062,7.5694,194625,240886437,0
201,240853812,7.6109,194625,240486437,172750
202,240681062,7.6523,194625,240486437,0
203,240453812,7.6939,194625,240086437,172750
204,240281062,7.7351,194625,240086437,0
205,240053812,7.777,194625,239686437,172750
206,239881062,7.8186,194625,239686437,0
207,239653812,7.8601,194625,239286437,172750
208,239481062,7.9019,194625,239286437,0
209,239319672,7.9435,433235,238886437,0
210,239081062,7.9848,194625,238886437,0
211,238919672,8.0268,433235,238486437,0
212,238681062,8.0709,194625,238486437,0
213,238519672,8.1126,433235,238086437,0
214,238281062,8.1577,194625,238086437,0
215,238119672,8.2054,433235,237686437,0
216,237881062,8.2472,194625,237686437,0
217,237719672,8.2889,433235,237286437,0
218,237481062,8.3307,194625,237286437,0
219,237319672,8.3726,433235,236886437,0
220,237081062,8.4182,194625,236886437,0
221,236919672,8.4607,433235,236486437,0
222,236681062,8.5028,194625,236486437,0
223,236519672,8.5445,433235,236086437,0
224,236281062,8.5858,194625,236086437,0
225,236119672,8.6275,433235,235686437,0
226,235881062,8.6691,194625,235686437,0
227,235719672,8.7108,433235,235286437,0
228,235481062,8.7538,194625,235286437,0
229,235319672,8.7984,433235,234886437,0
230,235081062,8.8398,194625,234886437,0
231,234919672,8.8814,433235,234486437,0
232,234681062,8.9229,194625,234486437,0
233,234519672,8.9647,433235,234086437,0
234,234281062,9.0082,194625,234086437,0
235,234119672,9.0501,433235,233686437,0
236,233965357,9.0916,433235,233359372,172750
237,233792607,9.1337,433235,233359372,0
238,233685682,9.1755,326310,233359372,0
239,225685682,9.2173,326310,225359372,0
240,222487858,9.2589,433235,222054623,0
241,222380933,9.3005,326310,222054623,0
242,221980933,9.3418,326310,221654623,0
243,221580933,9.3837,326310,221254623,0
244,221180933,9.4253,326310,220854623,0
245,221093233,9.4669,238610,220854623,0
246,220780933,9.5095,326310,220454623,0
247,220380933,9.5511,326310,220054623,0
248,220293233,9.5924,238610,220054623,0
249,219980933,9.634,326310,219654623,0
250,219580933,9.6758,326310,219254623,0
251,219493233,9.7174,238610,219254623,0
252,219180933,9.759,326310,218854623,0
253,218780933,9.8006,326310,218454623,0
254,218693233,9.8421,238610,218454623,0
255,218380933,9.8837,326310,218054623,0
256,217980933,9.9283,326310,217654623,0
257,217893233,9.9701,238610,217654623,0
258,217580933,10.0118,326310,217254623,0
259,217180933,10.0533,326310,216854623,0
260,217093233,10.0978,238610,216854623,0
261,216780933,10.1395,326310,216454623,0
262,216380933,10.1814,326310,216054623,0
263,216293233,10.2229,238610,216054623,0
264,215980933,10.2656,326310,215654623,0
265,215580933,10.3077,326310,215254623,0
266,215493233,10.349,238610,215254623,0
267,215180933,10.3903,326310,214854623,0
268,214780933,10.4316,326310,214454623,0
269,214693233,10.4731,238610,214454623,0
270,214380933,10.5146,326310,214054623,0
271,213980933,10.5562,326310,213654623,0
272,213893233,10.5974,238610,213654623,0
273,213580933,10.6386,326310,213254623,0
274,213180933,10.6802,326310,212854623,0
275,213093233,10.7216,238610,212854623,0
276,212780933,10.763,326310,212454623,0
277,212380933,10.8043,326310,212054623,0
278,212293233,10.8456,238610,212054623,0
279,211980933,10.8868,326310,211654623,0
280,211580933,10.9281,326310,211254623,0
281,211493233,10.9695,238610,211254623,0
282,211180933,11.0111,326310,210854623,0
283,210780933,11.0527,326310,210454623,0
284,210693233,11.094,238610,210454623,0
285,210380933,11.1365,326310,210054623,0
286,209980933,11.1811,326310,209654623,0
287,209893233,11.2249,238610,209654623,0
288,209580933,11.2672,326310,209254623,0
289,209180933,11.3088,326310,208854623,0
290,209093233,11.3502,238610,208854623,0
291,208780933,11.3915,326310,208454623,0
292,208380933,11.4348,326310,208054623,0
293,208293233,11.4769,238610,208054623,0
294,207980933,11.5184,326310,207654623,0
295,207580933,11.5597,326310,207254623,0
296,207493233,11.601,238610,207254623,0
297,207180933,11.6421,326310,206854623,0
298,206780933,11.6834,326310,206454623,0
299,206693233,11.7247,238610,206454623,0
300,206380933,11.7708,326310,206054623,0
301,205980933,11.8129,326310,205654623,0
302,205893233,11.8544,238610,205654623,0
303,205580933,11.8958,326310,205254623,0
304,205180933,11.9378,326310,204854623,0
305,205093233,11.9798,238610,204854623,0
306,204780933,12.0216,326310,204454623,0
307,204380933,12.0632,326310,204054623,0
308,204293233,12.1047,238610,204054623,0
309,203980933,12.1461,326310,203654623,0
310,203580933,12.1876,326310,203254623,0
311,203493233,12.2292,238610,203254623,0
312,203180933,12.2707,326310,202854623,0
313,202780933,12.3123,326310,202454623,0
314,202693233,12.3539,238610,202454623,0
315,202380933,12.3956,326310,202054623,0
316,201980933,12.437,326310,201654623,0
317,201893233,12.4785,238610,201654623,0
318,201580933,12.5201,326310,201254623,0
319,201180933,12.5617,326310,200854623,0
320,201093233,12.6029,238610,200854623,0
321,200780933,12.6446,326310,200454623,0
322,200380933,12.6869,326310,200054623,0
323,200293233,12.7285,238610,200054623,0
324,199980933,12.7699,326310,199654623,0
325,199580933,12.8124,326310,199254623,0
326,199493233,12.8538,238610,199254623,0
327,199180933,12.8952,326310,198854623,0
328,198780933,12.9365,326310,198454623,0
329,198693233,12.978,238610,198454623,0
330,198380933,13.0193,326310,198054623,0
331,197980933,13.0608,326310,197654623,0
332,197893233,13.102,238610,197654623,0
333,197580933,13.1434,326310,197254623,0
334,197180933,13.1853,326310,196854623,0
335,197093233,13.2268,238610,196854623,0
336,196780933,13.2688,326310,196454623,0
337,196380933,13.3103,326310,196054623,0
338,196293233,13.3517,238610,196054623,0
339,195980933,13.3929,326310,195654623,0
340,195580933,13.4344,326310,195254623,0
341,195493233,13.4762,238610,195254623,0
342,195180933,13.5176,326310,194854623,0
343,194780933,13.5589,326310,194454623,0
344,194693233,13.6001,238610,194454623,0
345,194380933,13.6413,326310,194054623,0
346,193980933,13.6826,326310,193654623,0
347,193893233,13.7242,238610,193654623,0
348,193580933,13.7658,326310,193254623,0
349,193180933,13.8072,326310,192854623,0
350,193093233,13.8486,238610,192854623,0
351,192780933,13.8901,326310,192454623,0
352,192380933,13.9316,326310,192054623,0
353,192293233,13.9729,238610,192054623,0
354,191980933,14.0145,326310,191654623,0
355,191580933,14.056,326310,191254623,0
356,191493233,14.0973,238610,191254623,0
357,191180933,14.1392,326310,190854623,0
358,190780933,14.1856,326310,190454623,0
359,190693233,14.2308,238610,190454623,0
360,190380933,14.2724,326310,190054623,0
361,189980933,14.3139,326310,189654623,0
362,189893233,14.3551,238610,189654623,0
363,189580933,14.3963,326310,189254623,0
364,189180933,14.4392,326310,188854623,0
365,189093233,14.4814,238610,188854623,0
366,188780933,14.5231,326310,188454623,0
367,188380933,14.5647,326310,188054623,0
368,188293233,14.6071,238610,188054623,0
369,187980933,14.6488,326310,187654623,0
370,187580933,14.6903,326310,187254623,0
371,187493233,14.7318,238610,187254623,0
372,187180933,14.7781,326310,186854623,0
373,186780933,14.8197,326310,186454623,0
374,186693233,14.8608,238610,186454623,0
375,186380933,14.9023,326310,186054623,0
376,185980933,14.9436,326310,185654623,0
377,185893233,14.9856,238610,185654623,0
378,185580933,15.0276,326310,185254623,0
379,185180933,15.0691,326310,184854623,0
380,185093233,15.1103,238610,184854623,0
381,184780933,15.1523,326310,184454623,0
382,184380933,15.1938,326310,184054623,0
383,184293233,15.2352,238610,184054623,0
384,183980933,15.2769,326310,183654623,0
385,183580933,15.3183,326310,183254623,0
386,183493233,15.3595,238610,183254623,0
387,183180933,15.4009,326310,182854623,0
388,182780933,15.4424,326310,182454623,0
389,182693233,15.4838,238610,182454623,0
390,182380933,15.5256,326310,182054623,0
391,181980933,15.5674,326310,181654623,0
392,181893233,15.6086,238610,181654623,0
393,181826118,15.6513,171495,181654623,0
394,181654623,15.6929,0,181654623,0
395,181493233,15.7344,238610,181254623,0
396,181254623,15.776,0,181254623,0
397,181093233,15.8174,238610,180854623,0
398,180854623,15.8588,0,180854623,0
399,180693233,15.9003,238610,180454623,0
400,180454623,15.9416,0,180454623,0
401,180293233,15.9835,238610,180054623,0
402,180054623,16.0253,0,180054623,0
403,179893233,16.0669,238610,179654623,0
404,179654623,16.1085,0,179654623,0
405,179493233,16.15,238610,179254623,0
406,179254623,16.1917,0,179254623,0
407,179093233,16.2331,238610,178854623,0
408,178854623,16.2752,0,178854623,0
409,178693233,16.3169,238610,178454623,0
410,178454623,16.3582,0,178454623,0
411,178293233,16.3996,238610,178054623,0
412,178054623,16.4409,0,178054623,0
413,177893233,16.4823,238610,177654623,0
414,177654623,16.5236,0,177654623,0
415,177493233,16.5651,238610,177254623,0
416,177254623,16.6065,0,177254623,0
417,177093233,16.6479,238610,176854623,0
418,176854623,16.6891,0,176854623,0
419,176693233,16.7305,238610,176454623,0
420,176454623,16.772,0,176454623,0
421,176293233,16.8133,238610,176054623,0
422,176054623,16.8549,0,176054623,0
423,175893233,16.8964,238610,175654623,0
424,175654623,16.9377,0,175654623,0
425,175493233,16.9793,238610,175254623,0
426,175254623,17.0209,0,175254623,0
427,175093233,17.0626,238610,174854623,0
428,174854623,17.1042,0,174854623,0
429,174693233,17.147,238610,174454623,0
430,174454623,17.1959,0,174454623,0
431,174293233,17.2377,238610,174054623,0
432,174054623,17.2793,0,174054623,0
433,173893233,17.3206,238610,173654623,0
434,173826118,17.362,171495,173654623,0
435,173654623,17.4033,0,173654623,0
436,173493233,17.446,238610,173254623,0
437,173254623,17.4886,0,173254623,0
438,173093233,17.5307,238610,172854623,0
439,172854623,17.5725,0,172854623,0
440,172693233,17.614,238610,172454623,0
441,172454623,17.6558,0,172454623,0
442,172293233,17.6974,238610,172054623,0
443,172054623,17.7388,0,172054623,0
444,171893233,17.7838,238610,171654623,0
445,171654623,17.8267,0,171654623,0
446,171493233,17.8681,238610,171254623,0
447,171254623,17.9095,0,171254623,0
448,171093233,17.9508,238610,170854623,0
449,170854623,17.993,0,170854623,0
450,170693233,18.0347,238610,170454623,0
451,170454623,18.0761,0,170454623,0
452,170293233,18.1174,238610,170054623,0
453,170054623,18.1587,0,170054623,0
454,169893233,18.2001,238610,169654623,0
455,169654623,18.2416,0,169654623,0
456,169493233,18.2834,238610,169254623,0
457,169254623,18.325,0,169254623,0
458,169093233,18.3663,238610,168854623,0
459,168854623,18.4078,0,168854623,0
460,168693233,18.4495,238610,168454623,0
461,168454623,18.491,0,168454623,0
462,168293233,18.5325,238610,168054623,0
463,168054623,18.574,0,168054623,0
464,167893233,18.6153,238610,167654623,0
465,167654623,18.6567,0,167654623,0
466,167654623,18.6982,0,167654623,0
467,167654623,18.7399,0,167654623,0
468,226974783,18.7582,4393095,222581688,0
469,297357184,18.7758,15385590,281971594,0
470,372357184,18.793,15385590,356971594,0
471,297357184,18.8353,15385590,281971594,0
472,226974783,18.8772,4393095,222581688,0
473,167654623,18.9186,0,167654623,0
474,167654623,18.9601,0,167654623,0
475,167654623,19.0018,0,167654623,0
476,341234161,19.0204,98790580,237176144,5267437
477,553376374,19.0379,237884135,310224802,5267437
478,794421024,19.0557,403928785,385224802,5267437
479,553376374,19.0982,237884135,310224802,5267437
480,341234161,19.14,98790580,237176144,5267437
481,167654623,19.1816,0,167654623,0
482,167654623,19.2236,0,167654623,0
483,167654623,19.266,0,167654623,0
484,442890628,19.2844,275236005,167654623,0
485,567707358,19.3019,400052735,167654623,0
486,845640528,19.3195,677985905,167654623,0
487,567707358,19.3615,400052735,167654623,0
488,296187603,19.4029,128532980,167654623,0
489,195951598,19.4445,28296975,167654623,0
490,167654623,19.4863,0,167654623,0
491,167254623,19.5278,0,167254623,0
492,167254623,19.57,0,167254623,0
493,167254623,19.6124,0,167254623,0
494,415671948,19.6312,248417325,167254623,0
495,763730368,19.6489,248417325,237559372,277753671
496,1133401014,19.6667,525572330,312559372,295269312
497,520976697,19.7092,248417325,272559372,0
498,272559372,19.751,0,272559372,0
499,202254623,19.7928,0,202254623,0
500,202254623,19.8345,0,202254623,0
501,202254623,19.8763,0,202254623,0
502,274637024,19.8943,12992495,261644529,0
503,349564089,19.9118,12992495,336571594,0
504,424564089,19.9294,12992495,411571594,0
505,349564089,19.9717,12992495,336571594,0
506,274637024,20.0134,12992495,261644529,0
507,202254623,20.0549,0,202254623,0
508,202254623,20.0968,0,202254623,0
509,202254623,20.1392,0,202254623,0
510,416396836,20.1585,141093555,275303281,0
511,589976374,20.1817,239884135,344824802,5267437
512,1095559575,20.2005,754109525,308224802,33225248
513,589976374,20.2431,239884135,344824802,5267437
514,375834161,20.2851,98790580,271776144,5267437
515,202254623,20.3267,0,202254623,0
516,202254623,20.3686,0,202254623,0
517,202254623,20.4114,0,202254623,0
518,520187793,20.431,317933170,202254623,0
519,1041415338,20.4489,839160715,202254623,0
520,1028156323,20.4663,825901700,202254623,0
521,1280879123,20.4841,1003624500,277254623,0
522,1928433498,20.5022,1651178875,277254623,0
523,1280879123,20.5444,1003624500,277254623,0
524,962945953,20.5863,685691330,277254623,0
525,738372883,20.6282,461118260,277254623,0
526,454977423,20.67,177722800,277254623,0
527,202254623,20.7113,0,202254623,0
528,202254623,20.7556,0,202254623,0
529,186243043,20.8001,23988420,162254623,0
530,173761558,20.8416,11506935,162254623,0
531,162254623,20.8844,0,162254623,0
532,161854623,20.9282,0,161854623,0
533,161454623,20.9712,0,161454623,0
534,161054623,21.0132,0,161054623,0
535,160654623,21.055,0,160654623,0
536,160254623,21.0965,0,160254623,0
537,159854648,21.138,0,159854648,0
538,159542348,21.1813,87700,159454648,0
539,159142348,21.2232,87700,159054648,0
540,159054648,21.2648,0,159054648,0
541,158742348,21.3064,87700,158654648,0
542,158342348,21.3479,87700,158254648,0
543,158254648,21.3894,0,158254648,0
544,157942348,21.431,87700,157854648,0
545,157542348,21.4723,87700,157454648,0
546,157454648,21.5137,0,157454648,0
547,157142348,21.5553,87700,157054648,0
548,156742348,21.5969,87700,156654648,0
549,156654648,21.6385,0,156654648,0
550,156342348,21.68,87700,156254648,0
551,155942348,21.7213,87700,155854648,0
552,155854648,21.7627,0,155854648,0
553,155854648,21.8041,0,155854648,0
554,155854648,21.8457,0,155854648,0
555,230237049,21.8641,14992495,215244554,0
556,305164114,21.8818,14992495,290171619,0
557,473476215,21.8991,113783075,359693140,0
558,305164114,21.9414,14992495,290171619,0
559,230237049,21.9829,14992495,215244554,0
560,155854648,22.0246,0,155854648,0
561,155854648,22.0663,0,155854648,0
562,155854648,22.1081,0,155854648,0
563,346481223,22.1265,190626575,155854648,0
564,562623436,22.1442,333720130,228903306,0
565,811346236,22.1618,507442930,303903306,0
566,562623436,22.2041,333720130,228903306,0
567,346481223,22.2461,190626575,155854648,0
568,155854648,22.2883,0,155854648,0
569,155854648,22.3303,0,155854648,0
570,155854648,22.3726,0,155854648,0
571,441250108,22.3912,285395460,155854648,0
572,753948348,22.409,598093700,155854648,0
573,1168372640,22.4274,810248705,230854623,127269312
574,753948348,22.4693,598093700,155854648,0
575,441250108,22.511,285395460,155854648,0
576,155854648,22.5526,0,155854648,0
577,155854648,22.5949,0,155854648,0
578,147854648,22.6366,0,147854648,0
579,147854648,22.6797,0,147854648,0
580,147854648,22.7222,0,147854648,0
581,222854648,22.7404,0,222854648,0
582,600325853,22.7583,377471205,222854648,0
583,1083860438,22.7764,861005790,222854648,0
584,706389233,22.8186,483534585,222854648,0
585,631389233,22.8605,483534585,147854648,0
586,147854648,22.9027,0,147854648,0
587,147854648,22.9449,0,147854648,0
588,147854648,22.9873,0,147854648,0
589,222781713,23.0054,0,222781713,0
590,337164114,23.023,54992495,282171619,0
591,505476215,23.041,153783075,351693140,0
592,337164114,23.0838,54992495,282171619,0
593,222781713,23.1255,0,222781713,0
594,147854648,23.1693,0,147854648,0
595,139854648,23.2167,0,139854648,0
596,138748003,23.2591,6893355,131854648,0
597,136748003,23.3008,4893355,131854648,0
598,134748003,23.3424,2893355,131854648,0
599,132748003,23.3842,893355,131854648,0
600,131854648,23.4278,0,131854648,0
601,131854648,23.4699,0,131854648,0
602,131854648,23.5119,0,131854648,0
603,324481223,23.5302,192626575,131854648,0
604,580623436,23.5477,375720130,204903306,0
605,789346236,23.5653,509442930,279903306,0
606,533204023,23.6068,326349375,206854648,0
607,340577448,23.6484,133722800,206854648,0
608,131854648,23.6898,0,131854648,0
609,131854648,23.7317,0,131854648,0
610,131854648,23.7785,0,131854648,0
611,442552888,23.7967,310698240,131854648,0
612,517552888,23.8141,310698240,206854648,0
613,961087473,23.832,754232825,206854648,0
614,650389233,23.8742,443534585,206854648,0
615,575389233,23.9162,443534585,131854648,0
616,131854648,23.9588,0,131854648,0
617,131854648,24.0014,0,131854648,0
618,131854648,24.0438,0,131854648,0
619,305434186,24.0621,98790580,201376169,5267437
620,414549150,24.0797,153783075,260766075,0
621,489476215,24.0983,153783075,335693140,0
622,321164114,24.1424,54992495,266171619,0
623,206781713,24.1847,0,206781713,0
624,131854648,24.2265,0,131854648,0
625,131454648,24.2681,0,131454648,0
626,131454648,24.3113,0,131454648,0
627,131454648,24.355,0,131454648,0
628,555026583,24.3741,423571935,131454648,0
629,1140262588,24.3924,1008807940,131454648,0
630,1491496223,24.4105,1360041575,131454648,0
631,1033607423,24.453,902152775,131454648,0
632,610035488,24.4949,478580840,131454648,0
633,199799483,24.537,68344835,131454648,0
634,190535338,24.5788,67080690,123454648,0
635,151799483,24.6204,28344835,123454648,0
636,123454648,24.6628,0,123454648,0
637,115454648,24.7052,0,115454648,0
638,115142348,24.7467,87700,115054648,0
639,114742348,24.7885,87700,114654648,0
640,114654648,24.8302,0,114654648,0
641,114342348,24.8714,87700,114254648,0
642,113942348,24.9129,87700,113854648,0
643,113854648,24.9551,0,113854648,0
644,113542348,24.9976,87700,113454648,0
645,113142348,25.0395,87700,113054648,0
646,113054648,25.0811,0,113054648,0
647,112742348,25.1242,87700,112654648,0
648,112342348,25.1659,87700,112254648,0
649,112254648,25.2074,0,112254648,0
650,111942348,25.2496,87700,111854648,0
651,111756848,25.2926,87700,111669148,0
652,111669148,25.3346,0,111669148,0
653,111356848,25.3765,87700,111269148,0
654,111269148,25.4186,0,111269148,0
655,110956848,25.46,87700,110869148,0
656,110869148,25.5019,0,110869148,0
657,110556848,25.5442,87700,110469148,0
658,110469148,25.5863,0,110469148,0
659,110156848,25.628,87700,110069148,0
660,110069148,25.6696,0,110069148,0
661,109756848,25.7112,87700,109669148,0
662,109669148,25.7535,0,109669148,0
663,109356848,25.7958,87700,109269148,0
664,109269148,25.8382,0,109269148,0
665,108956848,25.8801,87700,108869148,0
666,108869148,25.9217,0,108869148,0
667,108556848,25.9633,87700,108469148,0
668,108469148,26.0051,0,108469148,0
669,108156848,26.0471,87700,108069148,0
670,108069148,26.0891,0,108069148,0
671,107756848,26.1313,87700,107669148,0
672,107669148,26.1777,0,107669148,0
673,107669148,26.2227,0,107669148,0
674,107669148,26.2657,0,107669148,0
675,182454648,26.2845,0,182454648,0
676,257381713,26.3021,0,257381713,0
677,371616568,26.3197,114234855,257381713,0
678,257381713,26.362,0,257381713,0
679,182454648,26.4037,0,182454648,0
680,107669148,26.4466,0,107669148,0
681,107669148,26.4884,0,107669148,0
682,107669148,26.5307,0,107669148,0
683,224051549,26.5491,56992495,167059054,0
684,411781854,26.5671,169722800,242059054,0
685,620093955,26.5848,308513380,311580575,0
686,410371155,26.627,138790580,271580575,0
687,202059054,26.6687,0,202059054,0
688,142669148,26.7101,0,142669148,0
689,142669148,26.7532,0,142669148,0
690,142669148,26.7989,0,142669148,0
691,377295723,26.8174,234626575,142669148,0
692,770599563,26.8353,627930415,142669148,0
693,1307657983,26.853,627930415,212973897,466753671
694,770599563,26.8955,627930415,142669148,0
695,377295723,26.9372,234626575,142669148,0
696,142669148,26.9793,0,142669148,0
697,142669148,27.0215,0,142669148,0
698,142669148,27.0642,0,142669148,0
699,771468213,27.0834,628799065,142669148,0
700,1079181788,27.1017,936512640,142669148,0
701,1614708218,27.1196,1472039070,142669148,0
702,1079181788,27.162,936512640,142669148,0
703,740464278,27.2039,597795130,142669148,0
704,261243768,27.2458,118574620,142669148,0
705,237548578,27.2878,94879430,142669148,0
706,221243768,27.3299,78574620,142669148,0
707,213243768,27.3739,78574620,134669148,0
708,212931468,27.4171,78662320,134269148,0
709,212843768,27.4594,78574620,134269148,0
710,212843768,27.501,78574620,134269148,0
711,212843768,27.5429,78574620,134269148,0
712,287629268,27.5616,78574620,209054648,0
713,362556333,27.5793,78574620,283981713,0
714,476791188,27.5967,192809475,283981713,0
715,362556333,27.6396,78574620,283981713,0
716,287629268,27.6813,78574620,209054648,0
717,212843768,27.7226,78574620,134269148,0
718,195513658,27.7639,101244510,94269148,0
719,195513658,27.8064,101244510,94269148,0
720,195513658,27.8493,101244510,94269148,0
721,336896059,27.8679,183237005,153659054,0
722,340203889,27.8865,186544835,153659054,0
723,548515990,27.9051,325335415,223180575,0
724,340203889,27.9495,186544835,153659054,0
725,198821488,27.9914,104552340,94269148,0
726,195513658,28.0334,101244510,94269148,0
727,195513658,28.0757,101244510,94269148,0
728,172843768,28.1176,78574620,94269148,0
729,172843768,28.1598,78574620,94269148,0
730,144350703,28.203,50081555,94269148,0
731,132843768,28.2448,38574620,94269148,0
732,110573958,28.2871,16304810,94269148,0
733,94269148,28.3284,0,94269148,0
734,93869148,28.3702,0,93869148,0
735,93469148,28.4117,0,93469148,0
736,93069148,28.4535,0,93069148,0
737,92669148,28.495,0,92669148,0
738,92269148,28.5366,0,92269148,0
739,91869148,28.5781,0,91869148,0
740,91469148,28.6199,0,91469148,0
741,91069148,28.6614,0,91069148,0
742,90756848,28.7029,87700,90669148,0
743,90669148,28.7446,0,90669148,0
744,90356848,28.7863,87700,90269148,0
745,90269148,28.8275,0,90269148,0
746,89956848,28.8692,87700,89869148,0
747,89869148,28.9107,0,89869148,0
748,89556848,28.9527,87700,89469148,0
749,89469148,28.9948,0,89469148,0
750,89469148,29.0365,0,89469148,0
751,89469148,29.0781,0,89469148,0
752,160402318,29.0967,70933170,89469148,0
753,235187818,29.1144,70933170,164254648,0
754,310114883,29.1321,70933170,239181713,0
755,235187818,29.1794,70933170,164254648,0
756,160402318,29.2347,70933170,89469148,0
757,89469148,29.2766,0,89469148,0
758,89469148,29.3205,0,89469148,0
759,89469148,29.3637,0,89469148,0
760,213245148,29.3827,123776000,89469148,0
761,370627549,29.4005,221768495,148859054,0
762,574769762,29.4192,368862050,205907712,0
763,370627549,29.462,221768495,148859054,0
764,213245148,29.5039,123776000,89469148,0
765,89469148,29.546,0,89469148,0
766,89469148,29.5884,0,89469148,0
767,89469148,29.6305,0,89469148,0
768,293191948,29.6495,128722800,164469148,0
769,506771486,29.6676,267513380,233990669,5267437
770,966124217,29.6856,506139955,233990669,225993593
771,506771486,29.729,267513380,233990669,5267437
772,293191948,29.7753,128722800,164469148,0
773,89469148,29.8168,0,89469148,0
774,89469148,29.8588,0,89469148,0
775,89069148,29.9002,0,89069148,0
776,89069148,29.9426,0,89069148,0
777,89069148,29.9858,0,89069148,0
778,428641083,30.005,339571935,89069148,0
779,1055608727,30.0232,945139605,110469122,0
780,1469143312,30.041,1358674190,110469122,0
781,842175668,30.0832,753106520,89069148,0
782,502603733,30.1249,413534585,89069148,0
783,89069148,30.1667,0,89069148,0
784,89069148,30.2085,0,89069148,0
785,89069148,30.2514,0,89069148,0
786,163854648,30.27,0,163854648,0
787,238781713,30.2877,0,238781713,0
788,349714883,30.3051,110933170,238781713,0
789,274787818,30.3479,110933170,163854648,0
790,163854648,30.3894,0,163854648,0
791,89069148,30.4307,0,89069148,0
792,81069148,30.4719,0,81069148,0
793,80669148,30.5134,0,80669148,0
794,80269148,30.5554,0,80269148,0
795,79869148,30.597,0,79869148,0
796,79469148,30.6385,0,79469148,0
797,79307758,30.6799,238610,79069148,0
798,79069148,30.7212,0,79069148,0
799,78907758,30.7627,238610,78669148,0
800,78669148,30.8042,0,78669148,0
801,78507758,30.8456,238610,78269148,0
802,78269148,30.8872,0,78269148,0
803,78107758,30.9287,238610,77869148,0
804,77869148,30.9708,0,77869148,0
805,77707758,31.0127,238610,77469148,0
806,77469148,31.0543,0,77469148,0
807,77307758,31.0959,238610,77069148,0
808,77240643,31.1373,171495,77069148,0
809,77069148,31.1786,0,77069148,0
810,76907758,31.2201,238610,76669148,0
811,76840643,31.2621,171495,76669148,0
812,76669148,31.3038,0,76669148,0
813,76507758,31.3453,238610,76269148,0
814,76440643,31.3869,171495,76269148,0
815,76269148,31.4288,0,76269148,0
816,76107758,31.4706,238610,75869148,0
817,76040643,31.5121,171495,75869148,0
818,75869148,31.5537,0,75869148,0
819,75707758,31.5954,238610,75469148,0
820,75640643,31.6375,171495,75469148,0
821,75469148,31.6792,0,75469148,0
822,75307758,31.7208,238610,75069148,0
823,75240643,31.7624,171495,75069148,0
824,75069148,31.8042,0,75069148,0
825,74907758,31.8458,238610,74669148,0
826,74840643,31.8872,171495,74669148,0
827,74669148,31.9286,0,74669148,0
828,74507758,31.9698,238610,74269148,0
829,74440643,32.0114,171495,74269148,0
830,74269148,32.0531,0,74269148,0
831,74107758,32.0946,238610,73869148,0
832,74040643,32.1363,171495,73869148,0
833,73869148,32.18,0,73869148,0
834,73707758,32.2219,238610,73469148,0
835,73640643,32.2639,171495,73469148,0
836,73479253,32.3055,410105,73069148,0
837,73479253,32.347,410105,73069148,0
838,73479253,32.3884,410105,73069148,0
839,108784002,32.4073,410105,108373897,0
840,183569502,32.4305,410105,183159397,0
841,258496567,32.4482,410105,258086462,0
842,183569502,32.491,410105,183159397,0
843,108784002,32.5327,410105,108373897,0
844,73479253,32.5743,410105,73069148,0
845,73479253,32.6168,410105,73069148,0
846,73479253,32.6599,410105,73069148,0
847,199255253,32.6792,126186105,73069148,0
848,350188423,32.6972,277119275,73069148,0
849,509570824,32.7145,377111770,132459054,0
850,350188423,32.7591,277119275,73069148,0
851,199255253,32.8024,126186105,73069148,0
852,73479253,32.8475,410105,73069148,0
853,73479253,32.8911,410105,73069148,0
854,73479253,32.9336,410105,73069148,0
855,287058791,32.9525,139200685,142590669,5267437
856,670331191,32.9702,447473085,217590669,5267437
857,1147683922,32.9916,704099660,217590669,225993593
858,670331191,33.0344,447473085,217590669,5267437
859,287058791,33.0761,139200685,142590669,5267437
860,73479253,33.1179,410105,73069148,0
861,73079253,33.1597,410105,72669148,0
862,73079253,33.2021,410105,72669148,0
863,73079253,33.2446,410105,72669148,0
864,585064733,33.2638,512395585,72669148,0
865,1172032377,33.2821,1077963255,94069122,0
866,1763571112,33.3003,1669501990,94069122,0
867,1172032377,33.3431,1077963255,94069122,0
868,585064733,33.3849,512395585,72669148,0
869,73079253,33.4264,410105,72669148,0
870,73079253,33.4683,410105,72669148,0
871,73079253,33.5102,410105,72669148,0
872,148006318,33.5294,410105,147596213,0
873,222791818,33.547,410105,222381713,0
874,258096567,33.5642,410105,257686462,0
875,183169502,33.6071,410105,182759397,0
876,108384002,33.6491,410105,107973897,0
877,73079253,33.6908,410105,72669148,0
878,73079253,33.7327,410105,72669148,0
879,73079253,33.7746,410105,72669148,0
880,234461654,33.7936,102402600,132059054,0
881,425394824,33.8112,293335770,132059054,0
882,553170824,33.829,421111770,132059054,0
883,391788423,33.8714,319119275,72669148,0
884,200855253,33.9133,128186105,72669148,0
885,73079253,33.955,410105,72669148,0
886,73079253,33.9973,410105,72669148,0
887,73079253,34.04,410105,72669148,0
888,566198138,34.059,257036680,72669148,236492310
889,1201669343,34.0772,892507885,72669148,236492310
890,1399482727,34.0958,1031298465,142190669,225993593
891,764011522,34.1405,395827260,142190669,225993593
892,286658791,34.1828,139200685,142190669,5267437
893,73079253,34.2244,410105,72669148,0
894,72679253,34.267,410105,72269148,0
895,72679253,34.3096,410105,72269148,0
896,72679253,34.3521,410105,72269148,0
897,660217988,34.3714,587948840,72269148,0
898,1247185632,34.3899,1153516510,93669122,0
899,1652653132,34.4079,1578444945,74208187,0
900,877724697,34.4511,803516510,74208187,0
901,465185962,34.4933,390977775,74208187,0
902,53218318,34.5352,410105,52808213,0
903,52906018,34.5767,497805,52408213,0
904,52818318,34.6185,410105,52408213,0
905,52506018,34.6604,497805,52008213,0
906,52418318,34.7022,410105,52008213,0
907,52106018,34.7441,497805,51608213,0
908,52018318,34.7855,410105,51608213,0
909,51706018,34.8269,497805,51208213,0
910,51618318,34.8686,410105,51208213,0
911,51306018,34.9105,497805,50808213,0
912,51218318,34.9522,410105,50808213,0
913,50906018,34.9941,497805,50408213,0
914,50818318,35.0357,410105,50408213,0
915,50506018,35.0771,497805,50008213,0
916,50418318,35.1191,410105,50008213,0
917,50106018,35.1635,497805,49608213,0
918,50018318,35.2092,410105,49608213,0
919,49706018,35.2555,497805,49208213,0
920,49618318,35.2977,410105,49208213,0
921,49536768,35.3393,497805,49038963,0
922,49449068,35.3809,410105,49038963,0
923,49449068,35.4266,410105,49038963,0
924,49449068,35.4695,410105,49038963,0
925,84753817,35.4885,410105,84343712,0
926,159539317,35.5061,410105,159129212,0
927,234466382,35.5235,410105,234056277,0
928,159539317,35.5662,410105,159129212,0
929,84753817,35.6085,410105,84343712,0
930,49449068,35.6512,410105,49038963,0
931,49449068,35.6946,410105,49038963,0
932,49449068,35.7374,410105,49038963,0
933,179225068,35.7592,130186105,49038963,0
934,342607469,35.7793,234178600,108428869,0
935,573540639,35.7976,465111770,108428869,0
936,342607469,35.8408,234178600,108428869,0
937,179225068,35.8831,130186105,49038963,0
938,49449068,35.9244,410105,49038963,0
939,49449068,35.9665,410105,49038963,0
940,49449068,36.0105,410105,49038963,0
941,370614419,36.0296,290053935,80560484,0
942,782582063,36.0482,680621605,101960458,0
943,1294567543,36.0659,1192607085,101960458,0
944,782582063,36.109,680621605,101960458,0
945,370614419,36.1511,290053935,80560484,0
946,49449068,36.1932,410105,49038963,0
947,41449068,36.2353,410105,41038963,0
948,41449068,36.2777,410105,41038963,0
949,41449068,36.3206,410105,41038963,0
950,571866393,36.3403,530827430,41038963,0
951,1124118393,36.3587,1083079430,41038963,0
952,1354292623,36.3767,1313253660,41038963,0
953,890780403,36.4199,849741440,41038963,0
954,472309198,36.4622,431270235,41038963,0
955,116891873,36.5052,75852910,41038963,0
956,76891873,36.5477,35852910,41038963,0
957,48321528,36.5909,7282565,41038963,0
958,48321528,36.6334,7282565,41038963,0
959,48321528,36.677,7282565,41038963,0
960,83626277,36.696,7282565,76343712,0
961,158411777,36.7137,7282565,151129212,0
962,233338842,36.7315,7282565,226056277,0
963,158411777,36.7747,7282565,151129212,0
964,83626277,36.8167,7282565,76343712,0
965,48321528,36.8587,7282565,41038963,0
966,40321528,36.9007,7282565,33038963,0
967,33449068,36.9423,410105,33038963,0
968,33277573,36.9844,238610,33038963,0
969,33038963,37.0262,0,33038963,0
970,32877573,37.0682,238610,32638963,0
971,32638963,37.1103,0,32638963,0
972,32477573,37.1521,238610,32238963,0
973,32238963,37.1938,0,32238963,0
974,32077573,37.2452,238610,31838963,0
975,31838963,37.2874,0,31838963,0
976,31677573,37.329,238610,31438963,0
977,31438963,37.3706,0,31438963,0
978,31277573,37.4122,238610,31038963,0
979,31038963,37.4539,0,31038963,0
980,30877573,37.4955,238610,30638963,0
981,30638963,37.537,0,30638963,0
982,30477573,37.5785,238610,30238963,0
983,30238963,37.6203,0,30238963,0
984,30077573,37.662,238610,29838963,0
985,29838963,37.7037,0,29838963,0
986,29677573,37.7465,238610,29438963,0
987,29438963,37.789,0,29438963,0
988,29277573,37.8308,238610,29038963,0
989,29038963,37.8726,0,29038963,0
990,28877573,37.9145,238610,28638963,0
991,28638963,37.9561,0,28638963,0
992,28477573,37.9977,238610,28238963,0
993,28238963,38.0398,0,28238963,0
994,28077573,38.0816,238610,27838963,0
995,27838963,38.1237,0,27838963,0
996,27677573,38.1704,238610,27438963,0
997,27438963,38.2175,0,27438963,0
998,27277573,38.2597,238610,27038963,0
999,27038963,38.3028,0,27038963,0
1000,26877573,38.3453,238610,26638963,0
1001,26638963,38.3872,0,26638963,0
1002,26477573,38.4333,238610,26238963,0
1003,26238963,38.475,0,26238963,0
1004,26077573,38.5169,238610,25838963,0
1005,25838963,38.5587,0,25838963,0
1006,25677573,38.6113,238610,25438963,0
1007,25610458,38.6771,171495,25438963,0
1008,25438963,38.7439,0,25438963,0
1009,25277573,38.8141,238610,25038963,0
1010,25038963,38.8829,0,25038963,0
1011,25038963,38.9515,0,25038963,0
1012,25038963,39.005,0,25038963,0
1013,60343712,39.0243,0,60343712,0
1014,128582795,39.0422,3581740,119733618,5267437
1015,203368295,39.0597,3581740,194519118,5267437
1016,128582795,39.1027,3581740,119733618,5267437
1017,60343712,39.1445,0,60343712,0
1018,25038963,39.1861,0,25038963,0
1019,25038963,39.2276,0,25038963,0
1020,25038963,39.2696,0,25038963,0
1021,99966028,39.2887,0,99966028,0
1022,246131379,39.3063,114643830,131487549,0
1023,519064549,39.3238,387577000,131487549,0
1024,246131379,39.3665,114643830,131487549,0
1025,99966028,39.4082,0,99966028,0
1026,25038963,39.4501,0,25038963,0
1027,25038963,39.4923,0,25038963,0
1028,25038963,39.5344,0,25038963,0
1029,300456288,39.5534,275417325,25038963,0
1030,654631962,39.5712,608193025,46438937,0
1031,1008000747,39.5892,961561810,46438937,0
1032,626138897,39.6315,579699960,46438937,0
1033,350721572,39.6734,304282635,46438937,0
1034,171545898,39.7166,146506935,25038963,0
1035,131545898,39.7587,106506935,25038963,0
1036,130205803,39.8006,106506935,23698868,0
1037,130205803,39.8431,106506935,23698868,0
1038,130205803,39.885,106506935,23698868,0
1039,672760178,39.9044,649061310,23698868,0
1040,812119328,39.9219,788420460,23698868,0
1041,1249464163,39.9399,1225765295,23698868,0
1042,812119328,39.9823,788420460,23698868,0
1043,545865053,40.0252,522166185,23698868,0
1044,178310678,40.0679,154611810,23698868,0
1045,177046533,40.1106,153347665,23698868,0
1046,176310678,40.1527,152611810,23698868,0
1047,176310678,40.1947,152611810,23698868,0
1048,176310678,40.2367,152611810,23698868,0
1049,235700584,40.2556,152611810,83088774,0
1050,353496339,40.2736,195622065,157874274,0
1051,542838552,40.2913,344715620,198122932,0
1052,425042797,40.3342,301705365,123337432,0
1053,235700584,40.3761,152611810,83088774,0
1054,176310678,40.4182,152611810,23698868,0
1055,176310678,40.4613,152611810,23698868,0
1056,176310678,40.5045,152611810,23698868,0
1057,251237743,40.5229,152611810,98625933,0
1058,426549844,40.5407,293402390,133147454,0
1059,701483014,40.5584,568335560,133147454,0
1060,426549844,40.6016,293402390,133147454,0
1061,251237743,40.6436,152611810,98625933,0
1062,176310678,40.6854,152611810,23698868,0
1063,134451828,40.7269,110752960,23698868,0
1064,80463383,40.7689,51764540,28698843,0
1065,78463383,40.811,49764540,28698843,0
1066,77133273,40.8533,48434430,28698843,0
1067,76463383,40.896,47764540,28698843,0
1068,76463383,40.9387,47764540,28698843,0
1069,76463383,40.9813,47764540,28698843,0
1070,111768132,41,47764540,64003592,0
1071,355394707,41.0178,291391115,64003592,0
1072,867755162,41.0358,803751570,64003592,0
1073,355394707,41.0787,291391115,64003592,0
1074,111768132,41.1206,47764540,64003592,0
1075,76463383,41.1656,47764540,28698843,0
1076,41828508,41.2139,13129665,28698843,0
1077,32358508,41.2567,3659665,28698843,0
1078,32358508,41.3022,3659665,28698843,0
1079,32358508,41.3446,3659665,28698843,0
1080,110154263,41.3633,6669920,103484343,0
1081,169544169,41.381,6669920,162874249,0
1082,356886382,41.3988,153763475,203122907,0
1083,169544169,41.4464,6669920,162874249,0
1084,91748414,41.4883,3659665,88088749,0
1085,32358508,41.5305,3659665,28698843,0
1086,32358508,41.5724,3659665,28698843,0
1087,32358508,41.615,3659665,28698843,0
1088,207670609,41.6339,144450245,63220364,0
1089,282597674,41.6518,144450245,138147429,0
1090,559530844,41.6694,421383415,138147429,0
1091,282597674,41.7124,144450245,138147429,0
1092,107285573,41.7557,3659665,103625908,0
1093,32358508,41.8003,3659665,28698843,0
1094,27358533,41.8419,3659665,23698868,0
1095,23698868,41.8836,0,23698868,0
1096,23698868,41.9265,0,23698868,0
1097,23698868,41.9689,0,23698868,0
1098,610399604,41.99,585236005,25163599,0
1099,1082216334,42.0086,1057052735,25163599,0
1100,1380449969,42.0265,1355286370,25163599,0
1101,908633239,42.0695,883469640,25163599,0
1102,576059323,42.1113,552360455,23698868,0
1103,59043703,42.153,35344835,23698868,0
1104,25188468,42.1955,1489600,23698868,0
1105,23698868,42.2381,0,23698868,0
1106,23698868,42.2805,0,23698868,0
1107,23698868,42.3231,0,23698868,0
1108,59003617,42.3419,0,59003617,0
1109,306630192,42.3599,247626575,59003617,0
1110,495972405,42.3777,396720130,99252275,0
1111,248345830,42.4208,149093555,99252275,0
1112,213041081,42.463,149093555,63947526,0
1113,23698868,42.5056,0,23698868,0
1114,23698868,42.5476,0,23698868,0
1115,23698868,42.5901,0,23698868,0
1116,83088774,42.6092,0,83088774,0
1117,160884529,42.6268,3010255,157874274,0
1118,439817699,42.6452,281943425,157874274,0
1119,362021944,42.6882,278933170,83088774,0
1120,302632038,42.7301,278933170,23698868,0
1121,23698868,42.7718,0,23698868,0
1122,23698868,42.8137,0,23698868,0
1123,23698868,42.8563,0,23698868,0
1124,98625933,42.8753,0,98625933,0
1125,275938034,42.8937,142790580,133147454,0
1126,644113708,42.9119,486566280,157547428,0
1127,275938034,42.9554,142790580,133147454,0
1128,98625933,42.9972,0,98625933,0
1129,23698868,43.039,0,23698868,0
1130,23698868,43.081,0,23698868,0
1131,23698868,43.1235,0,23698868,0
1132,137933723,43.1425,114234855,23698868,0
1133,487506793,43.1604,463807925,23698868,0
1134,1036595708,43.1783,1012896840,23698868,0
1135,588393158,43.221,564694290,23698868,0
1136,39304243,43.2634,15605375,23698868,0
1137,39304243,43.3061,15605375,23698868,0
1138,39304243,43.3488,15605375,23698868,0
1139,196723863,43.3677,173024995,23698868,0
1140,736855913,43.3861,713157045,23698868,0
1141,970574388,43.4039,946875520,23698868,0
1142,725572528,43.4472,701873660,23698868,0
1143,568152908,43.489,544454040,23698868,0
1144,199735583,43.5315,176036715,23698868,0
1145,159735583,43.5732,136036715,23698868,0
1146,159735583,43.6164,136036715,23698868,0
1147,159735583,43.6592,136036715,23698868,0
1148,195040332,43.6783,136036715,59003617,0
1149,272836087,43.6964,139046970,133789117,0
1150,332225993,43.7138,139046970,193179023,0
1151,296921244,43.7572,139046970,157874274,0
1152,219125489,43.7991,136036715,83088774,0
1153,159735583,43.8407,136036715,23698868,0
1154,159735583,43.883,136036715,23698868,0
1155,144130208,43.925,120431340,23698868,0
1156,144130208,43.9671,120431340,23698868,0
1157,144130208,44.0097,120431340,23698868,0
1158,321442309,44.0288,263221920,58220389,0
1159,396369374,44.0467,263221920,133147454,0
1160,677302544,44.0651,544155090,133147454,0
1161,396369374,44.1089,263221920,133147454,0
1162,219057273,44.1551,120431340,98625933,0
1163,144130208,44.2038,120431340,23698868,0
1164,144130208,44.2463,120431340,23698868,0
1165,144130208,44.2889,120431340,23698868,0
1166,507601413,44.3083,483902545,23698868,0
1167,875777087,44.3261,827678245,48098842,0
1168,1088206712,44.344,1040107870,48098842,0
1169,724735507,44.3868,676636665,48098842,0
1170,456812817,44.4334,408713975,48098842,0
1171,263637143,44.4753,239938275,23698868,0
1172,170377298,44.5179,146678430,23698868,0
1173,130377298,44.5599,106678430,23698868,0
1174,130377298,44.6026,106678430,23698868,0
1175,130377298,44.6456,106678430,23698868,0
1176,275719511,44.6648,219771985,55947526,0
1177,498346086,44.6831,442398560,55947526,0
1178,793582091,44.7014,737634565,55947526,0
1179,498346086,44.7451,442398560,55947526,0
1180,275719511,44.7916,219771985,55947526,0
1181,130377298,44.8337,106678430,23698868,0
1182,130377298,44.8759,106678430,23698868,0
1183,130377298,44.9192,106678430,23698868,0
1184,189767204,44.938,106678430,83088774,0
1185,282735339,44.9561,124861065,157874274,0
1186,676254239,44.975,490979965,185274274,0
1187,282735339,45.0185,124861065,157874274,0
1188,189767204,45.0608,106678430,83088774,0
1189,130377298,45.1035,106678430,23698868,0
1190,103205803,45.1465,79506935,23698868,0
1191,95205803,45.1887,79506935,15698868,0
1192,95205803,45.2311,79506935,15698868,0
1193,95205803,45.2737,79506935,15698868,0
1194,170132868,45.2924,79506935,90625933,0
1195,347444969,45.3108,222297515,125147454,0
1196,639650634,45.3284,514503180,125147454,0
1197,347444969,45.3716,222297515,125147454,0
1198,170132868,45.4136,79506935,90625933,0
1199,95205803,45.4556,79506935,15698868,0
1200,55205803,45.4978,39506935,15698868,0
1201,15698868,45.5401,0,15698868,0
1202,7698868,45.5822,0,7698868,0
1203,7698868,45.6244,0,7698868,0
1204,7698868,45.6668,0,7698868,0
1205,498123160,45.6862,278155005,44698843,175269312
1206,533427909,45.704,278155005,80003592,175269312
1207,703938939,45.7218,448666035,80003592,175269312
1208,213514647,45.768,170511030,43003617,0
1209,43003617,45.8106,0,43003617,0
1210,7698868,45.8527,0,7698868,0
1211,7698868,45.896,0,7698868,0
1212,7698868,45.9382,0,7698868,0
1213,270325443,45.9574,262626575,7698868,0
1214,907879818,45.9759,900180950,7698868,0
1215,985675573,45.9936,903191205,82484368,0
1216,348121198,46.0368,265636830,82484368,0
1217,85494623,46.0789,3010255,82484368,0
1218,7698868,46.1209,0,7698868,0
1219,7698868,46.1638,0,7698868,0
1220,7698868,46.2061,0,7698868,0
1221,67088774,46.2256,0,67088774,0
1222,740559979,46.2438,673471205,67088774,0
1223,1431876664,46.2634,1364787890,67088774,0
1224,740559979,46.3072,673471205,67088774,0
1225,67088774,46.3495,0,67088774,0
1226,7698868,46.3912,0,7698868,0
1227,7698868,46.4334,0,7698868,0
1228,7698868,46.4757,0,7698868,0
1229,82625933,46.4953,0,82625933,0
1230,259938034,46.5142,142790580,117147454,0
1231,544871204,46.5319,427723750,117147454,0
1232,259938034,46.5761,142790580,117147454,0
1233,82625933,46.6181,0,82625933,0
1234,7698868,46.6603,0,7698868,0
1235,7698868,46.7032,0,7698868,0
1236,7698868,46.7454,0,7698868,0
1237,496855843,46.766,489156975,7698868,0
1238,770031517,46.7838,737932675,32098842,0
1239,1264162007,46.8019,1232063165,32098842,0
1240,451385572,46.8456,419286730,32098842,0
1241,178209898,46.8876,170511030,7698868,0
1242,7698868,46.9297,0,7698868,0
1243,7698868,46.9724,0,7698868,0
1244,7698868,47.0152,0,7698868,0
1245,476375551,47.0352,456571935,19803616,0
1246,1048910136,47.0538,1029106520,19803616,0
1247,1311536711,47.0728,1291733095,19803616,0
1248,739002126,47.1183,719198510,19803616,0
1249,270325443,47.1641,262626575,7698868,0
1250,7698868,47.2122,0,7698868,0
1251,7698868,47.2553,0,7698868,0
1252,7698868,47.2979,0,7698868,0
1253,100667003,47.3178,18182635,82484368,0
1254,738221378,47.336,655737010,82484368,0
1255,1371692583,47.3545,1289208215,82484368,0
1256,734138208,47.3981,651653840,82484368,0
1257,641170073,47.443,633471205,7698868,0
1258,7698868,47.4878,0,7698868,0
1259,7698868,47.5302,0,7698868,0
1260,7698868,47.5723,0,7698868,0
1261,67088774,47.5921,0,67088774,0
1262,354021944,47.6104,286933170,67088774,0
1263,531334045,47.628,429723750,101610295,0
1264,471944139,47.672,429723750,42220389,0
1265,185010969,47.7138,142790580,42220389,0
1266,7698868,47.7571,0,7698868,0
1267,7698868,47.8013,0,7698868,0
1268,7698868,47.8437,0,7698868,0
1269,82625933,47.8626,0,82625933,0
1270,569782908,47.8805,487156975,82625933,0
1271,1060207200,47.8985,765311980,119625908,175269312
1272,892937888,47.9412,765311980,127625908,0
1273,405780913,47.9852,278155005,127625908,0
1274,90625933,48.0277,0,90625933,0
1275,15698868,48.0695,0,15698868,0
1276,15698868,48.1113,0,15698868,0
1277,15698868,48.1535,0,15698868,0
1278,226209898,48.1725,210511030,15698868,0
1279,226514647,48.1902,210511030,16003617,0
1280,489141222,48.208,473137605,16003617,0
1281,278630192,48.2508,262626575,16003617,0
1282,278119792,48.2927,262116175,16003617,0
1283,17493217,48.3345,1489600,16003617,0
1284,16003617,48.376,0,16003617,0
1285,15698868,48.4176,0,15698868,0
1286,15698868,48.4591,0,15698868,0
1287,15698868,48.502,0,15698868,0
1288,110667003,48.521,20182635,90484368,0
1289,744138208,48.5391,653653840,90484368,0
1290,1220454893,48.5574,1129970525,90484368,0
1291,744138208,48.5998,653653840,90484368,0
1292,110667003,48.6419,20182635,90484368,0
1293,15698868,48.6844,0,15698868,0
1294,15698868,48.7271,0,15698868,0
1295,15698868,48.7694,0,15698868,0
1296,75088774,48.7877,0,75088774,0
1297,250400875,48.8056,140790580,109610295,0
1298,539334045,48.8234,429723750,109610295,0
1299,250400875,48.8659,140790580,109610295,0
1300,75088774,48.9075,0,75088774,0
1301,15698868,48.9491,0,15698868,0
1302,7698868,48.9907,0,7698868,0
1303,7698868,49.0329,0,7698868,0
1304,7698868,49.0749,0,7698868,0
1305,82625933,49.0933,0,82625933,0
1306,571050225,49.1115,276155005,119625908,175269312
1307,743592438,49.129,425248560,143074566,175269312
1308,255168146,49.1715,149093555,106074591,0
1309,180241081,49.2136,149093555,31147526,0
1310,7698868,49.2551,0,7698868,0
1311,7698868,49.2974,0,7698868,0
1312,7698868,49.3408,0,7698868,0
1313,216209898,49.3594,208511030,7698868,0
1314,478836473,49.3774,471137605,7698868,0
1315,479141222,49.3948,471137605,8003617,0
1316,216514647,49.4372,208511030,8003617,0
1317,8003617,49.4792,0,8003617,0
1318,7698868,49.5217,0,7698868,0
1319,7698868,49.5635,0,7698868,0
1320,7698868,49.6059,0,7698868,0
1321,645253243,49.625,637554375,7698868,0
1322,1022622648,49.6433,1014923780,7698868,0
1323,1047597892,49.6607,1011913525,35684367,0
1324,787249812,49.7036,751565445,35684367,0
1325,417779812,49.7454,382095445,35684367,0
1326,374888118,49.7873,367189250,7698868,0
1327,334888118,49.8293,327189250,7698868,0
1328,294888118,49.8714,287189250,7698868,0
1329,255623973,49.9131,247925105,7698868,0
1330,254888118,49.9552,247189250,7698868,0
1331,254888118,49.9977,247189250,7698868,0
1332,254888118,50.0406,247189250,7698868,0
1333,314278024,50.0595,247189250,67088774,0
1334,529590125,50.0775,427979830,101610295,0
1335,820523295,50.0951,718913000,101610295,0
1336,529590125,50.138,427979830,101610295,0
1337,314278024,50.19,247189250,67088774,0
1338,254888118,50.2331,247189250,7698868,0
1339,254888118,50.2759,247189250,7698868,0
1340,254888118,50.3188,247189250,7698868,0
1341,329815183,50.3371,247189250,82625933,0
1342,504357396,50.3551,398282805,106074591,0
1343,910774721,50.373,804700130,106074591,0
1344,736232508,50.4194,653606575,82625933,0
1345,661305443,50.4623,653606575,7698868,0
1346,254888118,50.5045,247189250,7698868,0
1347,254888118,50.5478,247189250,7698868,0
1348,254888118,50.591,247189250,7698868,0
1349,255192867,50.6095,247189250,8003617,0
1350,463703897,50.6272,455700280,8003617,0
1351,848692682,50.6449,827919815,20772867,0
1352,640181652,50.6879,619408785,20772867,0
1353,639876903,50.7305,619408785,20468118,0
1354,205253243,50.7766,197554375,7698868,0
1355,30786568,50.8183,23087700,7698868,0
1356,30786568,50.86,23087700,7698868,0
1357,30786568,50.9025,23087700,7698868,0
1358,70572068,50.9208,23087700,47484368,0
1359,638996360,50.9389,379242705,84484343,175269312
1360,913245948,50.9566,785361605,127884343,0
1361,638996360,51.0002,379242705,84484343,175269312
1362,70572068,51.0422,23087700,47484368,0
1363,30786568,51.0839,23087700,7698868,0
1364,30786568,51.1257,23087700,7698868,0
1365,30786568,51.1682,23087700,7698868,0
1366,323719738,51.1868,316020870,7698868,0
1367,539031839,51.2047,496811450,42220389,0
1368,598421745,51.2222,496811450,101610295,0
1369,305488575,51.2647,203878280,101610295,0
1370,90176474,51.3063,23087700,67088774,0
1371,30786568,51.3481,23087700,7698868,0
1372,30786568,51.3909,23087700,7698868,0
1373,30786568,51.4336,23087700,7698868,0
1374,245328781,51.4524,214181255,31147526,0
1375,320255846,51.4704,214181255,106074591,0
1376,724673171,51.4884,618598580,106074591,0
1377,510130958,51.533,427505025,82625933,0
1378,435203893,51.5753,427505025,7698868,0
1379,30786568,51.6176,23087700,7698868,0
1380,30786568,51.6592,23087700,7698868,0
1381,30786568,51.7016,23087700,7698868,0
1382,239297598,51.7211,231598730,7698868,0
1383,239602347,51.7386,231598730,8003617,0
1384,918721617,51.7569,910718000,8003617,0
1385,239602347,51.8004,231598730,8003617,0
1386,31091317,51.8421,23087700,8003617,0
1387,29091317,51.884,21087700,8003617,0
1388,8003617,51.9258,0,8003617,0
1389,7698868,51.9675,0,7698868,0
1390,7698868,52.0093,0,7698868,0
1391,7698868,52.0518,0,7698868,0
1392,576123160,52.0711,356155005,44698843,175269312
1393,615908660,52.0886,356155005,84484343,175269312
1394,890158248,52.1064,762273905,127884343,0
1395,615908660,52.1486,356155005,84484343,175269312
1396,47484368,52.1949,0,47484368,0
1397,7698868,52.2627,0,7698868,0
1398,7698868,52.3192,0,7698868,0
1399,7698868,52.3896,0,7698868,0
1400,223010969,52.4208,180790580,42220389,0
1401,282400875,52.4503,180790580,101610295,0
1402,577334045,52.4805,475723750,101610295,0
1403,282400875,52.5494,180790580,101610295,0
1404,67088774,52.6183,0,67088774,0
1405,7698868,52.688,0,7698868,0
1406,7698868,52.7577,0,7698868,0
1407,7698868,52.8185,0,7698868,0
1408,82625933,52.8369,0,82625933,0
1409,299168146,52.855,193093555,106074591,0
1410,701585471,52.8734,595510880,106074591,0
1411,485043258,52.9161,402417325,82625933,0
1412,82625933,52.958,0,82625933,0
1413,7698868,52.9995,0,7698868,0
1414,7698868,53.0412,0,7698868,0
1415,7698868,53.0837,0,7698868,0
1416,216209898,53.1023,208511030,7698868,0
1417,897329168,53.1209,889630300,7698868,0
1418,1526883543,53.1391,1519184675,7698868,0
1419,845764273,53.1915,838065405,7698868,0
1420,637253243,53.2372,629554375,7698868,0
1421,7698868,53.2798,0,7698868,0
1422,7698868,53.3228,0,7698868,0
1423,7698868,53.3646,0,7698868,0
1424,8003617,53.3837,0,8003617,0
1425,632791829,53.4019,406118900,51403617,175269312
1426,850677497,53.4221,762273905,88403592,0
1427,683742447,53.4676,574728540,88403592,20610315
1428,577803323,53.5104,368609640,48403592,160790091
1429,44468567,53.5526,12454635,11403617,20610315
1430,23858252,53.5944,12454635,11403617,0
1431,5680482,53.636,0,5680482,0
1432,304749,53.6776,0,304749,0
1433,0,53.7195,0,0,0
