1,12863208116,0.059129,10857586895,0,2005621221
2,10713738828,0.073103,8936442975,0,1777295853
3,8713069541,0.086695,7146980810,0,1566088731
4,7368239296,0.10007,6180623485,0,1187615811
5,6208446830,0.11359,5038734050,0,1169712780
6,5069495195,0.127,4313268830,4531851,751694514
7,3849961242,0.1404,3481912000,4531851,363517391
8,2484365643,0.15373,2099348545,4531851,380485247
9,1572246674,0.16817,1348186500,4531851,219528323
10,1230833331,0.18214,973186500,38118508,219528323
11,941848881,0.19567,635295720,87024838,219528323
12,664416876,0.20908,357863715,87024838,219528323
13,606995226,0.22248,300442065,87024838,219528323
14,606995226,0.23594,300442065,87024838,219528323
15,606995226,0.24931,300442065,87024838,219528323
16,527056986,0.28247,260503825,47024838,219528323
17,467334113,0.3155,367617020,47024838,52692255
18,365938517,0.34799,260503825,42492987,62941705
19,321855800,0.38046,260503825,42492987,18858988
20,281855800,0.41302,220503825,42492987,18858988
21,241855800,0.44543,180503825,42492987,18858988
22,201855800,0.47794,140503825,42492987,18858988
23,161855800,0.51048,100503825,42492987,18858988
24,121855800,0.54315,60503825,42492987,18858988
25,98237400,0.57567,36885425,42492987,18858988
26,79378412,0.6082,36885425,42492987,0
27,65690677,0.64066,23197690,42492987,0
28,57007937,0.67287,14514950,42492987,0
29,42492987,0.70512,0,42492987,0
30,37638804,0.73742,0,34492987,3145817
31,34492987,0.76968,0,34492987,0
32,26492987,0.80201,0,26492987,0
33,18492987,0.83453,0,18492987,0
34,10492987,0.86692,0,10492987,0
35,10092987,0.8993,0,10092987,0
36,9692987,0.93152,0,9692987,0
37,9292987,0.96444,0,9292987,0
38,8892987,0.99829,0,8892987,0
39,8492987,1.0312,0,8492987,0
40,8092987,1.0644,0,8092987,0
41,7692987,1.0969,0,7692987,0
42,7292987,1.13,0,7292987,0
43,6892987,1.1624,0,6892987,0
44,6492987,1.1947,0,6492987,0
45,6092987,1.228,0,6092987,0
46,5692987,1.2612,0,5692987,0
47,5292987,1.2939,0,5292987,0
48,4906330,1.327,0,4906330,0
49,4906330,1.3602,0,4906330,0
50,4906330,1.3932,0,4906330,0
51,4906330,1.4074,0,4906330,0
52,26244521,1.4214,0,26244521,0
53,54990338,1.4357,0,26244521,28745817
54,33652147,1.4692,0,4906330,28745817
55,4906330,1.5019,0,4906330,0
56,4906330,1.5347,0,4906330,0
57,4906330,1.5702,0,4906330,0
58,4906330,1.5869,0,4906330,0
59,58858475,1.6006,43727660,15130815,0
60,116698670,1.6145,50102695,66595975,0
61,58858475,1.6475,43727660,15130815,0
62,4906330,1.6803,0,4906330,0
63,4906330,1.7132,0,4906330,0
64,4906330,1.7463,0,4906330,0
65,4906330,1.7609,0,4906330,0
66,120519155,1.7751,115612825,4906330,0
67,120519155,1.7891,115612825,4906330,0
68,4906330,1.8223,0,4906330,0
69,4906330,1.8556,0,4906330,0
70,4906330,1.889,0,4906330,0
71,235311360,1.904,140611030,4906330,89794000
72,115898185,1.9179,110991855,4906330,0
73,127998485,1.9318,123092155,4906330,0
74,424765700,1.946,198128545,4906330,221730825
75,127998485,1.9794,123092155,4906330,0
76,17006630,2.012,12100300,4906330,0
77,4906330,2.0446,0,4906330,0
78,4906330,2.0791,0,4906330,0
79,4906330,2.1135,0,4906330,0
80,347121155,2.1287,337224635,9896520,0
81,410208985,2.1426,400312465,9896520,0
82,650449217,2.1569,565566040,84883177,0
83,540102817,2.1908,455219640,84883177,0
84,372887992,2.2237,292995005,79892987,0
85,132647760,2.256,127741430,4906330,0
86,132247760,2.2889,127741430,4506330,0
87,132247760,2.3215,127741430,4506330,0
88,132247760,2.3542,127741430,4506330,0
89,132247760,2.3687,127741430,4506330,0
90,160993577,2.3826,127741430,4506330,28745817
91,521191267,2.3969,487939120,4506330,28745817
92,160993577,2.4302,127741430,4506330,28745817
93,132247760,2.4629,127741430,4506330,0
94,132247760,2.4957,127741430,4506330,0
95,132247760,2.5287,127741430,4506330,0
96,132247760,2.5434,127741430,4506330,0
97,188087955,2.5573,132116465,55971490,0
98,257070997,2.5713,132116465,124954532,0
99,201230802,2.6041,127741430,73489372,0
100,132247760,2.6367,127741430,4506330,0
101,132247760,2.6698,127741430,4506330,0
102,132247760,2.7034,127741430,4506330,0
103,132247760,2.718,127741430,4506330,0
104,132247760,2.7317,127741430,4506330,0
105,216409655,2.7455,166678840,49730815,0
106,132247760,2.7787,127741430,4506330,0
107,132247760,2.8121,127741430,4506330,0
108,132247760,2.8456,127741430,4506330,0
109,132247760,2.8603,127741430,4506330,0
110,132247760,2.8743,127741430,4506330,0
111,288661270,2.8883,284154940,4506330,0
112,132247760,2.9215,127741430,4506330,0
113,132247760,2.9558,127741430,4506330,0
114,132247760,2.99,127741430,4506330,0
115,132247760,3.0043,127741430,4506330,0
116,132247760,3.0184,127741430,4506330,0
117,395866225,3.0324,370146795,25719430,0
118,132247760,3.0655,127741430,4506330,0
119,94472395,3.0979,89966065,4506330,0
120,92247760,3.1302,87741430,4506330,0
121,90247760,3.1626,85741430,4506330,0
122,89847760,3.195,85741430,4106330,0
123,89847760,3.2274,85741430,4106330,0
124,89847760,3.2599,85741430,4106330,0
125,89847760,3.2744,85741430,4106330,0
126,89847760,3.2887,85741430,4106330,0
127,118593577,3.3026,85741430,4106330,28745817
128,118580234,3.3356,85741430,4492987,28345817
129,90234417,3.3681,85741430,4492987,0
130,90234417,3.4008,85741430,4492987,0
131,90234417,3.4338,85741430,4492987,0
132,90234417,3.448,85741430,4492987,0
133,90234417,3.4616,85741430,4492987,0
134,144074612,3.4755,88116465,55958147,0
135,90234417,3.5082,85741430,4492987,0
136,90234417,3.5416,85741430,4492987,0
137,90234417,3.5748,85741430,4492987,0
138,90234417,3.589,85741430,4492987,0
139,90234417,3.6028,85741430,4492987,0
140,90234417,3.6163,85741430,4492987,0
141,90234417,3.6504,85741430,4492987,0
142,90234417,3.6843,85741430,4492987,0
143,90234417,3.718,85741430,4492987,0
144,90234417,3.7325,85741430,4492987,0
145,90234417,3.7461,85741430,4492987,0
146,321349162,3.76,316856175,4492987,0
147,90234417,3.7933,85741430,4492987,0
148,90234417,3.8276,85741430,4492987,0
149,90234417,3.862,85741430,4492987,0
150,90234417,3.8764,85741430,4492987,0
151,90234417,3.8903,85741430,4492987,0
152,352187682,3.9045,131927545,4492987,215767150
153,90234417,3.9374,85741430,4492987,0
154,90234417,3.9725,85741430,4492987,0
155,52459052,4.0058,47966065,4492987,0
156,50234417,4.0384,45741430,4492987,0
157,48234417,4.0712,43741430,4492987,0
158,47834417,4.1036,43741430,4092987,0
159,47834417,4.1365,43741430,4092987,0
160,47834417,4.1691,43741430,4092987,0
161,47834417,4.1834,43741430,4092987,0
162,47834417,4.1972,43741430,4092987,0
163,110481312,4.2108,78429165,3706330,28345817
164,47447760,4.2451,43741430,3706330,0
165,47447760,4.2796,43741430,3706330,0
166,47447760,4.3125,43741430,3706330,0
167,47447760,4.3269,43741430,3706330,0
168,47447760,4.3408,43741430,3706330,0
169,99287955,4.3544,44116465,55171490,0
170,99287955,4.3882,44116465,55171490,0
171,47447760,4.4208,43741430,3706330,0
172,47447760,4.4537,43741430,3706330,0
173,47447760,4.4869,43741430,3706330,0
174,47447760,4.5014,43741430,3706330,0
175,47447760,4.5153,43741430,3706330,0
176,47447760,4.529,43741430,3706330,0
177,47447760,4.5641,43741430,3706330,0
178,47447760,4.6009,43741430,3706330,0
179,47447760,4.6358,43741430,3706330,0
180,47447760,4.6501,43741430,3706330,0
181,47447760,4.664,43741430,3706330,0
182,158816727,4.678,91764580,3706330,63345817
183,47447760,4.7106,43741430,3706330,0
184,47447760,4.7443,43741430,3706330,0
185,47447760,4.7785,43741430,3706330,0
186,47447760,4.7931,43741430,3706330,0
187,47447760,4.807,43741430,3706330,0
188,103562505,4.8209,99856175,3706330,0
189,47447760,4.8538,43741430,3706330,0
190,47447760,4.8881,43741430,3706330,0
191,9672395,4.9208,5966065,3706330,0
192,7447760,4.9532,3741430,3706330,0
193,3706330,4.986,0,3706330,0
194,0,5.0184,0,0,0
