1,34118267924,0.076711,29502957670,0,4615310254
2,30661709894,0.10297,26046399640,0,4615310254
3,27661709894,0.12896,23046399640,0,4615310254
4,24560896085,0.1548,20147125745,0,4413770340
5,21746717905,0.18064,17638540155,0,4108177750
6,19456398498,0.2065,15343503020,4717728,4108177750
7,17206398498,0.23235,13093503020,4717728,4108177750
8,15666056493,0.25837,11553161015,4717728,4108177750
9,14409811678,0.2846,10785337795,4717728,3619756155
10,13235338914,0.3106,9567073040,48509719,3619756155
11,12115102295,0.33683,8319597660,48509719,3746994916
12,11257908622,0.36308,7194597660,48509719,4014801243
13,10090335225,0.38908,6247667110,48509719,3794158396
14,9296816275,0.41543,5122048970,48509719,4126257586
15,8074864595,0.44114,4615727170,48509719,3410627706
16,7330174195,0.46706,4240727170,48509719,3040937306
17,6726174652,0.49269,3887977505,75231524,2762965623
18,5855621031,0.51898,3087451780,75231524,2692937727
19,5305649086,0.5446,2806601050,75231524,2423816512
20,4718624777,0.5707,2892050980,75231524,1751342273
21,3817218592,0.59631,2058957415,93863006,1664398171
22,3297866533,0.62242,1580480035,93863006,1623523492
23,2630076030,0.64797,1681356220,93863006,854856804
24,2389248741,0.674,1430248245,104143692,854856804
25,2268172260,0.69963,1352963755,60351701,854856804
26,2142886684,0.72557,1211947255,76082625,854856804
27,2066428514,0.75138,1249669595,76082625,740676294
28,2014631434,0.77729,1507540480,107724390,399366564
29,1952221688,0.80305,1442926780,109928344,399366564
30,1925446473,0.82892,1416151565,109928344,399366564
31,1925446473,0.85471,1416151565,109928344,399366564
32,2026425138,0.88114,1210758185,109928344,705738609
33,1575446473,0.94521,1066151565,109928344,399366564
34,1350547523,1.0079,872894380,78286579,399366564
35,1137537360,1.07,872894380,81084272,183558708
36,994074575,1.1319,729431595,81084272,183558708
37,910589560,1.1942,645946580,81084272,183558708
38,864189560,1.2567,645946580,81084272,137158708
39,817789560,1.3199,645946580,81084272,90758708
40,777789560,1.3829,605946580,81084272,90758708
41,737789560,1.4448,565946580,81084272,90758708
42,697789560,1.5069,525946580,81084272,90758708
43,657789560,1.5689,485946580,81084272,90758708
44,617789560,1.6308,445946580,81084272,90758708
45,577789560,1.6929,405946580,81084272,90758708
46,537789560,1.7546,365946580,81084272,90758708
47,497789560,1.8172,325946580,81084272,90758708
48,465789560,1.8802,325946580,89084272,50758708
49,435602885,1.9431,303759905,81084272,50758708
50,407361885,2.0054,275518905,81084272,50758708
51,383450155,2.0675,251607175,81084272,50758708
52,362573970,2.1294,230730990,81084272,50758708
53,347031070,2.1915,215188090,81084272,50758708
54,335436445,2.2537,211593465,73084272,50758708
55,327705521,2.3163,211593465,65353348,50758708
56,321339456,2.3783,205227400,65353348,50758708
57,315560966,2.4429,199448910,65353348,50758708
58,280381606,2.5064,164269550,65353348,50758708
59,274900361,2.5703,158788305,65353348,50758708
60,241643176,2.6333,125531120,65353348,50758708
61,236925448,2.6989,125531120,60635620,50758708
62,233430803,2.7618,122036475,60635620,50758708
63,231150117,2.8239,122036475,58354934,50758708
64,228946163,2.8862,122036475,56150980,50758708
65,226946163,2.9483,120036475,56150980,50758708
66,224946163,3.0103,118036475,56150980,50758708
67,222946163,3.0724,116036475,56150980,50758708
68,220946163,3.1349,114036475,56150980,50758708
69,218946163,3.197,112036475,56150980,50758708
70,216946163,3.2614,110036475,56150980,50758708
71,215346163,3.3252,110036475,56550980,48758708
72,213746163,3.3885,110036475,56950980,46758708
73,212146163,3.4509,110036475,57350980,44758708
74,189065281,3.5135,134524570,30629175,23911536
75,110763386,3.578,56222675,30629175,23911536
76,70763386,3.6419,16222675,30629175,23911536
77,47251850,3.7063,16222675,31029175,0
78,43766835,3.769,12737660,31029175,0
79,43009685,3.8309,11980510,31029175,0
80,41988345,3.8928,10959170,31029175,0
81,41588345,3.955,10959170,30629175,0
82,41188345,4.0172,10959170,30229175,0
83,40788345,4.0795,10959170,29829175,0
84,40388345,4.1414,10959170,29429175,0
85,39988345,4.2048,10959170,29029175,0
86,39588345,4.2684,10959170,28629175,0
87,39190652,4.331,10959170,28231482,0
88,38969142,4.3931,10737660,28231482,0
89,38211992,4.4549,9980510,28231482,0
90,37190652,4.5168,8959170,28231482,0
91,36969142,4.5786,8737660,28231482,0
92,36211992,4.6402,7980510,28231482,0
93,35190652,4.7038,6959170,28231482,0
94,34969142,4.7672,6737660,28231482,0
95,34211992,4.8295,5980510,28231482,0
96,33190652,4.8913,4959170,28231482,0
97,32969142,4.9531,4737660,28231482,0
98,32211992,5.0163,3980510,28231482,0
99,31190652,5.0789,2959170,28231482,0
100,30969142,5.1415,2737660,28231482,0
101,30211992,5.2034,1980510,28231482,0
102,29431652,5.2653,1200170,28231482,0
103,29210142,5.3279,978660,28231482,0
104,28452992,5.3904,221510,28231482,0
105,28452992,5.4555,221510,28231482,0
106,28452992,5.5205,221510,28231482,0
107,28452992,5.5483,221510,28231482,0
108,28452992,5.5743,221510,28231482,0
109,28452992,5.5998,221510,28231482,0
110,28231482,5.6635,0,28231482,0
111,28231482,5.7294,0,28231482,0
112,28231482,5.7914,0,28231482,0
113,28231482,5.8195,0,28231482,0
114,28231482,5.8454,0,28231482,0
115,67613422,5.8712,39381940,28231482,0
116,28231482,5.9343,0,28231482,0
117,28231482,5.9966,0,28231482,0
118,28231482,6.0594,0,28231482,0
119,28231482,6.0876,0,28231482,0
120,28231482,6.1139,0,28231482,0
121,74007947,6.14,0,74007947,0
122,28231482,6.2034,0,28231482,0
123,28231482,6.2662,0,28231482,0
124,28231482,6.3285,0,28231482,0
125,28231482,6.3564,0,28231482,0
126,28231482,6.3834,0,28231482,0
127,77217040,6.4094,0,77217040,0
128,28231482,6.4741,0,28231482,0
129,28231482,6.537,0,28231482,0
130,28231482,6.6027,0,28231482,0
131,28231482,6.631,0,28231482,0
132,28231482,6.6566,0,28231482,0
133,126073455,6.6826,41214865,84858590,0
134,28231482,6.7462,0,28231482,0
135,28231482,6.8113,0,28231482,0
136,28231482,6.8766,0,28231482,0
137,28231482,6.9049,0,28231482,0
138,28231482,6.9314,0,28231482,0
139,153866267,6.9573,59145470,94720797,0
140,28231482,7.0214,0,28231482,0
141,28231482,7.0854,0,28231482,0
142,28231482,7.1511,0,28231482,0
143,28231482,7.1808,0,28231482,0
144,28231482,7.2068,0,28231482,0
145,270758888,7.2331,198735415,72023473,0
146,28231482,7.2972,0,28231482,0
147,28231482,7.3595,0,28231482,0
148,28231482,7.4221,0,28231482,0
149,28231482,7.4501,0,28231482,0
150,28231482,7.4778,0,28231482,0
151,282952369,7.504,249900945,33051424,0
152,28231482,7.5693,0,28231482,0
153,28231482,7.6319,0,28231482,0
154,28231482,7.6942,0,28231482,0
155,28231482,7.7225,0,28231482,0
156,28231482,7.7481,0,28231482,0
157,67613422,7.7742,39381940,28231482,0
158,28231482,7.8393,0,28231482,0
159,28231482,7.9035,0,28231482,0
160,28231482,7.9666,0,28231482,0
161,28231482,7.9946,0,28231482,0
162,28231482,8.0207,0,28231482,0
163,247646086,8.0466,173638140,74007946,0
164,28231482,8.1102,0,28231482,0
165,28231482,8.1742,0,28231482,0
166,28231482,8.2368,0,28231482,0
167,28231482,8.2663,0,28231482,0
168,28231482,8.2924,0,28231482,0
169,77217040,8.3185,0,77217040,0
170,28231482,8.3823,0,28231482,0
171,28231482,8.4452,0,28231482,0
172,28231482,8.5133,0,28231482,0
173,28231482,8.5422,0,28231482,0
174,28231482,8.5685,0,28231482,0
175,89027791,8.5944,0,28231482,60796309
176,28231482,8.658,0,28231482,0
177,28231482,8.7256,0,28231482,0
178,28231482,8.7892,0,28231482,0
179,28231482,8.8173,0,28231482,0
180,28231482,8.8433,0,28231482,0
181,128073455,8.8694,43214865,84858590,0
182,28231482,8.9332,0,28231482,0
183,28231482,8.9965,0,28231482,0
184,28231482,9.06,0,28231482,0
185,28231482,9.0881,0,28231482,0
186,28231482,9.1139,0,28231482,0
187,151866267,9.14,57145470,94720797,0
188,28231482,9.2044,0,28231482,0
189,28231482,9.2676,0,28231482,0
190,28231482,9.3307,0,28231482,0
191,28231482,9.3589,0,28231482,0
192,28231482,9.3854,0,28231482,0
193,272758888,9.4117,200735415,72023473,0
194,28231482,9.4757,0,28231482,0
195,28231482,9.5382,0,28231482,0
196,28231482,9.6011,0,28231482,0
197,28231482,9.6297,0,28231482,0
198,28231482,9.6556,0,28231482,0
199,59687262,9.6818,31455780,28231482,0
200,28231482,9.7458,0,28231482,0
201,28231482,9.8082,0,28231482,0
202,28231482,9.8707,0,28231482,0
203,28231482,9.8986,0,28231482,0
204,28231482,9.9247,0,28231482,0
205,74007947,9.9506,0,74007947,0
206,28231482,10.0147,0,28231482,0
207,28231482,10.0782,0,28231482,0
208,28231482,10.141,0,28231482,0
209,28231482,10.1691,0,28231482,0
210,28231482,10.1951,0,28231482,0
211,77217040,10.2211,0,77217040,0
212,28231482,10.2849,0,28231482,0
213,28231482,10.348,0,28231482,0
214,28231482,10.4118,0,28231482,0
215,28231482,10.4401,0,28231482,0
216,28231482,10.4661,0,28231482,0
217,142627791,10.4923,0,28231482,114396309
218,28231482,10.5561,0,28231482,0
219,28231482,10.6196,0,28231482,0
220,28231482,10.6835,0,28231482,0
221,28231482,10.7117,0,28231482,0
222,28231482,10.7383,0,28231482,0
223,130073455,10.7648,45214865,84858590,0
224,28231482,10.829,0,28231482,0
225,28231482,10.8927,0,28231482,0
226,28231482,10.9565,0,28231482,0
227,28231482,10.985,0,28231482,0
228,28231482,11.0108,0,28231482,0
229,149866267,11.0371,55145470,94720797,0
230,28231482,11.1013,0,28231482,0
231,28231482,11.164,0,28231482,0
232,28231482,11.2267,0,28231482,0
233,28231482,11.2548,0,28231482,0
234,28231482,11.2813,0,28231482,0
235,274758888,11.3073,202735415,72023473,0
236,28231482,11.3715,0,28231482,0
237,28231482,11.4346,0,28231482,0
238,28231482,11.5027,0,28231482,0
239,28231482,11.5322,0,28231482,0
240,28231482,11.5587,0,28231482,0
241,28231482,11.5849,0,28231482,0
242,28231482,11.6521,0,28231482,0
243,28231482,11.7187,0,28231482,0
244,28231482,11.7816,0,28231482,0
245,28231482,11.8097,0,28231482,0
246,28231482,11.836,0,28231482,0
247,247646086,11.8621,173638140,74007946,0
248,28231482,11.9272,0,28231482,0
249,28231482,11.9912,0,28231482,0
250,28231482,12.0539,0,28231482,0
251,28231482,12.0822,0,28231482,0
252,28231482,12.1082,0,28231482,0
253,77217040,12.1344,0,77217040,0
254,28231482,12.1981,0,28231482,0
255,28231482,12.261,0,28231482,0
256,28231482,12.3253,0,28231482,0
257,28231482,12.3548,0,28231482,0
258,28231482,12.3812,0,28231482,0
259,196227791,12.4073,0,28231482,167996309
260,28231482,12.4713,0,28231482,0
261,28231482,12.535,0,28231482,0
262,28231482,12.5984,0,28231482,0
263,28231482,12.6265,0,28231482,0
264,28231482,12.6527,0,28231482,0
265,132073455,12.6786,47214865,84858590,0
266,28231482,12.7427,0,28231482,0
267,28231482,12.8062,0,28231482,0
268,28231482,12.8696,0,28231482,0
269,28231482,12.8976,0,28231482,0
270,28231482,12.9243,0,28231482,0
271,147866267,12.9504,53145470,94720797,0
272,28231482,13.0142,0,28231482,0
273,28231482,13.0766,0,28231482,0
274,28231482,13.139,0,28231482,0
275,28231482,13.1668,0,28231482,0
276,28231482,13.1932,0,28231482,0
277,276758888,13.2192,204735415,72023473,0
278,28231482,13.2833,0,28231482,0
279,28231482,13.3458,0,28231482,0
280,28231482,13.408,0,28231482,0
281,28231482,13.4362,0,28231482,0
282,28231482,13.4619,0,28231482,0
283,28231482,13.4879,0,28231482,0
284,28231482,13.5524,0,28231482,0
285,28231482,13.615,0,28231482,0
286,28231482,13.6778,0,28231482,0
287,28231482,13.706,0,28231482,0
288,28231482,13.7324,0,28231482,0
289,74007947,13.7581,0,74007947,0
290,28231482,13.8218,0,28231482,0
291,28231482,13.8844,0,28231482,0
292,28231482,13.9467,0,28231482,0
293,28231482,13.9753,0,28231482,0
294,28231482,14.0011,0,28231482,0
295,77217040,14.0273,0,77217040,0
296,28231482,14.0914,0,28231482,0
297,28231482,14.1549,0,28231482,0
298,28231482,14.2204,0,28231482,0
299,28231482,14.2485,0,28231482,0
300,28231482,14.2748,0,28231482,0
301,141827791,14.3021,0,28231482,113596309
302,28231482,14.3675,0,28231482,0
303,28231482,14.4317,0,28231482,0
304,28231482,14.5014,0,28231482,0
305,28231482,14.5297,0,28231482,0
306,28231482,14.5556,0,28231482,0
307,134073455,14.5818,49214865,84858590,0
308,28231482,14.6463,0,28231482,0
309,28231482,14.7141,0,28231482,0
310,28231482,14.7794,0,28231482,0
311,28231482,14.8081,0,28231482,0
312,28231482,14.8355,0,28231482,0
313,145866267,14.8621,51145470,94720797,0
314,28231482,14.9266,0,28231482,0
315,28231482,14.9896,0,28231482,0
316,28231482,15.0538,0,28231482,0
317,28231482,15.0821,0,28231482,0
318,28231482,15.1096,0,28231482,0
319,274952369,15.1364,241900945,33051424,0
320,28231482,15.2017,0,28231482,0
321,28231482,15.2649,0,28231482,0
322,28231482,15.3283,0,28231482,0
323,28231482,15.3568,0,28231482,0
324,28231482,15.3831,0,28231482,0
325,28231482,15.4093,0,28231482,0
326,28231482,15.4734,0,28231482,0
327,28231482,15.5377,0,28231482,0
328,28231482,15.6016,0,28231482,0
329,28231482,15.6298,0,28231482,0
330,28231482,15.6561,0,28231482,0
331,28231482,15.6822,0,28231482,0
332,28231482,15.747,0,28231482,0
333,28231482,15.8094,0,28231482,0
334,28231482,15.873,0,28231482,0
335,28231482,15.9015,0,28231482,0
336,28231482,15.928,0,28231482,0
337,74007947,15.9541,0,74007947,0
338,28231482,16.0178,0,28231482,0
339,28231482,16.081,0,28231482,0
340,28231482,16.1436,0,28231482,0
341,28231482,16.1714,0,28231482,0
342,28231482,16.1979,0,28231482,0
343,195427791,16.2238,0,28231482,167196309
344,28231482,16.2877,0,28231482,0
345,28231482,16.3506,0,28231482,0
346,28231482,16.4134,0,28231482,0
347,28231482,16.4416,0,28231482,0
348,28231482,16.4675,0,28231482,0
349,136073455,16.4935,51214865,84858590,0
350,28231482,16.5571,0,28231482,0
351,28231482,16.6204,0,28231482,0
352,28231482,16.6839,0,28231482,0
353,28231482,16.7118,0,28231482,0
354,28231482,16.7377,0,28231482,0
355,143866267,16.7634,49145470,94720797,0
356,28231482,16.827,0,28231482,0
357,28231482,16.8892,0,28231482,0
358,28231482,16.9525,0,28231482,0
359,28231482,16.9807,0,28231482,0
360,28231482,17.0068,0,28231482,0
361,276758888,17.0331,204735415,72023473,0
362,28231482,17.0966,0,28231482,0
363,28231482,17.1601,0,28231482,0
364,28231482,17.2237,0,28231482,0
365,28231482,17.2515,0,28231482,0
366,28231482,17.2779,0,28231482,0
367,276952369,17.3043,243900945,33051424,0
368,28231482,17.3686,0,28231482,0
369,28231482,17.431,0,28231482,0
370,28231482,17.4973,0,28231482,0
371,28231482,17.5259,0,28231482,0
372,28231482,17.5519,0,28231482,0
373,28231482,17.5778,0,28231482,0
374,28231482,17.6418,0,28231482,0
375,28231482,17.7074,0,28231482,0
376,28231482,17.7701,0,28231482,0
377,28231482,17.7982,0,28231482,0
378,28231482,17.8241,0,28231482,0
379,28231482,17.8503,0,28231482,0
380,28231482,17.9144,0,28231482,0
381,28231482,17.9772,0,28231482,0
382,28231482,18.0397,0,28231482,0
383,28231482,18.068,0,28231482,0
384,28231482,18.0941,0,28231482,0
385,28231482,18.1198,0,28231482,0
386,28231482,18.184,0,28231482,0
387,28231482,18.2469,0,28231482,0
388,28231482,18.3101,0,28231482,0
389,28231482,18.3383,0,28231482,0
390,28231482,18.3642,0,28231482,0
391,134073455,18.3902,49214865,84858590,0
392,28231482,18.4537,0,28231482,0
393,28231482,18.5166,0,28231482,0
394,28231482,18.5793,0,28231482,0
395,28231482,18.6072,0,28231482,0
396,28231482,18.6334,0,28231482,0
397,74007947,18.6591,0,74007947,0
398,28231482,18.7226,0,28231482,0
399,28231482,18.7856,0,28231482,0
400,28231482,18.8491,0,28231482,0
401,28231482,18.8773,0,28231482,0
402,28231482,18.9032,0,28231482,0
403,143866267,18.929,49145470,94720797,0
404,28231482,18.9921,0,28231482,0
405,28231482,19.0551,0,28231482,0
406,28231482,19.1207,0,28231482,0
407,28231482,19.1491,0,28231482,0
408,28231482,19.1754,0,28231482,0
409,274952369,19.2018,241900945,33051424,0
410,28231482,19.2659,0,28231482,0
411,28231482,19.3284,0,28231482,0
412,28231482,19.3909,0,28231482,0
413,28231482,19.419,0,28231482,0
414,28231482,19.4456,0,28231482,0
415,278758888,19.4718,206735415,72023473,0
416,28231482,19.536,0,28231482,0
417,28231482,19.5984,0,28231482,0
418,28231482,19.6604,0,28231482,0
419,28231482,19.6886,0,28231482,0
420,28231482,19.7148,0,28231482,0
421,414005895,19.7413,367414390,42171455,4420050
422,28231482,19.8067,0,28231482,0
423,28231482,19.8707,0,28231482,0
424,28231482,19.9341,0,28231482,0
425,28231482,19.9623,0,28231482,0
426,28231482,19.9887,0,28231482,0
427,28231482,20.0146,0,28231482,0
428,28231482,20.0794,0,28231482,0
429,28231482,20.1421,0,28231482,0
430,28231482,20.2047,0,28231482,0
431,28231482,20.2339,0,28231482,0
432,28231482,20.2597,0,28231482,0
433,28231482,20.2862,0,28231482,0
434,28231482,20.3521,0,28231482,0
435,28231482,20.4153,0,28231482,0
436,28231482,20.4804,0,28231482,0
437,28231482,20.5091,0,28231482,0
438,28231482,20.5352,0,28231482,0
439,136073455,20.561,51214865,84858590,0
440,28231482,20.6251,0,28231482,0
441,28231482,20.689,0,28231482,0
442,28231482,20.7539,0,28231482,0
443,28231482,20.7821,0,28231482,0
444,28231482,20.8083,0,28231482,0
445,74007947,20.8343,0,74007947,0
446,28231482,20.8982,0,28231482,0
447,28231482,20.9614,0,28231482,0
448,28231482,21.0256,0,28231482,0
449,28231482,21.0544,0,28231482,0
450,28231482,21.0816,0,28231482,0
451,145866267,21.1082,51145470,94720797,0
452,28231482,21.1723,0,28231482,0
453,28231482,21.2343,0,28231482,0
454,28231482,21.2971,0,28231482,0
455,28231482,21.3251,0,28231482,0
456,28231482,21.3514,0,28231482,0
457,276758888,21.3775,204735415,72023473,0
458,28231482,21.4424,0,28231482,0
459,28231482,21.506,0,28231482,0
460,28231482,21.5686,0,28231482,0
461,28231482,21.5957,0,28231482,0
462,28231482,21.6214,0,28231482,0
463,274952369,21.6478,241900945,33051424,0
464,28231482,21.7107,0,28231482,0
465,28231482,21.7737,0,28231482,0
466,28231482,21.8367,0,28231482,0
467,28231482,21.8637,0,28231482,0
468,28231482,21.8901,0,28231482,0
469,76817040,21.9161,0,76817040,0
470,76817040,21.9796,0,76817040,0
471,76817040,22.0427,0,76817040,0
472,28231482,22.1054,0,28231482,0
473,28231482,22.1688,0,28231482,0
474,28231482,22.2319,0,28231482,0
475,28231482,22.2588,0,28231482,0
476,28231482,22.2847,0,28231482,0
477,134073455,22.311,49214865,84858590,0
478,134073455,22.3747,49214865,84858590,0
479,28231482,22.4373,0,28231482,0
480,28231482,22.5002,0,28231482,0
481,28231482,22.5634,0,28231482,0
482,28231482,22.5904,0,28231482,0
483,28231482,22.6166,0,28231482,0
484,74007947,22.6428,0,74007947,0
485,28231482,22.707,0,28231482,0
486,28231482,22.7724,0,28231482,0
487,28231482,22.8365,0,28231482,0
488,28231482,22.865,0,28231482,0
489,28231482,22.8912,0,28231482,0
490,143866267,22.9181,49145470,94720797,0
491,28231482,22.9827,0,28231482,0
492,28231482,23.0457,0,28231482,0
493,28231482,23.108,0,28231482,0
494,28231482,23.1361,0,28231482,0
495,28231482,23.1627,0,28231482,0
496,278758888,23.1892,206735415,72023473,0
497,28231482,23.2535,0,28231482,0
498,28231482,23.3163,0,28231482,0
499,28231482,23.379,0,28231482,0
500,28231482,23.4074,0,28231482,0
501,28231482,23.4337,0,28231482,0
502,276952369,23.4651,243900945,33051424,0
503,28231482,23.5296,0,28231482,0
504,28231482,23.5924,0,28231482,0
505,28231482,23.6552,0,28231482,0
506,28231482,23.6831,0,28231482,0
507,28231482,23.7137,0,28231482,0
508,76817040,23.7398,0,76817040,0
509,76817040,23.8043,0,76817040,0
510,76817040,23.8671,0,76817040,0
511,28231482,23.9297,0,28231482,0
512,28231482,23.9933,0,28231482,0
513,28231482,24.0568,0,28231482,0
514,28231482,24.0841,0,28231482,0
515,28231482,24.1107,0,28231482,0
516,136073455,24.1367,51214865,84858590,0
517,136073455,24.2014,51214865,84858590,0
518,28231482,24.2645,0,28231482,0
519,28231482,24.3274,0,28231482,0
520,28231482,24.3918,0,28231482,0
521,28231482,24.419,0,28231482,0
522,28231482,24.4453,0,28231482,0
523,74007947,24.4712,0,74007947,0
524,28231482,24.5339,0,28231482,0
525,28231482,24.5976,0,28231482,0
526,28231482,24.6622,0,28231482,0
527,28231482,24.6896,0,28231482,0
528,28231482,24.7161,0,28231482,0
529,145866267,24.7422,51145470,94720797,0
530,28231482,24.8055,0,28231482,0
531,28231482,24.8679,0,28231482,0
532,28231482,24.9304,0,28231482,0
533,28231482,24.9575,0,28231482,0
534,28231482,24.9839,0,28231482,0
535,276758888,25.0105,204735415,72023473,0
536,28231482,25.0741,0,28231482,0
537,28231482,25.1368,0,28231482,0
538,28231482,25.2,0,28231482,0
539,28231482,25.227,0,28231482,0
540,28231482,25.2533,0,28231482,0
541,274952369,25.2794,241900945,33051424,0
542,28231482,25.3427,0,28231482,0
543,28231482,25.406,0,28231482,0
544,28231482,25.4689,0,28231482,0
545,28231482,25.4959,0,28231482,0
546,28231482,25.522,0,28231482,0
547,76817040,25.548,0,76817040,0
548,76817040,25.6117,0,76817040,0
549,76817040,25.6746,0,76817040,0
550,28231482,25.7372,0,28231482,0
551,28231482,25.8007,0,28231482,0
552,28231482,25.8639,0,28231482,0
553,28231482,25.8907,0,28231482,0
554,28231482,25.917,0,28231482,0
555,134073455,25.9431,49214865,84858590,0
556,134073455,26.0075,49214865,84858590,0
557,28231482,26.0697,0,28231482,0
558,28231482,26.1319,0,28231482,0
559,28231482,26.1952,0,28231482,0
560,28231482,26.2221,0,28231482,0
561,28231482,26.248,0,28231482,0
562,74007947,26.2739,0,74007947,0
563,28231482,26.3367,0,28231482,0
564,28231482,26.4005,0,28231482,0
565,28231482,26.4656,0,28231482,0
566,28231482,26.4947,0,28231482,0
567,28231482,26.5212,0,28231482,0
568,143866267,26.5473,49145470,94720797,0
569,28231482,26.6108,0,28231482,0
570,28231482,26.6735,0,28231482,0
571,28231482,26.7405,0,28231482,0
572,28231482,26.768,0,28231482,0
573,28231482,26.794,0,28231482,0
574,278758888,26.8203,206735415,72023473,0
575,28231482,26.883,0,28231482,0
576,28231482,26.9456,0,28231482,0
577,28231482,27.0083,0,28231482,0
578,28231482,27.0354,0,28231482,0
579,28231482,27.0619,0,28231482,0
580,276952369,27.0881,243900945,33051424,0
581,28231482,27.151,0,28231482,0
582,28231482,27.2135,0,28231482,0
583,28231482,27.277,0,28231482,0
584,28231482,27.3043,0,28231482,0
585,28231482,27.3303,0,28231482,0
586,76817040,27.357,0,76817040,0
587,76817040,27.4209,0,76817040,0
588,76817040,27.4839,0,76817040,0
589,28231482,27.5461,0,28231482,0
590,28231482,27.6089,0,28231482,0
591,28231482,27.6716,0,28231482,0
592,28231482,27.6995,0,28231482,0
593,28231482,27.7253,0,28231482,0
594,136073455,27.7516,51214865,84858590,0
595,136073455,27.8154,51214865,84858590,0
596,28231482,27.8771,0,28231482,0
597,28231482,27.9388,0,28231482,0
598,28231482,28.0019,0,28231482,0
599,28231482,28.0288,0,28231482,0
600,28231482,28.055,0,28231482,0
601,74007947,28.0809,0,74007947,0
602,28231482,28.1436,0,28231482,0
603,28231482,28.2067,0,28231482,0
604,28231482,28.2696,0,28231482,0
605,28231482,28.2965,0,28231482,0
606,28231482,28.3224,0,28231482,0
607,145866267,28.3484,51145470,94720797,0
608,28231482,28.4112,0,28231482,0
609,28231482,28.4738,0,28231482,0
610,28231482,28.536,0,28231482,0
611,28231482,28.563,0,28231482,0
612,28231482,28.5888,0,28231482,0
613,276758888,28.6149,204735415,72023473,0
614,28231482,28.6775,0,28231482,0
615,28231482,28.7411,0,28231482,0
616,28231482,28.8054,0,28231482,0
617,28231482,28.8323,0,28231482,0
618,28231482,28.8586,0,28231482,0
619,274952369,28.8844,241900945,33051424,0
620,28231482,28.9471,0,28231482,0
621,28231482,29.0097,0,28231482,0
622,28231482,29.0724,0,28231482,0
623,28231482,29.0995,0,28231482,0
624,28231482,29.1253,0,28231482,0
625,76817040,29.1513,0,76817040,0
626,76817040,29.2151,0,76817040,0
627,76817040,29.2797,0,76817040,0
628,28231482,29.343,0,28231482,0
629,28231482,29.406,0,28231482,0
630,28231482,29.4739,0,28231482,0
631,28231482,29.502,0,28231482,0
632,28231482,29.5278,0,28231482,0
633,134073455,29.5538,49214865,84858590,0
634,134073455,29.6175,49214865,84858590,0
635,28231482,29.6794,0,28231482,0
636,28231482,29.7459,0,28231482,0
637,28231482,29.8104,0,28231482,0
638,28231482,29.8372,0,28231482,0
639,28231482,29.8635,0,28231482,0
640,74007947,29.8892,0,74007947,0
641,28231482,29.9519,0,28231482,0
642,28231482,30.0153,0,28231482,0
643,28231482,30.0783,0,28231482,0
644,28231482,30.1051,0,28231482,0
645,28231482,30.131,0,28231482,0
646,143866267,30.1569,49145470,94720797,0
647,28231482,30.2194,0,28231482,0
648,28231482,30.2827,0,28231482,0
649,28231482,30.3448,0,28231482,0
650,28231482,30.3731,0,28231482,0
651,28231482,30.3993,0,28231482,0
652,278758888,30.4258,206735415,72023473,0
653,28231482,30.4908,0,28231482,0
654,28231482,30.5535,0,28231482,0
655,28231482,30.6157,0,28231482,0
656,28231482,30.6434,0,28231482,0
657,28231482,30.67,0,28231482,0
658,276952369,30.696,243900945,33051424,0
659,28231482,30.7609,0,28231482,0
660,28231482,30.8249,0,28231482,0
661,28231482,30.8875,0,28231482,0
662,28231482,30.9159,0,28231482,0
663,28231482,31.1336,0,28231482,0
664,76817040,31.1603,0,76817040,0
665,76817040,31.2245,0,76817040,0
666,76817040,31.2876,0,76817040,0
667,28231482,31.3506,0,28231482,0
668,28231482,31.4152,0,28231482,0
669,28231482,31.4797,0,28231482,0
670,28231482,31.5086,0,28231482,0
671,28231482,31.5346,0,28231482,0
672,136073455,31.561,51214865,84858590,0
673,136073455,31.6246,51214865,84858590,0
674,28231482,31.6867,0,28231482,0
675,28231482,31.7486,0,28231482,0
676,28231482,31.8124,0,28231482,0
677,28231482,31.8397,0,28231482,0
678,28231482,31.8659,0,28231482,0
679,74007947,31.8916,0,74007947,0
680,28231482,31.9544,0,28231482,0
681,28231482,32.0183,0,28231482,0
682,28231482,32.0818,0,28231482,0
683,28231482,32.1089,0,28231482,0
684,28231482,32.1351,0,28231482,0
685,145866267,32.1615,51145470,94720797,0
686,28231482,32.2244,0,28231482,0
687,28231482,32.2876,0,28231482,0
688,28231482,32.3503,0,28231482,0
689,28231482,32.3779,0,28231482,0
690,28231482,32.4041,0,28231482,0
691,276758888,32.4304,204735415,72023473,0
692,28231482,32.4959,0,28231482,0
693,28231482,32.5602,0,28231482,0
694,28231482,32.6223,0,28231482,0
695,28231482,32.65,0,28231482,0
696,28231482,32.6764,0,28231482,0
697,274952369,32.7042,241900945,33051424,0
698,28231482,32.7708,0,28231482,0
699,28231482,32.8334,0,28231482,0
700,28231482,32.8963,0,28231482,0
701,28231482,32.9242,0,28231482,0
702,28231482,32.9504,0,28231482,0
703,76817040,32.9765,0,76817040,0
704,76817040,33.0401,0,76817040,0
705,76817040,33.1035,0,76817040,0
706,28231482,33.1658,0,28231482,0
707,28231482,33.2286,0,28231482,0
708,28231482,33.2928,0,28231482,0
709,28231482,33.3202,0,28231482,0
710,28231482,33.346,0,28231482,0
711,134073455,33.3723,49214865,84858590,0
712,134073455,33.436,49214865,84858590,0
713,28231482,33.4996,0,28231482,0
714,28231482,33.5635,0,28231482,0
715,28231482,33.6268,0,28231482,0
716,28231482,33.6538,0,28231482,0
717,28231482,33.6801,0,28231482,0
718,74007947,33.7061,0,74007947,0
719,28231482,33.7693,0,28231482,0
720,28231482,33.8341,0,28231482,0
721,28231482,33.8988,0,28231482,0
722,28231482,33.9261,0,28231482,0
723,28231482,33.9518,0,28231482,0
724,143866267,33.9782,49145470,94720797,0
725,28231482,34.041,0,28231482,0
726,28231482,34.1034,0,28231482,0
727,28231482,34.1673,0,28231482,0
728,28231482,34.1941,0,28231482,0
729,28231482,34.2216,0,28231482,0
730,278758888,34.2477,206735415,72023473,0
731,28231482,34.3107,0,28231482,0
732,28231482,34.3731,0,28231482,0
733,28231482,34.4353,0,28231482,0
734,28231482,34.4626,0,28231482,0
735,28231482,34.4884,0,28231482,0
736,276952369,34.5149,243900945,33051424,0
737,28231482,34.5777,0,28231482,0
738,28231482,34.6414,0,28231482,0
739,28231482,34.7051,0,28231482,0
740,28231482,34.7325,0,28231482,0
741,28231482,34.7587,0,28231482,0
742,76817040,34.7847,0,76817040,0
743,76817040,34.8479,0,76817040,0
744,76817040,34.9109,0,76817040,0
745,28231482,34.973,0,28231482,0
746,28231482,35.0356,0,28231482,0
747,28231482,35.0982,0,28231482,0
748,28231482,35.1266,0,28231482,0
749,28231482,35.1525,0,28231482,0
750,136073455,35.1797,51214865,84858590,0
751,136073455,35.2441,51214865,84858590,0
752,28231482,35.3069,0,28231482,0
753,28231482,35.3697,0,28231482,0
754,28231482,35.433,0,28231482,0
755,28231482,35.4604,0,28231482,0
756,28231482,35.4866,0,28231482,0
757,74007947,35.5126,0,74007947,0
758,28231482,35.5761,0,28231482,0
759,28231482,35.6398,0,28231482,0
760,28231482,35.704,0,28231482,0
761,28231482,35.7315,0,28231482,0
762,28231482,35.7574,0,28231482,0
763,145866267,35.7836,51145470,94720797,0
764,28231482,35.8464,0,28231482,0
765,28231482,35.9088,0,28231482,0
766,28231482,35.9716,0,28231482,0
767,28231482,35.9985,0,28231482,0
768,28231482,36.0248,0,28231482,0
769,276758888,36.0512,204735415,72023473,0
770,28231482,36.1153,0,28231482,0
771,28231482,36.1782,0,28231482,0
772,28231482,36.2411,0,28231482,0
773,28231482,36.2694,0,28231482,0
774,28231482,36.2951,0,28231482,0
775,274952369,36.3215,241900945,33051424,0
776,28231482,36.385,0,28231482,0
777,28231482,36.4481,0,28231482,0
778,28231482,36.5114,0,28231482,0
779,28231482,36.5387,0,28231482,0
780,28231482,36.5652,0,28231482,0
781,76817040,36.5909,0,76817040,0
782,76817040,36.6542,0,76817040,0
783,76817040,36.718,0,76817040,0
784,28231482,36.7812,0,28231482,0
785,28231482,36.8442,0,28231482,0
786,28231482,36.9071,0,28231482,0
787,28231482,36.9342,0,28231482,0
788,28231482,36.9603,0,28231482,0
789,134073455,36.9862,49214865,84858590,0
790,134073455,37.05,49214865,84858590,0
791,28231482,37.1128,0,28231482,0
792,28231482,37.1749,0,28231482,0
793,28231482,37.2379,0,28231482,0
794,28231482,37.2648,0,28231482,0
795,28231482,37.2909,0,28231482,0
796,74007947,37.3172,0,74007947,0
797,28231482,37.3803,0,28231482,0
798,28231482,37.4439,0,28231482,0
799,28231482,37.5081,0,28231482,0
800,28231482,37.5359,0,28231482,0
801,28231482,37.562,0,28231482,0
802,143866267,37.5883,49145470,94720797,0
803,28231482,37.6507,0,28231482,0
804,28231482,37.7133,0,28231482,0
805,28231482,37.7756,0,28231482,0
806,28231482,37.803,0,28231482,0
807,28231482,37.8292,0,28231482,0
808,278758888,37.8553,206735415,72023473,0
809,28231482,37.9183,0,28231482,0
810,28231482,37.9805,0,28231482,0
811,28231482,38.0425,0,28231482,0
812,28231482,38.0696,0,28231482,0
813,28231482,38.0954,0,28231482,0
814,276952369,38.1217,243900945,33051424,0
815,28231482,38.1839,0,28231482,0
816,28231482,38.2469,0,28231482,0
817,28231482,38.3103,0,28231482,0
818,28231482,38.3378,0,28231482,0
819,28231482,38.364,0,28231482,0
820,76817040,38.3901,0,76817040,0
821,76817040,38.4536,0,76817040,0
822,76817040,38.517,0,76817040,0
823,28231482,38.579,0,28231482,0
824,28231482,38.6413,0,28231482,0
825,28231482,38.7046,0,28231482,0
826,28231482,38.7318,0,28231482,0
827,28231482,38.7577,0,28231482,0
828,136073455,38.7839,51214865,84858590,0
829,136073455,38.8477,51214865,84858590,0
830,28231482,38.91,0,28231482,0
831,28231482,38.9727,0,28231482,0
832,28231482,39.0357,0,28231482,0
833,28231482,39.063,0,28231482,0
834,28231482,39.0891,0,28231482,0
835,74007947,39.1153,0,74007947,0
836,28231482,39.1781,0,28231482,0
837,28231482,39.2411,0,28231482,0
838,28231482,39.3061,0,28231482,0
839,28231482,39.3335,0,28231482,0
840,28231482,39.3592,0,28231482,0
841,145866267,39.3869,51145470,94720797,0
842,28231482,39.4511,0,28231482,0
843,28231482,39.5142,0,28231482,0
844,28231482,39.5767,0,28231482,0
845,28231482,39.6036,0,28231482,0
846,28231482,39.6301,0,28231482,0
847,276758888,39.656,204735415,72023473,0
848,28231482,39.7191,0,28231482,0
849,28231482,39.7815,0,28231482,0
850,28231482,39.8449,0,28231482,0
851,28231482,39.8726,0,28231482,0
852,28231482,39.8994,0,28231482,0
853,274952369,39.9272,241900945,33051424,0
854,28231482,39.9908,0,28231482,0
855,28231482,40.0534,0,28231482,0
856,28231482,40.1164,0,28231482,0
857,28231482,40.1433,0,28231482,0
858,28231482,40.1696,0,28231482,0
859,76817040,40.1954,0,76817040,0
860,76817040,40.26,0,76817040,0
861,76817040,40.3251,0,76817040,0
862,28231482,40.3877,0,28231482,0
863,28231482,40.4505,0,28231482,0
864,28231482,40.5138,0,28231482,0
865,28231482,40.5407,0,28231482,0
866,28231482,40.5667,0,28231482,0
867,134073455,40.5927,49214865,84858590,0
868,134073455,40.6577,49214865,84858590,0
869,28231482,40.7217,0,28231482,0
870,28231482,40.7841,0,28231482,0
871,28231482,40.8473,0,28231482,0
872,28231482,40.8747,0,28231482,0
873,28231482,40.9004,0,28231482,0
874,74007947,40.9263,0,74007947,0
875,28231482,40.9897,0,28231482,0
876,28231482,41.0529,0,28231482,0
877,28231482,41.1167,0,28231482,0
878,28231482,41.1448,0,28231482,0
879,28231482,41.1711,0,28231482,0
880,143866267,41.1974,49145470,94720797,0
881,28231482,41.2614,0,28231482,0
882,28231482,41.3246,0,28231482,0
883,28231482,41.387,0,28231482,0
884,28231482,41.4149,0,28231482,0
885,28231482,41.4416,0,28231482,0
886,278758888,41.4684,206735415,72023473,0
887,28231482,41.5321,0,28231482,0
888,28231482,41.5944,0,28231482,0
889,28231482,41.6571,0,28231482,0
890,28231482,41.6855,0,28231482,0
891,28231482,41.7146,0,28231482,0
892,276952369,41.7411,243900945,33051424,0
893,28231482,41.8077,0,28231482,0
894,28231482,41.8705,0,28231482,0
895,28231482,41.9331,0,28231482,0
896,28231482,41.9609,0,28231482,0
897,28231482,41.9876,0,28231482,0
898,76817040,42.0139,0,76817040,0
899,76817040,42.08,0,76817040,0
900,76817040,42.1433,0,76817040,0
901,28231482,42.2056,0,28231482,0
902,28231482,42.2699,0,28231482,0
903,28231482,42.3345,0,28231482,0
904,28231482,42.3626,0,28231482,0
905,28231482,42.3892,0,28231482,0
906,136073455,42.4164,51214865,84858590,0
907,136073455,42.4818,51214865,84858590,0
908,28231482,42.5441,0,28231482,0
909,28231482,42.6062,0,28231482,0
910,28231482,42.6695,0,28231482,0
911,28231482,42.6982,0,28231482,0
912,28231482,42.7245,0,28231482,0
913,74007947,42.7504,0,74007947,0
914,28231482,42.8146,0,28231482,0
915,28231482,42.8782,0,28231482,0
916,28231482,42.9413,0,28231482,0
917,28231482,42.9693,0,28231482,0
918,28231482,42.9953,0,28231482,0
919,145866267,43.0213,51145470,94720797,0
920,28231482,43.085,0,28231482,0
921,28231482,43.1474,0,28231482,0
922,28231482,43.2104,0,28231482,0
923,28231482,43.2379,0,28231482,0
924,28231482,43.2638,0,28231482,0
925,276758888,43.2905,204735415,72023473,0
926,28231482,43.3531,0,28231482,0
927,28231482,43.4154,0,28231482,0
928,28231482,43.4784,0,28231482,0
929,28231482,43.5055,0,28231482,0
930,28231482,43.5319,0,28231482,0
931,274952369,43.558,241900945,33051424,0
932,28231482,43.6211,0,28231482,0
933,28231482,43.6839,0,28231482,0
934,28231482,43.7467,0,28231482,0
935,28231482,43.7738,0,28231482,0
936,28231482,43.7999,0,28231482,0
937,76817040,43.8261,0,76817040,0
938,76817040,43.8894,0,76817040,0
939,76817040,43.9523,0,76817040,0
940,28231482,44.0145,0,28231482,0
941,28231482,44.0779,0,28231482,0
942,28231482,44.1409,0,28231482,0
943,28231482,44.1675,0,28231482,0
944,28231482,44.1939,0,28231482,0
945,134073455,44.2197,49214865,84858590,0
946,134073455,44.2835,49214865,84858590,0
947,28231482,44.3456,0,28231482,0
948,28231482,44.4077,0,28231482,0
949,28231482,44.473,0,28231482,0
950,28231482,44.5,0,28231482,0
951,28231482,44.5265,0,28231482,0
952,74007947,44.5525,0,74007947,0
953,28231482,44.6151,0,28231482,0
954,28231482,44.6789,0,28231482,0
955,28231482,44.7462,0,28231482,0
956,28231482,44.7735,0,28231482,0
957,28231482,44.7999,0,28231482,0
958,143866267,44.8262,49145470,94720797,0
959,28231482,44.8892,0,28231482,0
960,28231482,44.9519,0,28231482,0
961,28231482,45.0141,0,28231482,0
962,28231482,45.0413,0,28231482,0
963,28231482,45.0672,0,28231482,0
964,278758888,45.0937,206735415,72023473,0
965,28231482,45.1565,0,28231482,0
966,28231482,45.2191,0,28231482,0
967,28231482,45.2839,0,28231482,0
968,28231482,45.3106,0,28231482,0
969,28231482,45.3372,0,28231482,0
970,276952369,45.3631,243900945,33051424,0
971,28231482,45.4256,0,28231482,0
972,28231482,45.4881,0,28231482,0
973,28231482,45.5508,0,28231482,0
974,28231482,45.578,0,28231482,0
975,28231482,45.6043,0,28231482,0
976,76817040,45.631,0,76817040,0
977,76817040,45.6945,0,76817040,0
978,76817040,45.7573,0,76817040,0
979,28231482,45.8193,0,28231482,0
980,28231482,45.8824,0,28231482,0
981,28231482,45.9467,0,28231482,0
982,28231482,45.9738,0,28231482,0
983,28231482,46.0001,0,28231482,0
984,136073455,46.0263,51214865,84858590,0
985,136073455,46.0901,51214865,84858590,0
986,28231482,46.1523,0,28231482,0
987,28231482,46.2141,0,28231482,0
988,28231482,46.2771,0,28231482,0
989,28231482,46.3044,0,28231482,0
990,28231482,46.3307,0,28231482,0
991,74007947,46.3567,0,74007947,0
992,28231482,46.4196,0,28231482,0
993,28231482,46.4833,0,28231482,0
994,28231482,46.5466,0,28231482,0
995,28231482,46.5736,0,28231482,0
996,28231482,46.6011,0,28231482,0
997,145866267,46.6274,51145470,94720797,0
998,28231482,46.6919,0,28231482,0
999,28231482,46.7551,0,28231482,0
1000,28231482,46.8181,0,28231482,0
1001,28231482,46.8456,0,28231482,0
1002,28231482,46.8715,0,28231482,0
1003,276758888,46.8983,204735415,72023473,0
1004,28231482,46.9614,0,28231482,0
1005,28231482,47.0244,0,28231482,0
1006,28231482,47.0871,0,28231482,0
1007,28231482,47.1142,0,28231482,0
1008,28231482,47.1408,0,28231482,0
1009,274952369,47.1667,241900945,33051424,0
1010,28231482,47.2309,0,28231482,0
1011,28231482,47.2957,0,28231482,0
1012,28231482,47.359,0,28231482,0
1013,28231482,47.3868,0,28231482,0
1014,28231482,47.4128,0,28231482,0
1015,76817040,47.4396,0,76817040,0
1016,76817040,47.5042,0,76817040,0
1017,76817040,47.569,0,76817040,0
1018,28231482,47.6334,0,28231482,0
1019,28231482,47.6976,0,28231482,0
1020,28231482,47.7613,0,28231482,0
1021,28231482,47.7888,0,28231482,0
1022,28231482,47.8147,0,28231482,0
1023,134073455,47.8409,49214865,84858590,0
1024,134073455,47.9055,49214865,84858590,0
1025,28231482,47.9692,0,28231482,0
1026,28231482,48.0332,0,28231482,0
1027,28231482,48.0968,0,28231482,0
1028,28231482,48.1236,0,28231482,0
1029,28231482,48.1501,0,28231482,0
1030,74007947,48.176,0,74007947,0
1031,28231482,48.239,0,28231482,0
1032,28231482,48.3042,0,28231482,0
1033,28231482,48.3684,0,28231482,0
1034,28231482,48.396,0,28231482,0
1035,28231482,48.4217,0,28231482,0
1036,143866267,48.448,49145470,94720797,0
1037,28231482,48.5107,0,28231482,0
1038,28231482,48.573,0,28231482,0
1039,28231482,48.6356,0,28231482,0
1040,28231482,48.6622,0,28231482,0
1041,28231482,48.6893,0,28231482,0
1042,278758888,48.7156,206735415,72023473,0
1043,28231482,48.7786,0,28231482,0
1044,28231482,48.8416,0,28231482,0
1045,28231482,48.9039,0,28231482,0
1046,28231482,48.9308,0,28231482,0
1047,28231482,48.9568,0,28231482,0
1048,276952369,48.983,243900945,33051424,0
1049,28231482,49.0459,0,28231482,0
1050,28231482,49.1087,0,28231482,0
1051,28231482,49.1716,0,28231482,0
1052,28231482,49.1989,0,28231482,0
1053,28231482,49.2248,0,28231482,0
1054,76817040,49.251,0,76817040,0
1055,76817040,49.3145,0,76817040,0
1056,76817040,49.3772,0,76817040,0
1057,28231482,49.4406,0,28231482,0
1058,28231482,49.5053,0,28231482,0
1059,28231482,49.5686,0,28231482,0
1060,28231482,49.5963,0,28231482,0
1061,28231482,49.6222,0,28231482,0
1062,136073455,49.6487,51214865,84858590,0
1063,136073455,49.7123,51214865,84858590,0
1064,28231482,49.7756,0,28231482,0
1065,28231482,49.8393,0,28231482,0
1066,28231482,49.9025,0,28231482,0
1067,28231482,49.9295,0,28231482,0
1068,28231482,49.9556,0,28231482,0
1069,74007947,49.9815,0,74007947,0
1070,28231482,50.0443,0,28231482,0
1071,28231482,50.1086,0,28231482,0
1072,28231482,50.1731,0,28231482,0
1073,28231482,50.2005,0,28231482,0
1074,28231482,50.2262,0,28231482,0
1075,145866267,50.2525,51145470,94720797,0
1076,28231482,50.3152,0,28231482,0
1077,28231482,50.3774,0,28231482,0
1078,28231482,50.4407,0,28231482,0
1079,28231482,50.4691,0,28231482,0
1080,28231482,50.4958,0,28231482,0
1081,276758888,50.523,204735415,72023473,0
1082,28231482,50.5863,0,28231482,0
1083,28231482,50.6486,0,28231482,0
1084,28231482,50.7115,0,28231482,0
1085,28231482,50.7391,0,28231482,0
1086,28231482,50.7649,0,28231482,0
1087,274952369,50.7913,241900945,33051424,0
1088,28231482,50.8554,0,28231482,0
1089,28231482,50.9194,0,28231482,0
1090,28231482,50.9822,0,28231482,0
1091,28231482,51.009,0,28231482,0
1092,28231482,51.0352,0,28231482,0
1093,76817040,51.0611,0,76817040,0
1094,76817040,51.1244,0,76817040,0
1095,76817040,51.1889,0,76817040,0
1096,28231482,51.2524,0,28231482,0
1097,28231482,51.3173,0,28231482,0
1098,28231482,51.3806,0,28231482,0
1099,28231482,51.4078,0,28231482,0
1100,28231482,51.4338,0,28231482,0
1101,134073455,51.4598,49214865,84858590,0
1102,134073455,51.5252,49214865,84858590,0
1103,28231482,51.5878,0,28231482,0
1104,28231482,51.6502,0,28231482,0
1105,28231482,51.7132,0,28231482,0
1106,28231482,51.7401,0,28231482,0
1107,28231482,51.766,0,28231482,0
1108,74007947,51.7922,0,74007947,0
1109,28231482,51.8549,0,28231482,0
1110,28231482,51.9186,0,28231482,0
1111,28231482,51.9824,0,28231482,0
1112,28231482,52.0092,0,28231482,0
1113,28231482,52.0352,0,28231482,0
1114,143866267,52.0612,49145470,94720797,0
1115,28231482,52.1236,0,28231482,0
1116,28231482,52.1863,0,28231482,0
1117,28231482,52.249,0,28231482,0
1118,28231482,52.2758,0,28231482,0
1119,28231482,52.3023,0,28231482,0
1120,278758888,52.3286,206735415,72023473,0
1121,28231482,52.3919,0,28231482,0
1122,28231482,52.4541,0,28231482,0
1123,28231482,52.5163,0,28231482,0
1124,28231482,52.5443,0,28231482,0
1125,28231482,52.57,0,28231482,0
1126,276952369,52.5964,243900945,33051424,0
1127,28231482,52.6589,0,28231482,0
1128,28231482,52.7211,0,28231482,0
1129,28231482,52.7834,0,28231482,0
1130,28231482,52.8101,0,28231482,0
1131,28231482,52.836,0,28231482,0
1132,76817040,52.8619,0,76817040,0
1133,76817040,52.9253,0,76817040,0
1134,76817040,52.9886,0,76817040,0
1135,28231482,53.0507,0,28231482,0
1136,28231482,53.1133,0,28231482,0
1137,28231482,53.1759,0,28231482,0
1138,28231482,53.2033,0,28231482,0
1139,28231482,53.229,0,28231482,0
1140,136073455,53.2565,51214865,84858590,0
1141,136073455,53.3217,51214865,84858590,0
1142,28231482,53.3848,0,28231482,0
1143,28231482,53.4477,0,28231482,0
1144,28231482,53.5116,0,28231482,0
1145,28231482,53.5384,0,28231482,0
1146,28231482,53.5646,0,28231482,0
1147,74007947,53.5905,0,74007947,0
1148,28231482,53.6545,0,28231482,0
1149,28231482,53.7197,0,28231482,0
1150,28231482,53.7826,0,28231482,0
1151,28231482,53.8099,0,28231482,0
1152,28231482,53.8359,0,28231482,0
1153,145866267,53.8624,51145470,94720797,0
1154,28231482,53.9248,0,28231482,0
1155,28231482,53.989,0,28231482,0
1156,28231482,54.0534,0,28231482,0
1157,28231482,54.0803,0,28231482,0
1158,28231482,54.1068,0,28231482,0
1159,276758888,54.1327,204735415,72023473,0
1160,28231482,54.1957,0,28231482,0
1161,28231482,54.2582,0,28231482,0
1162,28231482,54.3226,0,28231482,0
1163,28231482,54.3499,0,28231482,0
1164,28231482,54.3758,0,28231482,0
1165,274952369,54.4022,241900945,33051424,0
1166,28231482,54.4664,0,28231482,0
1167,28231482,54.529,0,28231482,0
1168,28231482,54.5917,0,28231482,0
1169,28231482,54.6188,0,28231482,0
1170,28231482,54.6452,0,28231482,0
1171,76817040,54.6709,0,76817040,0
1172,76817040,54.7353,0,76817040,0
1173,76817040,54.7999,0,76817040,0
1174,28231482,54.8623,0,28231482,0
1175,28231482,54.9251,0,28231482,0
1176,28231482,54.9881,0,28231482,0
1177,28231482,55.015,0,28231482,0
1178,28231482,55.041,0,28231482,0
1179,134073455,55.0671,49214865,84858590,0
1180,134073455,55.1309,49214865,84858590,0
1181,28231482,55.1938,0,28231482,0
1182,28231482,55.2575,0,28231482,0
1183,28231482,55.3222,0,28231482,0
1184,28231482,55.3496,0,28231482,0
1185,28231482,55.3759,0,28231482,0
1186,74007947,55.4018,0,74007947,0
1187,28231482,55.4647,0,28231482,0
1188,28231482,55.5282,0,28231482,0
1189,28231482,55.5927,0,28231482,0
1190,28231482,55.6203,0,28231482,0
1191,28231482,55.6464,0,28231482,0
1192,143866267,55.6738,49145470,94720797,0
1193,28231482,55.7369,0,28231482,0
1194,28231482,55.7997,0,28231482,0
1195,28231482,55.8618,0,28231482,0
1196,28231482,55.8887,0,28231482,0
1197,28231482,55.9153,0,28231482,0
1198,278758888,55.9445,206735415,72023473,0
1199,28231482,56.009,0,28231482,0
1200,28231482,56.0718,0,28231482,0
1201,28231482,56.1342,0,28231482,0
1202,28231482,56.1613,0,28231482,0
1203,28231482,56.1871,0,28231482,0
1204,276952369,56.2134,243900945,33051424,0
1205,28231482,56.2757,0,28231482,0
1206,28231482,56.3385,0,28231482,0
1207,28231482,56.4022,0,28231482,0
1208,28231482,56.4294,0,28231482,0
1209,28231482,56.4563,0,28231482,0
1210,76817040,56.4826,0,76817040,0
1211,76817040,56.5461,0,76817040,0
1212,76817040,56.6088,0,76817040,0
1213,28231482,56.6722,0,28231482,0
1214,28231482,56.7388,0,28231482,0
1215,28231482,56.8026,0,28231482,0
1216,28231482,56.8296,0,28231482,0
1217,28231482,56.856,0,28231482,0
1218,136073455,56.8821,51214865,84858590,0
1219,136073455,56.9459,51214865,84858590,0
1220,28231482,57.0094,0,28231482,0
1221,28231482,57.0723,0,28231482,0
1222,28231482,57.1368,0,28231482,0
1223,28231482,57.1644,0,28231482,0
1224,28231482,57.1903,0,28231482,0
1225,74007947,57.2164,0,74007947,0
1226,28231482,57.2805,0,28231482,0
1227,28231482,57.3438,0,28231482,0
1228,28231482,57.4083,0,28231482,0
1229,28231482,57.4353,0,28231482,0
1230,28231482,57.463,0,28231482,0
1231,145866267,57.4893,51145470,94720797,0
1232,28231482,57.5523,0,28231482,0
1233,28231482,57.6146,0,28231482,0
1234,28231482,57.6768,0,28231482,0
1235,28231482,57.7045,0,28231482,0
1236,28231482,57.7303,0,28231482,0
1237,276758888,57.7568,204735415,72023473,0
1238,28231482,57.8196,0,28231482,0
1239,28231482,57.8817,0,28231482,0
1240,28231482,57.9441,0,28231482,0
1241,28231482,57.9713,0,28231482,0
1242,28231482,57.9975,0,28231482,0
1243,274952369,58.0235,241900945,33051424,0
1244,28231482,58.0872,0,28231482,0
1245,28231482,58.1499,0,28231482,0
1246,28231482,58.2123,0,28231482,0
1247,28231482,58.2402,0,28231482,0
1248,28231482,58.2667,0,28231482,0
1249,76817040,58.2935,0,76817040,0
1250,76817040,58.36,0,76817040,0
1251,76817040,58.4237,0,76817040,0
1252,28231482,58.4865,0,28231482,0
1253,28231482,58.5565,0,28231482,0
1254,28231482,58.6316,0,28231482,0
1255,28231482,58.6604,0,28231482,0
1256,28231482,58.6861,0,28231482,0
1257,134073455,58.7127,49214865,84858590,0
1258,134073455,58.7776,49214865,84858590,0
1259,28231482,58.8399,0,28231482,0
1260,28231482,58.902,0,28231482,0
1261,28231482,58.9652,0,28231482,0
1262,28231482,58.9931,0,28231482,0
1263,28231482,59.019,0,28231482,0
1264,74007947,59.0454,0,74007947,0
1265,28231482,59.1098,0,28231482,0
1266,28231482,59.1733,0,28231482,0
1267,28231482,59.2366,0,28231482,0
1268,28231482,59.2651,0,28231482,0
1269,28231482,59.2909,0,28231482,0
1270,143866267,59.317,49145470,94720797,0
1271,28231482,59.3805,0,28231482,0
1272,28231482,59.4438,0,28231482,0
1273,28231482,59.5092,0,28231482,0
1274,28231482,59.5376,0,28231482,0
1275,28231482,59.5639,0,28231482,0
1276,278758888,59.5898,206735415,72023473,0
1277,28231482,59.6536,0,28231482,0
1278,28231482,59.7173,0,28231482,0
1279,28231482,59.7825,0,28231482,0
1280,28231482,59.8121,0,28231482,0
1281,28231482,59.8382,0,28231482,0
1282,276952369,59.8647,243900945,33051424,0
1283,28231482,59.9286,0,28231482,0
1284,28231482,59.9909,0,28231482,0
1285,28231482,60.0538,0,28231482,0
1286,28231482,60.082,0,28231482,0
1287,28231482,60.1087,0,28231482,0
1288,76817040,60.1345,0,76817040,0
1289,76817040,60.1992,0,76817040,0
1290,76817040,60.2631,0,76817040,0
1291,28231482,60.3252,0,28231482,0
1292,28231482,60.3875,0,28231482,0
1293,28231482,60.4502,0,28231482,0
1294,28231482,60.4787,0,28231482,0
1295,28231482,60.5047,0,28231482,0
1296,136073455,60.5306,51214865,84858590,0
1297,136073455,60.5954,51214865,84858590,0
1298,28231482,60.6573,0,28231482,0
1299,28231482,60.7189,0,28231482,0
1300,28231482,60.7816,0,28231482,0
1301,28231482,60.8105,0,28231482,0
1302,28231482,60.8365,0,28231482,0
1303,74007947,60.8626,0,74007947,0
1304,28231482,60.9265,0,28231482,0
1305,28231482,60.9897,0,28231482,0
1306,28231482,61.0531,0,28231482,0
1307,28231482,61.0812,0,28231482,0
1308,28231482,61.1073,0,28231482,0
1309,145866267,61.1334,51145470,94720797,0
1310,28231482,61.1988,0,28231482,0
1311,28231482,61.263,0,28231482,0
1312,28231482,61.3256,0,28231482,0
1313,28231482,61.3542,0,28231482,0
1314,28231482,61.3803,0,28231482,0
1315,276758888,61.4064,204735415,72023473,0
1316,28231482,61.4702,0,28231482,0
1317,28231482,61.5336,0,28231482,0
1318,28231482,61.5975,0,28231482,0
1319,28231482,61.626,0,28231482,0
1320,28231482,61.6521,0,28231482,0
1321,274952369,61.6784,241900945,33051424,0
1322,28231482,61.7416,0,28231482,0
1323,28231482,61.8046,0,28231482,0
1324,28231482,61.8682,0,28231482,0
1325,28231482,61.8962,0,28231482,0
1326,28231482,61.9224,0,28231482,0
1327,76817040,61.9498,0,76817040,0
1328,76817040,62.0151,0,76817040,0
1329,76817040,62.078,0,76817040,0
1330,28231482,62.1403,0,28231482,0
1331,28231482,62.2036,0,28231482,0
1332,28231482,62.2688,0,28231482,0
1333,28231482,62.2984,0,28231482,0
1334,28231482,62.3247,0,28231482,0
1335,134073455,62.351,49214865,84858590,0
1336,134073455,62.4163,49214865,84858590,0
1337,28231482,62.4797,0,28231482,0
1338,28231482,62.5424,0,28231482,0
1339,28231482,62.6065,0,28231482,0
1340,28231482,62.6345,0,28231482,0
1341,28231482,62.6608,0,28231482,0
1342,74007947,62.6865,0,74007947,0
1343,28231482,62.751,0,28231482,0
1344,28231482,62.8148,0,28231482,0
1345,28231482,62.8781,0,28231482,0
1346,28231482,62.9065,0,28231482,0
1347,28231482,62.9325,0,28231482,0
1348,143866267,62.9598,49145470,94720797,0
1349,28231482,63.024,0,28231482,0
1350,28231482,63.0883,0,28231482,0
1351,28231482,63.1512,0,28231482,0
1352,28231482,63.1794,0,28231482,0
1353,28231482,63.2056,0,28231482,0
1354,278758888,63.232,206735415,72023473,0
1355,28231482,63.2977,0,28231482,0
1356,28231482,63.3599,0,28231482,0
1357,28231482,63.4231,0,28231482,0
1358,28231482,63.4499,0,28231482,0
1359,28231482,63.4758,0,28231482,0
1360,276952369,63.502,243900945,33051424,0
1361,28231482,63.5645,0,28231482,0
1362,28231482,63.6269,0,28231482,0
1363,28231482,63.6894,0,28231482,0
1364,28231482,63.7168,0,28231482,0
1365,28231482,63.7427,0,28231482,0
1366,76817040,63.7689,0,76817040,0
1367,76817040,63.8327,0,76817040,0
1368,76817040,63.8957,0,76817040,0
1369,28231482,63.958,0,28231482,0
1370,28231482,64.021,0,28231482,0
1371,28231482,64.0839,0,28231482,0
1372,28231482,64.112,0,28231482,0
1373,28231482,64.1383,0,28231482,0
1374,136073455,64.1644,51214865,84858590,0
1375,136073455,64.2282,51214865,84858590,0
1376,28231482,64.2902,0,28231482,0
1377,28231482,64.3523,0,28231482,0
1378,28231482,64.4154,0,28231482,0
1379,28231482,64.4423,0,28231482,0
1380,28231482,64.4684,0,28231482,0
1381,74007947,64.4942,0,74007947,0
1382,28231482,64.557,0,28231482,0
1383,28231482,64.6199,0,28231482,0
1384,28231482,64.6829,0,28231482,0
1385,28231482,64.71,0,28231482,0
1386,28231482,64.736,0,28231482,0
1387,145866267,64.762,51145470,94720797,0
1388,28231482,64.8246,0,28231482,0
1389,28231482,64.887,0,28231482,0
1390,28231482,64.9491,0,28231482,0
1391,28231482,64.9767,0,28231482,0
1392,28231482,65.0026,0,28231482,0
1393,276758888,65.0286,204735415,72023473,0
1394,28231482,65.0913,0,28231482,0
1395,28231482,65.1538,0,28231482,0
1396,28231482,65.2168,0,28231482,0
1397,28231482,65.2449,0,28231482,0
1398,28231482,65.2712,0,28231482,0
1399,274952369,65.2974,241900945,33051424,0
1400,28231482,65.3616,0,28231482,0
1401,28231482,65.4241,0,28231482,0
1402,28231482,65.4889,0,28231482,0
1403,28231482,65.5166,0,28231482,0
1404,28231482,65.5429,0,28231482,0
1405,76817040,65.5693,0,76817040,0
1406,76817040,65.6341,0,76817040,0
1407,76817040,65.6985,0,76817040,0
1408,28231482,65.7614,0,28231482,0
1409,28231482,65.8256,0,28231482,0
1410,28231482,65.8898,0,28231482,0
1411,28231482,65.9171,0,28231482,0
1412,28231482,65.9492,0,28231482,0
1413,134073455,65.9754,49214865,84858590,0
1414,134073455,66.0396,49214865,84858590,0
1415,28231482,66.1019,0,28231482,0
1416,28231482,66.1652,0,28231482,0
1417,28231482,66.2282,0,28231482,0
1418,28231482,66.2552,0,28231482,0
1419,28231482,66.2823,0,28231482,0
1420,74007947,66.3082,0,74007947,0
1421,28231482,66.3709,0,28231482,0
1422,28231482,66.4343,0,28231482,0
1423,28231482,66.4976,0,28231482,0
1424,28231482,66.5246,0,28231482,0
1425,28231482,66.5507,0,28231482,0
1426,143866267,66.5769,49145470,94720797,0
1427,28231482,66.6398,0,28231482,0
1428,28231482,66.7023,0,28231482,0
1429,28231482,66.7648,0,28231482,0
1430,28231482,66.792,0,28231482,0
1431,28231482,66.8183,0,28231482,0
1432,278758888,66.8444,206735415,72023473,0
1433,28231482,66.9071,0,28231482,0
1434,28231482,66.9693,0,28231482,0
1435,28231482,67.0315,0,28231482,0
1436,28231482,67.0583,0,28231482,0
1437,28231482,67.0844,0,28231482,0
1438,276952369,67.1105,243900945,33051424,0
1439,28231482,67.1742,0,28231482,0
1440,28231482,67.2367,0,28231482,0
1441,28231482,67.2995,0,28231482,0
1442,28231482,67.327,0,28231482,0
1443,28231482,67.3527,0,28231482,0
1444,76817040,67.379,0,76817040,0
1445,76817040,67.4424,0,76817040,0
1446,76817040,67.5069,0,76817040,0
1447,28231482,67.5691,0,28231482,0
1448,28231482,67.6319,0,28231482,0
1449,28231482,67.6946,0,28231482,0
1450,28231482,67.7216,0,28231482,0
1451,28231482,67.7476,0,28231482,0
1452,136073455,67.7738,51214865,84858590,0
1453,136073455,67.8374,51214865,84858590,0
1454,28231482,67.8995,0,28231482,0
1455,28231482,67.9619,0,28231482,0
1456,28231482,68.0251,0,28231482,0
1457,28231482,68.0523,0,28231482,0
1458,28231482,68.0785,0,28231482,0
1459,74007947,68.1042,0,74007947,0
1460,28231482,68.1672,0,28231482,0
1461,28231482,68.2301,0,28231482,0
1462,28231482,68.2931,0,28231482,0
1463,28231482,68.32,0,28231482,0
1464,28231482,68.3461,0,28231482,0
1465,145866267,68.3725,51145470,94720797,0
1466,28231482,68.4379,0,28231482,0
1467,28231482,68.5016,0,28231482,0
1468,28231482,68.566,0,28231482,0
1469,28231482,68.5932,0,28231482,0
1470,28231482,68.6198,0,28231482,0
1471,276758888,68.6459,204735415,72023473,0
1472,28231482,68.709,0,28231482,0
1473,28231482,68.772,0,28231482,0
1474,28231482,68.8343,0,28231482,0
1475,28231482,68.8612,0,28231482,0
1476,28231482,68.8873,0,28231482,0
1477,274952369,68.9134,241900945,33051424,0
1478,28231482,68.9762,0,28231482,0
1479,28231482,69.0391,0,28231482,0
1480,28231482,69.1016,0,28231482,0
1481,28231482,69.1289,0,28231482,0
1482,28231482,69.1546,0,28231482,0
1483,76817040,69.1809,0,76817040,0
1484,76817040,69.2437,0,76817040,0
1485,76817040,69.3082,0,76817040,0
1486,28231482,69.3705,0,28231482,0
1487,28231482,69.4347,0,28231482,0
1488,28231482,69.4975,0,28231482,0
1489,28231482,69.5244,0,28231482,0
1490,28231482,69.5502,0,28231482,0
1491,134073455,69.5763,49214865,84858590,0
1492,134073455,69.6398,49214865,84858590,0
1493,28231482,69.7017,0,28231482,0
1494,28231482,69.7636,0,28231482,0
1495,28231482,69.8265,0,28231482,0
1496,28231482,69.8534,0,28231482,0
1497,28231482,69.8794,0,28231482,0
1498,74007947,69.9051,0,74007947,0
1499,28231482,69.9679,0,28231482,0
1500,28231482,70.031,0,28231482,0
1501,28231482,70.094,0,28231482,0
1502,28231482,70.1209,0,28231482,0
1503,28231482,70.1469,0,28231482,0
1504,143866267,70.1729,49145470,94720797,0
1505,28231482,70.2355,0,28231482,0
1506,28231482,70.2989,0,28231482,0
1507,28231482,70.3613,0,28231482,0
1508,28231482,70.3884,0,28231482,0
1509,28231482,70.4143,0,28231482,0
1510,278758888,70.4405,206735415,72023473,0
1511,28231482,70.5031,0,28231482,0
1512,28231482,70.5651,0,28231482,0
1513,28231482,70.6272,0,28231482,0
1514,28231482,70.654,0,28231482,0
1515,28231482,70.6799,0,28231482,0
1516,276952369,70.706,243900945,33051424,0
1517,28231482,70.7685,0,28231482,0
1518,28231482,70.8311,0,28231482,0
1519,28231482,70.8935,0,28231482,0
1520,28231482,70.9204,0,28231482,0
1521,28231482,70.9465,0,28231482,0
1522,76817040,70.9724,0,76817040,0
1523,76817040,71.0352,0,76817040,0
1524,76817040,71.0977,0,76817040,0
1525,28231482,71.1596,0,28231482,0
1526,28231482,71.2223,0,28231482,0
1527,28231482,71.285,0,28231482,0
1528,28231482,71.3117,0,28231482,0
1529,28231482,71.3378,0,28231482,0
1530,136073455,71.3641,51214865,84858590,0
1531,136073455,71.4283,51214865,84858590,0
1532,28231482,71.4937,0,28231482,0
1533,28231482,71.5556,0,28231482,0
1534,28231482,71.6194,0,28231482,0
1535,28231482,71.6462,0,28231482,0
1536,28231482,71.6735,0,28231482,0
1537,74007947,71.7059,0,74007947,0
1538,28231482,71.7717,0,28231482,0
1539,28231482,71.8345,0,28231482,0
1540,28231482,71.8974,0,28231482,0
1541,28231482,71.9254,0,28231482,0
1542,28231482,71.9515,0,28231482,0
1543,145866267,71.9775,51145470,94720797,0
1544,28231482,72.0415,0,28231482,0
1545,28231482,72.1039,0,28231482,0
1546,28231482,72.1665,0,28231482,0
1547,28231482,72.1948,0,28231482,0
1548,28231482,72.2209,0,28231482,0
1549,276758888,72.2472,204735415,72023473,0
1550,28231482,72.3113,0,28231482,0
1551,28231482,72.3735,0,28231482,0
1552,28231482,72.436,0,28231482,0
1553,28231482,72.464,0,28231482,0
1554,28231482,72.4901,0,28231482,0
1555,274952369,72.516,241900945,33051424,0
1556,28231482,72.5796,0,28231482,0
1557,28231482,72.6421,0,28231482,0
1558,28231482,72.7046,0,28231482,0
1559,28231482,72.7332,0,28231482,0
1560,28231482,72.7591,0,28231482,0
1561,76817040,72.7855,0,76817040,0
1562,76817040,72.8499,0,76817040,0
1563,76817040,72.9127,0,76817040,0
1564,28231482,72.9745,0,28231482,0
1565,28231482,73.0383,0,28231482,0
1566,28231482,73.1025,0,28231482,0
1567,28231482,73.131,0,28231482,0
1568,28231482,73.1571,0,28231482,0
1569,134073455,73.183,49214865,84858590,0
1570,134073455,73.2478,49214865,84858590,0
1571,28231482,73.3101,0,28231482,0
1572,28231482,73.3728,0,28231482,0
1573,28231482,73.4362,0,28231482,0
1574,28231482,73.4655,0,28231482,0
1575,28231482,73.4917,0,28231482,0
1576,74007947,73.5178,0,74007947,0
1577,28231482,73.582,0,28231482,0
1578,28231482,73.6452,0,28231482,0
1579,28231482,73.7101,0,28231482,0
1580,28231482,73.7379,0,28231482,0
1581,28231482,73.7639,0,28231482,0
1582,143866267,73.7898,49145470,94720797,0
1583,28231482,73.8532,0,28231482,0
1584,28231482,73.9145,0,28231482,0
1585,28231482,73.9769,0,28231482,0
1586,28231482,74.0052,0,28231482,0
1587,28231482,74.0316,0,28231482,0
1588,278758888,74.0572,206735415,72023473,0
1589,28231482,74.1213,0,28231482,0
1590,28231482,74.1838,0,28231482,0
1591,28231482,74.2462,0,28231482,0
1592,28231482,74.2732,0,28231482,0
1593,28231482,74.2992,0,28231482,0
1594,276952369,74.3253,243900945,33051424,0
1595,28231482,74.3883,0,28231482,0
1596,28231482,74.4536,0,28231482,0
1597,28231482,74.5166,0,28231482,0
1598,28231482,74.5438,0,28231482,0
1599,28231482,74.5704,0,28231482,0
1600,76817040,74.5967,0,76817040,0
1601,76817040,74.6594,0,76817040,0
1602,76817040,74.7224,0,76817040,0
1603,28231482,74.7848,0,28231482,0
1604,28231482,74.8473,0,28231482,0
1605,28231482,74.9096,0,28231482,0
1606,28231482,74.9366,0,28231482,0
1607,28231482,74.9624,0,28231482,0
1608,136073455,74.9883,51214865,84858590,0
1609,136073455,75.0519,51214865,84858590,0
1610,28231482,75.1137,0,28231482,0
1611,28231482,75.1758,0,28231482,0
1612,28231482,75.2385,0,28231482,0
1613,28231482,75.2654,0,28231482,0
1614,28231482,75.2916,0,28231482,0
1615,74007947,75.3175,0,74007947,0
1616,28231482,75.3805,0,28231482,0
1617,28231482,75.4434,0,28231482,0
1618,28231482,75.5065,0,28231482,0
1619,28231482,75.5333,0,28231482,0
1620,28231482,75.5591,0,28231482,0
1621,145866267,75.5852,51145470,94720797,0
1622,28231482,75.6486,0,28231482,0
1623,28231482,75.711,0,28231482,0
1624,28231482,75.7732,0,28231482,0
1625,28231482,75.8002,0,28231482,0
1626,28231482,75.8261,0,28231482,0
1627,276758888,75.852,204735415,72023473,0
1628,28231482,75.9142,0,28231482,0
1629,28231482,75.977,0,28231482,0
1630,28231482,76.0397,0,28231482,0
1631,28231482,76.0669,0,28231482,0
1632,28231482,76.0929,0,28231482,0
1633,274952369,76.1189,241900945,33051424,0
1634,28231482,76.1817,0,28231482,0
1635,28231482,76.2448,0,28231482,0
1636,28231482,76.3072,0,28231482,0
1637,28231482,76.3343,0,28231482,0
1638,28231482,76.3601,0,28231482,0
1639,76817040,76.386,0,76817040,0
1640,76817040,76.4496,0,76817040,0
1641,76817040,76.5125,0,76817040,0
1642,28231482,76.5743,0,28231482,0
1643,28231482,76.637,0,28231482,0
1644,28231482,76.6997,0,28231482,0
1645,28231482,76.7267,0,28231482,0
1646,28231482,76.7527,0,28231482,0
1647,134073455,76.7788,49214865,84858590,0
1648,134073455,76.8428,49214865,84858590,0
1649,28231482,76.9052,0,28231482,0
1650,28231482,76.9676,0,28231482,0
1651,28231482,77.0314,0,28231482,0
1652,28231482,77.0585,0,28231482,0
1653,28231482,77.0851,0,28231482,0
1654,74007947,77.1114,0,74007947,0
1655,28231482,77.1747,0,28231482,0
1656,28231482,77.2387,0,28231482,0
1657,28231482,77.3023,0,28231482,0
1658,28231482,77.3295,0,28231482,0
1659,28231482,77.3554,0,28231482,0
1660,143866267,77.3815,49145470,94720797,0
1661,28231482,77.4468,0,28231482,0
1662,28231482,77.5098,0,28231482,0
1663,28231482,77.5723,0,28231482,0
1664,28231482,77.5997,0,28231482,0
1665,28231482,77.6255,0,28231482,0
1666,278758888,77.6517,206735415,72023473,0
1667,28231482,77.7164,0,28231482,0
1668,28231482,77.7794,0,28231482,0
1669,28231482,77.8421,0,28231482,0
1670,28231482,77.8693,0,28231482,0
1671,28231482,77.8958,0,28231482,0
1672,276952369,77.922,243900945,33051424,0
1673,28231482,77.9854,0,28231482,0
1674,28231482,78.0482,0,28231482,0
1675,28231482,78.1123,0,28231482,0
1676,28231482,78.1397,0,28231482,0
1677,28231482,78.1666,0,28231482,0
1678,76817040,78.1934,0,76817040,0
1679,76817040,78.2569,0,76817040,0
1680,76817040,78.3201,0,76817040,0
1681,28231482,78.3826,0,28231482,0
1682,28231482,78.4453,0,28231482,0
1683,28231482,78.508,0,28231482,0
1684,28231482,78.5351,0,28231482,0
1685,28231482,78.5614,0,28231482,0
1686,136073455,78.5887,51214865,84858590,0
1687,136073455,78.6532,51214865,84858590,0
1688,28231482,78.7169,0,28231482,0
1689,28231482,78.7793,0,28231482,0
1690,28231482,78.8423,0,28231482,0
1691,28231482,78.8693,0,28231482,0
1692,28231482,78.8954,0,28231482,0
1693,74007947,78.9213,0,74007947,0
1694,28231482,78.9841,0,28231482,0
1695,28231482,79.0472,0,28231482,0
1696,28231482,79.112,0,28231482,0
1697,28231482,79.1393,0,28231482,0
1698,28231482,79.1667,0,28231482,0
1699,145866267,79.1931,51145470,94720797,0
1700,28231482,79.2558,0,28231482,0
1701,28231482,79.3184,0,28231482,0
1702,28231482,79.3811,0,28231482,0
1703,28231482,79.4083,0,28231482,0
1704,28231482,79.4345,0,28231482,0
1705,276758888,79.4606,204735415,72023473,0
1706,28231482,79.5235,0,28231482,0
1707,28231482,79.5875,0,28231482,0
1708,28231482,79.6513,0,28231482,0
1709,28231482,79.6788,0,28231482,0
1710,28231482,79.7051,0,28231482,0
1711,274952369,79.7312,241900945,33051424,0
1712,28231482,79.7938,0,28231482,0
1713,28231482,79.8564,0,28231482,0
1714,28231482,79.9189,0,28231482,0
1715,28231482,79.9465,0,28231482,0
1716,28231482,79.9725,0,28231482,0
1717,76817040,79.999,0,76817040,0
1718,76817040,80.0625,0,76817040,0
1719,76817040,80.1269,0,76817040,0
1720,28231482,80.1894,0,28231482,0
1721,28231482,80.2537,0,28231482,0
1722,28231482,80.3168,0,28231482,0
1723,28231482,80.3438,0,28231482,0
1724,28231482,80.3698,0,28231482,0
1725,134073455,80.396,49214865,84858590,0
1726,134073455,80.4632,49214865,84858590,0
1727,28231482,80.5264,0,28231482,0
1728,28231482,80.5889,0,28231482,0
1729,28231482,80.6533,0,28231482,0
1730,28231482,80.681,0,28231482,0
1731,28231482,80.7082,0,28231482,0
1732,74007947,80.7353,0,74007947,0
1733,28231482,80.7988,0,28231482,0
1734,28231482,80.8623,0,28231482,0
1735,28231482,80.9255,0,28231482,0
1736,28231482,80.9526,0,28231482,0
1737,28231482,80.9792,0,28231482,0
1738,143866267,81.0052,49145470,94720797,0
1739,28231482,81.0684,0,28231482,0
1740,28231482,81.1338,0,28231482,0
1741,28231482,81.1966,0,28231482,0
1742,28231482,81.2245,0,28231482,0
1743,28231482,81.2507,0,28231482,0
1744,278758888,81.2776,206735415,72023473,0
1745,28231482,81.3412,0,28231482,0
1746,28231482,81.4041,0,28231482,0
1747,28231482,81.4672,0,28231482,0
1748,28231482,81.4945,0,28231482,0
1749,28231482,81.5208,0,28231482,0
1750,276952369,81.5474,243900945,33051424,0
1751,28231482,81.6102,0,28231482,0
1752,28231482,81.6733,0,28231482,0
1753,28231482,81.737,0,28231482,0
1754,28231482,81.7643,0,28231482,0
1755,28231482,81.7906,0,28231482,0
1756,76817040,81.8165,0,76817040,0
1757,76817040,81.8805,0,76817040,0
1758,76817040,81.9436,0,76817040,0
1759,28231482,82.0056,0,28231482,0
1760,28231482,82.0684,0,28231482,0
1761,28231482,82.1316,0,28231482,0
1762,28231482,82.1586,0,28231482,0
1763,28231482,82.185,0,28231482,0
1764,136073455,82.2112,51214865,84858590,0
1765,136073455,82.2749,51214865,84858590,0
1766,28231482,82.3376,0,28231482,0
1767,28231482,82.4002,0,28231482,0
1768,28231482,82.4633,0,28231482,0
1769,28231482,82.4906,0,28231482,0
1770,28231482,82.5164,0,28231482,0
1771,74007947,82.5424,0,74007947,0
1772,28231482,82.6047,0,28231482,0
1773,28231482,82.6678,0,28231482,0
1774,28231482,82.7317,0,28231482,0
1775,28231482,82.7595,0,28231482,0
1776,28231482,82.7857,0,28231482,0
1777,145866267,82.8117,51145470,94720797,0
1778,28231482,82.8744,0,28231482,0
1779,28231482,82.9375,0,28231482,0
1780,28231482,83,0,28231482,0
1781,28231482,83.0265,0,28231482,0
1782,28231482,83.0527,0,28231482,0
1783,276758888,83.079,204735415,72023473,0
1784,28231482,83.1419,0,28231482,0
1785,28231482,83.2056,0,28231482,0
1786,28231482,83.2686,0,28231482,0
1787,28231482,83.297,0,28231482,0
1788,28231482,83.3232,0,28231482,0
1789,274952369,83.3496,241900945,33051424,0
1790,28231482,83.4129,0,28231482,0
1791,28231482,83.4794,0,28231482,0
1792,28231482,83.5429,0,28231482,0
1793,28231482,83.57,0,28231482,0
1794,28231482,83.5963,0,28231482,0
1795,76817040,83.6224,0,76817040,0
1796,76817040,83.6869,0,76817040,0
1797,76817040,83.7506,0,76817040,0
1798,28231482,83.8145,0,28231482,0
1799,28231482,83.8778,0,28231482,0
1800,28231482,83.9411,0,28231482,0
1801,28231482,83.9682,0,28231482,0
1802,28231482,83.9944,0,28231482,0
1803,134073455,84.0206,49214865,84858590,0
1804,134073455,84.0848,49214865,84858590,0
1805,28231482,84.1471,0,28231482,0
1806,28231482,84.2094,0,28231482,0
1807,28231482,84.2729,0,28231482,0
1808,28231482,84.3001,0,28231482,0
1809,28231482,84.3261,0,28231482,0
1810,74007947,84.3522,0,74007947,0
1811,28231482,84.4152,0,28231482,0
1812,28231482,84.4787,0,28231482,0
1813,28231482,84.5437,0,28231482,0
1814,28231482,84.5709,0,28231482,0
1815,28231482,84.597,0,28231482,0
1816,143866267,84.6243,49145470,94720797,0
1817,28231482,84.6874,0,28231482,0
1818,28231482,84.7498,0,28231482,0
1819,28231482,84.8123,0,28231482,0
1820,28231482,84.8392,0,28231482,0
1821,28231482,84.8654,0,28231482,0
1822,278758888,84.8916,206735415,72023473,0
1823,28231482,84.9544,0,28231482,0
1824,28231482,85.0181,0,28231482,0
1825,28231482,85.081,0,28231482,0
1826,28231482,85.1094,0,28231482,0
1827,28231482,85.1356,0,28231482,0
1828,276952369,85.162,243900945,33051424,0
1829,28231482,85.2249,0,28231482,0
1830,28231482,85.2877,0,28231482,0
1831,28231482,85.3504,0,28231482,0
1832,28231482,85.3775,0,28231482,0
1833,28231482,85.404,0,28231482,0
1834,76817040,85.4298,0,76817040,0
1835,76817040,85.4944,0,76817040,0
1836,76817040,85.558,0,76817040,0
1837,28231482,85.621,0,28231482,0
1838,28231482,85.6842,0,28231482,0
1839,28231482,85.7472,0,28231482,0
1840,28231482,85.7742,0,28231482,0
1841,28231482,85.8002,0,28231482,0
1842,136073455,85.8262,51214865,84858590,0
1843,136073455,85.8897,51214865,84858590,0
1844,28231482,85.9525,0,28231482,0
1845,28231482,86.0159,0,28231482,0
1846,28231482,86.079,0,28231482,0
1847,28231482,86.1068,0,28231482,0
1848,28231482,86.1333,0,28231482,0
1849,74007947,86.1593,0,74007947,0
1850,28231482,86.2221,0,28231482,0
1851,28231482,86.2852,0,28231482,0
1852,28231482,86.3483,0,28231482,0
1853,28231482,86.3761,0,28231482,0
1854,28231482,86.4023,0,28231482,0
1855,145866267,86.4282,51145470,94720797,0
1856,28231482,86.495,0,28231482,0
1857,28231482,86.5586,0,28231482,0
1858,28231482,86.6209,0,28231482,0
1859,28231482,86.6481,0,28231482,0
1860,28231482,86.6739,0,28231482,0
1861,276758888,86.7004,204735415,72023473,0
1862,28231482,86.7637,0,28231482,0
1863,28231482,86.8261,0,28231482,0
1864,28231482,86.8887,0,28231482,0
1865,28231482,86.9157,0,28231482,0
1866,28231482,86.9418,0,28231482,0
1867,274952369,86.9678,241900945,33051424,0
1868,28231482,87.0308,0,28231482,0
1869,28231482,87.0937,0,28231482,0
1870,28231482,87.1563,0,28231482,0
1871,28231482,87.183,0,28231482,0
1872,28231482,87.209,0,28231482,0
1873,76817040,87.2347,0,76817040,0
1874,76817040,87.2994,0,76817040,0
1875,76817040,87.3622,0,76817040,0
1876,28231482,87.4242,0,28231482,0
1877,28231482,87.4874,0,28231482,0
1878,28231482,87.551,0,28231482,0
1879,28231482,87.5779,0,28231482,0
1880,28231482,87.6049,0,28231482,0
1881,134073455,87.6311,49214865,84858590,0
1882,134073455,87.6959,49214865,84858590,0
1883,28231482,87.7578,0,28231482,0
1884,28231482,87.8201,0,28231482,0
1885,28231482,87.8834,0,28231482,0
1886,28231482,87.9116,0,28231482,0
1887,28231482,87.9377,0,28231482,0
1888,74007947,87.9637,0,74007947,0
1889,28231482,88.0279,0,28231482,0
1890,28231482,88.0919,0,28231482,0
1891,28231482,88.1558,0,28231482,0
1892,28231482,88.1839,0,28231482,0
1893,28231482,88.2101,0,28231482,0
1894,143866267,88.2359,49145470,94720797,0
1895,28231482,88.3002,0,28231482,0
1896,28231482,88.3628,0,28231482,0
1897,28231482,88.4251,0,28231482,0
1898,28231482,88.4534,0,28231482,0
1899,28231482,88.4795,0,28231482,0
1900,278758888,88.5062,206735415,72023473,0
1901,28231482,88.57,0,28231482,0
1902,28231482,88.6324,0,28231482,0
1903,28231482,88.6951,0,28231482,0
1904,28231482,88.723,0,28231482,0
1905,28231482,88.7493,0,28231482,0
1906,276952369,88.7752,243900945,33051424,0
1907,28231482,88.839,0,28231482,0
1908,28231482,88.9014,0,28231482,0
1909,28231482,88.9637,0,28231482,0
1910,28231482,88.9922,0,28231482,0
1911,28231482,89.0185,0,28231482,0
1912,76817040,89.0447,0,76817040,0
1913,76817040,89.1184,0,76817040,0
1914,76817040,89.1878,0,76817040,0
1915,28231482,89.2501,0,28231482,0
1916,28231482,89.3132,0,28231482,0
1917,28231482,89.376,0,28231482,0
1918,28231482,89.4045,0,28231482,0
1919,28231482,89.4307,0,28231482,0
1920,136073455,89.4626,51214865,84858590,0
1921,136073455,89.5306,51214865,84858590,0
1922,28231482,89.5945,0,28231482,0
1923,28231482,89.6577,0,28231482,0
1924,28231482,89.7212,0,28231482,0
1925,28231482,89.7494,0,28231482,0
1926,28231482,89.7751,0,28231482,0
1927,74007947,89.8013,0,74007947,0
1928,28231482,89.8648,0,28231482,0
1929,28231482,89.9276,0,28231482,0
1930,28231482,89.9912,0,28231482,0
1931,28231482,90.0191,0,28231482,0
1932,28231482,90.0457,0,28231482,0
1933,145866267,90.0714,51145470,94720797,0
1934,28231482,90.1352,0,28231482,0
1935,28231482,90.198,0,28231482,0
1936,28231482,90.261,0,28231482,0
1937,28231482,90.2891,0,28231482,0
1938,28231482,90.3153,0,28231482,0
1939,276758888,90.3414,204735415,72023473,0
1940,28231482,90.4055,0,28231482,0
1941,28231482,90.4679,0,28231482,0
1942,28231482,90.5303,0,28231482,0
1943,28231482,90.5584,0,28231482,0
1944,28231482,90.5842,0,28231482,0
1945,274952369,90.6105,241900945,33051424,0
1946,28231482,90.674,0,28231482,0
1947,28231482,90.737,0,28231482,0
1948,28231482,90.8006,0,28231482,0
1949,28231482,90.8295,0,28231482,0
1950,28231482,90.8559,0,28231482,0
1951,76817040,90.8817,0,76817040,0
1952,76817040,90.9451,0,76817040,0
1953,76817040,91.0081,0,76817040,0
1954,28231482,91.0702,0,28231482,0
1955,28231482,91.1329,0,28231482,0
1956,28231482,91.1961,0,28231482,0
1957,28231482,91.2235,0,28231482,0
1958,28231482,91.25,0,28231482,0
1959,134073455,91.276,49214865,84858590,0
1960,134073455,91.3404,49214865,84858590,0
1961,28231482,91.4028,0,28231482,0
1962,28231482,91.4647,0,28231482,0
1963,28231482,91.5277,0,28231482,0
1964,28231482,91.5555,0,28231482,0
1965,28231482,91.5812,0,28231482,0
1966,74007947,91.6072,0,74007947,0
1967,28231482,91.67,0,28231482,0
1968,28231482,91.7333,0,28231482,0
1969,28231482,91.7974,0,28231482,0
1970,28231482,91.8249,0,28231482,0
1971,28231482,91.8515,0,28231482,0
1972,143866267,91.8775,49145470,94720797,0
1973,28231482,91.9399,0,28231482,0
1974,28231482,92.0026,0,28231482,0
1975,28231482,92.0647,0,28231482,0
1976,28231482,92.0914,0,28231482,0
1977,28231482,92.1175,0,28231482,0
1978,278758888,92.1437,206735415,72023473,0
1979,28231482,92.207,0,28231482,0
1980,28231482,92.272,0,28231482,0
1981,28231482,92.3347,0,28231482,0
1982,28231482,92.362,0,28231482,0
1983,28231482,92.3878,0,28231482,0
1984,276952369,92.4142,243900945,33051424,0
1985,28231482,92.4851,0,28231482,0
1986,28231482,92.5479,0,28231482,0
1987,28231482,92.6104,0,28231482,0
1988,28231482,92.6373,0,28231482,0
1989,28231482,92.6636,0,28231482,0
1990,76817040,92.6893,0,76817040,0
1991,76817040,92.7533,0,76817040,0
1992,76817040,92.8164,0,76817040,0
1993,28231482,92.8786,0,28231482,0
1994,28231482,92.9412,0,28231482,0
1995,28231482,93.0038,0,28231482,0
1996,28231482,93.0304,0,28231482,0
1997,28231482,93.0565,0,28231482,0
1998,136073455,93.0822,51214865,84858590,0
1999,136073455,93.1458,51214865,84858590,0
2000,28231482,93.2079,0,28231482,0
2001,28231482,93.2716,0,28231482,0
