1,31283028902,0.042105,26681518670,0,4601510232
2,27843400555,0.069878,22382890345,0,5460510210
3,24973484314,0.097273,19558380435,46023835,5369080044
4,22263278964,0.12468,17283892825,46023835,4933362304
5,19574813489,0.15195,14595427350,46023835,4933362304
6,18046937333,0.17941,13845427350,46023835,4155486148
7,16559715102,0.20662,13302798270,46023835,3210892997
8,15178516950,0.23382,11802798270,46023835,3329694845
9,13951740783,0.26145,10582758315,46023835,3322958633
10,12839979293,0.28868,9621641725,46023835,3172313733
11,11792074683,0.31593,9651812010,111404087,2028858586
12,10849635651,0.34312,9056404040,148840830,1644390781
13,9910747641,0.37049,8440303090,148840830,1321603721
14,8781610988,0.39783,7484749975,148840830,1148020183
15,7701389289,0.42532,6520524430,187081860,993782999
16,6832309872,0.4528,5876284925,187081860,768943087
17,5968892517,0.48046,5012867570,187081860,768943087
18,5127138807,0.50788,4167546150,187081860,772510797
19,4781867922,0.5352,3822275265,187081860,772510797
20,4624843442,0.56272,3665250785,187081860,772510797
21,4047251002,0.59006,3087658345,187081860,772510797
22,3951947131,0.61737,3087658345,203474320,660814466
23,3760945954,0.64549,2940107945,166037577,654800432
24,3673307839,0.67294,2940107945,166037577,567162317
25,3624577956,0.70032,3122347100,166037577,336193279
26,3610745371,0.72788,3108514515,166037577,336193279
27,3610745371,0.75564,3108514515,166037577,336193279
28,3616759405,0.78295,3108514515,166037577,342207313
29,3238181805,0.84897,2729936915,166037577,342207313
30,2872233757,0.91474,2329936915,166037577,376259265
31,2563707957,0.98035,2021411115,166037577,376259265
32,2323707957,1.0468,1821411115,126037577,376259265
33,2097082917,1.1127,1594786075,126037577,376259265
34,1881308092,1.178,1379011250,126037577,376259265
35,1716019832,1.2433,1213722990,126037577,376259265
36,1602484462,1.309,1100187620,126037577,376259265
37,1506698487,1.3747,1004401645,126037577,376259265
38,1422769962,1.4427,1000473120,126037577,296259265
39,1342769962,1.514,1000473120,126037577,216259265
40,1284225595,1.5803,967309005,100657325,216259265
41,1236225595,1.6467,927309005,100657325,208259265
42,1188225595,1.7171,887309005,100657325,200259265
43,1145426859,1.791,984055115,100657325,60714419
44,1105426859,1.8631,944055115,100657325,60714419
45,1065426859,1.9323,904055115,100657325,60714419
46,1025426859,2.0081,864055115,100657325,60714419
47,985426859,2.0837,824055115,100657325,60714419
48,945426859,2.1527,784055115,100657325,60714419
49,905927313,2.2199,744055115,100657325,61214873
50,867686283,2.2921,744055115,62416295,61214873
51,835686283,2.3674,704055115,70416295,61214873
52,804278223,2.4383,672647055,70416295,61214873
53,774434997,2.506,672647055,70416295,31371647
54,736233487,2.5738,635505315,70416295,30311877
55,712084432,2.6487,611356260,70416295,30311877
56,691172837,2.7226,590444665,70416295,30311877
57,674780377,2.7955,590444665,54023835,30311877
58,659268901,2.8665,590444665,54023835,14800401
59,646393266,2.9397,577569030,54023835,14800401
60,633592865,3.0094,579569030,54023835,0
61,622282870,3.0784,568259035,54023835,0
62,616548270,3.1524,562524435,54023835,0
63,612548270,3.2251,558524435,54023835,0
64,608548270,3.2926,554524435,54023835,0
65,604548270,3.3607,550524435,54023835,0
66,600548270,3.4283,546524435,54023835,0
67,596548270,3.4958,542524435,54023835,0
68,592548270,3.5672,538524435,54023835,0
69,588548270,3.6404,534524435,54023835,0
70,584548270,3.7106,530524435,54023835,0
71,580548270,3.7853,526524435,54023835,0
72,576548270,3.8593,522524435,54023835,0
73,572548270,3.9291,518524435,54023835,0
74,568548270,3.9966,514524435,54023835,0
75,566548270,4.0645,512524435,54023835,0
76,564548270,4.1317,510524435,54023835,0
77,562548270,4.2051,508524435,54023835,0
78,560548270,4.2787,506524435,54023835,0
79,558548270,4.3464,504524435,54023835,0
80,556548270,4.4247,502524435,54023835,0
81,554548270,4.502,500524435,54023835,0
82,552548270,4.5762,498524435,54023835,0
83,550548270,4.6527,496524435,54023835,0
84,548548270,4.7268,494524435,54023835,0
85,546548270,4.7999,492524435,54023835,0
86,544548270,4.8741,490524435,54023835,0
87,542548270,4.9474,488524435,54023835,0
88,540548270,5.0143,486524435,54023835,0
89,538548270,5.0844,484524435,54023835,0
90,536548270,5.1499,482524435,54023835,0
91,534548270,5.2154,480524435,54023835,0
92,532548270,5.2811,478524435,54023835,0
93,530548270,5.3467,476524435,54023835,0
94,529690010,5.4125,475666175,54023835,0
95,528548270,5.4783,474524435,54023835,0
96,527690010,5.5437,473666175,54023835,0
97,526548270,5.6093,472524435,54023835,0
98,525690010,5.6745,471666175,54023835,0
99,524548270,5.7396,470524435,54023835,0
100,523690010,5.8048,469666175,54023835,0
101,522548270,5.8701,468524435,54023835,0
102,521690010,5.9352,467666175,54023835,0
103,520548270,6.0003,466524435,54023835,0
104,519690010,6.0658,465666175,54023835,0
105,518548270,6.131,464524435,54023835,0
106,517839065,6.1961,463815230,54023835,0
107,516697325,6.2616,462673490,54023835,0
108,516005890,6.3273,461582055,54423835,0
109,515097325,6.3931,460673490,54423835,0
110,514405890,6.4599,459582055,54823835,0
111,513497325,6.5259,458673490,54823835,0
112,512805890,6.5914,457582055,55223835,0
113,511897325,6.6571,456673490,55223835,0
114,511205890,6.7229,455582055,55623835,0
115,510297325,6.789,454673490,55623835,0
116,509605890,6.8542,453582055,56023835,0
117,508697325,6.9201,452673490,56023835,0
118,508005890,6.9854,451582055,56423835,0
119,507097325,7.0506,450673490,56423835,0
120,506405890,7.1159,449582055,56823835,0
121,505497325,7.1814,448673490,56823835,0
122,504805890,7.2466,447582055,57223835,0
123,503897325,7.3119,446673490,57223835,0
124,503205890,7.377,445582055,57623835,0
125,502297325,7.446,444673490,57623835,0
126,501605890,7.5157,443582055,58023835,0
127,500697325,7.5832,442673490,58023835,0
128,500005890,7.6486,441582055,58423835,0
129,499097325,7.7155,440673490,58423835,0
130,498405890,7.7809,439582055,58823835,0
131,497497325,7.8461,438673490,58823835,0
132,496805890,7.9113,437582055,59223835,0
133,495897325,7.9767,436673490,59223835,0
134,495205890,8.0465,435582055,59623835,0
135,494297325,8.1119,434673490,59623835,0
136,493605890,8.1771,433582055,60023835,0
137,492697325,8.2423,432673490,60023835,0
138,492005890,8.3087,431582055,60423835,0
139,491097325,8.3749,430673490,60423835,0
140,490405890,8.441,429582055,60823835,0
141,489497325,8.5065,428673490,60823835,0
142,488805890,8.5719,427582055,61223835,0
143,487897325,8.6372,426673490,61223835,0
144,487205890,8.7023,425582055,61623835,0
145,486297325,8.7674,424673490,61623835,0
146,485605890,8.8329,423582055,62023835,0
147,484697325,8.898,422673490,62023835,0
148,484005890,8.963,421582055,62423835,0
149,483097325,9.0283,420673490,62423835,0
150,482405890,9.0934,419582055,62823835,0
151,481497325,9.1589,418673490,62823835,0
152,480805890,9.2246,417582055,63223835,0
153,479897325,9.2903,416673490,63223835,0
154,479205890,9.3559,415582055,63623835,0
155,478297325,9.4215,414673490,63623835,0
156,477605890,9.4869,413582055,64023835,0
157,476697325,9.5521,412673490,64023835,0
158,476005890,9.6173,411582055,64423835,0
159,475097325,9.6827,410673490,64423835,0
160,474405890,9.7478,409582055,64823835,0
161,473497325,9.8141,408673490,64823835,0
162,472805890,9.8798,407582055,65223835,0
163,471897325,9.9449,406673490,65223835,0
164,471205890,10.0102,405582055,65623835,0
165,470297325,10.0758,404673490,65623835,0
166,469605890,10.141,403582055,66023835,0
167,468697325,10.2065,402673490,66023835,0
168,468005890,10.2722,401582055,66423835,0
169,467097325,10.3378,400673490,66423835,0
170,466405890,10.4036,399582055,66823835,0
171,465497325,10.4759,398673490,66823835,0
172,464805890,10.5417,397582055,67223835,0
173,463897325,10.6076,396673490,67223835,0
174,463205890,10.6732,395582055,67623835,0
175,462297325,10.7396,394673490,67623835,0
176,461605890,10.8051,393582055,68023835,0
177,460697325,10.8704,392673490,68023835,0
178,460005890,10.9359,391582055,68423835,0
179,459097325,11.0011,390673490,68423835,0
180,458405890,11.0711,389582055,68823835,0
181,457497325,11.1365,388673490,68823835,0
182,456805890,11.2018,387582055,69223835,0
183,455897325,11.2676,386673490,69223835,0
184,455283210,11.3332,386059375,69223835,0
185,453897325,11.3986,384673490,69223835,0
186,453283210,11.4639,384059375,69223835,0
187,451897325,11.5292,382673490,69223835,0
188,451283210,11.5947,382059375,69223835,0
189,449897325,11.6601,380673490,69223835,0
190,449283210,11.7256,380059375,69223835,0
191,447897325,11.7909,378673490,69223835,0
192,447283210,11.8563,378059375,69223835,0
193,445897325,11.9215,376673490,69223835,0
194,445283210,11.9871,376059375,69223835,0
195,443897325,12.0525,374673490,69223835,0
196,443283210,12.1181,374059375,69223835,0
197,441897325,12.1839,372673490,69223835,0
198,441283210,12.2497,372059375,69223835,0
199,439897325,12.3156,370673490,69223835,0
200,439285490,12.3812,370061655,69223835,0
201,438807000,12.4467,369583165,69223835,0
202,438361355,12.512,369137520,69223835,0
203,438212300,12.5774,368988465,69223835,0
204,437354040,12.6428,368130205,69223835,0
205,436212300,12.7079,366988465,69223835,0
206,435354040,12.7737,366130205,69223835,0
207,434212300,12.8392,364988465,69223835,0
208,433354040,12.9043,364130205,69223835,0
209,432212300,12.9695,362988465,69223835,0
210,431354040,13.0348,362130205,69223835,0
211,430578055,13.1001,360988465,69589590,0
212,429719795,13.1652,360130205,69589590,0
213,428978055,13.2317,358988465,69989590,0
214,428119795,13.2982,358130205,69989590,0
215,427378055,13.3641,356988465,70389590,0
216,426519795,13.4304,356130205,70389590,0
217,425778055,13.502,354988465,70789590,0
218,424919795,13.5673,354130205,70789590,0
219,424178055,13.6327,352988465,71189590,0
220,423319795,13.6982,352130205,71189590,0
221,422578055,13.7636,350988465,71589590,0
222,421719795,13.829,350130205,71589590,0
223,420978055,13.894,348988465,71989590,0
224,420119795,13.9592,348130205,71989590,0
225,419378055,14.0255,346988465,72389590,0
226,418519795,14.0915,346130205,72389590,0
227,417778055,14.157,344988465,72789590,0
228,416919795,14.2223,344130205,72789590,0
229,416178055,14.2883,342988465,73189590,0
230,415319795,14.3535,342130205,73189590,0
231,414578055,14.4189,340988465,73589590,0
232,413719795,14.4843,340130205,73589590,0
233,413719795,14.5499,340130205,73589590,0
234,413719795,14.6151,340130205,73589590,0
235,413719795,14.6439,340130205,73589590,0
236,413719795,14.6712,340130205,73589590,0
237,450779190,14.6983,377189600,73589590,0
238,413719795,14.7642,340130205,73589590,0
239,413719795,14.8302,340130205,73589590,0
240,412964300,14.8955,339374710,73589590,0
241,411719795,14.9606,338130205,73589590,0
242,411719795,15.0265,338130205,73589590,0
243,331719795,15.092,258130205,73589590,0
244,331719795,15.1578,258130205,73589590,0
245,331719795,15.2237,258130205,73589590,0
246,331719795,15.2522,258130205,73589590,0
247,331719795,15.2798,258130205,73589590,0
248,331719795,15.307,258130205,73589590,0
249,331719795,15.3731,258130205,73589590,0
250,331719795,15.4392,258130205,73589590,0
251,331719795,15.5049,258130205,73589590,0
252,331719795,15.5331,258130205,73589590,0
253,331719795,15.5604,258130205,73589590,0
254,331719795,15.5879,258130205,73589590,0
255,331028360,15.6538,257038770,73989590,0
256,330119795,15.72,256130205,73989590,0
257,330119795,15.7868,256130205,73989590,0
258,330119795,15.8532,256130205,73989590,0
259,330119795,15.8815,256130205,73989590,0
260,330119795,15.9087,256130205,73989590,0
261,330119795,15.9361,256130205,73989590,0
262,330119795,16.0031,256130205,73989590,0
263,330119795,16.0699,256130205,73989590,0
264,330119795,16.1371,256130205,73989590,0
265,330119795,16.1654,256130205,73989590,0
266,330119795,16.1931,256130205,73989590,0
267,330119795,16.2203,256130205,73989590,0
268,330119795,16.2877,256130205,73989590,0
269,330119795,16.3531,256130205,73989590,0
270,330119795,16.4188,256130205,73989590,0
271,330119795,16.4481,256130205,73989590,0
272,330119795,16.4769,256130205,73989590,0
273,330119795,16.5043,256130205,73989590,0
274,330119795,16.5712,256130205,73989590,0
275,330119795,16.6368,256130205,73989590,0
276,329364300,16.7023,255374710,73989590,0
277,328119795,16.7675,254130205,73989590,0
278,328119795,16.8332,254130205,73989590,0
279,324119795,16.8985,250130205,73989590,0
280,324119795,16.9637,250130205,73989590,0
281,324119795,17.0295,250130205,73989590,0
282,324119795,17.058,250130205,73989590,0
283,324119795,17.0853,250130205,73989590,0
284,324119795,17.1123,250130205,73989590,0
285,324119795,17.1784,250130205,73989590,0
286,324119795,17.2446,250130205,73989590,0
287,324119795,17.3111,250130205,73989590,0
288,324119795,17.3399,250130205,73989590,0
289,324119795,17.3672,250130205,73989590,0
290,324119795,17.3948,250130205,73989590,0
291,323428360,17.461,249038770,74389590,0
292,322519795,17.5264,248130205,74389590,0
293,322519795,17.5925,248130205,74389590,0
294,322519795,17.6584,248130205,74389590,0
295,322519795,17.6867,248130205,74389590,0
296,322519795,17.7137,248130205,74389590,0
297,322519795,17.7409,248130205,74389590,0
298,322519795,17.8078,248130205,74389590,0
299,322519795,17.8739,248130205,74389590,0
300,322519795,17.9402,248130205,74389590,0
301,322519795,17.9684,248130205,74389590,0
302,322519795,17.9959,248130205,74389590,0
303,322519795,18.0229,248130205,74389590,0
304,322519795,18.0899,248130205,74389590,0
305,322519795,18.155,248130205,74389590,0
306,322519795,18.2204,248130205,74389590,0
307,322519795,18.2489,248130205,74389590,0
308,322519795,18.2764,248130205,74389590,0
309,322519795,18.304,248130205,74389590,0
310,322519795,18.3711,248130205,74389590,0
311,322519795,18.4369,248130205,74389590,0
312,321764300,18.5022,247374710,74389590,0
313,320519795,18.5672,246130205,74389590,0
314,320519795,18.6327,246130205,74389590,0
315,316519795,18.6978,242130205,74389590,0
316,316519795,18.763,242130205,74389590,0
317,316519795,18.829,242130205,74389590,0
318,316519795,18.8573,242130205,74389590,0
319,316519795,18.8848,242130205,74389590,0
320,316519795,18.9119,242130205,74389590,0
321,316519795,18.9782,242130205,74389590,0
322,316519795,19.0442,242130205,74389590,0
323,316519795,19.1098,242130205,74389590,0
324,316519795,19.1383,242130205,74389590,0
325,316519795,19.1654,242130205,74389590,0
326,316519795,19.1928,242130205,74389590,0
327,315828360,19.2586,241038770,74789590,0
328,314919795,19.3239,240130205,74789590,0
329,314919795,19.39,240130205,74789590,0
330,314919795,19.4573,240130205,74789590,0
331,314919795,19.4858,240130205,74789590,0
332,314919795,19.513,240130205,74789590,0
333,314919795,19.5403,240130205,74789590,0
334,314919795,19.6068,240130205,74789590,0
335,314919795,19.6733,240130205,74789590,0
336,314919795,19.7404,240130205,74789590,0
337,314919795,19.7687,240130205,74789590,0
338,314919795,19.7964,240130205,74789590,0
339,314919795,19.8233,240130205,74789590,0
340,314919795,19.8907,240130205,74789590,0
341,314919795,19.9558,240130205,74789590,0
342,314919795,20.0208,240130205,74789590,0
343,314919795,20.0497,240130205,74789590,0
344,314919795,20.0769,240130205,74789590,0
345,314919795,20.1041,240130205,74789590,0
346,314919795,20.1709,240130205,74789590,0
347,314919795,20.2364,240130205,74789590,0
348,314164300,20.3027,239374710,74789590,0
349,312919795,20.3688,238130205,74789590,0
350,312919795,20.4353,238130205,74789590,0
351,308919795,20.5013,234130205,74789590,0
352,308919795,20.5669,234130205,74789590,0
353,308919795,20.6327,234130205,74789590,0
354,308919795,20.6609,234130205,74789590,0
355,308919795,20.6883,234130205,74789590,0
356,308919795,20.7152,234130205,74789590,0
357,308919795,20.7813,234130205,74789590,0
358,308919795,20.8473,234130205,74789590,0
359,308919795,20.9128,234130205,74789590,0
360,308919795,20.941,234130205,74789590,0
361,308919795,20.9682,234130205,74789590,0
362,308919795,20.9955,234130205,74789590,0
363,308228360,21.0611,233038770,75189590,0
364,307319795,21.1261,232130205,75189590,0
365,307319795,21.192,232130205,75189590,0
366,307319795,21.2589,232130205,75189590,0
367,307319795,21.2873,232130205,75189590,0
368,307319795,21.3146,232130205,75189590,0
369,307319795,21.342,232130205,75189590,0
370,307319795,21.4087,232130205,75189590,0
371,307319795,21.4764,232130205,75189590,0
372,307319795,21.543,232130205,75189590,0
373,307319795,21.5713,232130205,75189590,0
374,307319795,21.5989,232130205,75189590,0
375,307319795,21.6258,232130205,75189590,0
376,307319795,21.693,232130205,75189590,0
377,307319795,21.7583,232130205,75189590,0
378,307319795,21.8239,232130205,75189590,0
379,307319795,21.8525,232130205,75189590,0
380,307319795,21.8796,232130205,75189590,0
381,307319795,21.9072,232130205,75189590,0
382,307319795,21.9737,232130205,75189590,0
383,307319795,22.0395,232130205,75189590,0
384,306564300,22.1049,231374710,75189590,0
385,305319795,22.1698,230130205,75189590,0
386,305319795,22.2351,230130205,75189590,0
387,301319795,22.3008,226130205,75189590,0
388,301319795,22.3669,226130205,75189590,0
389,301319795,22.4335,226130205,75189590,0
390,301319795,22.4625,226130205,75189590,0
391,301319795,22.4901,226130205,75189590,0
392,301319795,22.5174,226130205,75189590,0
393,301319795,22.5842,226130205,75189590,0
394,301319795,22.6508,226130205,75189590,0
395,301319795,22.7183,226130205,75189590,0
396,301319795,22.7469,226130205,75189590,0
397,301319795,22.7741,226130205,75189590,0
398,301319795,22.8014,226130205,75189590,0
399,300628360,22.8669,225038770,75589590,0
400,299719795,22.932,224130205,75589590,0
401,299719795,22.9975,224130205,75589590,0
402,299719795,23.0646,224130205,75589590,0
403,299719795,23.0932,224130205,75589590,0
404,299719795,23.1205,224130205,75589590,0
405,299719795,23.1479,224130205,75589590,0
406,299719795,23.215,224130205,75589590,0
407,299719795,23.2815,224130205,75589590,0
408,299719795,23.3476,224130205,75589590,0
409,299719795,23.3762,224130205,75589590,0
410,299719795,23.4036,224130205,75589590,0
411,299719795,23.4306,224130205,75589590,0
412,299719795,23.4974,224130205,75589590,0
413,299719795,23.5624,224130205,75589590,0
414,299719795,23.6273,224130205,75589590,0
415,299719795,23.6558,224130205,75589590,0
416,299719795,23.683,224130205,75589590,0
417,299719795,23.7101,224130205,75589590,0
418,299719795,23.7769,224130205,75589590,0
419,299719795,23.8429,224130205,75589590,0
420,298964300,23.908,223374710,75589590,0
421,297719795,23.9734,222130205,75589590,0
422,297719795,24.0387,222130205,75589590,0
423,293719795,24.1039,218130205,75589590,0
424,293719795,24.1689,218130205,75589590,0
425,293719795,24.2342,218130205,75589590,0
426,293719795,24.2626,218130205,75589590,0
427,293719795,24.2903,218130205,75589590,0
428,293719795,24.3175,218130205,75589590,0
429,293719795,24.3837,218130205,75589590,0
430,293719795,24.4495,218130205,75589590,0
431,293719795,24.5149,218130205,75589590,0
432,293719795,24.5434,218130205,75589590,0
433,293719795,24.5706,218130205,75589590,0
434,293719795,24.5979,218130205,75589590,0
435,293028360,24.6635,217038770,75989590,0
436,292119795,24.7287,216130205,75989590,0
437,292119795,24.7947,216130205,75989590,0
438,292119795,24.8609,216130205,75989590,0
439,292119795,24.8893,216130205,75989590,0
440,292119795,24.9164,216130205,75989590,0
441,292119795,24.9435,216130205,75989590,0
442,292119795,25.0098,216130205,75989590,0
443,292119795,25.0763,216130205,75989590,0
444,292119795,25.1426,216130205,75989590,0
445,292119795,25.1705,216130205,75989590,0
446,292119795,25.198,216130205,75989590,0
447,292119795,25.2251,216130205,75989590,0
448,292119795,25.2919,216130205,75989590,0
449,292119795,25.3575,216130205,75989590,0
450,292119795,25.4229,216130205,75989590,0
451,292119795,25.4518,216130205,75989590,0
452,292119795,25.4793,216130205,75989590,0
453,292119795,25.5068,216130205,75989590,0
454,292119795,25.5736,216130205,75989590,0
455,292119795,25.6399,216130205,75989590,0
456,291364300,25.7063,215374710,75989590,0
457,290119795,25.7717,214130205,75989590,0
458,290119795,25.8371,214130205,75989590,0
459,286119795,25.9024,210130205,75989590,0
460,286119795,25.9676,210130205,75989590,0
461,286119795,26.0335,210130205,75989590,0
462,286119795,26.062,210130205,75989590,0
463,286119795,26.0894,210130205,75989590,0
464,286119795,26.1165,210130205,75989590,0
465,286119795,26.1826,210130205,75989590,0
466,286119795,26.2494,210130205,75989590,0
467,286119795,26.3163,210130205,75989590,0
468,286119795,26.3454,210130205,75989590,0
469,286119795,26.3729,210130205,75989590,0
470,286119795,26.4008,210130205,75989590,0
471,285428360,26.4669,209038770,76389590,0
472,284519795,26.5322,208130205,76389590,0
473,284519795,26.5985,208130205,76389590,0
474,284519795,26.6653,208130205,76389590,0
475,284519795,26.6936,208130205,76389590,0
476,284519795,26.7209,208130205,76389590,0
477,284519795,26.7484,208130205,76389590,0
478,284519795,26.8152,208130205,76389590,0
479,284519795,26.8815,208130205,76389590,0
480,284519795,26.9487,208130205,76389590,0
481,284519795,26.9772,208130205,76389590,0
482,284519795,27.0048,208130205,76389590,0
483,284519795,27.032,208130205,76389590,0
484,284519795,27.0993,208130205,76389590,0
485,284519795,27.1648,208130205,76389590,0
486,284519795,27.2301,208130205,76389590,0
487,284519795,27.2587,208130205,76389590,0
488,284519795,27.286,208130205,76389590,0
489,284519795,27.3133,208130205,76389590,0
490,284519795,27.3802,208130205,76389590,0
491,284519795,27.4464,208130205,76389590,0
492,283764300,27.5116,207374710,76389590,0
493,282519795,27.5769,206130205,76389590,0
494,282519795,27.6436,206130205,76389590,0
495,282519795,27.7104,206130205,76389590,0
496,282519795,27.7389,206130205,76389590,0
497,282519795,27.7665,206130205,76389590,0
498,330183421,27.7939,243093115,87090306,0
499,282519795,27.8598,206130205,76389590,0
500,282519795,27.9251,206130205,76389590,0
501,282519795,27.9905,206130205,76389590,0
502,282519795,28.0187,206130205,76389590,0
503,282519795,28.046,206130205,76389590,0
504,340195960,28.0731,263806370,76389590,0
505,282519795,28.1391,206130205,76389590,0
506,282519795,28.2049,206130205,76389590,0
507,282519795,28.2706,206130205,76389590,0
508,282519795,28.2996,206130205,76389590,0
509,282519795,28.3271,206130205,76389590,0
510,343458666,28.3548,206130205,137328461,0
511,282519795,28.4224,206130205,76389590,0
512,282519795,28.4903,206130205,76389590,0
513,281828360,28.557,205038770,76789590,0
514,280919795,28.6229,204130205,76789590,0
515,280919795,28.6889,204130205,76789590,0
516,280919795,28.7552,204130205,76789590,0
517,280919795,28.7836,204130205,76789590,0
518,280919795,28.8109,204130205,76789590,0
519,280919795,28.838,204130205,76789590,0
520,280919795,28.9046,204130205,76789590,0
521,280919795,28.9694,204130205,76789590,0
522,280919795,29.0353,204130205,76789590,0
523,280919795,29.0642,204130205,76789590,0
524,280919795,29.0918,204130205,76789590,0
525,280919795,29.119,204130205,76789590,0
526,280919795,29.1855,204130205,76789590,0
527,280919795,29.2514,204130205,76789590,0
528,280164300,29.3168,203374710,76789590,0
529,278919795,29.382,202130205,76789590,0
530,278919795,29.4478,202130205,76789590,0
531,278919795,29.5138,202130205,76789590,0
532,278919795,29.5422,202130205,76789590,0
533,278919795,29.5694,202130205,76789590,0
534,278919795,29.5965,202130205,76789590,0
535,278919795,29.663,202130205,76789590,0
536,278919795,29.7281,202130205,76789590,0
537,278919795,29.7934,202130205,76789590,0
538,278919795,29.8217,202130205,76789590,0
539,278919795,29.8489,202130205,76789590,0
540,278919795,29.876,202130205,76789590,0
541,278919795,29.9427,202130205,76789590,0
542,278919795,30.0084,202130205,76789590,0
543,278919795,30.0747,202130205,76789590,0
544,278919795,30.1031,202130205,76789590,0
545,278919795,30.1306,202130205,76789590,0
546,278919795,30.1579,202130205,76789590,0
547,278919795,30.2253,202130205,76789590,0
548,278919795,30.2916,202130205,76789590,0
549,278228360,30.3575,201038770,77189590,0
550,277319795,30.4233,200130205,77189590,0
551,277319795,30.4894,200130205,77189590,0
552,277319795,30.5569,200130205,77189590,0
553,277319795,30.5857,200130205,77189590,0
554,277319795,30.6136,200130205,77189590,0
555,324983421,30.6407,237093115,87890306,0
556,277319795,30.7066,200130205,77189590,0
557,277319795,30.7721,200130205,77189590,0
558,277319795,30.8373,200130205,77189590,0
559,277319795,30.8653,200130205,77189590,0
560,277319795,30.8925,200130205,77189590,0
561,277319795,30.9196,200130205,77189590,0
562,277319795,30.9854,200130205,77189590,0
563,273319795,31.0507,196130205,77189590,0
564,273319795,31.1159,196130205,77189590,0
565,272564300,31.1807,195374710,77189590,0
566,271319795,31.2459,194130205,77189590,0
567,271319795,31.312,194130205,77189590,0
568,271319795,31.3779,194130205,77189590,0
569,271319795,31.4065,194130205,77189590,0
570,271319795,31.4342,194130205,77189590,0
571,271319795,31.4622,194130205,77189590,0
572,271319795,31.5282,194130205,77189590,0
573,271319795,31.5941,194130205,77189590,0
574,271319795,31.6604,194130205,77189590,0
575,271319795,31.6891,194130205,77189590,0
576,271319795,31.7169,194130205,77189590,0
577,271319795,31.7438,194130205,77189590,0
578,271319795,31.8102,194130205,77189590,0
579,271319795,31.8766,194130205,77189590,0
580,271319795,31.943,194130205,77189590,0
581,271319795,31.9713,194130205,77189590,0
582,271319795,31.9989,194130205,77189590,0
583,271319795,32.0264,194130205,77189590,0
584,271319795,32.093,194130205,77189590,0
585,270628360,32.1588,193038770,77589590,0
586,269719795,32.2241,192130205,77589590,0
587,269719795,32.2902,192130205,77589590,0
588,269719795,32.3574,192130205,77589590,0
589,269719795,32.3862,192130205,77589590,0
590,269719795,32.4141,192130205,77589590,0
591,269719795,32.4415,192130205,77589590,0
592,269719795,32.5096,192130205,77589590,0
593,269719795,32.5747,192130205,77589590,0
594,269719795,32.6401,192130205,77589590,0
595,269719795,32.6682,192130205,77589590,0
596,269719795,32.6954,192130205,77589590,0
597,269719795,32.7228,192130205,77589590,0
598,269719795,32.7893,192130205,77589590,0
599,265719795,32.8551,188130205,77589590,0
600,265719795,32.9213,188130205,77589590,0
601,264964300,32.9867,187374710,77589590,0
602,263719795,33.0522,186130205,77589590,0
603,263719795,33.1183,186130205,77589590,0
604,263719795,33.1844,186130205,77589590,0
605,263719795,33.2129,186130205,77589590,0
606,263719795,33.2403,186130205,77589590,0
607,263719795,33.2678,186130205,77589590,0
608,263719795,33.3345,186130205,77589590,0
609,263719795,33.4007,186130205,77589590,0
610,263719795,33.4676,186130205,77589590,0
611,263719795,33.4962,186130205,77589590,0
612,263719795,33.5239,186130205,77589590,0
613,263719795,33.5514,186130205,77589590,0
614,263719795,33.6187,186130205,77589590,0
615,263719795,33.6844,186130205,77589590,0
616,263719795,33.7506,186130205,77589590,0
617,263719795,33.7792,186130205,77589590,0
618,263719795,33.8066,186130205,77589590,0
619,263719795,33.8337,186130205,77589590,0
620,263719795,33.9003,186130205,77589590,0
621,263028360,33.966,185038770,77989590,0
622,262119795,34.0311,184130205,77989590,0
623,262119795,34.097,184130205,77989590,0
624,262119795,34.1633,184130205,77989590,0
625,262119795,34.1918,184130205,77989590,0
626,262119795,34.2193,184130205,77989590,0
627,262119795,34.2463,184130205,77989590,0
628,262119795,34.3138,184130205,77989590,0
629,262119795,34.3794,184130205,77989590,0
630,262119795,34.4459,184130205,77989590,0
631,262119795,34.4747,184130205,77989590,0
632,262119795,34.5023,184130205,77989590,0
633,262119795,34.5295,184130205,77989590,0
634,262119795,34.5964,184130205,77989590,0
635,258119795,34.6627,180130205,77989590,0
636,258119795,34.7298,180130205,77989590,0
637,257364300,34.7955,179374710,77989590,0
638,256119795,34.8618,178130205,77989590,0
639,256119795,34.9284,178130205,77989590,0
640,256119795,34.9948,178130205,77989590,0
641,256119795,35.0236,178130205,77989590,0
642,256119795,35.0525,178130205,77989590,0
643,256119795,35.0798,178130205,77989590,0
644,256119795,35.1459,178130205,77989590,0
645,256119795,35.212,178130205,77989590,0
646,256119795,35.2786,178130205,77989590,0
647,256119795,35.3073,178130205,77989590,0
648,256119795,35.3345,178130205,77989590,0
649,256119795,35.3617,178130205,77989590,0
650,256119795,35.4277,178130205,77989590,0
651,256119795,35.4934,178130205,77989590,0
652,256119795,35.5595,178130205,77989590,0
653,256119795,35.5877,178130205,77989590,0
654,256119795,35.6151,178130205,77989590,0
655,256119795,35.642,178130205,77989590,0
656,256119795,35.7086,178130205,77989590,0
657,255428360,35.7738,177038770,78389590,0
658,254519795,35.8397,176130205,78389590,0
659,254519795,35.9058,176130205,78389590,0
660,254519795,35.9717,176130205,78389590,0
661,254519795,36,176130205,78389590,0
662,254519795,36.0274,176130205,78389590,0
663,254519795,36.0547,176130205,78389590,0
664,254519795,36.1217,176130205,78389590,0
665,254519795,36.1868,176130205,78389590,0
666,254519795,36.252,176130205,78389590,0
667,254519795,36.2804,176130205,78389590,0
668,254519795,36.3078,176130205,78389590,0
669,254519795,36.3351,176130205,78389590,0
670,254519795,36.4009,176130205,78389590,0
671,250962925,36.4664,172573335,78389590,0
672,250962925,36.5314,172573335,78389590,0
673,250207430,36.5974,171817840,78389590,0
674,248962925,36.6631,170573335,78389590,0
675,248962925,36.7301,170573335,78389590,0
676,248962925,36.7962,170573335,78389590,0
677,248962925,36.8247,170573335,78389590,0
678,248962925,36.8518,170573335,78389590,0
679,248962925,36.8789,170573335,78389590,0
680,248962925,36.9446,170573335,78389590,0
681,248962925,37.0104,170573335,78389590,0
682,248962925,37.0766,170573335,78389590,0
683,248962925,37.1047,170573335,78389590,0
684,248962925,37.132,170573335,78389590,0
685,248962925,37.1592,170573335,78389590,0
686,248962925,37.2259,170573335,78389590,0
687,248962925,37.2918,170573335,78389590,0
688,248962925,37.358,170573335,78389590,0
689,248962925,37.3863,170573335,78389590,0
690,248962925,37.4137,170573335,78389590,0
691,248962925,37.4415,170573335,78389590,0
692,248962925,37.5082,170573335,78389590,0
693,248271490,37.5734,169481900,78789590,0
694,247362925,37.6386,168573335,78789590,0
695,247362925,37.705,168573335,78789590,0
696,247362925,37.7715,168573335,78789590,0
697,247362925,37.7998,168573335,78789590,0
698,247362925,37.8273,168573335,78789590,0
699,247362925,37.8542,168573335,78789590,0
700,247362925,37.9211,168573335,78789590,0
701,247362925,37.986,168573335,78789590,0
702,247362925,38.0518,168573335,78789590,0
703,247362925,38.0803,168573335,78789590,0
704,247362925,38.1075,168573335,78789590,0
705,247362925,38.1346,168573335,78789590,0
706,247362925,38.2004,168573335,78789590,0
707,245362925,38.2661,166573335,78789590,0
708,245362925,38.3311,166573335,78789590,0
709,244607430,38.3959,165817840,78789590,0
710,243362925,38.4609,164573335,78789590,0
711,243362925,38.5266,164573335,78789590,0
712,243362925,38.5922,164573335,78789590,0
713,243362925,38.6206,164573335,78789590,0
714,243362925,38.6476,164573335,78789590,0
715,243362925,38.6747,164573335,78789590,0
716,243362925,38.7403,164573335,78789590,0
717,243362925,38.8057,164573335,78789590,0
718,243362925,38.8717,164573335,78789590,0
719,243362925,38.8995,164573335,78789590,0
720,243362925,38.9268,164573335,78789590,0
721,243362925,38.9538,164573335,78789590,0
722,243362925,39.0199,164573335,78789590,0
723,243362925,39.0854,164573335,78789590,0
724,243362925,39.1512,164573335,78789590,0
725,243362925,39.1795,164573335,78789590,0
726,243362925,39.2068,164573335,78789590,0
727,243362925,39.2338,164573335,78789590,0
728,243362925,39.3005,164573335,78789590,0
729,242671490,39.3661,163481900,79189590,0
730,241762925,39.4314,162573335,79189590,0
731,241762925,39.4988,162573335,79189590,0
732,241762925,39.5655,162573335,79189590,0
733,241762925,39.5936,162573335,79189590,0
734,241762925,39.6213,162573335,79189590,0
735,241762925,39.6484,162573335,79189590,0
736,241762925,39.7156,162573335,79189590,0
737,241762925,39.782,162573335,79189590,0
738,241762925,39.8485,162573335,79189590,0
739,241762925,39.8772,162573335,79189590,0
740,241762925,39.9043,162573335,79189590,0
741,241762925,39.9316,162573335,79189590,0
742,241762925,39.9977,162573335,79189590,0
743,239762925,40.0635,160573335,79189590,0
744,239762925,40.1293,160573335,79189590,0
745,239007430,40.1951,159817840,79189590,0
746,237762925,40.2609,158573335,79189590,0
747,237762925,40.3279,158573335,79189590,0
748,237762925,40.3944,158573335,79189590,0
749,237762925,40.4231,158573335,79189590,0
750,237762925,40.451,158573335,79189590,0
751,237762925,40.4788,158573335,79189590,0
752,237762925,40.5448,158573335,79189590,0
753,237762925,40.6106,158573335,79189590,0
754,237762925,40.677,158573335,79189590,0
755,237762925,40.7056,158573335,79189590,0
756,237762925,40.7331,158573335,79189590,0
757,237762925,40.7607,158573335,79189590,0
758,237762925,40.8271,158573335,79189590,0
759,237762925,40.8926,158573335,79189590,0
760,237762925,40.9594,158573335,79189590,0
761,237762925,40.9878,158573335,79189590,0
762,237762925,41.015,158573335,79189590,0
763,237762925,41.0428,158573335,79189590,0
764,237762925,41.11,158573335,79189590,0
765,237304885,41.1752,157715295,79589590,0
766,236396320,41.2403,156806730,79589590,0
767,236396320,41.307,156806730,79589590,0
768,236396320,41.3734,156806730,79589590,0
769,236396320,41.4014,156806730,79589590,0
770,236396320,41.4289,156806730,79589590,0
771,284059946,41.4559,193769640,90290306,0
772,236396320,41.5215,156806730,79589590,0
773,236396320,41.5865,156806730,79589590,0
774,236396320,41.6529,156806730,79589590,0
775,236396320,41.6815,156806730,79589590,0
776,236396320,41.7089,156806730,79589590,0
777,294072485,41.7362,214482895,79589590,0
778,236396320,41.8019,156806730,79589590,0
779,236396320,41.8676,156806730,79589590,0
780,234396320,41.9335,154806730,79589590,0
781,234396320,41.9989,154806730,79589590,0
782,233640825,42.0647,154051235,79589590,0
783,232396320,42.1303,152806730,79589590,0
784,232396320,42.196,152806730,79589590,0
785,232396320,42.2616,152806730,79589590,0
786,232396320,42.2899,152806730,79589590,0
787,232396320,42.3173,152806730,79589590,0
788,232396320,42.3445,152806730,79589590,0
789,232396320,42.4112,152806730,79589590,0
790,232396320,42.4779,152806730,79589590,0
791,232396320,42.5444,152806730,79589590,0
792,232396320,42.5731,152806730,79589590,0
793,232396320,42.6005,152806730,79589590,0
794,232396320,42.6282,152806730,79589590,0
795,232396320,42.6943,152806730,79589590,0
796,232396320,42.7602,152806730,79589590,0
797,232396320,42.8263,152806730,79589590,0
798,232396320,42.8544,152806730,79589590,0
799,232396320,42.8819,152806730,79589590,0
800,232396320,42.9089,152806730,79589590,0
801,232396320,42.9757,152806730,79589590,0
802,232396320,43.0415,152806730,79589590,0
803,232396320,43.1076,152806730,79589590,0
804,232396320,43.1361,152806730,79589590,0
805,232396320,43.1633,152806730,79589590,0
806,232396320,43.1905,152806730,79589590,0
807,232396320,43.2571,152806730,79589590,0
808,232396320,43.325,152806730,79589590,0
809,232396320,43.3903,152806730,79589590,0
810,232396320,43.4187,152806730,79589590,0
811,232396320,43.4466,152806730,79589590,0
812,280059946,43.4745,189769640,90290306,0
813,232396320,43.5406,152806730,79589590,0
814,232396320,43.6071,152806730,79589590,0
815,232396320,43.673,152806730,79589590,0
816,232396320,43.7015,152806730,79589590,0
817,232396320,43.7293,152806730,79589590,0
818,290072485,43.7564,210482895,79589590,0
819,232396320,43.8223,152806730,79589590,0
820,230396320,43.8875,150806730,79589590,0
821,230396320,43.9526,150806730,79589590,0
822,229640825,44.0178,150051235,79589590,0
823,228396320,44.0841,148806730,79589590,0
824,228396320,44.1493,148806730,79589590,0
825,228396320,44.2146,148806730,79589590,0
826,228396320,44.2433,148806730,79589590,0
827,228396320,44.2712,148806730,79589590,0
828,289335191,44.2988,148806730,140528461,0
829,228396320,44.3653,148806730,79589590,0
830,228396320,44.4311,148806730,79589590,0
831,228396320,44.4973,148806730,79589590,0
832,228396320,44.526,148806730,79589590,0
833,228396320,44.5536,148806730,79589590,0
834,228396320,44.5814,148806730,79589590,0
835,228396320,44.6487,148806730,79589590,0
836,228396320,44.7155,148806730,79589590,0
837,228396320,44.782,148806730,79589590,0
838,228396320,44.8103,148806730,79589590,0
839,228396320,44.838,148806730,79589590,0
840,228396320,44.8651,148806730,79589590,0
841,228396320,44.9313,148806730,79589590,0
842,228396320,44.9969,148806730,79589590,0
843,228396320,45.0628,148806730,79589590,0
844,228396320,45.0912,148806730,79589590,0
845,228396320,45.1185,148806730,79589590,0
846,228396320,45.1458,148806730,79589590,0
847,228396320,45.2126,148806730,79589590,0
848,228396320,45.2786,148806730,79589590,0
849,228396320,45.3453,148806730,79589590,0
850,228396320,45.374,148806730,79589590,0
851,228396320,45.4016,148806730,79589590,0
852,228396320,45.429,148806730,79589590,0
853,228396320,45.4958,148806730,79589590,0
854,228396320,45.561,148806730,79589590,0
855,226396320,45.6266,146806730,79589590,0
856,226396320,45.693,146806730,79589590,0
857,226396320,45.7582,146806730,79589590,0
858,226396320,45.7871,146806730,79589590,0
859,226396320,45.8144,146806730,79589590,0
860,274059946,45.842,183769640,90290306,0
861,226396320,45.9111,146806730,79589590,0
862,225640825,45.9777,146051235,79589590,0
863,224396320,46.043,144806730,79589590,0
864,224396320,46.1087,144806730,79589590,0
865,224396320,46.1748,144806730,79589590,0
866,224396320,46.2034,144806730,79589590,0
867,224396320,46.2314,144806730,79589590,0
868,282072485,46.2585,202482895,79589590,0
869,224396320,46.3247,144806730,79589590,0
870,224396320,46.3913,144806730,79589590,0
871,224396320,46.4583,144806730,79589590,0
872,224396320,46.4879,144806730,79589590,0
873,224396320,46.515,144806730,79589590,0
874,285335191,46.5428,144806730,140528461,0
875,224396320,46.609,144806730,79589590,0
876,224396320,46.6753,144806730,79589590,0
877,224396320,46.7419,144806730,79589590,0
878,224396320,46.7707,144806730,79589590,0
879,224396320,46.7979,144806730,79589590,0
880,224396320,46.8253,144806730,79589590,0
881,224396320,46.8917,144806730,79589590,0
882,224396320,46.9576,144806730,79589590,0
883,224396320,47.0242,144806730,79589590,0
884,224396320,47.0526,144806730,79589590,0
885,224396320,47.0803,144806730,79589590,0
886,296622085,47.1073,144806730,151815355,0
887,224396320,47.1733,144806730,79589590,0
888,224396320,47.2387,144806730,79589590,0
889,224396320,47.3049,144806730,79589590,0
890,224396320,47.3335,144806730,79589590,0
891,224396320,47.3607,144806730,79589590,0
892,224396320,47.3881,144806730,79589590,0
893,224396320,47.4539,144806730,79589590,0
894,222396320,47.5195,142806730,79589590,0
895,222396320,47.5857,142806730,79589590,0
896,222396320,47.6509,142806730,79589590,0
897,222396320,47.6795,142806730,79589590,0
898,222396320,47.7067,142806730,79589590,0
899,222396320,47.7342,142806730,79589590,0
900,221640825,47.8002,142051235,79589590,0
901,220396320,47.8655,140806730,79589590,0
902,220396320,47.9324,140806730,79589590,0
903,220396320,47.9979,140806730,79589590,0
904,220396320,48.0262,140806730,79589590,0
905,220396320,48.0537,140806730,79589590,0
906,220396320,48.0812,140806730,79589590,0
907,220396320,48.147,140806730,79589590,0
908,220396320,48.2134,140806730,79589590,0
909,220396320,48.2796,140806730,79589590,0
910,220396320,48.3079,140806730,79589590,0
911,220396320,48.3357,140806730,79589590,0
912,220396320,48.3628,140806730,79589590,0
913,220396320,48.4294,140806730,79589590,0
914,220396320,48.4958,140806730,79589590,0
915,220396320,48.5614,140806730,79589590,0
916,220396320,48.5906,140806730,79589590,0
917,220396320,48.618,140806730,79589590,0
918,220396320,48.6454,140806730,79589590,0
919,220396320,48.7118,140806730,79589590,0
920,220396320,48.7783,140806730,79589590,0
921,220396320,48.8442,140806730,79589590,0
922,220396320,48.8723,140806730,79589590,0
923,220396320,48.8998,140806730,79589590,0
924,268059946,48.9271,177769640,90290306,0
925,220396320,48.9927,140806730,79589590,0
926,220396320,49.0588,140806730,79589590,0
927,220396320,49.124,140806730,79589590,0
928,220396320,49.152,140806730,79589590,0
929,220396320,49.1796,140806730,79589590,0
930,278072485,49.2066,198482895,79589590,0
931,220396320,49.2722,140806730,79589590,0
932,220396320,49.3377,140806730,79589590,0
933,218396320,49.4028,138806730,79589590,0
934,218396320,49.4703,138806730,79589590,0
935,218396320,49.5361,138806730,79589590,0
936,218396320,49.564,138806730,79589590,0
937,218396320,49.5916,138806730,79589590,0
938,279335191,49.6191,138806730,140528461,0
939,218396320,49.6851,138806730,79589590,0
940,217640825,49.7507,138051235,79589590,0
941,216396320,49.8161,136806730,79589590,0
942,216396320,49.8815,136806730,79589590,0
943,216396320,49.9467,136806730,79589590,0
944,216396320,49.975,136806730,79589590,0
945,216396320,50.0022,136806730,79589590,0
946,415574875,50.0298,284592825,130982050,0
947,216396320,50.0956,136806730,79589590,0
948,216396320,50.1608,136806730,79589590,0
949,216396320,50.2261,136806730,79589590,0
950,216396320,50.2546,136806730,79589590,0
951,216396320,50.2821,136806730,79589590,0
952,216396320,50.3092,136806730,79589590,0
953,216396320,50.3762,136806730,79589590,0
954,216396320,50.4421,136806730,79589590,0
955,216396320,50.5082,136806730,79589590,0
956,216396320,50.5367,136806730,79589590,0
957,216396320,50.5639,136806730,79589590,0
958,216396320,50.5914,136806730,79589590,0
959,216396320,50.6577,136806730,79589590,0
960,216396320,50.7237,136806730,79589590,0
961,216396320,50.79,136806730,79589590,0
962,216396320,50.8181,136806730,79589590,0
963,216396320,50.8456,136806730,79589590,0
964,216396320,50.8727,136806730,79589590,0
965,216396320,50.9391,136806730,79589590,0
966,216396320,51.0041,136806730,79589590,0
967,216396320,51.0704,136806730,79589590,0
968,216396320,51.0988,136806730,79589590,0
969,216396320,51.126,136806730,79589590,0
970,216396320,51.1531,136806730,79589590,0
971,216396320,51.2189,136806730,79589590,0
972,214396320,51.2842,134806730,79589590,0
973,214396320,51.3502,134806730,79589590,0
974,214396320,51.4152,134806730,79589590,0
975,214396320,51.4433,134806730,79589590,0
976,214396320,51.4704,134806730,79589590,0
977,262059946,51.4977,171769640,90290306,0
978,214396320,51.563,134806730,79589590,0
979,213640825,51.628,134051235,79589590,0
980,212396320,51.6931,132806730,79589590,0
981,212396320,51.7581,132806730,79589590,0
982,212396320,51.8235,132806730,79589590,0
983,212396320,51.8515,132806730,79589590,0
984,212396320,51.8789,132806730,79589590,0
985,270072485,51.906,190482895,79589590,0
986,212396320,51.9714,132806730,79589590,0
987,212396320,52.0371,132806730,79589590,0
988,212396320,52.1025,132806730,79589590,0
989,212396320,52.1309,132806730,79589590,0
990,212396320,52.1581,132806730,79589590,0
991,273335191,52.1854,132806730,140528461,0
992,212396320,52.2509,132806730,79589590,0
993,212396320,52.317,132806730,79589590,0
994,212396320,52.3831,132806730,79589590,0
995,212396320,52.4114,132806730,79589590,0
996,212396320,52.4395,132806730,79589590,0
997,212396320,52.4672,132806730,79589590,0
998,212396320,52.534,132806730,79589590,0
999,212396320,52.6007,132806730,79589590,0
1000,212396320,52.6674,132806730,79589590,0
1001,212396320,52.6964,132806730,79589590,0
1002,212396320,52.7242,132806730,79589590,0
1003,355667205,52.7521,276077615,79589590,0
1004,355667205,52.8192,276077615,79589590,0
1005,212396320,52.8851,132806730,79589590,0
1006,212396320,52.9516,132806730,79589590,0
1007,212396320,53.017,132806730,79589590,0
1008,212396320,53.0458,132806730,79589590,0
1009,212396320,53.0729,132806730,79589590,0
1010,212396320,53.1001,132806730,79589590,0
1011,210396320,53.166,130806730,79589590,0
1012,210396320,53.2326,130806730,79589590,0
1013,210396320,53.2984,130806730,79589590,0
1014,210396320,53.3267,130806730,79589590,0
1015,210396320,53.354,130806730,79589590,0
1016,210396320,53.3814,130806730,79589590,0
1017,209640825,53.4469,130051235,79589590,0
1018,208396320,53.5118,128806730,79589590,0
1019,208396320,53.5779,128806730,79589590,0
1020,208396320,53.6428,128806730,79589590,0
1021,208396320,53.6708,128806730,79589590,0
1022,208396320,53.6983,128806730,79589590,0
1023,208396320,53.7252,128806730,79589590,0
1024,208396320,53.7912,128806730,79589590,0
1025,208396320,53.8575,128806730,79589590,0
1026,208396320,53.9228,128806730,79589590,0
1027,208396320,53.9515,128806730,79589590,0
1028,208396320,53.9788,128806730,79589590,0
1029,256059946,54.006,165769640,90290306,0
1030,208396320,54.0723,128806730,79589590,0
1031,208396320,54.1385,128806730,79589590,0
1032,208396320,54.204,128806730,79589590,0
1033,208396320,54.2325,128806730,79589590,0
1034,208396320,54.2598,128806730,79589590,0
1035,266072485,54.2873,186482895,79589590,0
1036,208396320,54.3532,128806730,79589590,0
1037,208396320,54.419,128806730,79589590,0
1038,208396320,54.4851,128806730,79589590,0
1039,208396320,54.5133,128806730,79589590,0
1040,208396320,54.5408,128806730,79589590,0
1041,208396320,54.5677,128806730,79589590,0
1042,208396320,54.6345,128806730,79589590,0
1043,208396320,54.7001,128806730,79589590,0
1044,208396320,54.765,128806730,79589590,0
1045,208396320,54.7936,128806730,79589590,0
1046,208396320,54.8209,128806730,79589590,0
1047,269335191,54.8487,128806730,140528461,0
1048,208396320,54.9147,128806730,79589590,0
1049,208396320,54.9807,128806730,79589590,0
1050,206396320,55.0462,126806730,79589590,0
1051,206396320,55.1124,126806730,79589590,0
1052,206396320,55.1775,126806730,79589590,0
1053,206396320,55.2066,126806730,79589590,0
1054,206396320,55.234,126806730,79589590,0
1055,405574875,55.2613,274592825,130982050,0
1056,206396320,55.3272,126806730,79589590,0
1057,205640825,55.3928,126051235,79589590,0
1058,204396320,55.4592,124806730,79589590,0
1059,204396320,55.5252,124806730,79589590,0
1060,204396320,55.5918,124806730,79589590,0
1061,204396320,55.6206,124806730,79589590,0
1062,204396320,55.6483,124806730,79589590,0
1063,204396320,55.6755,124806730,79589590,0
1064,204396320,55.7459,124806730,79589590,0
1065,204396320,55.8114,124806730,79589590,0
1066,204396320,55.8775,124806730,79589590,0
1067,204396320,55.9059,124806730,79589590,0
1068,204396320,55.9332,124806730,79589590,0
1069,204396320,55.9605,124806730,79589590,0
1070,204396320,56.0266,124806730,79589590,0
1071,204396320,56.0929,124806730,79589590,0
1072,204396320,56.1596,124806730,79589590,0
1073,204396320,56.1881,124806730,79589590,0
1074,204396320,56.2151,124806730,79589590,0
1075,204396320,56.2426,124806730,79589590,0
1076,204396320,56.3095,124806730,79589590,0
1077,204396320,56.3754,124806730,79589590,0
1078,204396320,56.4418,124806730,79589590,0
1079,204396320,56.47,124806730,79589590,0
1080,204396320,56.4977,124806730,79589590,0
1081,204396320,56.5247,124806730,79589590,0
1082,204396320,56.5914,124806730,79589590,0
1083,204396320,56.657,124806730,79589590,0
1084,204396320,56.7233,124806730,79589590,0
1085,204396320,56.7519,124806730,79589590,0
1086,204396320,56.7791,124806730,79589590,0
1087,252059946,56.8066,161769640,90290306,0
1088,204396320,56.8726,124806730,79589590,0
1089,204396320,56.9394,124806730,79589590,0
1090,204396320,57.0055,124806730,79589590,0
1091,204396320,57.0339,124806730,79589590,0
1092,204396320,57.0612,124806730,79589590,0
1093,262072485,57.0886,182482895,79589590,0
1094,204396320,57.1546,124806730,79589590,0
1095,204396320,57.2199,124806730,79589590,0
1096,203640825,57.2853,124051235,79589590,0
1097,202396320,57.3509,122806730,79589590,0
1098,202396320,57.4161,122806730,79589590,0
1099,202396320,57.4827,122806730,79589590,0
1100,202396320,57.5111,122806730,79589590,0
1101,202396320,57.5385,122806730,79589590,0
1102,263335191,57.5659,122806730,140528461,0
1103,202396320,57.6314,122806730,79589590,0
1104,202396320,57.6975,122806730,79589590,0
1105,202396320,57.7636,122806730,79589590,0
1106,202396320,57.7922,122806730,79589590,0
1107,202396320,57.8194,122806730,79589590,0
1108,274622085,57.8472,122806730,151815355,0
1109,202396320,57.9128,122806730,79589590,0
1110,202396320,57.9783,122806730,79589590,0
1111,202396320,58.0443,122806730,79589590,0
1112,202396320,58.0728,122806730,79589590,0
1113,202396320,58.1005,122806730,79589590,0
1114,401574875,58.1278,270592825,130982050,0
1115,202396320,58.1939,122806730,79589590,0
1116,202396320,58.2599,122806730,79589590,0
1117,202396320,58.3255,122806730,79589590,0
1118,202396320,58.3539,122806730,79589590,0
1119,202396320,58.3811,122806730,79589590,0
1120,202396320,58.4085,122806730,79589590,0
1121,202396320,58.4761,122806730,79589590,0
1122,202396320,58.5418,122806730,79589590,0
1123,202396320,58.6076,122806730,79589590,0
1124,202396320,58.6357,122806730,79589590,0
1125,202396320,58.663,122806730,79589590,0
1126,202396320,58.6938,122806730,79589590,0
1127,202396320,58.7608,122806730,79589590,0
1128,202396320,58.8269,122806730,79589590,0
1129,202396320,58.8931,122806730,79589590,0
1130,202396320,58.9212,122806730,79589590,0
1131,202396320,58.9488,122806730,79589590,0
1132,202396320,58.9758,122806730,79589590,0
1133,202396320,59.0429,122806730,79589590,0
1134,202396320,59.1081,122806730,79589590,0
1135,201640825,59.1733,122051235,79589590,0
1136,200396320,59.2384,120806730,79589590,0
1137,200396320,59.3043,120806730,79589590,0
1138,200396320,59.3707,120806730,79589590,0
1139,200396320,59.3994,120806730,79589590,0
1140,200396320,59.4265,120806730,79589590,0
1141,248059946,59.4541,157769640,90290306,0
1142,200396320,59.5198,120806730,79589590,0
1143,200396320,59.5854,120806730,79589590,0
1144,200396320,59.6519,120806730,79589590,0
1145,200396320,59.6804,120806730,79589590,0
1146,200396320,59.7081,120806730,79589590,0
1147,258072485,59.7353,178482895,79589590,0
1148,200396320,59.8015,120806730,79589590,0
1149,200396320,59.8674,120806730,79589590,0
1150,200396320,59.9331,120806730,79589590,0
1151,200396320,59.9615,120806730,79589590,0
1152,200396320,59.989,120806730,79589590,0
1153,261335191,60.0166,120806730,140528461,0
1154,200396320,60.0826,120806730,79589590,0
1155,200396320,60.15,120806730,79589590,0
1156,200396320,60.2169,120806730,79589590,0
1157,200396320,60.246,120806730,79589590,0
1158,200396320,60.2734,120806730,79589590,0
1159,272622085,60.3013,120806730,151815355,0
1160,200396320,60.3675,120806730,79589590,0
1161,200396320,60.4331,120806730,79589590,0
1162,200396320,60.4992,120806730,79589590,0
1163,200396320,60.5272,120806730,79589590,0
1164,200396320,60.5549,120806730,79589590,0
1165,200396320,60.582,120806730,79589590,0
1166,200396320,60.6488,120806730,79589590,0
1167,200396320,60.7147,120806730,79589590,0
1168,200396320,60.7805,120806730,79589590,0
1169,200396320,60.8091,120806730,79589590,0
1170,200396320,60.8363,120806730,79589590,0
1171,399574875,60.864,268592825,130982050,0
1172,200396320,60.9298,120806730,79589590,0
1173,200396320,60.9963,120806730,79589590,0
1174,199640825,61.0617,120051235,79589590,0
1175,198396320,61.127,118806730,79589590,0
1176,198396320,61.1928,118806730,79589590,0
1177,198396320,61.2593,118806730,79589590,0
1178,198396320,61.2875,118806730,79589590,0
1179,198396320,61.3151,118806730,79589590,0
1180,198396320,61.3424,118806730,79589590,0
1181,198396320,61.4089,118806730,79589590,0
1182,198396320,61.4774,118806730,79589590,0
1183,198396320,61.5439,118806730,79589590,0
1184,198396320,61.5722,118806730,79589590,0
1185,198396320,61.5999,118806730,79589590,0
1186,198396320,61.627,118806730,79589590,0
1187,198396320,61.6978,118806730,79589590,0
1188,198396320,61.7636,118806730,79589590,0
1189,198396320,61.8291,118806730,79589590,0
1190,198396320,61.8587,118806730,79589590,0
1191,198396320,61.8858,118806730,79589590,0
1192,198396320,61.9133,118806730,79589590,0
1193,198396320,61.981,118806730,79589590,0
1194,198396320,62.0476,118806730,79589590,0
1195,198396320,62.1143,118806730,79589590,0
1196,198396320,62.1439,118806730,79589590,0
1197,198396320,62.1713,118806730,79589590,0
1198,246059946,62.1989,155769640,90290306,0
1199,198396320,62.2659,118806730,79589590,0
1200,198396320,62.3313,118806730,79589590,0
1201,198396320,62.3985,118806730,79589590,0
1202,198396320,62.4278,118806730,79589590,0
1203,198396320,62.4556,118806730,79589590,0
1204,198396320,62.4828,118806730,79589590,0
1205,198396320,62.5511,118806730,79589590,0
1206,198396320,62.6174,118806730,79589590,0
1207,198396320,62.6836,118806730,79589590,0
1208,198396320,62.7132,118806730,79589590,0
1209,198396320,62.7404,118806730,79589590,0
1210,256072485,62.7679,176482895,79589590,0
1211,198396320,62.8347,118806730,79589590,0
1212,198396320,62.9005,118806730,79589590,0
1213,197640825,62.9657,118051235,79589590,0
1214,196396320,63.0308,116806730,79589590,0
1215,196396320,63.0966,116806730,79589590,0
1216,196396320,63.1629,116806730,79589590,0
1217,196396320,63.1923,116806730,79589590,0
1218,196396320,63.2197,116806730,79589590,0
1219,257335191,63.2471,116806730,140528461,0
1220,196396320,63.313,116806730,79589590,0
1221,196396320,63.3785,116806730,79589590,0
1222,196396320,63.4439,116806730,79589590,0
1223,196396320,63.4733,116806730,79589590,0
1224,196396320,63.5012,116806730,79589590,0
1225,268622085,63.5296,116806730,151815355,0
1226,196396320,63.5973,116806730,79589590,0
1227,196396320,63.6632,116806730,79589590,0
1228,196396320,63.7288,116806730,79589590,0
1229,196396320,63.7575,116806730,79589590,0
1230,196396320,63.7847,116806730,79589590,0
1231,196396320,63.8122,116806730,79589590,0
1232,196396320,63.8788,116806730,79589590,0
1233,196396320,63.9451,116806730,79589590,0
1234,196396320,64.0113,116806730,79589590,0
1235,196396320,64.0393,116806730,79589590,0
1236,196396320,64.067,116806730,79589590,0
1237,196396320,64.0943,116806730,79589590,0
1238,196396320,64.1613,116806730,79589590,0
1239,196396320,64.2269,116806730,79589590,0
1240,196396320,64.2937,116806730,79589590,0
1241,196396320,64.3222,116806730,79589590,0
1242,196396320,64.3499,116806730,79589590,0
1243,196396320,64.3769,116806730,79589590,0
1244,196396320,64.4438,116806730,79589590,0
1245,196396320,64.5106,116806730,79589590,0
1246,196396320,64.5768,116806730,79589590,0
1247,196396320,64.6054,116806730,79589590,0
1248,196396320,64.6336,116806730,79589590,0
1249,244059946,64.6612,153769640,90290306,0
1250,196396320,64.7272,116806730,79589590,0
1251,196396320,64.7929,116806730,79589590,0
1252,195640825,64.8586,116051235,79589590,0
1253,194396320,64.9236,114806730,79589590,0
1254,194396320,64.9891,114806730,79589590,0
1255,194396320,65.0556,114806730,79589590,0
1256,194396320,65.084,114806730,79589590,0
1257,194396320,65.1116,114806730,79589590,0
1258,252072485,65.1388,172482895,79589590,0
1259,194396320,65.2048,114806730,79589590,0
1260,194396320,65.2701,114806730,79589590,0
1261,194396320,65.3356,114806730,79589590,0
1262,194396320,65.3642,114806730,79589590,0
1263,194396320,65.3916,114806730,79589590,0
1264,255335191,65.4191,114806730,140528461,0
1265,194396320,65.4853,114806730,79589590,0
1266,194396320,65.5509,114806730,79589590,0
1267,194396320,65.6166,114806730,79589590,0
1268,194396320,65.6445,114806730,79589590,0
1269,194396320,65.672,114806730,79589590,0
1270,393574875,65.6996,262592825,130982050,0
1271,194396320,65.7658,114806730,79589590,0
1272,194396320,65.8314,114806730,79589590,0
1273,194396320,65.8976,114806730,79589590,0
1274,194396320,65.9257,114806730,79589590,0
1275,194396320,65.9531,114806730,79589590,0
1276,194396320,65.9803,114806730,79589590,0
1277,194396320,66.0474,114806730,79589590,0
1278,194396320,66.1127,114806730,79589590,0
1279,194396320,66.1791,114806730,79589590,0
1280,194396320,66.2076,114806730,79589590,0
1281,194396320,66.2347,114806730,79589590,0
1282,194396320,66.2622,114806730,79589590,0
1283,194396320,66.3286,114806730,79589590,0
1284,194396320,66.3946,114806730,79589590,0
1285,194396320,66.4608,114806730,79589590,0
1286,194396320,66.489,114806730,79589590,0
1287,194396320,66.5164,114806730,79589590,0
1288,194396320,66.5434,114806730,79589590,0
1289,194396320,66.6107,114806730,79589590,0
1290,194396320,66.6764,114806730,79589590,0
1291,193640825,66.7415,114051235,79589590,0
1292,192396320,66.8075,112806730,79589590,0
1293,192396320,66.8731,112806730,79589590,0
1294,192396320,66.9395,112806730,79589590,0
1295,192396320,66.9683,112806730,79589590,0
1296,192396320,66.9953,112806730,79589590,0
1297,240059946,67.0228,149769640,90290306,0
1298,192396320,67.0888,112806730,79589590,0
1299,192396320,67.1653,112806730,79589590,0
1300,192396320,67.2313,112806730,79589590,0
1301,192396320,67.2606,112806730,79589590,0
1302,192396320,67.2887,112806730,79589590,0
1303,250072485,67.3164,170482895,79589590,0
1304,192396320,67.3831,112806730,79589590,0
1305,192396320,67.4496,112806730,79589590,0
1306,192396320,67.516,112806730,79589590,0
1307,192396320,67.5444,112806730,79589590,0
1308,192396320,67.5721,112806730,79589590,0
1309,253335191,67.5993,112806730,140528461,0
1310,192396320,67.6652,112806730,79589590,0
1311,192396320,67.7312,112806730,79589590,0
1312,192396320,67.7971,112806730,79589590,0
1313,192396320,67.8254,112806730,79589590,0
1314,192396320,67.8529,112806730,79589590,0
1315,337667205,67.8801,258077615,79589590,0
1316,337667205,67.947,258077615,79589590,0
1317,192396320,68.0131,112806730,79589590,0
1318,192396320,68.0799,112806730,79589590,0
1319,192396320,68.1459,112806730,79589590,0
1320,192396320,68.1742,112806730,79589590,0
1321,192396320,68.2014,112806730,79589590,0
1322,192396320,68.2284,112806730,79589590,0
1323,192396320,68.2947,112806730,79589590,0
1324,192396320,68.3614,112806730,79589590,0
1325,192396320,68.428,112806730,79589590,0
1326,192396320,68.4565,112806730,79589590,0
1327,192396320,68.4837,112806730,79589590,0
1328,264622085,68.5113,112806730,151815355,0
1329,192396320,68.5842,112806730,79589590,0
1330,192396320,68.6515,112806730,79589590,0
1331,191640825,68.7171,112051235,79589590,0
1332,190396320,68.7827,110806730,79589590,0
1333,190396320,68.8481,110806730,79589590,0
1334,190396320,68.9147,110806730,79589590,0
1335,190396320,68.9426,110806730,79589590,0
1336,190396320,68.97,110806730,79589590,0
1337,238059946,68.9971,147769640,90290306,0
1338,190396320,69.063,110806730,79589590,0
1339,190396320,69.1287,110806730,79589590,0
1340,190396320,69.1945,110806730,79589590,0
1341,190396320,69.2228,110806730,79589590,0
1342,190396320,69.2499,110806730,79589590,0
1343,248072485,69.2772,168482895,79589590,0
1344,190396320,69.3429,110806730,79589590,0
1345,190396320,69.4086,110806730,79589590,0
1346,190396320,69.4747,110806730,79589590,0
1347,190396320,69.5028,110806730,79589590,0
1348,190396320,69.5304,110806730,79589590,0
1349,251335191,69.5582,110806730,140528461,0
1350,190396320,69.6237,110806730,79589590,0
1351,190396320,69.6893,110806730,79589590,0
1352,190396320,69.7558,110806730,79589590,0
1353,190396320,69.7837,110806730,79589590,0
1354,190396320,69.8112,110806730,79589590,0
1355,337667205,69.8389,258077615,79589590,0
1356,190396320,69.9044,110806730,79589590,0
1357,190396320,69.9711,110806730,79589590,0
1358,190396320,70.0367,110806730,79589590,0
1359,190396320,70.065,110806730,79589590,0
1360,190396320,70.092,110806730,79589590,0
1361,190396320,70.1193,110806730,79589590,0
1362,190396320,70.1853,110806730,79589590,0
1363,190396320,70.2515,110806730,79589590,0
1364,190396320,70.319,110806730,79589590,0
1365,190396320,70.347,110806730,79589590,0
1366,190396320,70.3746,110806730,79589590,0
1367,190396320,70.4015,110806730,79589590,0
1368,190396320,70.4685,110806730,79589590,0
1369,190396320,70.5341,110806730,79589590,0
1370,189640825,70.5993,110051235,79589590,0
1371,188396320,70.6653,108806730,79589590,0
1372,188396320,70.7314,108806730,79589590,0
1373,188396320,70.7977,108806730,79589590,0
1374,188396320,70.8259,108806730,79589590,0
1375,188396320,70.853,108806730,79589590,0
1376,236059946,70.8803,145769640,90290306,0
1377,188396320,70.9455,108806730,79589590,0
1378,188396320,71.0115,108806730,79589590,0
1379,188396320,71.0773,108806730,79589590,0
1380,188396320,71.1061,108806730,79589590,0
1381,188396320,71.1334,108806730,79589590,0
1382,246072485,71.1608,166482895,79589590,0
1383,188396320,71.2263,108806730,79589590,0
1384,188396320,71.2919,108806730,79589590,0
1385,188396320,71.3579,108806730,79589590,0
1386,188396320,71.3863,108806730,79589590,0
1387,188396320,71.4142,108806730,79589590,0
1388,249335191,71.4413,108806730,140528461,0
1389,188396320,71.5076,108806730,79589590,0
1390,188396320,71.5734,108806730,79589590,0
1391,188396320,71.6395,108806730,79589590,0
1392,188396320,71.6678,108806730,79589590,0
1393,188396320,71.695,108806730,79589590,0
1394,333667205,71.7227,254077615,79589590,0
1395,188396320,71.7886,108806730,79589590,0
1396,188396320,71.8554,108806730,79589590,0
1397,188396320,71.9217,108806730,79589590,0
1398,188396320,71.9499,108806730,79589590,0
1399,188396320,71.9775,108806730,79589590,0
1400,188396320,72.0047,108806730,79589590,0
1401,188396320,72.0714,108806730,79589590,0
1402,188396320,72.1372,108806730,79589590,0
1403,188396320,72.2036,108806730,79589590,0
1404,188396320,72.2318,108806730,79589590,0
1405,188396320,72.2597,108806730,79589590,0
1406,188396320,72.2885,108806730,79589590,0
1407,188396320,72.3557,108806730,79589590,0
1408,188396320,72.4212,108806730,79589590,0
1409,187640825,72.4862,108051235,79589590,0
1410,186396320,72.5512,106806730,79589590,0
1411,186396320,72.617,106806730,79589590,0
1412,186396320,72.6835,106806730,79589590,0
1413,186396320,72.7124,106806730,79589590,0
1414,186396320,72.7395,106806730,79589590,0
1415,234059946,72.7668,143769640,90290306,0
1416,186396320,72.8324,106806730,79589590,0
1417,186396320,72.8976,106806730,79589590,0
1418,186396320,72.9636,106806730,79589590,0
1419,186396320,72.9918,106806730,79589590,0
1420,186396320,73.0197,106806730,79589590,0
1421,244072485,73.0471,164482895,79589590,0
1422,186396320,73.1129,106806730,79589590,0
1423,186396320,73.1783,106806730,79589590,0
1424,186396320,73.2443,106806730,79589590,0
1425,186396320,73.2737,106806730,79589590,0
1426,186396320,73.301,106806730,79589590,0
1427,247335191,73.3289,106806730,140528461,0
1428,186396320,73.3954,106806730,79589590,0
1429,186396320,73.4619,106806730,79589590,0
1430,186396320,73.5288,106806730,79589590,0
1431,186396320,73.557,106806730,79589590,0
1432,186396320,73.5845,106806730,79589590,0
1433,333667205,73.6119,254077615,79589590,0
1434,186396320,73.6776,106806730,79589590,0
1435,186396320,73.744,106806730,79589590,0
1436,186396320,73.8099,106806730,79589590,0
1437,186396320,73.8384,106806730,79589590,0
1438,186396320,73.8659,106806730,79589590,0
1439,186396320,73.8929,106806730,79589590,0
1440,186396320,73.9595,106806730,79589590,0
1441,186396320,74.0256,106806730,79589590,0
1442,186396320,74.0917,106806730,79589590,0
1443,186396320,74.1204,106806730,79589590,0
1444,186396320,74.1474,106806730,79589590,0
1445,186396320,74.1748,106806730,79589590,0
1446,186396320,74.242,106806730,79589590,0
1447,186396320,74.3082,106806730,79589590,0
1448,185640825,74.374,106051235,79589590,0
1449,184396320,74.4389,104806730,79589590,0
1450,184396320,74.5042,104806730,79589590,0
1451,184396320,74.5706,104806730,79589590,0
1452,184396320,74.5991,104806730,79589590,0
1453,184396320,74.6268,104806730,79589590,0
1454,184396320,74.654,104806730,79589590,0
1455,184396320,74.7223,104806730,79589590,0
1456,184396320,74.7891,104806730,79589590,0
1457,184396320,74.8548,104806730,79589590,0
1458,184396320,74.8835,104806730,79589590,0
1459,184396320,74.9111,104806730,79589590,0
1460,232059946,74.9383,141769640,90290306,0
1461,184396320,75.004,104806730,79589590,0
1462,184396320,75.0702,104806730,79589590,0
1463,184396320,75.1358,104806730,79589590,0
1464,184396320,75.1647,104806730,79589590,0
1465,184396320,75.1921,104806730,79589590,0
1466,242072485,75.2195,162482895,79589590,0
1467,184396320,75.2854,104806730,79589590,0
1468,184396320,75.3528,104806730,79589590,0
1469,184396320,75.4199,104806730,79589590,0
1470,184396320,75.4481,104806730,79589590,0
1471,184396320,75.4762,104806730,79589590,0
1472,245335191,75.5033,104806730,140528461,0
1473,184396320,75.5691,104806730,79589590,0
1474,184396320,75.6345,104806730,79589590,0
1475,184396320,75.7004,104806730,79589590,0
1476,184396320,75.7291,104806730,79589590,0
1477,184396320,75.7563,104806730,79589590,0
1478,184396320,75.784,104806730,79589590,0
1479,184396320,75.8511,104806730,79589590,0
1480,184396320,75.9175,104806730,79589590,0
1481,184396320,75.9834,104806730,79589590,0
1482,184396320,76.012,104806730,79589590,0
1483,184396320,76.0393,104806730,79589590,0
1484,383574875,76.0668,252592825,130982050,0
1485,184396320,76.1332,104806730,79589590,0
1486,184396320,76.2,104806730,79589590,0
1487,183640825,76.2674,104051235,79589590,0
1488,182396320,76.3331,102806730,79589590,0
1489,182396320,76.3983,102806730,79589590,0
1490,182396320,76.4657,102806730,79589590,0
1491,182396320,76.4937,102806730,79589590,0
1492,182396320,76.5213,102806730,79589590,0
1493,182396320,76.5486,102806730,79589590,0
1494,182396320,76.6154,102806730,79589590,0
1495,182396320,76.6823,102806730,79589590,0
1496,182396320,76.75,102806730,79589590,0
1497,182396320,76.7788,102806730,79589590,0
1498,182396320,76.8059,102806730,79589590,0
1499,182396320,76.8334,102806730,79589590,0
1500,182396320,76.9018,102806730,79589590,0
1501,182396320,76.969,102806730,79589590,0
1502,182396320,77.0352,102806730,79589590,0
1503,182396320,77.0639,102806730,79589590,0
1504,182396320,77.0912,102806730,79589590,0
1505,182396320,77.1186,102806730,79589590,0
1506,182396320,77.1858,102806730,79589590,0
1507,182396320,77.2533,102806730,79589590,0
1508,182396320,77.3211,102806730,79589590,0
1509,182396320,77.3497,102806730,79589590,0
1510,182396320,77.3776,102806730,79589590,0
1511,230059946,77.4048,139769640,90290306,0
1512,182396320,77.4706,102806730,79589590,0
1513,182396320,77.5359,102806730,79589590,0
1514,182396320,77.6016,102806730,79589590,0
1515,182396320,77.6301,102806730,79589590,0
1516,182396320,77.6579,102806730,79589590,0
1517,182396320,77.6855,102806730,79589590,0
1518,182396320,77.7527,102806730,79589590,0
1519,182396320,77.8194,102806730,79589590,0
1520,182396320,77.8856,102806730,79589590,0
1521,182396320,77.9144,102806730,79589590,0
1522,182396320,77.9427,102806730,79589590,0
1523,240072485,77.9706,160482895,79589590,0
1524,182396320,78.0367,102806730,79589590,0
1525,182396320,78.1021,102806730,79589590,0
1526,181640825,78.1676,102051235,79589590,0
1527,180396320,78.2331,100806730,79589590,0
1528,180396320,78.2989,100806730,79589590,0
1529,180396320,78.3661,100806730,79589590,0
1530,180396320,78.395,100806730,79589590,0
1531,180396320,78.4231,100806730,79589590,0
1532,241335191,78.4504,100806730,140528461,0
1533,180396320,78.5166,100806730,79589590,0
1534,180396320,78.5823,100806730,79589590,0
1535,180396320,78.6485,100806730,79589590,0
1536,180396320,78.6773,100806730,79589590,0
1537,180396320,78.7049,100806730,79589590,0
1538,379574875,78.7331,248592825,130982050,0
1539,180396320,78.7994,100806730,79589590,0
1540,180396320,78.865,100806730,79589590,0
1541,180396320,78.9308,100806730,79589590,0
1542,180396320,78.9595,100806730,79589590,0
1543,180396320,78.9875,100806730,79589590,0
1544,180396320,79.0156,100806730,79589590,0
1545,180396320,79.0831,100806730,79589590,0
1546,180396320,79.1488,100806730,79589590,0
1547,180396320,79.2146,100806730,79589590,0
1548,180396320,79.243,100806730,79589590,0
1549,180396320,79.2703,100806730,79589590,0
1550,180396320,79.2975,100806730,79589590,0
1551,180396320,79.3644,100806730,79589590,0
1552,180396320,79.43,100806730,79589590,0
1553,180396320,79.4958,100806730,79589590,0
1554,180396320,79.5248,100806730,79589590,0
1555,180396320,79.5519,100806730,79589590,0
1556,180396320,79.5793,100806730,79589590,0
1557,180396320,79.6466,100806730,79589590,0
1558,180396320,79.7123,100806730,79589590,0
1559,180396320,79.7786,100806730,79589590,0
1560,180396320,79.8073,100806730,79589590,0
1561,180396320,79.835,100806730,79589590,0
1562,228059946,79.862,137769640,90290306,0
1563,180396320,79.9288,100806730,79589590,0
1564,180396320,79.9938,100806730,79589590,0
1565,179640825,80.0589,100051235,79589590,0
1566,178396320,80.1244,98806730,79589590,0
1567,178396320,80.1898,98806730,79589590,0
1568,178396320,80.256,98806730,79589590,0
1569,178396320,80.2844,98806730,79589590,0
1570,178396320,80.3117,98806730,79589590,0
1571,236072485,80.3391,156482895,79589590,0
1572,178396320,80.4055,98806730,79589590,0
1573,178396320,80.4716,98806730,79589590,0
1574,178396320,80.5377,98806730,79589590,0
1575,178396320,80.5662,98806730,79589590,0
1576,178396320,80.5939,98806730,79589590,0
1577,239335191,80.6211,98806730,140528461,0
1578,178396320,80.6868,98806730,79589590,0
1579,178396320,80.7521,98806730,79589590,0
1580,178396320,80.8175,98806730,79589590,0
1581,178396320,80.846,98806730,79589590,0
1582,178396320,80.8736,98806730,79589590,0
1583,377574875,80.9012,246592825,130982050,0
1584,178396320,80.9673,98806730,79589590,0
1585,178396320,81.0338,98806730,79589590,0
1586,178396320,81.1002,98806730,79589590,0
1587,178396320,81.1292,98806730,79589590,0
1588,178396320,81.1563,98806730,79589590,0
1589,250622085,81.1838,98806730,151815355,0
1590,178396320,81.25,98806730,79589590,0
1591,178396320,81.3154,98806730,79589590,0
1592,178396320,81.3818,98806730,79589590,0
1593,178396320,81.4106,98806730,79589590,0
1594,178396320,81.4384,98806730,79589590,0
1595,178396320,81.4655,98806730,79589590,0
1596,178396320,81.5318,98806730,79589590,0
1597,178396320,81.5976,98806730,79589590,0
1598,178396320,81.6636,98806730,79589590,0
1599,178396320,81.6919,98806730,79589590,0
1600,178396320,81.72,98806730,79589590,0
1601,178396320,81.7474,98806730,79589590,0
1602,178396320,81.8136,98806730,79589590,0
1603,178396320,81.8791,98806730,79589590,0
1604,177640825,81.9442,98051235,79589590,0
1605,176396320,82.0092,96806730,79589590,0
1606,176396320,82.0747,96806730,79589590,0
1607,176396320,82.1409,96806730,79589590,0
1608,176396320,82.1692,96806730,79589590,0
1609,176396320,82.1969,96806730,79589590,0
1610,176396320,82.2245,96806730,79589590,0
1611,176396320,82.2922,96806730,79589590,0
1612,176396320,82.3585,96806730,79589590,0
1613,176396320,82.4241,96806730,79589590,0
1614,176396320,82.4524,96806730,79589590,0
1615,176396320,82.48,96806730,79589590,0
1616,224059946,82.507,133769640,90290306,0
1617,176396320,82.5729,96806730,79589590,0
1618,176396320,82.6388,96806730,79589590,0
1619,176396320,82.705,96806730,79589590,0
1620,176396320,82.7339,96806730,79589590,0
1621,176396320,82.7615,96806730,79589590,0
1622,234072485,82.7889,154482895,79589590,0
1623,176396320,82.8544,96806730,79589590,0
1624,176396320,82.9204,96806730,79589590,0
1625,176396320,82.9859,96806730,79589590,0
1626,176396320,83.0139,96806730,79589590,0
1627,176396320,83.0414,96806730,79589590,0
1628,237335191,83.0686,96806730,140528461,0
1629,176396320,83.1347,96806730,79589590,0
1630,176396320,83.2003,96806730,79589590,0
1631,176396320,83.2671,96806730,79589590,0
1632,176396320,83.2956,96806730,79589590,0
1633,176396320,83.3229,96806730,79589590,0
1634,176396320,83.3502,96806730,79589590,0
1635,176396320,83.4174,96806730,79589590,0
1636,176396320,83.4843,96806730,79589590,0
1637,176396320,83.5506,96806730,79589590,0
1638,176396320,83.5789,96806730,79589590,0
1639,176396320,83.6061,96806730,79589590,0
1640,375574875,83.6336,244592825,130982050,0
1641,176396320,83.699,96806730,79589590,0
1642,176396320,83.7647,96806730,79589590,0
1643,175640825,83.8304,96051235,79589590,0
1644,174396320,83.8956,94806730,79589590,0
1645,174396320,83.9607,94806730,79589590,0
1646,174396320,84.0265,94806730,79589590,0
1647,174396320,84.0546,94806730,79589590,0
1648,174396320,84.0825,94806730,79589590,0
1649,174396320,84.1097,94806730,79589590,0
1650,174396320,84.1774,94806730,79589590,0
1651,174396320,84.2439,94806730,79589590,0
1652,174396320,84.3098,94806730,79589590,0
1653,174396320,84.3386,94806730,79589590,0
1654,174396320,84.3658,94806730,79589590,0
1655,174396320,84.3933,94806730,79589590,0
1656,174396320,84.4599,94806730,79589590,0
1657,174396320,84.5256,94806730,79589590,0
1658,174396320,84.5907,94806730,79589590,0
1659,174396320,84.6184,94806730,79589590,0
1660,174396320,84.6458,94806730,79589590,0
1661,222059946,84.6728,131769640,90290306,0
1662,174396320,84.7383,94806730,79589590,0
1663,174396320,84.8044,94806730,79589590,0
1664,174396320,84.8696,94806730,79589590,0
1665,174396320,84.898,94806730,79589590,0
1666,174396320,84.9253,94806730,79589590,0
1667,232072485,84.9529,152482895,79589590,0
1668,174396320,85.0184,94806730,79589590,0
1669,174396320,85.0837,94806730,79589590,0
1670,174396320,85.1492,94806730,79589590,0
1671,174396320,85.1773,94806730,79589590,0
1672,174396320,85.2045,94806730,79589590,0
1673,174396320,85.2317,94806730,79589590,0
1674,174396320,85.2976,94806730,79589590,0
1675,174396320,85.3634,94806730,79589590,0
1676,174396320,85.4299,94806730,79589590,0
1677,174396320,85.458,94806730,79589590,0
1678,174396320,85.4871,94806730,79589590,0
1679,235335191,85.5144,94806730,140528461,0
1680,174396320,85.5795,94806730,79589590,0
1681,174396320,85.6445,94806730,79589590,0
1682,173640825,85.7094,94051235,79589590,0
1683,172396320,85.7745,92806730,79589590,0
1684,172396320,85.8401,92806730,79589590,0
1685,172396320,85.9062,92806730,79589590,0
1686,172396320,85.9344,92806730,79589590,0
1687,172396320,85.9617,92806730,79589590,0
1688,244622085,85.9891,92806730,151815355,0
1689,172396320,86.0543,92806730,79589590,0
1690,172396320,86.1202,92806730,79589590,0
1691,172396320,86.1858,92806730,79589590,0
1692,172396320,86.2136,92806730,79589590,0
1693,172396320,86.2411,92806730,79589590,0
1694,172396320,86.2687,92806730,79589590,0
1695,172396320,86.3357,92806730,79589590,0
1696,172396320,86.4013,92806730,79589590,0
1697,172396320,86.4668,92806730,79589590,0
1698,172396320,86.4949,92806730,79589590,0
1699,172396320,86.522,92806730,79589590,0
1700,172396320,86.5494,92806730,79589590,0
1701,172396320,86.6158,92806730,79589590,0
1702,172396320,86.6821,92806730,79589590,0
1703,172396320,86.7478,92806730,79589590,0
1704,172396320,86.7757,92806730,79589590,0
1705,172396320,86.803,92806730,79589590,0
1706,220059946,86.8302,129769640,90290306,0
1707,172396320,86.8957,92806730,79589590,0
1708,172396320,86.961,92806730,79589590,0
1709,172396320,87.0268,92806730,79589590,0
1710,172396320,87.0549,92806730,79589590,0
1711,172396320,87.082,92806730,79589590,0
1712,172396320,87.1091,92806730,79589590,0
1713,172396320,87.1748,92806730,79589590,0
1714,172396320,87.2408,92806730,79589590,0
1715,172396320,87.3069,92806730,79589590,0
1716,172396320,87.3353,92806730,79589590,0
1717,172396320,87.3624,92806730,79589590,0
1718,230072485,87.3899,150482895,79589590,0
1719,172396320,87.4551,92806730,79589590,0
1720,172396320,87.5201,92806730,79589590,0
1721,172396320,87.5867,92806730,79589590,0
1722,172396320,87.615,92806730,79589590,0
1723,172396320,87.6424,92806730,79589590,0
1724,233335191,87.6694,92806730,140528461,0
1725,172396320,87.735,92806730,79589590,0
1726,172396320,87.8004,92806730,79589590,0
1727,172396320,87.8659,92806730,79589590,0
1728,172396320,87.8942,92806730,79589590,0
1729,172396320,87.9213,92806730,79589590,0
1730,371574875,87.9487,240592825,130982050,0
1731,172396320,88.0139,92806730,79589590,0
1732,172396320,88.0805,92806730,79589590,0
1733,172396320,88.1464,92806730,79589590,0
1734,172396320,88.1744,92806730,79589590,0
1735,172396320,88.202,92806730,79589590,0
1736,244622085,88.2293,92806730,151815355,0
1737,172396320,88.2951,92806730,79589590,0
1738,172396320,88.3607,92806730,79589590,0
1739,172396320,88.4266,92806730,79589590,0
1740,172396320,88.4565,92806730,79589590,0
1741,172396320,88.4842,92806730,79589590,0
1742,172396320,88.5117,92806730,79589590,0
1743,172396320,88.5797,92806730,79589590,0
1744,172396320,88.6461,92806730,79589590,0
1745,172396320,88.714,92806730,79589590,0
1746,172396320,88.7422,92806730,79589590,0
1747,172396320,88.7694,92806730,79589590,0
1748,172396320,88.7965,92806730,79589590,0
1749,172396320,88.8643,92806730,79589590,0
1750,172396320,88.9297,92806730,79589590,0
1751,172396320,88.9955,92806730,79589590,0
1752,172396320,89.0247,92806730,79589590,0
1753,172396320,89.0521,92806730,79589590,0
1754,172396320,89.0793,92806730,79589590,0
1755,172396320,89.1466,92806730,79589590,0
1756,172396320,89.213,92806730,79589590,0
1757,172396320,89.2796,92806730,79589590,0
1758,172396320,89.3092,92806730,79589590,0
1759,172396320,89.3365,92806730,79589590,0
1760,220059946,89.3636,129769640,90290306,0
1761,172396320,89.4304,92806730,79589590,0
1762,172396320,89.4957,92806730,79589590,0
1763,172396320,89.5627,92806730,79589590,0
1764,172396320,89.5922,92806730,79589590,0
1765,172396320,89.6194,92806730,79589590,0
1766,230072485,89.647,150482895,79589590,0
1767,172396320,89.7148,92806730,79589590,0
1768,172396320,89.7824,92806730,79589590,0
1769,172396320,89.8489,92806730,79589590,0
1770,172396320,89.8781,92806730,79589590,0
1771,172396320,89.9057,92806730,79589590,0
1772,233335191,89.9328,92806730,140528461,0
1773,172396320,89.9985,92806730,79589590,0
1774,172396320,90.0647,92806730,79589590,0
1775,172396320,90.1305,92806730,79589590,0
1776,172396320,90.159,92806730,79589590,0
1777,172396320,90.1879,92806730,79589590,0
1778,371574875,90.2157,240592825,130982050,0
1779,172396320,90.2834,92806730,79589590,0
1780,172396320,90.3502,92806730,79589590,0
1781,172396320,90.416,92806730,79589590,0
1782,172396320,90.4447,92806730,79589590,0
1783,172396320,90.472,92806730,79589590,0
1784,244622085,90.4999,92806730,151815355,0
1785,172396320,90.5673,92806730,79589590,0
1786,172396320,90.6354,92806730,79589590,0
1787,172396320,90.7014,92806730,79589590,0
1788,172396320,90.7297,92806730,79589590,0
1789,172396320,90.7574,92806730,79589590,0
1790,172396320,90.7845,92806730,79589590,0
1791,172396320,90.8516,92806730,79589590,0
1792,172396320,90.9183,92806730,79589590,0
1793,172396320,90.9856,92806730,79589590,0
1794,172396320,91.0143,92806730,79589590,0
1795,172396320,91.042,92806730,79589590,0
1796,172396320,91.0692,92806730,79589590,0
1797,172396320,91.1358,92806730,79589590,0
1798,172396320,91.202,92806730,79589590,0
1799,172396320,91.2692,92806730,79589590,0
1800,172396320,91.2984,92806730,79589590,0
1801,172396320,91.3267,92806730,79589590,0
1802,172396320,91.3546,92806730,79589590,0
1803,172396320,91.4223,92806730,79589590,0
1804,172396320,91.4891,92806730,79589590,0
1805,172396320,91.5557,92806730,79589590,0
1806,172396320,91.5842,92806730,79589590,0
1807,172396320,91.6116,92806730,79589590,0
1808,220059946,91.6389,129769640,90290306,0
1809,172396320,91.7096,92806730,79589590,0
1810,172396320,91.7749,92806730,79589590,0
1811,172396320,91.8415,92806730,79589590,0
1812,172396320,91.8696,92806730,79589590,0
1813,172396320,91.8973,92806730,79589590,0
1814,230072485,91.9242,150482895,79589590,0
1815,172396320,91.9897,92806730,79589590,0
1816,172396320,92.0561,92806730,79589590,0
1817,172396320,92.1217,92806730,79589590,0
1818,172396320,92.1502,92806730,79589590,0
1819,172396320,92.179,92806730,79589590,0
1820,233335191,92.2066,92806730,140528461,0
1821,172396320,92.2746,92806730,79589590,0
1822,172396320,92.3406,92806730,79589590,0
1823,172396320,92.4064,92806730,79589590,0
1824,172396320,92.435,92806730,79589590,0
1825,172396320,92.4625,92806730,79589590,0
1826,244622085,92.4904,92806730,151815355,0
1827,172396320,92.5569,92806730,79589590,0
1828,172396320,92.6234,92806730,79589590,0
1829,172396320,92.6905,92806730,79589590,0
1830,172396320,92.7203,92806730,79589590,0
1831,172396320,92.7477,92806730,79589590,0
1832,317667205,92.7753,238077615,79589590,0
1833,315667205,92.8415,236077615,79589590,0
1834,172396320,92.9069,92806730,79589590,0
1835,172396320,92.9739,92806730,79589590,0
1836,172396320,93.0412,92806730,79589590,0
1837,172396320,93.07,92806730,79589590,0
1838,172396320,93.0977,92806730,79589590,0
1839,172396320,93.1246,92806730,79589590,0
1840,172396320,93.1913,92806730,79589590,0
1841,172396320,93.2578,92806730,79589590,0
1842,172396320,93.3244,92806730,79589590,0
1843,172396320,93.3527,92806730,79589590,0
1844,172396320,93.3801,92806730,79589590,0
1845,220059946,93.4073,129769640,90290306,0
1846,218059946,93.4733,127769640,90290306,0
1847,218059946,93.5405,127769640,90290306,0
1848,172396320,93.6074,92806730,79589590,0
1849,172396320,93.6728,92806730,79589590,0
1850,172396320,93.7391,92806730,79589590,0
1851,172396320,93.7672,92806730,79589590,0
1852,172396320,93.7948,92806730,79589590,0
1853,230072485,93.8221,150482895,79589590,0
1854,172396320,93.8891,92806730,79589590,0
1855,172396320,93.9569,92806730,79589590,0
1856,172396320,94.0224,92806730,79589590,0
1857,172396320,94.0512,92806730,79589590,0
1858,172396320,94.0785,92806730,79589590,0
1859,233335191,94.1063,92806730,140528461,0
1860,172396320,94.1721,92806730,79589590,0
1861,172396320,94.2395,92806730,79589590,0
1862,172396320,94.3072,92806730,79589590,0
1863,172396320,94.3356,92806730,79589590,0
1864,172396320,94.3635,92806730,79589590,0
1865,371574875,94.3912,240592825,130982050,0
1866,172396320,94.4589,92806730,79589590,0
1867,172396320,94.5257,92806730,79589590,0
1868,172396320,94.5928,92806730,79589590,0
1869,172396320,94.6209,92806730,79589590,0
1870,172396320,94.6498,92806730,79589590,0
1871,244622085,94.6773,92806730,151815355,0
1872,172396320,94.7454,92806730,79589590,0
1873,172396320,94.8105,92806730,79589590,0
1874,172396320,94.8764,92806730,79589590,0
1875,172396320,94.905,92806730,79589590,0
1876,172396320,94.9335,92806730,79589590,0
1877,172396320,94.9615,92806730,79589590,0
1878,172396320,95.0291,92806730,79589590,0
1879,172396320,95.0966,92806730,79589590,0
1880,172396320,95.1629,92806730,79589590,0
1881,172396320,95.1914,92806730,79589590,0
1882,172396320,95.2187,92806730,79589590,0
1883,172396320,95.246,92806730,79589590,0
1884,172396320,95.3127,92806730,79589590,0
1885,172396320,95.3793,92806730,79589590,0
1886,172396320,95.4449,92806730,79589590,0
1887,172396320,95.4735,92806730,79589590,0
1888,172396320,95.5012,92806730,79589590,0
1889,218059946,95.5282,127769640,90290306,0
1890,172396320,95.5938,92806730,79589590,0
1891,172396320,95.659,92806730,79589590,0
1892,172396320,95.7249,92806730,79589590,0
1893,172396320,95.7534,92806730,79589590,0
1894,172396320,95.781,92806730,79589590,0
1895,230072485,95.8082,150482895,79589590,0
1896,172396320,95.8738,92806730,79589590,0
1897,172396320,95.9398,92806730,79589590,0
1898,172396320,96.005,92806730,79589590,0
1899,172396320,96.0333,92806730,79589590,0
1900,172396320,96.061,92806730,79589590,0
1901,233335191,96.0883,92806730,140528461,0
1902,172396320,96.1545,92806730,79589590,0
1903,172396320,96.2204,92806730,79589590,0
1904,172396320,96.2864,92806730,79589590,0
1905,172396320,96.3146,92806730,79589590,0
1906,172396320,96.3421,92806730,79589590,0
1907,371574875,96.3696,240592825,130982050,0
1908,172396320,96.4357,92806730,79589590,0
1909,172396320,96.5026,92806730,79589590,0
1910,172396320,96.5685,92806730,79589590,0
1911,172396320,96.5969,92806730,79589590,0
1912,172396320,96.6244,92806730,79589590,0
1913,315667205,96.652,236077615,79589590,0
1914,315667205,96.7186,236077615,79589590,0
1915,172396320,96.7844,92806730,79589590,0
1916,172396320,96.8506,92806730,79589590,0
1917,172396320,96.9162,92806730,79589590,0
1918,172396320,96.9443,92806730,79589590,0
1919,172396320,96.9713,92806730,79589590,0
1920,172396320,96.9984,92806730,79589590,0
1921,172396320,97.0645,92806730,79589590,0
1922,172396320,97.1305,92806730,79589590,0
1923,172396320,97.1964,92806730,79589590,0
1924,172396320,97.2244,92806730,79589590,0
1925,172396320,97.2534,92806730,79589590,0
1926,218059946,97.2806,127769640,90290306,0
1927,216059946,97.3465,125769640,90290306,0
1928,216059946,97.4125,125769640,90290306,0
1929,172396320,97.4829,92806730,79589590,0
1930,172396320,97.5485,92806730,79589590,0
1931,172396320,97.6148,92806730,79589590,0
1932,172396320,97.6435,92806730,79589590,0
1933,172396320,97.6709,92806730,79589590,0
1934,230072485,97.6985,150482895,79589590,0
1935,172396320,97.7651,92806730,79589590,0
1936,172396320,97.8318,92806730,79589590,0
1937,172396320,97.8974,92806730,79589590,0
1938,172396320,97.9258,92806730,79589590,0
1939,172396320,97.9534,92806730,79589590,0
1940,233335191,97.9806,92806730,140528461,0
1941,172396320,98.0463,92806730,79589590,0
1942,172396320,98.1122,92806730,79589590,0
1943,172396320,98.1778,92806730,79589590,0
1944,172396320,98.2061,92806730,79589590,0
1945,172396320,98.2333,92806730,79589590,0
1946,371574875,98.2614,240592825,130982050,0
1947,172396320,98.3277,92806730,79589590,0
1948,172396320,98.3951,92806730,79589590,0
1949,172396320,98.4615,92806730,79589590,0
1950,172396320,98.4901,92806730,79589590,0
1951,172396320,98.5175,92806730,79589590,0
1952,244622085,98.5453,92806730,151815355,0
1953,172396320,98.611,92806730,79589590,0
1954,172396320,98.6775,92806730,79589590,0
1955,172396320,98.7446,92806730,79589590,0
1956,172396320,98.7728,92806730,79589590,0
1957,172396320,98.8002,92806730,79589590,0
1958,172396320,98.8272,92806730,79589590,0
1959,172396320,98.8937,92806730,79589590,0
1960,172396320,98.9597,92806730,79589590,0
1961,172396320,99.026,92806730,79589590,0
1962,172396320,99.055,92806730,79589590,0
1963,172396320,99.0824,92806730,79589590,0
1964,172396320,99.11,92806730,79589590,0
1965,172396320,99.1762,92806730,79589590,0
1966,172396320,99.2424,92806730,79589590,0
1967,172396320,99.308,92806730,79589590,0
1968,172396320,99.3366,92806730,79589590,0
1969,172396320,99.3643,92806730,79589590,0
1970,172396320,99.3915,92806730,79589590,0
1971,172396320,99.4589,92806730,79589590,0
1972,172396320,99.5245,92806730,79589590,0
1973,172396320,99.5907,92806730,79589590,0
1974,172396320,99.6237,92806730,79589590,0
1975,172396320,99.6512,92806730,79589590,0
1976,216059946,99.6784,125769640,90290306,0
1977,172396320,99.746,92806730,79589590,0
1978,172396320,99.8128,92806730,79589590,0
1979,172396320,99.879,92806730,79589590,0
1980,172396320,99.9088,92806730,79589590,0
1981,172396320,99.936,92806730,79589590,0
1982,230072485,99.9636,150482895,79589590,0
1983,172396320,100.0304,92806730,79589590,0
1984,172396320,100.0964,92806730,79589590,0
1985,172396320,100.1633,92806730,79589590,0
1986,172396320,100.1931,92806730,79589590,0
1987,172396320,100.2211,92806730,79589590,0
1988,233335191,100.2492,92806730,140528461,0
1989,172396320,100.3169,92806730,79589590,0
1990,172396320,100.3831,92806730,79589590,0
1991,172396320,100.4562,92806730,79589590,0
1992,172396320,100.4862,92806730,79589590,0
1993,172396320,100.5139,92806730,79589590,0
1994,317667205,100.5414,238077615,79589590,0
1995,317667205,100.6105,238077615,79589590,0
1996,172396320,100.6764,92806730,79589590,0
1997,172396320,100.7446,92806730,79589590,0
1998,172396320,100.8106,92806730,79589590,0
1999,172396320,100.84,92806730,79589590,0
2000,172396320,100.8679,92806730,79589590,0
2001,172396320,100.8953,92806730,79589590,0
