1,6875191630,0.046818,6362098590,0,513093040
2,6012732300,0.079667,5499639260,0,513093040
3,5213783535,0.11373,4700690495,0,513093040
4,4534410005,0.14887,3798639385,0,735770620
5,3954121730,0.18194,3925765020,28356710,0
6,3394091515,0.21471,3365734805,28356710,0
7,2993467370,0.24694,2958733380,34733990,0
8,2595341599,0.27883,2558937685,36403914,0
9,2220953549,0.31106,2183937685,37015864,0
10,1876601499,0.34308,1839585635,37015864,0
11,1545235774,0.37653,1508219910,37015864,0
12,1282941714,0.40853,1245925850,37015864,0
13,1028018234,0.44079,989955705,38062529,0
14,822197749,0.47299,784135220,38062529,0
15,656252931,0.50487,604806800,51446131,0
16,516170031,0.53667,464723900,51446131,0
17,413943356,0.56846,362497225,51446131,0
18,324056021,0.60015,272609890,51446131,0
19,238379285,0.63194,156626110,81753175,0
20,238379285,0.66367,156626110,81753175,0
21,238379285,0.69539,156626110,81753175,0
22,142975915,0.77698,61222740,81753175,0
23,104306785,0.8534,28930890,75375895,0
24,73999741,0.93049,28930890,45068851,0
25,56210706,1.0075,11141855,45068851,0
26,45068851,1.0845,0,45068851,0
27,36013669,1.1615,4328420,31685249,0
28,31685249,1.2386,0,31685249,0
29,30015325,1.3159,0,30015325,0
30,28968660,1.3925,0,28968660,0
31,28356710,1.4697,0,28356710,0
32,27956710,1.5465,0,27956710,0
33,27556710,1.6234,0,27556710,0
34,27156710,1.7002,0,27156710,0
35,26756710,1.777,0,26756710,0
36,26356710,1.8558,0,26356710,0
37,25956710,1.9322,0,25956710,0
38,25556710,2.0085,0,25556710,0
39,25156710,2.0847,0,25156710,0
40,24756710,2.1612,0,24756710,0
41,24356710,2.2373,0,24356710,0
42,23956710,2.3139,0,23956710,0
43,23556710,2.3903,0,23556710,0
44,23156710,2.4671,0,23156710,0
45,22756710,2.5437,0,22756710,0
46,22356710,2.6209,0,22356710,0
47,21956710,2.6973,0,21956710,0
48,21956710,2.7738,0,21956710,0
49,21956710,2.8503,0,21956710,0
50,21956710,2.8831,0,21956710,0
51,21956710,2.9151,0,21956710,0
52,21956710,2.9469,0,21956710,0
53,21956710,3.0245,0,21956710,0
54,21956710,3.1025,0,21956710,0
55,21956710,3.1812,0,21956710,0
56,21956710,3.2144,0,21956710,0
57,21956710,3.2464,0,21956710,0
58,21956710,3.2782,0,21956710,0
59,21956710,3.3564,0,21956710,0
60,21956710,3.4359,0,21956710,0
61,21956710,3.5143,0,21956710,0
62,21956710,3.5474,0,21956710,0
63,21956710,3.5794,0,21956710,0
64,21956710,3.6114,0,21956710,0
65,21956710,3.6894,0,21956710,0
66,21956710,3.7719,0,21956710,0
67,21956710,3.85,0,21956710,0
68,21956710,3.8831,0,21956710,0
69,21956710,3.9152,0,21956710,0
70,21956710,3.9478,0,21956710,0
71,21956710,4.0271,0,21956710,0
72,21956710,4.1052,0,21956710,0
73,21956710,4.1841,0,21956710,0
74,21956710,4.2177,0,21956710,0
75,21956710,4.25,0,21956710,0
76,21956710,4.2823,0,21956710,0
77,21956710,4.3615,0,21956710,0
78,21956710,4.4405,0,21956710,0
79,21956710,4.5199,0,21956710,0
80,21956710,4.5533,0,21956710,0
81,21956710,4.5859,0,21956710,0
82,21956710,4.6182,0,21956710,0
83,21956710,4.6978,0,21956710,0
84,21956710,4.7781,0,21956710,0
85,21956710,4.8582,0,21956710,0
86,21956710,4.8918,0,21956710,0
87,21956710,4.9244,0,21956710,0
88,21956710,4.9569,0,21956710,0
89,21956710,5.0375,0,21956710,0
90,21956710,5.1147,0,21956710,0
91,21956710,5.1915,0,21956710,0
92,21956710,5.2249,0,21956710,0
93,21956710,5.2569,0,21956710,0
94,21956710,5.2893,0,21956710,0
95,21956710,5.3671,0,21956710,0
96,21956710,5.4444,0,21956710,0
97,21956710,5.5218,0,21956710,0
98,21956710,5.5547,0,21956710,0
99,21956710,5.5876,0,21956710,0
100,21956710,5.6202,0,21956710,0
101,21956710,5.6982,0,21956710,0
102,21956710,5.776,0,21956710,0
103,21956710,5.854,0,21956710,0
104,21956710,5.8877,0,21956710,0
105,21956710,5.92,0,21956710,0
106,21956710,5.9523,0,21956710,0
107,21956710,6.0309,0,21956710,0
108,21956710,6.1102,0,21956710,0
109,21956710,6.1901,0,21956710,0
110,21956710,6.2237,0,21956710,0
111,21956710,6.2559,0,21956710,0
112,21956710,6.288,0,21956710,0
113,21956710,6.3681,0,21956710,0
114,21956710,6.4473,0,21956710,0
115,21956710,6.526,0,21956710,0
116,21956710,6.5591,0,21956710,0
117,21956710,6.5915,0,21956710,0
118,21956710,6.6239,0,21956710,0
119,21956710,6.706,0,21956710,0
120,21956710,6.7867,0,21956710,0
121,21956710,6.8657,0,21956710,0
122,21956710,6.8989,0,21956710,0
123,21956710,6.9318,0,21956710,0
124,21956710,6.9646,0,21956710,0
125,21956710,7.0443,0,21956710,0
126,21956710,7.1236,0,21956710,0
127,21956710,7.203,0,21956710,0
128,21956710,7.2365,0,21956710,0
129,21956710,7.2688,0,21956710,0
130,21956710,7.3008,0,21956710,0
131,21956710,7.3808,0,21956710,0
132,21956710,7.4571,0,21956710,0
133,21956710,7.5337,0,21956710,0
134,21956710,7.5666,0,21956710,0
135,21956710,7.5986,0,21956710,0
136,21956710,7.6308,0,21956710,0
137,21956710,7.7075,0,21956710,0
138,21956710,7.7844,0,21956710,0
139,21956710,7.862,0,21956710,0
140,21956710,7.8956,0,21956710,0
141,21956710,7.9277,0,21956710,0
142,21956710,7.9599,0,21956710,0
143,21956710,8.0374,0,21956710,0
144,21956710,8.1151,0,21956710,0
145,21956710,8.1926,0,21956710,0
146,21956710,8.2261,0,21956710,0
147,21956710,8.258,0,21956710,0
148,21956710,8.2902,0,21956710,0
149,21956710,8.3692,0,21956710,0
150,21956710,8.4478,0,21956710,0
151,21956710,8.526,0,21956710,0
152,21956710,8.5591,0,21956710,0
153,21956710,8.5921,0,21956710,0
154,21956710,8.6243,0,21956710,0
155,21956710,8.7027,0,21956710,0
156,21956710,8.781,0,21956710,0
157,21956710,8.8593,0,21956710,0
158,21956710,8.8925,0,21956710,0
159,21956710,8.9254,0,21956710,0
160,21956710,8.958,0,21956710,0
161,21956710,9.0374,0,21956710,0
162,21956710,9.1173,0,21956710,0
163,21956710,9.1976,0,21956710,0
164,21956710,9.2309,0,21956710,0
165,21956710,9.2629,0,21956710,0
166,21956710,9.2949,0,21956710,0
167,21956710,9.376,0,21956710,0
168,21956710,9.4554,0,21956710,0
169,21956710,9.535,0,21956710,0
170,21956710,9.5686,0,21956710,0
171,21956710,9.6007,0,21956710,0
172,21956710,9.6331,0,21956710,0
173,21956710,9.7176,0,21956710,0
174,21956710,9.7946,0,21956710,0
175,21956710,9.8716,0,21956710,0
176,21956710,9.9052,0,21956710,0
177,21956710,9.938,0,21956710,0
178,21956710,9.9702,0,21956710,0
179,21956710,10.0475,0,21956710,0
180,21956710,10.1252,0,21956710,0
181,21956710,10.2017,0,21956710,0
182,21956710,10.2348,0,21956710,0
183,21956710,10.2672,0,21956710,0
184,21956710,10.3002,0,21956710,0
185,21956710,10.381,0,21956710,0
186,21956710,10.4591,0,21956710,0
187,21956710,10.5377,0,21956710,0
188,21956710,10.5718,0,21956710,0
189,21956710,10.6042,0,21956710,0
190,21956710,10.6368,0,21956710,0
191,21956710,10.7145,0,21956710,0
192,21956710,10.7924,0,21956710,0
193,21956710,10.8703,0,21956710,0
194,21956710,10.9037,0,21956710,0
195,21956710,10.9363,0,21956710,0
196,21956710,10.9687,0,21956710,0
197,21956710,11.0478,0,21956710,0
198,21956710,11.1268,0,21956710,0
199,21956710,11.2059,0,21956710,0
200,21956710,11.2396,0,21956710,0
201,21956710,11.2718,0,21956710,0
202,21956710,11.3041,0,21956710,0
203,21956710,11.3834,0,21956710,0
204,21956710,11.4618,0,21956710,0
205,21956710,11.5405,0,21956710,0
206,21956710,11.5744,0,21956710,0
207,21956710,11.6066,0,21956710,0
208,21956710,11.6389,0,21956710,0
209,21956710,11.7183,0,21956710,0
210,21956710,11.7975,0,21956710,0
211,21956710,11.8768,0,21956710,0
212,21956710,11.91,0,21956710,0
213,21956710,11.9427,0,21956710,0
214,21956710,11.9751,0,21956710,0
215,21956710,12.0548,0,21956710,0
216,21956710,12.1344,0,21956710,0
217,21956710,12.2125,0,21956710,0
218,21956710,12.246,0,21956710,0
219,21956710,12.2785,0,21956710,0
220,21956710,12.3103,0,21956710,0
221,21956710,12.3895,0,21956710,0
222,21956710,12.4669,0,21956710,0
223,21956710,12.5442,0,21956710,0
224,21956710,12.5774,0,21956710,0
225,21956710,12.6093,0,21956710,0
226,21956710,12.6414,0,21956710,0
227,21956710,12.7233,0,21956710,0
228,21956710,12.8011,0,21956710,0
229,21956710,12.8788,0,21956710,0
230,21956710,12.912,0,21956710,0
231,21956710,12.9449,0,21956710,0
232,21956710,12.9775,0,21956710,0
233,21956710,13.0566,0,21956710,0
234,21956710,13.1351,0,21956710,0
235,21956710,13.2137,0,21956710,0
236,21956710,13.2473,0,21956710,0
237,21956710,13.2797,0,21956710,0
238,21956710,13.3117,0,21956710,0
239,21956710,13.3906,0,21956710,0
240,21956710,13.4689,0,21956710,0
241,21956710,13.5477,0,21956710,0
242,21956710,13.5812,0,21956710,0
243,21956710,13.6136,0,21956710,0
244,21956710,13.6462,0,21956710,0
245,21956710,13.7254,0,21956710,0
246,21956710,13.8047,0,21956710,0
247,21956710,13.8841,0,21956710,0
248,21956710,13.9173,0,21956710,0
249,21956710,13.9502,0,21956710,0
250,21956710,13.9827,0,21956710,0
251,21956710,14.0624,0,21956710,0
252,21956710,14.1416,0,21956710,0
253,21956710,14.2208,0,21956710,0
254,21956710,14.2543,0,21956710,0
255,21956710,14.2869,0,21956710,0
256,21956710,14.3193,0,21956710,0
257,21956710,14.4014,0,21956710,0
258,21956710,14.4782,0,21956710,0
259,21956710,14.5548,0,21956710,0
260,21956710,14.5885,0,21956710,0
261,21956710,14.6206,0,21956710,0
262,21956710,14.6527,0,21956710,0
263,21956710,14.7295,0,21956710,0
264,21956710,14.8061,0,21956710,0
265,21956710,14.8831,0,21956710,0
266,21956710,14.9159,0,21956710,0
267,21956710,14.948,0,21956710,0
268,21956710,14.9804,0,21956710,0
269,21956710,15.0579,0,21956710,0
270,21956710,15.1379,0,21956710,0
271,21956710,15.216,0,21956710,0
272,21956710,15.2494,0,21956710,0
273,21956710,15.2815,0,21956710,0
274,21956710,15.3136,0,21956710,0
275,21956710,15.3943,0,21956710,0
276,21956710,15.4725,0,21956710,0
277,21956710,15.5503,0,21956710,0
278,21956710,15.5836,0,21956710,0
279,21956710,15.616,0,21956710,0
280,21956710,15.6484,0,21956710,0
281,21956710,15.7312,0,21956710,0
282,21956710,15.8098,0,21956710,0
283,21956710,15.8883,0,21956710,0
284,21956710,15.922,0,21956710,0
285,21956710,15.9548,0,21956710,0
286,21956710,15.9874,0,21956710,0
287,21956710,16.0663,0,21956710,0
288,21956710,16.1453,0,21956710,0
289,21956710,16.2239,0,21956710,0
290,21956710,16.2571,0,21956710,0
291,21956710,16.2892,0,21956710,0
292,21956710,16.3212,0,21956710,0
293,21956710,16.4006,0,21956710,0
294,21956710,16.4796,0,21956710,0
295,21956710,16.5587,0,21956710,0
296,21956710,16.5921,0,21956710,0
297,21956710,16.6243,0,21956710,0
298,21956710,16.6567,0,21956710,0
299,21956710,16.7366,0,21956710,0
300,21956710,16.8128,0,21956710,0
301,21956710,16.8892,0,21956710,0
302,21956710,16.9224,0,21956710,0
303,21956710,16.9547,0,21956710,0
304,21956710,16.9868,0,21956710,0
305,21956710,17.0638,0,21956710,0
306,21956710,17.1408,0,21956710,0
307,21956710,17.2174,0,21956710,0
308,21956710,17.2504,0,21956710,0
309,21956710,17.2826,0,21956710,0
310,21956710,17.3148,0,21956710,0
311,21956710,17.3925,0,21956710,0
312,21956710,17.47,0,21956710,0
313,21956710,17.5475,0,21956710,0
314,21956710,17.5815,0,21956710,0
315,21956710,17.6135,0,21956710,0
316,21956710,17.6456,0,21956710,0
317,21956710,17.7235,0,21956710,0
318,21956710,17.8014,0,21956710,0
319,21956710,17.8793,0,21956710,0
320,21956710,17.9127,0,21956710,0
321,21956710,17.9453,0,21956710,0
322,21956710,17.978,0,21956710,0
323,21956710,18.0567,0,21956710,0
324,21956710,18.1375,0,21956710,0
325,21956710,18.2161,0,21956710,0
326,21956710,18.2499,0,21956710,0
327,21956710,18.2826,0,21956710,0
328,21956710,18.3155,0,21956710,0
329,21956710,18.3969,0,21956710,0
330,21956710,18.4764,0,21956710,0
331,21956710,18.5552,0,21956710,0
332,21956710,18.5885,0,21956710,0
333,21956710,18.6209,0,21956710,0
334,21956710,18.6532,0,21956710,0
335,21956710,18.7362,0,21956710,0
336,21956710,18.816,0,21956710,0
337,21956710,18.8954,0,21956710,0
338,21956710,18.9293,0,21956710,0
339,21956710,18.9619,0,21956710,0
340,21956710,18.9946,0,21956710,0
341,21956710,19.0746,0,21956710,0
342,21956710,19.1515,0,21956710,0
343,21956710,19.2285,0,21956710,0
344,21956710,19.2618,0,21956710,0
345,21956710,19.294,0,21956710,0
346,21956710,19.3257,0,21956710,0
347,21956710,19.4041,0,21956710,0
348,21956710,19.4817,0,21956710,0
349,21956710,19.5591,0,21956710,0
350,21956710,19.5923,0,21956710,0
351,21956710,19.6243,0,21956710,0
352,21956710,19.6567,0,21956710,0
353,21956710,19.7343,0,21956710,0
354,21956710,19.8121,0,21956710,0
355,21956710,19.8901,0,21956710,0
356,21956710,19.9236,0,21956710,0
357,21956710,19.9561,0,21956710,0
358,21956710,19.9885,0,21956710,0
359,21956710,20.0668,0,21956710,0
360,21956710,20.1452,0,21956710,0
361,21956710,20.2232,0,21956710,0
362,21956710,20.2566,0,21956710,0
363,21956710,20.289,0,21956710,0
364,21956710,20.3212,0,21956710,0
365,21956710,20.4,0,21956710,0
366,21956710,20.4785,0,21956710,0
367,21956710,20.5572,0,21956710,0
368,21956710,20.5914,0,21956710,0
369,21956710,20.6238,0,21956710,0
370,21956710,20.6564,0,21956710,0
371,21956710,20.7356,0,21956710,0
372,21956710,20.8145,0,21956710,0
373,21956710,20.8939,0,21956710,0
374,21956710,20.9274,0,21956710,0
375,21956710,20.96,0,21956710,0
376,21956710,20.9927,0,21956710,0
377,21956710,21.0723,0,21956710,0
378,21956710,21.1546,0,21956710,0
379,21956710,21.2343,0,21956710,0
380,21956710,21.268,0,21956710,0
381,21956710,21.3009,0,21956710,0
382,21956710,21.3333,0,21956710,0
383,21956710,21.4153,0,21956710,0
384,21956710,21.4928,0,21956710,0
385,21956710,21.5695,0,21956710,0
386,21956710,21.6026,0,21956710,0
387,21956710,21.6346,0,21956710,0
388,21956710,21.6665,0,21956710,0
389,21956710,21.7484,0,21956710,0
390,21956710,21.8252,0,21956710,0
391,21956710,21.9027,0,21956710,0
392,21956710,21.9364,0,21956710,0
393,21956710,21.9689,0,21956710,0
394,21956710,22.0018,0,21956710,0
395,21956710,22.0795,0,21956710,0
396,21956710,22.1573,0,21956710,0
397,21956710,22.235,0,21956710,0
398,21956710,22.2687,0,21956710,0
399,21956710,22.3015,0,21956710,0
400,21956710,22.3357,0,21956710,0
401,21956710,22.4147,0,21956710,0
402,21956710,22.4932,0,21956710,0
403,21956710,22.5713,0,21956710,0
404,21956710,22.605,0,21956710,0
405,21956710,22.6376,0,21956710,0
406,21956710,22.6701,0,21956710,0
407,21956710,22.7495,0,21956710,0
408,21956710,22.8283,0,21956710,0
409,21956710,22.907,0,21956710,0
410,21956710,22.9408,0,21956710,0
411,21956710,22.9733,0,21956710,0
412,21956710,23.0063,0,21956710,0
413,21956710,23.086,0,21956710,0
414,21956710,23.1651,0,21956710,0
415,21956710,23.2446,0,21956710,0
416,21956710,23.2778,0,21956710,0
417,21956710,23.3103,0,21956710,0
418,21956710,23.3426,0,21956710,0
419,21956710,23.4221,0,21956710,0
420,21956710,23.5016,0,21956710,0
421,21956710,23.5817,0,21956710,0
422,21956710,23.6151,0,21956710,0
423,21956710,23.6475,0,21956710,0
424,21956710,23.6796,0,21956710,0
425,21956710,23.7595,0,21956710,0
426,21956710,23.836,0,21956710,0
427,21956710,23.9127,0,21956710,0
428,21956710,23.9459,0,21956710,0
429,21956710,23.9781,0,21956710,0
430,21956710,24.0103,0,21956710,0
431,21956710,24.0882,0,21956710,0
432,21956710,24.1679,0,21956710,0
433,21956710,24.2456,0,21956710,0
434,21956710,24.2785,0,21956710,0
435,21956710,24.3108,0,21956710,0
436,21956710,24.3431,0,21956710,0
437,21956710,24.4221,0,21956710,0
438,21956710,24.5011,0,21956710,0
439,21956710,24.5797,0,21956710,0
440,21956710,24.6134,0,21956710,0
441,21956710,24.6459,0,21956710,0
442,21956710,24.6783,0,21956710,0
443,21956710,24.7602,0,21956710,0
444,21956710,24.8383,0,21956710,0
445,21956710,24.9167,0,21956710,0
446,21956710,24.952,0,21956710,0
447,21956710,24.9844,0,21956710,0
448,21956710,25.0171,0,21956710,0
449,21956710,25.096,0,21956710,0
450,21956710,25.1748,0,21956710,0
451,21956710,25.2534,0,21956710,0
452,21956710,25.2869,0,21956710,0
453,21956710,25.3193,0,21956710,0
454,21956710,25.3519,0,21956710,0
455,21956710,25.4319,0,21956710,0
456,21956710,25.5113,0,21956710,0
457,21956710,25.5901,0,21956710,0
458,21956710,25.6232,0,21956710,0
459,21956710,25.6556,0,21956710,0
460,21956710,25.6875,0,21956710,0
461,21956710,25.7667,0,21956710,0
462,21956710,25.8462,0,21956710,0
463,21956710,25.9251,0,21956710,0
464,21956710,25.9588,0,21956710,0
465,21956710,25.991,0,21956710,0
466,21956710,26.0233,0,21956710,0
467,21956710,26.1032,0,21956710,0
468,21956710,26.1795,0,21956710,0
469,21956710,26.2565,0,21956710,0
470,21956710,26.2896,0,21956710,0
471,21956710,26.3216,0,21956710,0
472,21956710,26.3534,0,21956710,0
473,21956710,26.4303,0,21956710,0
474,21956710,26.5071,0,21956710,0
475,21956710,26.5842,0,21956710,0
476,21956710,26.6177,0,21956710,0
477,21956710,26.6498,0,21956710,0
478,21956710,26.6819,0,21956710,0
479,21956710,26.7599,0,21956710,0
480,21956710,26.8371,0,21956710,0
481,21956710,26.9154,0,21956710,0
482,21956710,26.9496,0,21956710,0
483,21956710,26.9817,0,21956710,0
484,21956710,27.0142,0,21956710,0
485,21956710,27.0926,0,21956710,0
486,21956710,27.1719,0,21956710,0
487,21956710,27.2506,0,21956710,0
488,21956710,27.2841,0,21956710,0
489,21956710,27.3165,0,21956710,0
490,21956710,27.3497,0,21956710,0
491,21956710,27.4292,0,21956710,0
492,21956710,27.5076,0,21956710,0
493,21956710,27.586,0,21956710,0
494,21956710,27.6196,0,21956710,0
495,21956710,27.6524,0,21956710,0
496,21956710,27.6844,0,21956710,0
497,21956710,27.764,0,21956710,0
498,21956710,27.8431,0,21956710,0
499,21956710,27.9227,0,21956710,0
500,21956710,27.9568,0,21956710,0
501,21956710,27.9893,0,21956710,0
502,21956710,28.0219,0,21956710,0
503,21956710,28.1013,0,21956710,0
504,21956710,28.1803,0,21956710,0
505,21956710,28.2598,0,21956710,0
506,21956710,28.2935,0,21956710,0
507,21956710,28.3259,0,21956710,0
508,21956710,28.3584,0,21956710,0
509,21956710,28.4385,0,21956710,0
510,21956710,28.5155,0,21956710,0
511,21956710,28.5925,0,21956710,0
512,21956710,28.6257,0,21956710,0
513,21956710,28.658,0,21956710,0
514,21956710,28.6897,0,21956710,0
515,21956710,28.767,0,21956710,0
516,21956710,28.8442,0,21956710,0
517,21956710,28.9213,0,21956710,0
518,21956710,28.9549,0,21956710,0
519,21956710,28.987,0,21956710,0
520,21956710,29.0196,0,21956710,0
521,21956710,29.0977,0,21956710,0
522,21956710,29.1753,0,21956710,0
523,21956710,29.2535,0,21956710,0
524,21956710,29.2871,0,21956710,0
525,21956710,29.3198,0,21956710,0
526,21956710,29.3521,0,21956710,0
527,21956710,29.4302,0,21956710,0
528,21956710,29.5084,0,21956710,0
529,21956710,29.5863,0,21956710,0
530,21956710,29.62,0,21956710,0
531,21956710,29.6525,0,21956710,0
532,21956710,29.6848,0,21956710,0
533,21956710,29.7635,0,21956710,0
534,21956710,29.8416,0,21956710,0
535,21956710,29.9207,0,21956710,0
536,21956710,29.9545,0,21956710,0
537,21956710,29.9871,0,21956710,0
538,21956710,30.0195,0,21956710,0
539,21956710,30.0989,0,21956710,0
540,21956710,30.1785,0,21956710,0
541,21956710,30.2576,0,21956710,0
542,21956710,30.2907,0,21956710,0
543,21956710,30.323,0,21956710,0
544,21956710,30.3564,0,21956710,0
545,21956710,30.4367,0,21956710,0
546,21956710,30.5164,0,21956710,0
547,21956710,30.5954,0,21956710,0
548,21956710,30.629,0,21956710,0
549,21956710,30.6617,0,21956710,0
550,21956710,30.6939,0,21956710,0
551,21956710,30.7749,0,21956710,0
552,21956710,30.8517,0,21956710,0
553,21956710,30.9284,0,21956710,0
554,21956710,30.9618,0,21956710,0
555,21956710,30.9936,0,21956710,0
556,21956710,31.0254,0,21956710,0
557,21956710,31.1034,0,21956710,0
558,21956710,31.1816,0,21956710,0
559,21956710,31.2594,0,21956710,0
560,21956710,31.2936,0,21956710,0
561,21956710,31.3262,0,21956710,0
562,21956710,31.3593,0,21956710,0
563,21956710,31.4392,0,21956710,0
564,21956710,31.5201,0,21956710,0
565,21956710,31.6015,0,21956710,0
566,21956710,31.6359,0,21956710,0
567,21956710,31.6684,0,21956710,0
568,21956710,31.7005,0,21956710,0
569,21956710,31.7792,0,21956710,0
570,21956710,31.8581,0,21956710,0
571,21956710,31.9365,0,21956710,0
572,21956710,31.9706,0,21956710,0
573,21956710,32.0038,0,21956710,0
574,21956710,32.0361,0,21956710,0
575,21956710,32.1154,0,21956710,0
576,21956710,32.1938,0,21956710,0
577,21956710,32.2728,0,21956710,0
578,21956710,32.3064,0,21956710,0
579,21956710,32.3387,0,21956710,0
580,21956710,32.3713,0,21956710,0
581,21956710,32.4498,0,21956710,0
582,21956710,32.5284,0,21956710,0
583,21956710,32.6071,0,21956710,0
584,21956710,32.6402,0,21956710,0
585,21956710,32.6724,0,21956710,0
586,21956710,32.7042,0,21956710,0
587,21956710,32.7829,0,21956710,0
588,21956710,32.8618,0,21956710,0
589,21956710,32.9406,0,21956710,0
590,21956710,32.9739,0,21956710,0
591,21956710,33.0064,0,21956710,0
592,21956710,33.0385,0,21956710,0
593,21956710,33.1196,0,21956710,0
594,21956710,33.1968,0,21956710,0
595,21956710,33.2733,0,21956710,0
596,21956710,33.3061,0,21956710,0
597,21956710,33.3384,0,21956710,0
598,21956710,33.371,0,21956710,0
599,21956710,33.4491,0,21956710,0
600,21956710,33.5257,0,21956710,0
601,21956710,33.6024,0,21956710,0
602,21956710,33.6358,0,21956710,0
603,21956710,33.668,0,21956710,0
604,21956710,33.7002,0,21956710,0
605,21956710,33.7783,0,21956710,0
606,21956710,33.8556,0,21956710,0
607,21956710,33.9334,0,21956710,0
608,21956710,33.967,0,21956710,0
609,21956710,33.9991,0,21956710,0
610,21956710,34.0314,0,21956710,0
611,21956710,34.1097,0,21956710,0
612,21956710,34.1876,0,21956710,0
613,21956710,34.2654,0,21956710,0
614,21956710,34.2991,0,21956710,0
615,21956710,34.3316,0,21956710,0
616,21956710,34.3641,0,21956710,0
617,21956710,34.4427,0,21956710,0
618,21956710,34.5209,0,21956710,0
619,21956710,34.5989,0,21956710,0
620,21956710,34.6325,0,21956710,0
621,21956710,34.665,0,21956710,0
622,21956710,34.6972,0,21956710,0
623,21956710,34.7759,0,21956710,0
624,21956710,34.8541,0,21956710,0
625,21956710,34.9324,0,21956710,0
626,21956710,34.9662,0,21956710,0
627,21956710,34.9985,0,21956710,0
628,21956710,35.0308,0,21956710,0
629,21956710,35.1099,0,21956710,0
630,21956710,35.1887,0,21956710,0
631,21956710,35.2681,0,21956710,0
632,21956710,35.3017,0,21956710,0
633,21956710,35.334,0,21956710,0
634,21956710,35.366,0,21956710,0
635,21956710,35.4456,0,21956710,0
636,21956710,35.5232,0,21956710,0
637,21956710,35.5999,0,21956710,0
638,21956710,35.6334,0,21956710,0
639,21956710,35.6654,0,21956710,0
640,21956710,35.6971,0,21956710,0
641,21956710,35.7738,0,21956710,0
642,21956710,35.8504,0,21956710,0
643,21956710,35.9271,0,21956710,0
644,21956710,35.9601,0,21956710,0
645,21956710,35.992,0,21956710,0
646,21956710,36.0242,0,21956710,0
647,21956710,36.1017,0,21956710,0
648,21956710,36.1795,0,21956710,0
649,21956710,36.2567,0,21956710,0
650,21956710,36.2904,0,21956710,0
651,21956710,36.3224,0,21956710,0
652,21956710,36.3547,0,21956710,0
653,21956710,36.4329,0,21956710,0
654,21956710,36.5109,0,21956710,0
655,21956710,36.589,0,21956710,0
656,21956710,36.6224,0,21956710,0
657,21956710,36.6552,0,21956710,0
658,21956710,36.6875,0,21956710,0
659,21956710,36.7662,0,21956710,0
660,21956710,36.8438,0,21956710,0
661,21956710,36.9221,0,21956710,0
662,21956710,36.9559,0,21956710,0
663,21956710,36.9884,0,21956710,0
664,21956710,37.0209,0,21956710,0
665,21956710,37.0995,0,21956710,0
666,21956710,37.1778,0,21956710,0
667,21956710,37.2571,0,21956710,0
668,21956710,37.2906,0,21956710,0
669,21956710,37.3231,0,21956710,0
670,21956710,37.355,0,21956710,0
671,21956710,37.4338,0,21956710,0
672,21956710,37.5125,0,21956710,0
673,21956710,37.5919,0,21956710,0
674,21956710,37.6256,0,21956710,0
675,21956710,37.658,0,21956710,0
676,21956710,37.6904,0,21956710,0
677,21956710,37.7705,0,21956710,0
678,21956710,37.8466,0,21956710,0
679,21956710,37.9231,0,21956710,0
680,21956710,37.9562,0,21956710,0
681,21956710,37.9886,0,21956710,0
682,21956710,38.0205,0,21956710,0
683,21956710,38.0973,0,21956710,0
684,21956710,38.1739,0,21956710,0
685,21956710,38.2505,0,21956710,0
686,21956710,38.2836,0,21956710,0
687,21956710,38.3157,0,21956710,0
688,21956710,38.3477,0,21956710,0
689,21956710,38.4261,0,21956710,0
690,21956710,38.504,0,21956710,0
691,21956710,38.5817,0,21956710,0
692,21956710,38.6153,0,21956710,0
693,21956710,38.6472,0,21956710,0
694,21956710,38.6794,0,21956710,0
695,21956710,38.7577,0,21956710,0
696,21956710,38.8352,0,21956710,0
697,21956710,38.9128,0,21956710,0
698,21956710,38.9464,0,21956710,0
699,21956710,38.979,0,21956710,0
700,21956710,39.0115,0,21956710,0
701,21956710,39.0895,0,21956710,0
702,21956710,39.1689,0,21956710,0
703,21956710,39.2469,0,21956710,0
704,21956710,39.2805,0,21956710,0
705,21956710,39.3128,0,21956710,0
706,21956710,39.3451,0,21956710,0
707,21956710,39.4246,0,21956710,0
708,21956710,39.5027,0,21956710,0
709,21956710,39.581,0,21956710,0
710,21956710,39.6146,0,21956710,0
711,21956710,39.6469,0,21956710,0
712,21956710,39.6792,0,21956710,0
713,21956710,39.7591,0,21956710,0
714,21956710,39.8382,0,21956710,0
715,21956710,39.9176,0,21956710,0
716,21956710,39.9514,0,21956710,0
717,21956710,39.9837,0,21956710,0
718,21956710,40.016,0,21956710,0
719,21956710,40.0956,0,21956710,0
720,21956710,40.1721,0,21956710,0
721,21956710,40.2489,0,21956710,0
722,21956710,40.2821,0,21956710,0
723,21956710,40.3141,0,21956710,0
724,21956710,40.3457,0,21956710,0
725,21956710,40.4227,0,21956710,0
726,21956710,40.4994,0,21956710,0
727,21956710,40.576,0,21956710,0
728,21956710,40.6094,0,21956710,0
729,21956710,40.6414,0,21956710,0
730,21956710,40.6735,0,21956710,0
731,21956710,40.751,0,21956710,0
732,21956710,40.8283,0,21956710,0
733,21956710,40.9059,0,21956710,0
734,21956710,40.9396,0,21956710,0
735,21956710,40.9719,0,21956710,0
736,21956710,41.0042,0,21956710,0
737,21956710,41.0824,0,21956710,0
738,21956710,41.1601,0,21956710,0
739,21956710,41.2379,0,21956710,0
740,21956710,41.2716,0,21956710,0
741,21956710,41.3038,0,21956710,0
742,21956710,41.336,0,21956710,0
743,21956710,41.415,0,21956710,0
744,21956710,41.4929,0,21956710,0
745,21956710,41.5709,0,21956710,0
746,21956710,41.6048,0,21956710,0
747,21956710,41.6373,0,21956710,0
748,21956710,41.6695,0,21956710,0
749,21956710,41.7481,0,21956710,0
750,21956710,41.8273,0,21956710,0
751,21956710,41.9062,0,21956710,0
752,21956710,41.9396,0,21956710,0
753,21956710,41.9718,0,21956710,0
754,21956710,42.0038,0,21956710,0
755,21956710,42.0834,0,21956710,0
756,21956710,42.1636,0,21956710,0
757,21956710,42.2429,0,21956710,0
758,21956710,42.2769,0,21956710,0
759,21956710,42.3095,0,21956710,0
760,21956710,42.3419,0,21956710,0
761,21956710,42.4228,0,21956710,0
762,21956710,42.5006,0,21956710,0
763,21956710,42.5774,0,21956710,0
764,21956710,42.6112,0,21956710,0
765,21956710,42.6431,0,21956710,0
766,21956710,42.6753,0,21956710,0
767,21956710,42.753,0,21956710,0
768,21956710,42.8303,0,21956710,0
769,21956710,42.9073,0,21956710,0
770,21956710,42.941,0,21956710,0
771,21956710,42.9736,0,21956710,0
772,21956710,43.0057,0,21956710,0
773,21956710,43.0837,0,21956710,0
774,21956710,43.1612,0,21956710,0
775,21956710,43.2388,0,21956710,0
776,21956710,43.2728,0,21956710,0
777,21956710,43.3047,0,21956710,0
778,21956710,43.3372,0,21956710,0
779,21956710,43.4154,0,21956710,0
780,21956710,43.4933,0,21956710,0
781,21956710,43.571,0,21956710,0
782,21956710,43.6047,0,21956710,0
783,21956710,43.6374,0,21956710,0
784,21956710,43.6698,0,21956710,0
785,21956710,43.7479,0,21956710,0
786,21956710,43.8261,0,21956710,0
787,21956710,43.9038,0,21956710,0
788,21956710,43.9372,0,21956710,0
789,21956710,43.9697,0,21956710,0
790,21956710,44.0019,0,21956710,0
791,21956710,44.0819,0,21956710,0
792,21956710,44.1611,0,21956710,0
793,21956710,44.2397,0,21956710,0
794,21956710,44.2733,0,21956710,0
795,21956710,44.3053,0,21956710,0
796,21956710,44.3377,0,21956710,0
797,21956710,44.4168,0,21956710,0
798,21956710,44.496,0,21956710,0
799,21956710,44.5756,0,21956710,0
800,21956710,44.6093,0,21956710,0
801,21956710,44.6419,0,21956710,0
802,21956710,44.6745,0,21956710,0
803,21956710,44.7543,0,21956710,0
804,21956710,44.831,0,21956710,0
805,21956710,44.908,0,21956710,0
806,21956710,44.9409,0,21956710,0
807,21956710,44.973,0,21956710,0
808,21956710,45.0051,0,21956710,0
809,21956710,45.082,0,21956710,0
810,21956710,45.1596,0,21956710,0
811,21956710,45.2375,0,21956710,0
812,21956710,45.2709,0,21956710,0
813,21956710,45.3029,0,21956710,0
814,21956710,45.335,0,21956710,0
815,21956710,45.4127,0,21956710,0
816,21956710,45.4904,0,21956710,0
817,21956710,45.5691,0,21956710,0
818,21956710,45.6023,0,21956710,0
819,21956710,45.6344,0,21956710,0
820,21956710,45.6665,0,21956710,0
821,21956710,45.7451,0,21956710,0
822,21956710,45.8229,0,21956710,0
823,21956710,45.901,0,21956710,0
824,21956710,45.9346,0,21956710,0
825,21956710,45.9669,0,21956710,0
826,21956710,45.9995,0,21956710,0
827,21956710,46.0784,0,21956710,0
828,21956710,46.1563,0,21956710,0
829,21956710,46.2347,0,21956710,0
830,21956710,46.268,0,21956710,0
831,21956710,46.3003,0,21956710,0
832,21956710,46.3325,0,21956710,0
833,21956710,46.411,0,21956710,0
834,21956710,46.4894,0,21956710,0
835,21956710,46.5679,0,21956710,0
836,21956710,46.6016,0,21956710,0
837,21956710,46.634,0,21956710,0
838,21956710,46.6658,0,21956710,0
839,21956710,46.7463,0,21956710,0
840,21956710,46.8253,0,21956710,0
841,21956710,46.904,0,21956710,0
842,21956710,46.9378,0,21956710,0
843,21956710,46.9706,0,21956710,0
844,21956710,47.0036,0,21956710,0
845,21956710,47.0839,0,21956710,0
846,21956710,47.1604,0,21956710,0
847,21956710,47.2371,0,21956710,0
848,21956710,47.2702,0,21956710,0
849,21956710,47.3022,0,21956710,0
850,21956710,47.334,0,21956710,0
851,21956710,47.4109,0,21956710,0
852,21956710,47.4881,0,21956710,0
853,21956710,47.5651,0,21956710,0
854,21956710,47.5985,0,21956710,0
855,21956710,47.6305,0,21956710,0
856,21956710,47.6627,0,21956710,0
857,21956710,47.7405,0,21956710,0
858,21956710,47.8181,0,21956710,0
859,21956710,47.8962,0,21956710,0
860,21956710,47.9307,0,21956710,0
861,21956710,47.9629,0,21956710,0
862,21956710,47.9953,0,21956710,0
863,21956710,48.0739,0,21956710,0
864,21956710,48.1528,0,21956710,0
865,21956710,48.2314,0,21956710,0
866,21956710,48.265,0,21956710,0
867,21956710,48.2975,0,21956710,0
868,21956710,48.3306,0,21956710,0
869,21956710,48.4097,0,21956710,0
870,21956710,48.4894,0,21956710,0
871,21956710,48.5678,0,21956710,0
872,21956710,48.6012,0,21956710,0
873,21956710,48.6337,0,21956710,0
874,21956710,48.666,0,21956710,0
875,21956710,48.7453,0,21956710,0
876,21956710,48.8238,0,21956710,0
877,21956710,48.9023,0,21956710,0
878,21956710,48.9359,0,21956710,0
879,21956710,48.9683,0,21956710,0
880,21956710,49.0004,0,21956710,0
881,21956710,49.0796,0,21956710,0
882,21956710,49.1586,0,21956710,0
883,21956710,49.2375,0,21956710,0
884,21956710,49.271,0,21956710,0
885,21956710,49.3031,0,21956710,0
886,21956710,49.3355,0,21956710,0
887,21956710,49.4147,0,21956710,0
888,21956710,49.4908,0,21956710,0
889,21956710,49.5673,0,21956710,0
890,21956710,49.6001,0,21956710,0
891,21956710,49.6322,0,21956710,0
892,21956710,49.6638,0,21956710,0
893,21956710,49.7407,0,21956710,0
894,21956710,49.8174,0,21956710,0
895,21956710,49.8936,0,21956710,0
896,21956710,49.9269,0,21956710,0
897,21956710,49.9589,0,21956710,0
898,21956710,49.9912,0,21956710,0
899,21956710,50.0687,0,21956710,0
900,21956710,50.1461,0,21956710,0
901,21956710,50.2236,0,21956710,0
902,21956710,50.2568,0,21956710,0
903,21956710,50.2891,0,21956710,0
904,21956710,50.321,0,21956710,0
905,21956710,50.3993,0,21956710,0
906,21956710,50.4778,0,21956710,0
907,21956710,50.5563,0,21956710,0
908,21956710,50.5907,0,21956710,0
909,21956710,50.6232,0,21956710,0
910,21956710,50.6563,0,21956710,0
911,21956710,50.735,0,21956710,0
912,21956710,50.813,0,21956710,0
913,21956710,50.8915,0,21956710,0
914,21956710,50.9257,0,21956710,0
915,21956710,50.9587,0,21956710,0
916,21956710,50.9911,0,21956710,0
917,21956710,51.0703,0,21956710,0
918,21956710,51.1506,0,21956710,0
919,21956710,51.2296,0,21956710,0
920,21956710,51.2629,0,21956710,0
921,21956710,51.2953,0,21956710,0
922,21956710,51.3275,0,21956710,0
923,21956710,51.4081,0,21956710,0
924,21956710,51.4879,0,21956710,0
925,21956710,51.567,0,21956710,0
926,21956710,51.6003,0,21956710,0
927,21956710,51.6329,0,21956710,0
928,21956710,51.6653,0,21956710,0
929,21956710,51.7459,0,21956710,0
930,21956710,51.8225,0,21956710,0
931,21956710,51.8995,0,21956710,0
932,21956710,51.933,0,21956710,0
933,21956710,51.9652,0,21956710,0
934,21956710,51.9974,0,21956710,0
935,21956710,52.0746,0,21956710,0
936,21956710,52.1519,0,21956710,0
937,21956710,52.2291,0,21956710,0
938,21956710,52.2618,0,21956710,0
939,21956710,52.294,0,21956710,0
940,21956710,52.3261,0,21956710,0
941,21956710,52.4037,0,21956710,0
942,21956710,52.4816,0,21956710,0
943,21956710,52.5592,0,21956710,0
944,21956710,52.5928,0,21956710,0
945,21956710,52.6252,0,21956710,0
946,21956710,52.6579,0,21956710,0
947,21956710,52.7361,0,21956710,0
948,21956710,52.8137,0,21956710,0
949,21956710,52.8919,0,21956710,0
950,21956710,52.9254,0,21956710,0
951,21956710,52.9581,0,21956710,0
952,21956710,52.9908,0,21956710,0
953,21956710,53.0698,0,21956710,0
954,21956710,53.1489,0,21956710,0
955,21956710,53.228,0,21956710,0
956,21956710,53.2615,0,21956710,0
957,21956710,53.2942,0,21956710,0
958,21956710,53.3264,0,21956710,0
959,21956710,53.4051,0,21956710,0
960,21956710,53.4835,0,21956710,0
961,21956710,53.5618,0,21956710,0
962,21956710,53.595,0,21956710,0
963,21956710,53.627,0,21956710,0
964,21956710,53.659,0,21956710,0
965,21956710,53.7377,0,21956710,0
966,21956710,53.8161,0,21956710,0
967,21956710,53.895,0,21956710,0
968,21956710,53.9282,0,21956710,0
969,21956710,53.9605,0,21956710,0
970,21956710,53.9929,0,21956710,0
971,21956710,54.0723,0,21956710,0
972,21956710,54.1496,0,21956710,0
973,21956710,54.2258,0,21956710,0
974,21956710,54.2588,0,21956710,0
975,21956710,54.2907,0,21956710,0
976,21956710,54.3222,0,21956710,0
977,21956710,54.4002,0,21956710,0
978,21956710,54.4782,0,21956710,0
979,21956710,54.5553,0,21956710,0
980,21956710,54.5886,0,21956710,0
981,21956710,54.6206,0,21956710,0
982,21956710,54.653,0,21956710,0
983,21956710,54.7313,0,21956710,0
984,21956710,54.8088,0,21956710,0
985,21956710,54.8864,0,21956710,0
986,21956710,54.9198,0,21956710,0
987,21956710,54.9524,0,21956710,0
988,21956710,54.9848,0,21956710,0
989,21956710,55.0629,0,21956710,0
990,21956710,55.1411,0,21956710,0
991,21956710,55.2189,0,21956710,0
992,21956710,55.2522,0,21956710,0
993,21956710,55.2847,0,21956710,0
994,21956710,55.317,0,21956710,0
995,21956710,55.3957,0,21956710,0
996,21956710,55.4739,0,21956710,0
997,21956710,55.5522,0,21956710,0
998,21956710,55.5859,0,21956710,0
999,21956710,55.6182,0,21956710,0
1000,21956710,55.6506,0,21956710,0
1001,21956710,55.7292,0,21956710,0
1002,21956710,55.8076,0,21956710,0
1003,21956710,55.8862,0,21956710,0
1004,21956710,55.9195,0,21956710,0
1005,21956710,55.9518,0,21956710,0
1006,21956710,55.984,0,21956710,0
1007,21956710,56.0629,0,21956710,0
1008,21956710,56.1423,0,21956710,0
1009,21956710,56.2214,0,21956710,0
1010,21956710,56.2547,0,21956710,0
1011,21956710,56.2869,0,21956710,0
1012,21956710,56.3189,0,21956710,0
1013,21956710,56.3985,0,21956710,0
1014,21956710,56.4753,0,21956710,0
1015,21956710,56.5516,0,21956710,0
1016,21956710,56.5842,0,21956710,0
1017,21956710,56.6161,0,21956710,0
1018,21956710,56.6479,0,21956710,0
1019,21956710,56.7246,0,21956710,0
1020,21956710,56.8013,0,21956710,0
1021,21956710,56.878,0,21956710,0
1022,21956710,56.9109,0,21956710,0
1023,21956710,56.9433,0,21956710,0
1024,21956710,56.9757,0,21956710,0
1025,21956710,57.054,0,21956710,0
1026,21956710,57.1328,0,21956710,0
1027,21956710,57.2117,0,21956710,0
1028,21956710,57.2454,0,21956710,0
1029,21956710,57.2785,0,21956710,0
1030,21956710,57.3115,0,21956710,0
1031,21956710,57.3909,0,21956710,0
1032,21956710,57.4703,0,21956710,0
1033,21956710,57.5489,0,21956710,0
1034,21956710,57.583,0,21956710,0
1035,21956710,57.6156,0,21956710,0
1036,21956710,57.648,0,21956710,0
1037,21956710,57.7269,0,21956710,0
1038,21956710,57.806,0,21956710,0
1039,21956710,57.8856,0,21956710,0
1040,21956710,57.919,0,21956710,0
1041,21956710,57.9555,0,21956710,0
1042,21956710,57.9939,0,21956710,0
1043,21956710,58.073,0,21956710,0
1044,21956710,58.1518,0,21956710,0
1045,21956710,58.231,0,21956710,0
1046,21956710,58.2646,0,21956710,0
1047,21956710,58.2971,0,21956710,0
1048,21956710,58.3293,0,21956710,0
1049,21956710,58.4085,0,21956710,0
1050,21956710,58.4879,0,21956710,0
1051,21956710,58.567,0,21956710,0
1052,21956710,58.6007,0,21956710,0
1053,21956710,58.6328,0,21956710,0
1054,21956710,58.665,0,21956710,0
1055,21956710,58.7447,0,21956710,0
1056,21956710,58.8218,0,21956710,0
1057,21956710,58.8984,0,21956710,0
1058,21956710,58.9319,0,21956710,0
1059,21956710,58.964,0,21956710,0
1060,21956710,58.9959,0,21956710,0
1061,21956710,59.0734,0,21956710,0
1062,21956710,59.1504,0,21956710,0
1063,21956710,59.2273,0,21956710,0
1064,21956710,59.2605,0,21956710,0
1065,21956710,59.2924,0,21956710,0
1066,21956710,59.3245,0,21956710,0
1067,21956710,59.4021,0,21956710,0
1068,21956710,59.4792,0,21956710,0
1069,21956710,59.5567,0,21956710,0
1070,21956710,59.5903,0,21956710,0
1071,21956710,59.6227,0,21956710,0
1072,21956710,59.6549,0,21956710,0
1073,21956710,59.7334,0,21956710,0
1074,21956710,59.8112,0,21956710,0
1075,21956710,59.8894,0,21956710,0
1076,21956710,59.9234,0,21956710,0
1077,21956710,59.9562,0,21956710,0
1078,21956710,59.9887,0,21956710,0
1079,21956710,60.0674,0,21956710,0
1080,21956710,60.1477,0,21956710,0
1081,21956710,60.2266,0,21956710,0
1082,21956710,60.261,0,21956710,0
1083,21956710,60.2934,0,21956710,0
1084,21956710,60.3266,0,21956710,0
1085,21956710,60.4067,0,21956710,0
1086,21956710,60.4852,0,21956710,0
1087,21956710,60.5642,0,21956710,0
1088,21956710,60.5976,0,21956710,0
1089,21956710,60.6299,0,21956710,0
1090,21956710,60.6621,0,21956710,0
1091,21956710,60.7425,0,21956710,0
1092,21956710,60.8217,0,21956710,0
1093,21956710,60.9013,0,21956710,0
1094,21956710,60.9351,0,21956710,0
1095,21956710,60.9676,0,21956710,0
1096,21956710,61.0001,0,21956710,0
1097,21956710,61.0799,0,21956710,0
1098,21956710,61.1566,0,21956710,0
1099,21956710,61.2332,0,21956710,0
1100,21956710,61.2665,0,21956710,0
1101,21956710,61.2987,0,21956710,0
1102,21956710,61.3302,0,21956710,0
1103,21956710,61.4075,0,21956710,0
1104,21956710,61.484,0,21956710,0
1105,21956710,61.5615,0,21956710,0
1106,21956710,61.5948,0,21956710,0
1107,21956710,61.6267,0,21956710,0
1108,21956710,61.659,0,21956710,0
1109,21956710,61.7366,0,21956710,0
1110,21956710,61.814,0,21956710,0
1111,21956710,61.8912,0,21956710,0
1112,21956710,61.9244,0,21956710,0
1113,21956710,61.9566,0,21956710,0
1114,21956710,61.9887,0,21956710,0
1115,21956710,62.0669,0,21956710,0
1116,21956710,62.145,0,21956710,0
1117,21956710,62.2229,0,21956710,0
1118,21956710,62.256,0,21956710,0
1119,21956710,62.2881,0,21956710,0
1120,21956710,62.3203,0,21956710,0
1121,21956710,62.3985,0,21956710,0
1122,21956710,62.4764,0,21956710,0
1123,21956710,62.5546,0,21956710,0
1124,21956710,62.5878,0,21956710,0
1125,21956710,62.6202,0,21956710,0
1126,21956710,62.6525,0,21956710,0
1127,21956710,62.7306,0,21956710,0
1128,21956710,62.8091,0,21956710,0
1129,21956710,62.8872,0,21956710,0
1130,21956710,62.9206,0,21956710,0
1131,21956710,62.9528,0,21956710,0
1132,21956710,62.9846,0,21956710,0
1133,21956710,63.0634,0,21956710,0
1134,21956710,63.1427,0,21956710,0
1135,21956710,63.222,0,21956710,0
1136,21956710,63.2553,0,21956710,0
1137,21956710,63.2875,0,21956710,0
1138,21956710,63.3198,0,21956710,0
1139,21956710,63.3995,0,21956710,0
1140,21956710,63.4759,0,21956710,0
1141,21956710,63.5522,0,21956710,0
1142,21956710,63.5851,0,21956710,0
1143,21956710,63.617,0,21956710,0
1144,21956710,63.6491,0,21956710,0
1145,21956710,63.7265,0,21956710,0
1146,21956710,63.8031,0,21956710,0
1147,21956710,63.8801,0,21956710,0
1148,21956710,63.9133,0,21956710,0
1149,21956710,63.9457,0,21956710,0
1150,21956710,63.9785,0,21956710,0
1151,21956710,64.0573,0,21956710,0
1152,21956710,64.1354,0,21956710,0
1153,21956710,64.2138,0,21956710,0
1154,21956710,64.2477,0,21956710,0
1155,21956710,64.2808,0,21956710,0
1156,21956710,64.3138,0,21956710,0
1157,21956710,64.3929,0,21956710,0
1158,21956710,64.4722,0,21956710,0
1159,21956710,64.5514,0,21956710,0
1160,21956710,64.586,0,21956710,0
1161,21956710,64.6187,0,21956710,0
1162,21956710,64.6515,0,21956710,0
1163,21956710,64.737,0,21956710,0
1164,21956710,64.8163,0,21956710,0
1165,21956710,64.8952,0,21956710,0
1166,21956710,64.929,0,21956710,0
1167,21956710,64.962,0,21956710,0
1168,21956710,64.9942,0,21956710,0
1169,21956710,65.0737,0,21956710,0
1170,21956710,65.1527,0,21956710,0
1171,21956710,65.2315,0,21956710,0
1172,21956710,65.2649,0,21956710,0
1173,21956710,65.2969,0,21956710,0
1174,21956710,65.329,0,21956710,0
1175,21956710,65.408,0,21956710,0
1176,21956710,65.4873,0,21956710,0
1177,21956710,65.5663,0,21956710,0
1178,21956710,65.5998,0,21956710,0
1179,21956710,65.632,0,21956710,0
1180,21956710,65.6642,0,21956710,0
1181,21956710,65.744,0,21956710,0
1182,21956710,65.8203,0,21956710,0
1183,21956710,65.8963,0,21956710,0
1184,21956710,65.9294,0,21956710,0
1185,21956710,65.9614,0,21956710,0
1186,21956710,65.993,0,21956710,0
1187,21956710,66.0704,0,21956710,0
1188,21956710,66.1485,0,21956710,0
1189,21956710,66.226,0,21956710,0
1190,21956710,66.2594,0,21956710,0
1191,21956710,66.2911,0,21956710,0
1192,21956710,66.3233,0,21956710,0
1193,21956710,66.4009,0,21956710,0
1194,21956710,66.4785,0,21956710,0
1195,21956710,66.556,0,21956710,0
1196,21956710,66.5891,0,21956710,0
1197,21956710,66.6214,0,21956710,0
1198,21956710,66.6539,0,21956710,0
1199,21956710,66.7319,0,21956710,0
1200,21956710,66.8094,0,21956710,0
1201,21956710,66.8871,0,21956710,0
1202,21956710,66.9211,0,21956710,0
1203,21956710,66.9535,0,21956710,0
1204,21956710,66.9857,0,21956710,0
1205,21956710,67.064,0,21956710,0
1206,21956710,67.143,0,21956710,0
1207,21956710,67.2207,0,21956710,0
1208,21956710,67.2539,0,21956710,0
1209,21956710,67.2863,0,21956710,0
1210,21956710,67.3184,0,21956710,0
1211,21956710,67.3967,0,21956710,0
1212,21956710,67.4747,0,21956710,0
1213,21956710,67.5525,0,21956710,0
1214,21956710,67.5859,0,21956710,0
1215,21956710,67.6182,0,21956710,0
1216,21956710,67.6502,0,21956710,0
1217,21956710,67.7289,0,21956710,0
1218,21956710,67.8074,0,21956710,0
1219,21956710,67.886,0,21956710,0
1220,21956710,67.9195,0,21956710,0
1221,21956710,67.9519,0,21956710,0
1222,21956710,67.984,0,21956710,0
1223,21956710,68.064,0,21956710,0
1224,21956710,68.1409,0,21956710,0
1225,21956710,68.2176,0,21956710,0
1226,21956710,68.2512,0,21956710,0
1227,21956710,68.2831,0,21956710,0
1228,21956710,68.3152,0,21956710,0
1229,21956710,68.3927,0,21956710,0
1230,21956710,68.4696,0,21956710,0
1231,21956710,68.5465,0,21956710,0
1232,21956710,68.5801,0,21956710,0
1233,21956710,68.6125,0,21956710,0
1234,21956710,68.645,0,21956710,0
1235,21956710,68.7229,0,21956710,0
1236,21956710,68.8003,0,21956710,0
1237,21956710,68.8785,0,21956710,0
1238,21956710,68.9128,0,21956710,0
1239,21956710,68.9451,0,21956710,0
1240,21956710,68.9776,0,21956710,0
1241,21956710,69.0567,0,21956710,0
1242,21956710,69.1358,0,21956710,0
1243,21956710,69.2141,0,21956710,0
1244,21956710,69.2477,0,21956710,0
1245,21956710,69.2802,0,21956710,0
1246,21956710,69.3126,0,21956710,0
1247,21956710,69.3922,0,21956710,0
1248,21956710,69.4713,0,21956710,0
1249,21956710,69.5494,0,21956710,0
1250,21956710,69.5828,0,21956710,0
1251,21956710,69.6155,0,21956710,0
1252,21956710,69.6478,0,21956710,0
1253,21956710,69.7276,0,21956710,0
1254,21956710,69.8062,0,21956710,0
1255,21956710,69.8851,0,21956710,0
1256,21956710,69.9186,0,21956710,0
1257,21956710,69.9511,0,21956710,0
1258,21956710,69.9832,0,21956710,0
1259,21956710,70.0639,0,21956710,0
1260,21956710,70.1431,0,21956710,0
1261,21956710,70.2221,0,21956710,0
1262,21956710,70.2557,0,21956710,0
1263,21956710,70.2878,0,21956710,0
1264,21956710,70.3202,0,21956710,0
1265,21956710,70.4008,0,21956710,0
1266,21956710,70.4774,0,21956710,0
1267,21956710,70.5538,0,21956710,0
1268,21956710,70.5868,0,21956710,0
1269,21956710,70.619,0,21956710,0
1270,21956710,70.6509,0,21956710,0
1271,21956710,70.7277,0,21956710,0
1272,21956710,70.8039,0,21956710,0
1273,21956710,70.8806,0,21956710,0
1274,21956710,70.9139,0,21956710,0
1275,21956710,70.946,0,21956710,0
1276,21956710,70.9782,0,21956710,0
1277,21956710,71.0553,0,21956710,0
1278,21956710,71.1329,0,21956710,0
1279,21956710,71.2102,0,21956710,0
1280,21956710,71.2431,0,21956710,0
1281,21956710,71.2751,0,21956710,0
1282,21956710,71.3071,0,21956710,0
1283,21956710,71.3845,0,21956710,0
1284,21956710,71.4621,0,21956710,0
1285,21956710,71.5408,0,21956710,0
1286,21956710,71.5741,0,21956710,0
1287,21956710,71.6064,0,21956710,0
1288,21956710,71.6386,0,21956710,0
1289,21956710,71.7166,0,21956710,0
1290,21956710,71.7945,0,21956710,0
1291,21956710,71.8741,0,21956710,0
1292,21956710,71.9086,0,21956710,0
1293,21956710,71.9413,0,21956710,0
1294,21956710,71.9736,0,21956710,0
1295,21956710,72.0528,0,21956710,0
1296,21956710,72.1323,0,21956710,0
1297,21956710,72.2112,0,21956710,0
1298,21956710,72.2445,0,21956710,0
1299,21956710,72.2766,0,21956710,0
1300,21956710,72.3087,0,21956710,0
1301,21956710,72.3896,0,21956710,0
1302,21956710,72.4692,0,21956710,0
1303,21956710,72.5482,0,21956710,0
1304,21956710,72.5816,0,21956710,0
1305,21956710,72.6139,0,21956710,0
1306,21956710,72.646,0,21956710,0
1307,21956710,72.7257,0,21956710,0
1308,21956710,72.8019,0,21956710,0
1309,21956710,72.8783,0,21956710,0
1310,21956710,72.9114,0,21956710,0
1311,21956710,72.9439,0,21956710,0
1312,21956710,72.976,0,21956710,0
1313,21956710,73.0532,0,21956710,0
1314,21956710,73.13,0,21956710,0
1315,21956710,73.2069,0,21956710,0
1316,21956710,73.2399,0,21956710,0
1317,21956710,73.272,0,21956710,0
1318,21956710,73.304,0,21956710,0
1319,21956710,73.3814,0,21956710,0
1320,21956710,73.4585,0,21956710,0
1321,21956710,73.5359,0,21956710,0
1322,21956710,73.5691,0,21956710,0
1323,21956710,73.6011,0,21956710,0
1324,21956710,73.6331,0,21956710,0
1325,21956710,73.7107,0,21956710,0
1326,21956710,73.7881,0,21956710,0
1327,21956710,73.8657,0,21956710,0
1328,21956710,73.8991,0,21956710,0
1329,21956710,73.9315,0,21956710,0
1330,21956710,73.9637,0,21956710,0
1331,21956710,74.0419,0,21956710,0
1332,21956710,74.1201,0,21956710,0
1333,21956710,74.1979,0,21956710,0
1334,21956710,74.2314,0,21956710,0
1335,21956710,74.2636,0,21956710,0
1336,21956710,74.296,0,21956710,0
1337,21956710,74.3746,0,21956710,0
1338,21956710,74.4531,0,21956710,0
1339,21956710,74.532,0,21956710,0
1340,21956710,74.5656,0,21956710,0
1341,21956710,74.5981,0,21956710,0
1342,21956710,74.6302,0,21956710,0
1343,21956710,74.7089,0,21956710,0
1344,21956710,74.7892,0,21956710,0
1345,21956710,74.8685,0,21956710,0
1346,21956710,74.9022,0,21956710,0
1347,21956710,74.9349,0,21956710,0
1348,21956710,74.9674,0,21956710,0
1349,21956710,75.0474,0,21956710,0
1350,21956710,75.1249,0,21956710,0
1351,21956710,75.2025,0,21956710,0
1352,21956710,75.2356,0,21956710,0
1353,21956710,75.2678,0,21956710,0
1354,21956710,75.3002,0,21956710,0
1355,21956710,75.3777,0,21956710,0
1356,21956710,75.455,0,21956710,0
1357,21956710,75.5321,0,21956710,0
1358,21956710,75.5654,0,21956710,0
1359,21956710,75.5974,0,21956710,0
1360,21956710,75.6296,0,21956710,0
1361,21956710,75.7071,0,21956710,0
1362,21956710,75.7846,0,21956710,0
1363,21956710,75.8619,0,21956710,0
1364,21956710,75.8952,0,21956710,0
1365,21956710,75.9276,0,21956710,0
1366,21956710,75.9599,0,21956710,0
1367,21956710,76.0379,0,21956710,0
1368,21956710,76.1159,0,21956710,0
1369,21956710,76.1943,0,21956710,0
1370,21956710,76.2279,0,21956710,0
1371,21956710,76.261,0,21956710,0
1372,21956710,76.2933,0,21956710,0
1373,21956710,76.3719,0,21956710,0
1374,21956710,76.4498,0,21956710,0
1375,21956710,76.5281,0,21956710,0
1376,21956710,76.563,0,21956710,0
1377,21956710,76.5955,0,21956710,0
1378,21956710,76.6279,0,21956710,0
1379,21956710,76.7076,0,21956710,0
1380,21956710,76.7866,0,21956710,0
1381,21956710,76.8654,0,21956710,0
1382,21956710,76.899,0,21956710,0
1383,21956710,76.9318,0,21956710,0
1384,21956710,76.964,0,21956710,0
1385,21956710,77.0431,0,21956710,0
1386,21956710,77.122,0,21956710,0
1387,21956710,77.201,0,21956710,0
1388,21956710,77.2347,0,21956710,0
1389,21956710,77.267,0,21956710,0
1390,21956710,77.2991,0,21956710,0
1391,21956710,77.3787,0,21956710,0
1392,21956710,77.4548,0,21956710,0
1393,21956710,77.5317,0,21956710,0
1394,21956710,77.5645,0,21956710,0
1395,21956710,77.5966,0,21956710,0
1396,21956710,77.6289,0,21956710,0
1397,21956710,77.706,0,21956710,0
1398,21956710,77.783,0,21956710,0
1399,21956710,77.8596,0,21956710,0
1400,21956710,77.8925,0,21956710,0
1401,21956710,77.9247,0,21956710,0
1402,21956710,77.9568,0,21956710,0
1403,21956710,78.0349,0,21956710,0
1404,21956710,78.1127,0,21956710,0
1405,21956710,78.1907,0,21956710,0
1406,21956710,78.2244,0,21956710,0
1407,21956710,78.2563,0,21956710,0
1408,21956710,78.2885,0,21956710,0
1409,21956710,78.3674,0,21956710,0
1410,21956710,78.446,0,21956710,0
1411,21956710,78.5243,0,21956710,0
1412,21956710,78.558,0,21956710,0
1413,21956710,78.5902,0,21956710,0
1414,21956710,78.6225,0,21956710,0
1415,21956710,78.7012,0,21956710,0
1416,21956710,78.78,0,21956710,0
1417,21956710,78.8582,0,21956710,0
1418,21956710,78.8919,0,21956710,0
1419,21956710,78.9246,0,21956710,0
1420,21956710,78.9578,0,21956710,0
1421,21956710,79.0374,0,21956710,0
1422,21956710,79.1155,0,21956710,0
1423,21956710,79.1939,0,21956710,0
1424,21956710,79.2277,0,21956710,0
1425,21956710,79.2598,0,21956710,0
1426,21956710,79.2919,0,21956710,0
1427,21956710,79.3711,0,21956710,0
1428,21956710,79.4497,0,21956710,0
1429,21956710,79.5295,0,21956710,0
1430,21956710,79.5635,0,21956710,0
1431,21956710,79.5958,0,21956710,0
1432,21956710,79.6281,0,21956710,0
1433,21956710,79.7079,0,21956710,0
1434,21956710,79.785,0,21956710,0
1435,21956710,79.8613,0,21956710,0
1436,21956710,79.8944,0,21956710,0
1437,21956710,79.9263,0,21956710,0
1438,21956710,79.9582,0,21956710,0
1439,21956710,80.0356,0,21956710,0
1440,21956710,80.1124,0,21956710,0
1441,21956710,80.189,0,21956710,0
1442,21956710,80.2224,0,21956710,0
1443,21956710,80.2542,0,21956710,0
1444,21956710,80.2863,0,21956710,0
1445,21956710,80.364,0,21956710,0
1446,21956710,80.4411,0,21956710,0
1447,21956710,80.5185,0,21956710,0
1448,21956710,80.5525,0,21956710,0
1449,21956710,80.5846,0,21956710,0
1450,21956710,80.6168,0,21956710,0
1451,21956710,80.6947,0,21956710,0
1452,21956710,80.772,0,21956710,0
1453,21956710,80.8497,0,21956710,0
1454,21956710,80.8835,0,21956710,0
1455,21956710,80.9157,0,21956710,0
1456,21956710,80.9484,0,21956710,0
1457,21956710,81.0273,0,21956710,0
1458,21956710,81.1058,0,21956710,0
1459,21956710,81.1854,0,21956710,0
1460,21956710,81.219,0,21956710,0
1461,21956710,81.2517,0,21956710,0
1462,21956710,81.2842,0,21956710,0
1463,21956710,81.3636,0,21956710,0
1464,21956710,81.443,0,21956710,0
1465,21956710,81.5216,0,21956710,0
1466,21956710,81.5556,0,21956710,0
1467,21956710,81.5882,0,21956710,0
1468,21956710,81.6201,0,21956710,0
1469,21956710,81.6991,0,21956710,0
1470,21956710,81.7786,0,21956710,0
1471,21956710,81.8573,0,21956710,0
1472,21956710,81.891,0,21956710,0
1473,21956710,81.9234,0,21956710,0
1474,21956710,81.9557,0,21956710,0
1475,21956710,82.0357,0,21956710,0
1476,21956710,82.1119,0,21956710,0
1477,21956710,82.188,0,21956710,0
1478,21956710,82.2211,0,21956710,0
1479,21956710,82.2529,0,21956710,0
1480,21956710,82.2847,0,21956710,0
1481,21956710,82.3619,0,21956710,0
1482,21956710,82.4385,0,21956710,0
1483,21956710,82.5154,0,21956710,0
1484,21956710,82.5486,0,21956710,0
1485,21956710,82.5808,0,21956710,0
1486,21956710,82.6128,0,21956710,0
1487,21956710,82.6904,0,21956710,0
1488,21956710,82.768,0,21956710,0
1489,21956710,82.8457,0,21956710,0
1490,21956710,82.8794,0,21956710,0
1491,21956710,82.9116,0,21956710,0
1492,21956710,82.9438,0,21956710,0
1493,21956710,83.0218,0,21956710,0
1494,21956710,83.0997,0,21956710,0
1495,21956710,83.1777,0,21956710,0
1496,21956710,83.2109,0,21956710,0
1497,21956710,83.2433,0,21956710,0
1498,21956710,83.2755,0,21956710,0
1499,21956710,83.354,0,21956710,0
1500,21956710,83.4327,0,21956710,0
1501,21956710,83.5111,0,21956710,0
1502,21956710,83.5451,0,21956710,0
1503,21956710,83.5776,0,21956710,0
1504,21956710,83.61,0,21956710,0
1505,21956710,83.6903,0,21956710,0
1506,21956710,83.7686,0,21956710,0
1507,21956710,83.8471,0,21956710,0
1508,21956710,83.8804,0,21956710,0
1509,21956710,83.9128,0,21956710,0
1510,21956710,83.9452,0,21956710,0
1511,21956710,84.024,0,21956710,0
1512,21956710,84.1031,0,21956710,0
1513,21956710,84.1828,0,21956710,0
1514,21956710,84.2165,0,21956710,0
1515,21956710,84.2489,0,21956710,0
1516,21956710,84.2812,0,21956710,0
1517,21956710,84.3606,0,21956710,0
1518,21956710,84.4373,0,21956710,0
1519,21956710,84.5142,0,21956710,0
1520,21956710,84.5473,0,21956710,0
1521,21956710,84.5794,0,21956710,0
1522,21956710,84.6111,0,21956710,0
1523,21956710,84.6881,0,21956710,0
1524,21956710,84.7656,0,21956710,0
1525,21956710,84.8423,0,21956710,0
1526,21956710,84.8752,0,21956710,0
1527,21956710,84.9076,0,21956710,0
1528,21956710,84.9404,0,21956710,0
1529,21956710,85.0188,0,21956710,0
1530,21956710,85.0963,0,21956710,0
1531,21956710,85.1735,0,21956710,0
1532,21956710,85.2068,0,21956710,0
1533,21956710,85.239,0,21956710,0
1534,21956710,85.2711,0,21956710,0
1535,21956710,85.3495,0,21956710,0
1536,21956710,85.4281,0,21956710,0
1537,21956710,85.5064,0,21956710,0
1538,21956710,85.5404,0,21956710,0
1539,21956710,85.5726,0,21956710,0
1540,21956710,85.605,0,21956710,0
1541,21956710,85.6837,0,21956710,0
1542,21956710,85.7621,0,21956710,0
1543,21956710,85.8404,0,21956710,0
1544,21956710,85.874,0,21956710,0
1545,21956710,85.9064,0,21956710,0
1546,21956710,85.9391,0,21956710,0
1547,21956710,86.0182,0,21956710,0
1548,21956710,86.097,0,21956710,0
1549,21956710,86.1755,0,21956710,0
1550,21956710,86.209,0,21956710,0
1551,21956710,86.2414,0,21956710,0
1552,21956710,86.2734,0,21956710,0
1553,21956710,86.353,0,21956710,0
1554,21956710,86.4331,0,21956710,0
1555,21956710,86.512,0,21956710,0
1556,21956710,86.5454,0,21956710,0
1557,21956710,86.5775,0,21956710,0
1558,21956710,86.61,0,21956710,0
1559,21956710,86.6896,0,21956710,0
1560,21956710,86.7657,0,21956710,0
1561,21956710,86.8422,0,21956710,0
1562,21956710,86.875,0,21956710,0
1563,21956710,86.9073,0,21956710,0
1564,21956710,86.9393,0,21956710,0
1565,21956710,87.0161,0,21956710,0
1566,21956710,87.0932,0,21956710,0
1567,21956710,87.1714,0,21956710,0
1568,21956710,87.2044,0,21956710,0
1569,21956710,87.2366,0,21956710,0
1570,21956710,87.2685,0,21956710,0
1571,21956710,87.3457,0,21956710,0
1572,21956710,87.4237,0,21956710,0
1573,21956710,87.5018,0,21956710,0
1574,21956710,87.5352,0,21956710,0
1575,21956710,87.5671,0,21956710,0
1576,21956710,87.5993,0,21956710,0
1577,21956710,87.6768,0,21956710,0
1578,21956710,87.755,0,21956710,0
1579,21956710,87.8328,0,21956710,0
1580,21956710,87.8662,0,21956710,0
1581,21956710,87.8986,0,21956710,0
1582,21956710,87.931,0,21956710,0
1583,21956710,88.0093,0,21956710,0
1584,21956710,88.0885,0,21956710,0
1585,21956710,88.1665,0,21956710,0
1586,21956710,88.1999,0,21956710,0
1587,21956710,88.2321,0,21956710,0
1588,21956710,88.2643,0,21956710,0
1589,21956710,88.3431,0,21956710,0
1590,21956710,88.4213,0,21956710,0
1591,21956710,88.4998,0,21956710,0
1592,21956710,88.533,0,21956710,0
1593,21956710,88.5655,0,21956710,0
1594,21956710,88.5979,0,21956710,0
1595,21956710,88.6772,0,21956710,0
1596,21956710,88.756,0,21956710,0
1597,21956710,88.835,0,21956710,0
1598,21956710,88.868,0,21956710,0
1599,21956710,88.9006,0,21956710,0
1600,21956710,88.9332,0,21956710,0
1601,21956710,89.0124,0,21956710,0
1602,21956710,89.089,0,21956710,0
1603,21956710,89.1653,0,21956710,0
1604,21956710,89.1984,0,21956710,0
1605,21956710,89.2305,0,21956710,0
1606,21956710,89.2624,0,21956710,0
1607,21956710,89.3397,0,21956710,0
1608,21956710,89.4166,0,21956710,0
1609,21956710,89.4936,0,21956710,0
1610,21956710,89.5267,0,21956710,0
1611,21956710,89.5585,0,21956710,0
1612,21956710,89.5906,0,21956710,0
1613,21956710,89.6681,0,21956710,0
1614,21956710,89.7454,0,21956710,0
1615,21956710,89.8223,0,21956710,0
1616,21956710,89.8555,0,21956710,0
1617,21956710,89.8875,0,21956710,0
1618,21956710,89.9195,0,21956710,0
1619,21956710,89.9974,0,21956710,0
1620,21956710,90.0752,0,21956710,0
1621,21956710,90.1547,0,21956710,0
1622,21956710,90.1882,0,21956710,0
1623,21956710,90.2204,0,21956710,0
1624,21956710,90.2527,0,21956710,0
1625,21956710,90.3309,0,21956710,0
1626,21956710,90.4102,0,21956710,0
1627,21956710,90.4889,0,21956710,0
1628,21956710,90.5225,0,21956710,0
1629,21956710,90.5549,0,21956710,0
1630,21956710,90.5872,0,21956710,0
1631,21956710,90.6657,0,21956710,0
1632,21956710,90.7445,0,21956710,0
1633,21956710,90.8228,0,21956710,0
1634,21956710,90.856,0,21956710,0
1635,21956710,90.8881,0,21956710,0
1636,21956710,90.9204,0,21956710,0
1637,21956710,90.9998,0,21956710,0
1638,21956710,91.0785,0,21956710,0
1639,21956710,91.1573,0,21956710,0
1640,21956710,91.1904,0,21956710,0
1641,21956710,91.2224,0,21956710,0
1642,21956710,91.2546,0,21956710,0
1643,21956710,91.334,0,21956710,0
1644,21956710,91.4102,0,21956710,0
1645,21956710,91.4864,0,21956710,0
1646,21956710,91.519,0,21956710,0
1647,21956710,91.5509,0,21956710,0
1648,21956710,91.5831,0,21956710,0
1649,21956710,91.6599,0,21956710,0
1650,21956710,91.7362,0,21956710,0
1651,21956710,91.8128,0,21956710,0
1652,21956710,91.846,0,21956710,0
1653,21956710,91.8788,0,21956710,0
1654,21956710,91.9112,0,21956710,0
1655,21956710,91.9884,0,21956710,0
1656,21956710,92.0655,0,21956710,0
1657,21956710,92.1428,0,21956710,0
1658,21956710,92.1761,0,21956710,0
1659,21956710,92.208,0,21956710,0
1660,21956710,92.2402,0,21956710,0
1661,21956710,92.3179,0,21956710,0
1662,21956710,92.3954,0,21956710,0
1663,21956710,92.4735,0,21956710,0
1664,21956710,92.5071,0,21956710,0
1665,21956710,92.5395,0,21956710,0
1666,21956710,92.5718,0,21956710,0
1667,21956710,92.6517,0,21956710,0
1668,21956710,92.7297,0,21956710,0
1669,21956710,92.8078,0,21956710,0
1670,21956710,92.8415,0,21956710,0
1671,21956710,92.8738,0,21956710,0
1672,21956710,92.9063,0,21956710,0
1673,21956710,92.985,0,21956710,0
1674,21956710,93.0638,0,21956710,0
1675,21956710,93.1435,0,21956710,0
1676,21956710,93.1773,0,21956710,0
1677,21956710,93.2102,0,21956710,0
1678,21956710,93.2435,0,21956710,0
1679,21956710,93.3248,0,21956710,0
1680,21956710,93.4064,0,21956710,0
1681,21956710,93.4876,0,21956710,0
1682,21956710,93.5219,0,21956710,0
1683,21956710,93.5549,0,21956710,0
1684,21956710,93.5884,0,21956710,0
1685,21956710,93.6709,0,21956710,0
1686,21956710,93.7499,0,21956710,0
1687,21956710,93.8283,0,21956710,0
1688,21956710,93.8615,0,21956710,0
1689,21956710,93.8933,0,21956710,0
1690,21956710,93.9252,0,21956710,0
1691,21956710,94.002,0,21956710,0
1692,21956710,94.0785,0,21956710,0
1693,21956710,94.1558,0,21956710,0
1694,21956710,94.1888,0,21956710,0
1695,21956710,94.2206,0,21956710,0
1696,21956710,94.2526,0,21956710,0
1697,21956710,94.3295,0,21956710,0
1698,21956710,94.4062,0,21956710,0
1699,21956710,94.4836,0,21956710,0
1700,21956710,94.5167,0,21956710,0
1701,21956710,94.549,0,21956710,0
1702,21956710,94.581,0,21956710,0
1703,21956710,94.6591,0,21956710,0
1704,21956710,94.7366,0,21956710,0
1705,21956710,94.8152,0,21956710,0
1706,21956710,94.8487,0,21956710,0
1707,21956710,94.8808,0,21956710,0
1708,21956710,94.9133,0,21956710,0
1709,21956710,94.9916,0,21956710,0
1710,21956710,95.0695,0,21956710,0
1711,21956710,95.1475,0,21956710,0
1712,21956710,95.1807,0,21956710,0
1713,21956710,95.2128,0,21956710,0
1714,21956710,95.2449,0,21956710,0
1715,21956710,95.3235,0,21956710,0
1716,21956710,95.4016,0,21956710,0
1717,21956710,95.4804,0,21956710,0
1718,21956710,95.5136,0,21956710,0
1719,21956710,95.5457,0,21956710,0
1720,21956710,95.5776,0,21956710,0
1721,21956710,95.6565,0,21956710,0
1722,21956710,95.7348,0,21956710,0
1723,21956710,95.8134,0,21956710,0
1724,21956710,95.8468,0,21956710,0
1725,21956710,95.8789,0,21956710,0
1726,21956710,95.911,0,21956710,0
1727,21956710,95.9909,0,21956710,0
1728,21956710,96.0675,0,21956710,0
1729,21956710,96.1451,0,21956710,0
1730,21956710,96.1783,0,21956710,0
1731,21956710,96.2102,0,21956710,0
1732,21956710,96.2419,0,21956710,0
1733,21956710,96.3196,0,21956710,0
1734,21956710,96.3971,0,21956710,0
1735,21956710,96.4742,0,21956710,0
1736,21956710,96.5075,0,21956710,0
1737,21956710,96.5394,0,21956710,0
1738,21956710,96.5717,0,21956710,0
1739,21956710,96.6495,0,21956710,0
1740,21956710,96.727,0,21956710,0
1741,21956710,96.8044,0,21956710,0
1742,21956710,96.838,0,21956710,0
1743,21956710,96.8702,0,21956710,0
1744,21956710,96.9022,0,21956710,0
1745,21956710,96.981,0,21956710,0
1746,21956710,97.0591,0,21956710,0
1747,21956710,97.1371,0,21956710,0
1748,21956710,97.1705,0,21956710,0
1749,21956710,97.2028,0,21956710,0
1750,21956710,97.2353,0,21956710,0
1751,21956710,97.3142,0,21956710,0
1752,21956710,97.3923,0,21956710,0
1753,21956710,97.4709,0,21956710,0
1754,21956710,97.5044,0,21956710,0
1755,21956710,97.5365,0,21956710,0
1756,21956710,97.569,0,21956710,0
1757,21956710,97.6481,0,21956710,0
1758,21956710,97.7274,0,21956710,0
1759,21956710,97.8064,0,21956710,0
1760,21956710,97.8399,0,21956710,0
1761,21956710,97.8722,0,21956710,0
1762,21956710,97.9044,0,21956710,0
1763,21956710,97.9835,0,21956710,0
1764,21956710,98.0632,0,21956710,0
1765,21956710,98.1423,0,21956710,0
1766,21956710,98.1761,0,21956710,0
1767,21956710,98.2083,0,21956710,0
1768,21956710,98.2406,0,21956710,0
1769,21956710,98.3203,0,21956710,0
1770,21956710,98.3971,0,21956710,0
1771,21956710,98.4737,0,21956710,0
1772,21956710,98.5073,0,21956710,0
1773,21956710,98.5394,0,21956710,0
1774,21956710,98.5712,0,21956710,0
1775,21956710,98.6484,0,21956710,0
1776,21956710,98.7254,0,21956710,0
1777,21956710,98.8023,0,21956710,0
1778,21956710,98.8365,0,21956710,0
1779,21956710,98.8685,0,21956710,0
1780,21956710,98.9009,0,21956710,0
1781,21956710,98.9792,0,21956710,0
1782,21956710,99.0569,0,21956710,0
1783,21956710,99.1362,0,21956710,0
1784,21956710,99.17,0,21956710,0
1785,21956710,99.2025,0,21956710,0
1786,21956710,99.2349,0,21956710,0
1787,21956710,99.3132,0,21956710,0
1788,21956710,99.3916,0,21956710,0
1789,21956710,99.4696,0,21956710,0
1790,21956710,99.5035,0,21956710,0
1791,21956710,99.536,0,21956710,0
1792,21956710,99.5687,0,21956710,0
1793,21956710,99.6471,0,21956710,0
1794,21956710,99.7255,0,21956710,0
1795,21956710,99.8051,0,21956710,0
1796,21956710,99.8394,0,21956710,0
1797,21956710,99.8721,0,21956710,0
1798,21956710,99.9046,0,21956710,0
1799,21956710,99.9839,0,21956710,0
1800,21956710,100.062,0,21956710,0
1801,21956710,100.1405,0,21956710,0
1802,21956710,100.1739,0,21956710,0
1803,21956710,100.2059,0,21956710,0
1804,21956710,100.2381,0,21956710,0
1805,21956710,100.3175,0,21956710,0
1806,21956710,100.3958,0,21956710,0
1807,21956710,100.4744,0,21956710,0
1808,21956710,100.5085,0,21956710,0
1809,21956710,100.5405,0,21956710,0
1810,21956710,100.5725,0,21956710,0
1811,21956710,100.6521,0,21956710,0
1812,21956710,100.7281,0,21956710,0
1813,21956710,100.8044,0,21956710,0
1814,21956710,100.8376,0,21956710,0
1815,21956710,100.8694,0,21956710,0
1816,21956710,100.9011,0,21956710,0
1817,21956710,100.9791,0,21956710,0
1818,21956710,101.0567,0,21956710,0
1819,21956710,101.1333,0,21956710,0
1820,21956710,101.1666,0,21956710,0
1821,21956710,101.1985,0,21956710,0
1822,21956710,101.2306,0,21956710,0
1823,21956710,101.3098,0,21956710,0
1824,21956710,101.3868,0,21956710,0
1825,21956710,101.4641,0,21956710,0
1826,21956710,101.4973,0,21956710,0
1827,21956710,101.5292,0,21956710,0
1828,21956710,101.5614,0,21956710,0
1829,21956710,101.64,0,21956710,0
1830,21956710,101.7178,0,21956710,0
1831,21956710,101.7952,0,21956710,0
1832,21956710,101.8284,0,21956710,0
1833,21956710,101.8608,0,21956710,0
1834,21956710,101.8928,0,21956710,0
1835,21956710,101.9712,0,21956710,0
1836,21956710,102.0491,0,21956710,0
1837,21956710,102.1278,0,21956710,0
1838,21956710,102.1617,0,21956710,0
1839,21956710,102.1937,0,21956710,0
1840,21956710,102.226,0,21956710,0
1841,21956710,102.3043,0,21956710,0
1842,21956710,102.383,0,21956710,0
1843,21956710,102.462,0,21956710,0
1844,21956710,102.4952,0,21956710,0
1845,21956710,102.5275,0,21956710,0
1846,21956710,102.5596,0,21956710,0
1847,21956710,102.6379,0,21956710,0
1848,21956710,102.7167,0,21956710,0
1849,21956710,102.796,0,21956710,0
1850,21956710,102.8293,0,21956710,0
1851,21956710,102.8615,0,21956710,0
1852,21956710,102.8935,0,21956710,0
1853,21956710,102.974,0,21956710,0
1854,21956710,103.0505,0,21956710,0
1855,21956710,103.127,0,21956710,0
1856,21956710,103.1606,0,21956710,0
1857,21956710,103.1925,0,21956710,0
1858,21956710,103.2247,0,21956710,0
1859,21956710,103.3022,0,21956710,0
1860,21956710,103.3795,0,21956710,0
1861,21956710,103.4566,0,21956710,0
1862,21956710,103.4899,0,21956710,0
1863,21956710,103.5221,0,21956710,0
1864,21956710,103.5542,0,21956710,0
1865,21956710,103.6321,0,21956710,0
1866,21956710,103.7096,0,21956710,0
1867,21956710,103.7872,0,21956710,0
1868,21956710,103.8211,0,21956710,0
1869,21956710,103.8533,0,21956710,0
1870,21956710,103.8855,0,21956710,0
1871,21956710,103.965,0,21956710,0
1872,21956710,104.0429,0,21956710,0
1873,21956710,104.1209,0,21956710,0
1874,21956710,104.1554,0,21956710,0
1875,21956710,104.1877,0,21956710,0
1876,21956710,104.2206,0,21956710,0
1877,21956710,104.3001,0,21956710,0
1878,21956710,104.3785,0,21956710,0
1879,21956710,104.4571,0,21956710,0
1880,21956710,104.4914,0,21956710,0
1881,21956710,104.5239,0,21956710,0
1882,21956710,104.5562,0,21956710,0
1883,21956710,104.6354,0,21956710,0
1884,21956710,104.7142,0,21956710,0
1885,21956710,104.7927,0,21956710,0
1886,21956710,104.8263,0,21956710,0
1887,21956710,104.8587,0,21956710,0
1888,21956710,104.8907,0,21956710,0
1889,21956710,104.9703,0,21956710,0
1890,21956710,105.0492,0,21956710,0
1891,21956710,105.1295,0,21956710,0
1892,21956710,105.1637,0,21956710,0
1893,21956710,105.196,0,21956710,0
1894,21956710,105.2283,0,21956710,0
1895,21956710,105.3081,0,21956710,0
1896,21956710,105.3855,0,21956710,0
1897,21956710,105.4627,0,21956710,0
1898,21956710,105.4962,0,21956710,0
1899,21956710,105.5282,0,21956710,0
1900,21956710,105.5602,0,21956710,0
1901,21956710,105.6369,0,21956710,0
1902,21956710,105.7143,0,21956710,0
1903,21956710,105.791,0,21956710,0
1904,21956710,105.8244,0,21956710,0
1905,21956710,105.8562,0,21956710,0
1906,21956710,105.8882,0,21956710,0
1907,21956710,105.9661,0,21956710,0
1908,21956710,106.0429,0,21956710,0
1909,21956710,106.1204,0,21956710,0
1910,21956710,106.1537,0,21956710,0
1911,21956710,106.1858,0,21956710,0
1912,21956710,106.2181,0,21956710,0
1913,21956710,106.296,0,21956710,0
1914,21956710,106.3732,0,21956710,0
1915,21956710,106.4507,0,21956710,0
1916,21956710,106.4842,0,21956710,0
1917,21956710,106.5164,0,21956710,0
1918,21956710,106.5484,0,21956710,0
1919,21956710,106.6265,0,21956710,0
1920,21956710,106.7042,0,21956710,0
1921,21956710,106.7823,0,21956710,0
1922,21956710,106.8154,0,21956710,0
1923,21956710,106.8478,0,21956710,0
1924,21956710,106.8799,0,21956710,0
1925,21956710,106.959,0,21956710,0
1926,21956710,107.0371,0,21956710,0
1927,21956710,107.1159,0,21956710,0
1928,21956710,107.1493,0,21956710,0
1929,21956710,107.1813,0,21956710,0
1930,21956710,107.2134,0,21956710,0
1931,21956710,107.2924,0,21956710,0
1932,21956710,107.371,0,21956710,0
1933,21956710,107.4504,0,21956710,0
1934,21956710,107.4844,0,21956710,0
1935,21956710,107.5165,0,21956710,0
1936,21956710,107.5486,0,21956710,0
1937,21956710,107.628,0,21956710,0
1938,21956710,107.7043,0,21956710,0
1939,21956710,107.7806,0,21956710,0
1940,21956710,107.8135,0,21956710,0
1941,21956710,107.8452,0,21956710,0
1942,21956710,107.8769,0,21956710,0
1943,21956710,107.9548,0,21956710,0
1944,21956710,108.0315,0,21956710,0
1945,21956710,108.1089,0,21956710,0
1946,21956710,108.1426,0,21956710,0
1947,21956710,108.1749,0,21956710,0
1948,21956710,108.2069,0,21956710,0
1949,21956710,108.2841,0,21956710,0
1950,21956710,108.3616,0,21956710,0
1951,21956710,108.4393,0,21956710,0
1952,21956710,108.4727,0,21956710,0
1953,21956710,108.5046,0,21956710,0
1954,21956710,108.5369,0,21956710,0
1955,21956710,108.6145,0,21956710,0
1956,21956710,108.6923,0,21956710,0
1957,21956710,108.7709,0,21956710,0
1958,21956710,108.8046,0,21956710,0
1959,21956710,108.8369,0,21956710,0
1960,21956710,108.8692,0,21956710,0
1961,21956710,108.948,0,21956710,0
1962,21956710,109.0264,0,21956710,0
1963,21956710,109.1049,0,21956710,0
1964,21956710,109.1381,0,21956710,0
1965,21956710,109.1705,0,21956710,0
1966,21956710,109.2028,0,21956710,0
1967,21956710,109.2813,0,21956710,0
1968,21956710,109.3594,0,21956710,0
1969,21956710,109.4375,0,21956710,0
1970,21956710,109.4707,0,21956710,0
1971,21956710,109.5027,0,21956710,0
1972,21956710,109.5348,0,21956710,0
1973,21956710,109.6131,0,21956710,0
1974,21956710,109.6916,0,21956710,0
1975,21956710,109.7703,0,21956710,0
1976,21956710,109.8034,0,21956710,0
1977,21956710,109.8355,0,21956710,0
1978,21956710,109.8677,0,21956710,0
1979,21956710,109.9471,0,21956710,0
1980,21956710,110.0233,0,21956710,0
1981,21956710,110.0997,0,21956710,0
1982,21956710,110.1331,0,21956710,0
1983,21956710,110.1649,0,21956710,0
1984,21956710,110.1964,0,21956710,0
1985,21956710,110.2734,0,21956710,0
1986,21956710,110.3497,0,21956710,0
1987,21956710,110.4268,0,21956710,0
1988,21956710,110.4601,0,21956710,0
1989,21956710,110.4922,0,21956710,0
1990,21956710,110.5243,0,21956710,0
1991,21956710,110.6022,0,21956710,0
1992,21956710,110.6798,0,21956710,0
1993,21956710,110.7571,0,21956710,0
1994,21956710,110.7907,0,21956710,0
1995,21956710,110.8229,0,21956710,0
1996,21956710,110.8552,0,21956710,0
1997,21956710,110.9336,0,21956710,0
1998,21956710,111.0112,0,21956710,0
1999,21956710,111.0889,0,21956710,0
2000,21956710,111.1234,0,21956710,0
2001,21956710,111.1564,0,21956710,0
