1,1.520974938715384e+18,0.59993
2,1.164585305363094e+18,2.6467
3,8.999059463606051e+17,3.2608
4,6.194395202218821e+17,3.724
5,5.01716818830676e+17,4.156
6,4.371083306524728e+17,4.5634
7,3.641703768628402e+17,4.9751
8,3.166677672447694e+17,5.3939
9,2.69352164810188e+17,5.7971
10,2.412441304556531e+17,6.2075
11,2.213996378379884e+17,6.6136
12,2.097539905531584e+17,7.015
13,2.007231913686116e+17,7.4161
14,1.949285931527005e+17,7.819
15,1.833404852947648e+17,8.2204
16,1.780224036496343e+17,8.6215
17,1.742711051826144e+17,9.0217
18,1.716305826897863e+17,9.4232
19,1.695265360367728e+17,9.8255
20,1.695868339174321e+17,10.227
21,1.710908339773651e+17,10.6294
22,1.519709368573651e+17,11.0425
23,1.425703630290002e+17,11.4469
24,1.332533353890002e+17,11.8475
25,1.253529311890002e+17,12.2501
26,1.179777279296414e+17,12.6512
27,1.112899672296414e+17,13.0517
28,1.048306146500025e+17,13.4527
29,9.924891884525059e+16,13.8533
30,9.440232300525059e+16,14.2542
31,9.003076983781864e+16,14.6555
32,8.566147719781864e+16,15.0567
33,8.138239752081587e+16,15.4573
34,7.741111700756576e+16,15.8585
35,7.351977323461928e+16,16.2675
36,6.991908415075524e+16,16.6686
37,6.65015848581956e+16,17.0693
38,6.3160566583444e+16,17.4702
39,5.991240045315453e+16,17.871
40,5.670191128728734e+16,18.2731
41,5.359516243318544e+16,18.6738
42,5.053397185533199e+16,19.0743
43,4.772776495545922e+16,19.4743
44,4.493795355545922e+16,19.8759
45,4.27579073349241e+16,20.2787
46,4.06038983856699e+16,20.6806
47,3.87069655856699e+16,21.0828
48,3.683193298359708e+16,21.4855
49,3.505502828359708e+16,21.8869
50,3.334028515495427e+16,22.2893
51,3.167498331740427e+16,22.6915
52,3.003945741293107e+16,23.0928
53,2.84343135717398e+16,23.4932
54,2.621614546369674e+16,23.8944
55,2.462649816369623e+16,24.2974
56,2.304018051098711e+16,24.6991
57,2.168509889098711e+16,25.1004
58,2.040601921398431e+16,25.5014
59,1.916618807800098e+16,25.9047
60,1.794539877800098e+16,26.3353
61,1.683056286651233e+16,26.7668
62,1.587864344651233e+16,27.169
63,1.493809187635935e+16,27.5695
64,1.418617245635935e+16,27.9706
65,1.352087061880935e+16,28.3716
66,1.289048946762866e+16,28.7736
67,1.230472529303552e+16,29.1747
68,1.174496964526914e+16,29.5759
69,1.103490755401952e+16,29.9808
70,1.048298813401952e+16,30.3828
71,9931379330371516,30.7849
72,9383690366203362,31.1877
73,8878121228499077,31.5894
74,8387451366499077,31.9911
75,7913262376794577,32.3922
76,7531221350634807,32.7955
77,7177821670634807,33.1984
78,6825902250634807,33.6
79,6480284630634807,34.0023
80,6137807740634807,34.4028
81,5820956778399462,34.8039
82,5508479888399462,35.2053
83,5213344316399462,35.6147
84,4918931336399462,36.0159
85,4627287945302547,36.4178
86,4344811055302547,36.82
87,4085042447805302,37.2211
88,3835488361678070,37.6226
89,3660758550162465,38.0239
90,3486985395489395,38.4249
91,3333585715489395,38.8297
92,3181666295489395,39.2376
93,3033458754345810,39.6446
94,2887841134345810,40.0553
95,2756072254345810,40.4583
96,2635699666929605,40.8634
97,2442177363436920,41.2957
98,2330408483436920,41.7266
99,2222399912709270,42.1593
100,2081136942709270,42.59
101,1950039325277315,42.9949
102,1835594885277315,43.396
103,1741103868296114,43.7979
104,1651341025438594,44.1981
105,1564000067757628,44.6131
106,1481534525757628,45.013
107,1411068983757628,45.4162
108,1343955312122503,45.8172
109,1281642918122503,46.2178
110,1223177376122503,46.6199
111,1166147303522508,47.0214
112,1115834909522508,47.4223
113,1069369367522508,47.8247
114,1033489386198953,48.2578
115,999023844198953,48.6892
116,971019254198953,49.0934
117,938087954198953,49.4962
118,910083364198953,49.8979
119,884381228713948,50.2987
120,861915686713948,50.7015
121,841213870414073,51.1051
122,813830272647693,51.5077
123,793203680422488,51.9108
124,776845452668893,52.3121
125,752169092668893,52.7142
126,736321882668893,53.1157
127,715350562668893,53.5171
128,700212545268888,53.9181
129,685536185268888,54.3207
130,665262195268888,54.7245
131,649414985268888,55.1255
132,628443665268888,55.5278
133,613767305268888,55.9315
134,599429741268888,56.3332
135,587454911268888,56.7352
136,576483591268888,57.1407
137,560636381268888,57.545
138,549665061268888,57.9475
139,539504087860568,58.3497
140,520009997860568,58.7532
141,504162787860568,59.155
142,489486427860568,59.5565
143,478515107860568,59.9583
144,469021017860568,60.3604
145,459540607860568,60.7636
146,448286857860568,61.1688
147,436609307860568,61.5696
148,427421264740568,61.9706
149,418276092506948,62.3719
150,400271502506948,62.7745
151,392266912506948,63.1778
152,381013162506948,63.5793
153,370660573862328,63.9814
154,362655983862328,64.3835
155,355527169302072,64.7863
156,348788103869231,65.1951
157,342940893869231,65.5964
158,329170343869231,65.9984
159,314493983869231,66.4007
160,303997249834835,66.8023
161,294503159834835,67.204
162,287999719834835,67.606
163,282152509834835,68.008
164,273558993834835,68.4091
165,267767653834835,68.8117
166,262565235698674,69.2151
167,258520265136269,69.6183
168,254749715136269,70.0215
169,245255625136269,70.4231
170,238752185136269,70.8259
171,232533770508679,71.2277
172,226686560508679,71.6293
173,220093044508679,72.0319
174,215744526552474,72.4346
175,211635099136269,72.8375
176,206953501993789,73.2385
177,203188189136269,73.6409
178,197337033467914,74.0422
179,191489823467914,74.4548
180,186808226325434,74.8578
181,182214710325434,75.2614
182,178571775993789,75.6641
183,175113662380989,76.066
184,124980035959744,76.4675
185,121521922346944,76.8706
186,92781175959744,77.2737
187,90348763283299,77.6765
188,82463191959744,78.08
189,80030779283299,78.482
190,74145207959744,78.8845
191,71712795283299,79.2873
192,67827223959744,79.6913
193,65640912203989,80.0933
194,61323783959744,80.4963
195,59664842442164,80.8989
196,50098246550359,81.3034
197,48299074455139,81.706
198,46640132937559,82.1109
199,41814026057559,82.5143
200,40014853962339,82.9172
201,38412408790539,83.3198
202,36526837466984,83.7234
203,35510580855743,84.1275
204,34500738609338,84.5298
205,33581616360413,84.9328
206,32687424957033,85.3341
207,31857457452388,85.7362
208,30255012280588,86.1375
209,29425044775943,86.5385
210,28994274823943,86.9411
211,28962963874163,87.3447
212,28962963874163,87.7472
213,28962963874163,88.1487
214,28841975274163,88.5621
215,28722986674163,88.9696
216,28605998074163,89.3734
217,28491009474163,89.778
218,28378020874163,90.1827
219,28267032274163,90.5865
220,28158043674163,90.9898
221,28051055074163,91.3967
222,27946066474163,91.8006
223,27843077874163,92.2037
224,27742089274163,92.6072
225,27643100674163,93.0101
226,27546112074163,93.4139
227,27451123474163,93.8157
228,27358134874163,94.2195
229,27267146274163,94.6224
230,27178157674163,95.0261
231,27091169074163,95.4294
232,27004079074163,95.8354
233,26918090474163,96.2406
234,26833000474163,96.6453
235,26748011874163,97.0492
236,26664921874163,97.4525
237,26580933274163,97.8558
238,26498944674163,98.2594
239,26416854674163,98.6632
240,26335866074163,99.0682
241,26255776074163,99.4711
242,26175787474163,99.8763
243,26097697474163,100.2784
244,26018708874163,100.6831
245,25941720274163,101.0861
246,25864630274163,101.4897
247,25788641674163,101.8938
248,25713551674163,102.2977
249,25638563074163,102.7019
250,25565473074163,103.1062
251,25491484474163,103.5094
252,25419495874163,103.9137
253,25347405874163,104.3171
254,25276417274163,104.7212
255,25206327274163,105.1259
256,25136338674163,105.5286
257,25068248674163,105.9317
258,24999260074163,106.3345
259,24932271474163,106.7435
260,24865181474163,107.1577
261,24799192874163,107.5673
262,24734102874163,107.9735
263,24669114274163,108.3895
264,24606024274163,108.8097
265,24542035674163,109.2252
266,24480047074163,109.633
267,24417490882483,110.0397
268,24356502282483,110.4524
269,24294946682483,110.8597
270,24234958082483,111.2718
271,24174402482483,111.691
272,24115413882483,112.1096
273,24055858282483,112.5223
274,23997869682483,112.9442
275,23939314082483,113.3524
276,23882325482483,113.7711
277,23824769882483,114.1834
278,23768781282483,114.6125
279,23712225682483,115.0401
280,23657237082483,115.4825
281,23601681482483,115.9189
282,23547692882483,116.3561
283,23493137282483,116.7827
284,23440148682483,117.2076
285,23386593082483,117.6295
286,23334604482483,118.0558
287,23282048882483,118.4638
288,23231060282483,118.8752
289,23179504682483,119.2803
290,23129516082483,119.6874
291,23078960482483,120.0967
292,23029971882483,120.5014
293,22980416282483,120.9068
294,22932427682483,121.3134
295,22883872082483,121.72
296,22836883482483,122.1284
297,22789327882483,122.5394
298,22743339282483,122.9503
299,22696783682483,123.3622
300,22651795082483,123.7676
301,22606239482483,124.1744
302,22562250882483,124.5867
303,22517695282483,124.9917
304,22474706682483,125.3987
305,22431151082483,125.8049
306,22389162482483,126.2119
307,22346606882483,126.6188
308,22305618282483,127.0307
309,22264062682483,127.4343
310,22223868577878,127.8388
311,22183312977878,128.2452
312,22143183277878,128.6529
313,22103627677878,129.0586
314,22063497977878,129.4642
315,22024368277878,129.8696
316,21984812677878,130.2822
317,21945682977878,130.6945
318,21907127377878,131.101
319,21867997677878,131.5088
320,21829867977878,131.9138
321,21791312377878,132.3185
322,21753182677878,132.7232
323,21715627077878,133.1326
324,21677497377878,133.5407
325,21640367677878,133.9512
326,21602812077878,134.3617
327,21565682377878,134.773
328,21529126777878,135.18
329,21491997077878,135.5849
330,21455867377878,135.9896
331,21419311777878,136.3995
332,21383182077878,136.8064
333,21347626477878,137.2232
334,21311496777878,137.6359
335,21276367077878,138.0553
336,21240811477878,138.4759
337,21205681777878,138.8971
338,21171126177878,139.3066
339,21135996477878,139.7114
340,21101866777878,140.118
341,21067311177878,140.5289
342,21033181477878,140.9332
343,20999625877878,141.3457
344,20965497790678,141.7549
345,20932417950678,142.1623
346,20899538110678,142.5722
347,20866858270678,142.978
348,20834302670678,143.3827
349,20801822830678,143.7932
350,20769542990678,144.2041
351,20737463150678,144.6133
352,20705583310678,145.0195
353,20673903470678,145.4283
354,20642423630678,145.8342
355,20611143790678,146.2407
356,20580063950678,146.6509
357,20549184110678,147.0586
358,20518504270678,147.4644
359,20487948670678,147.8728
360,20457468830678,148.2797
361,20427188990678,148.6881
362,20397109150678,149.094
363,20367229310678,149.4996
364,20337549470678,149.9059
365,20308069630678,150.3144
366,20278789790678,150.7208
367,20249709950678,151.1291
368,20220830110678,151.5389
369,20192150270678,151.9456
370,20163594670678,152.3518
371,20135114830678,152.7653
372,20106834990678,153.1767
373,20078755150678,153.5825
374,20050875310678,153.9885
375,20023195470678,154.3973
376,19995715630678,154.8095
377,19968435790678,155.2148
378,19941635927123,155.6229
379,19915080327123,156.0292
380,19889448787123,156.436
381,19864893187123,156.8414
382,19840461647123,157.2469
383,19817230107123,157.6531
384,19794674507123,158.0619
385,19772642967123,158.549
386,19751349267123,158.967
387,19729793667123,159.3828
388,19708962127123,159.7911
389,19689330587123,160.2001
390,19669774987123,160.6069
391,19651343447123,161.0207
392,19633507447123,161.4303
393,19611213747123,161.8391
394,19592658147123,162.2535
395,19574822147123,162.6606
396,19552528447123,163.0698
397,19534692447123,163.4814
398,19513398747123,163.8985
399,19494843147123,164.3091
400,19477007147123,164.7197
401,19455713447123,165.133
402,19437877447123,165.5456
403,19417583747123,165.9541
404,19399028147123,166.3605
405,19381192147123,166.7705
406,19360898447123,167.1783
407,19343062447123,167.5874
408,19323768747123,167.9964
409,19305213147123,168.4061
410,19287377147123,168.8194
411,19268083447123,169.2333
412,19250247447123,169.6523
413,19231953747123,170.0638
414,19213398147123,170.4731
415,19195562147123,170.8834
416,19177268447123,171.296
417,19159432447123,171.7044
418,19141876847123,172.1133
419,19123583147123,172.5207
420,19105747147123,172.9283
421,19088453447123,173.3333
422,19070617447123,173.7392
423,19053061847123,174.1533
424,19035768147123,174.5653
425,19017932147123,174.9756
426,19000700607123,175.3814
427,18984145007123,175.7892
428,18966851307123,176.1958
429,18949015307123,176.6034
430,18932721607123,177.0102
431,18914885607123,177.4207
432,18898330007123,177.8284
433,18882036307123,178.2357
434,18864200307123,178.6447
435,18848168767123,179.0551
436,18832613167123,179.464
437,18816319467123,179.8738
438,18798483467123,180.2846
439,18783189767123,180.6985
440,18765353767123,181.114
441,18749798167123,181.5268
442,18734504467123,181.9367
443,18716668467123,182.3448
444,18701836927123,182.7719
445,18687281327123,183.1809
446,18671987627123,183.588
447,18654151627123,183.9955
448,18639857927123,184.4039
449,18622021927123,184.8149
450,18607466327123,185.2219
451,18593172627123,185.6299
452,18575336627123,186.0366
453,18561705087123,186.4422
454,18548149487123,186.8491
455,18533855787123,187.2577
456,18516019787123,187.6636
457,18502491887123,188.0691
458,18488027047123,188.4821
459,18474471447123,188.8918
460,18460177747123,189.3034
461,18442341747123,189.7152
462,18428813847123,190.122
463,18414549007123,190.5438
464,18400993407123,190.9605
465,18386699707123,191.3653
466,18368863707123,191.771
467,18355335807123,192.1836
468,18341270967123,192.5934
469,18327715367123,193.0016
470,18313421667123,193.4088
471,18295585667123,193.8149
472,18282057767123,194.2206
473,18268192927123,194.6294
474,18254637327123,195.0457
475,18240343627123,195.4687
476,18222507627123,195.8799
477,18208979727123,196.2864
478,18195314887123,196.6919
479,18181759287123,197.1021
480,18167465587123,197.5133
481,18149629587123,197.9308
482,18136101687123,198.3438
483,18122546087123,198.7508
484,18108252387123,199.1581
485,18090416387123,199.566
486,18076951547123,199.9791
487,18063423647123,200.3884
488,18049868047123,200.8079
489,18035574347123,201.2288
490,18017738347123,201.6533
491,18004444647123,202.0731
492,17986608647123,202.483
493,17973053047123,202.8911
494,17959525147123,203.3042
495,17945260307123,203.7146
496,17931966607123,204.1374
497,17914130607123,204.5487
498,17900575007123,204.9551
499,17887047107123,205.3596
500,17872982267123,205.7673
501,17859688567123,206.1748
502,17841852567123,206.5846
503,17828296967123,206.9933
504,17814769067123,207.4007
505,17800904227123,207.8081
506,17787610527123,208.2135
507,17769774527123,208.6201
508,17756218927123,209.0273
509,17742691027123,209.4392
510,17729026187123,209.8492
511,17715732487123,210.2582
512,17697896487123,210.6654
513,17684340887123,211.0715
514,17670812987123,211.4779
515,17657348147123,211.8843
516,17644054447123,212.2897
517,17626218447123,212.6961
518,17612662847123,213.1031
519,17599134947123,213.5088
520,17585841247123,213.9152
521,17568005247123,214.3216
522,17554449647123,214.7282
523,17541155947123,215.1339
524,17523319947123,215.541
525,17510055107123,215.9467
526,17496527207123,216.3543
527,17482971607123,216.7605
528,17469677907123,217.1734
529,17451841907123,217.5792
530,17438777067123,217.9846
531,17425249167123,218.3901
532,17411693567123,218.7991
533,17398399867123,219.2063
534,17381050162343,219.6117
535,17368185322343,220.0181
536,17354657422343,220.4233
537,17341101822343,220.8293
538,17327808122343,221.2346
539,17311458322343,221.6395
540,17298793482343,222.0449
541,17285265582343,222.4514
542,17271709982343,222.8596
543,17258416282343,223.2676
544,17243066482343,223.6778
545,17230510882343,224.0836
546,17216982982343,224.4898
547,17203518142343,224.8953
548,17190224442343,225.3045
549,17175874642343,225.7105
550,17163319042343,226.1168
551,17149791142343,226.5227
552,17136497442343,226.9322
553,17123147642343,227.3452
554,17109882802343,227.7578
555,17097327202343,228.1687
556,17083799302343,228.5753
557,17070505602343,228.9826
558,17057440762343,229.3899
559,17044885162343,229.7956
560,17031357262343,230.2012
561,17018492422343,230.6063
562,17005964522343,231.0137
563,16993299682343,231.4195
564,16980744082343,231.8303
565,16968216182343,232.2369
566,16955751342343,232.6454
567,16943319802343,233.0509
568,16930970002343,233.4631
569,16916676302343,233.8827
570,16904120702343,234.2951
571,16891592802343,234.7022
572,16879327962343,235.1073
573,16867079662343,235.5133
574,16854848122343,235.92
575,16842599822343,236.3273
576,16830568282343,236.7373
577,16818319982343,237.1465
578,16806488442343,237.553
579,16794240142343,237.9585
580,16782608602343,238.3685
581,16770360302343,238.7804
582,16758804702343,239.1857
583,16746276802343,239.5911
584,16734211962343,240.0011
585,16722684062343,240.4146
586,16710819222343,240.8233
587,16699263622343,241.2293
588,16687735722343,241.6361
589,16676070882343,242.0425
590,16664639342343,242.45
591,16652391042343,242.8573
592,16641041242343,243.2664
593,16624747542343,243.6715
594,16613191942343,244.0832
595,16601664042343,244.4895
