1,1.520974938715384e+18,0.69997
2,1.164585305363094e+18,2.9777
3,8.999059463606051e+17,3.6609
4,6.194395202218821e+17,4.1173
5,5.01716818830676e+17,4.5536
6,4.371083306524728e+17,4.9651
7,3.641703768628402e+17,5.3747
8,3.166677672447694e+17,5.8053
9,2.69352164810188e+17,6.2174
10,2.412441304556531e+17,6.626
11,2.213996378379884e+17,7.0366
12,2.097539905531584e+17,7.4479
13,2.007231913686116e+17,7.8584
14,1.949285931527005e+17,8.2878
15,1.833404852947648e+17,8.7062
16,1.780224036496343e+17,9.1186
17,1.742711051826144e+17,9.5303
18,1.716305826897863e+17,9.9439
19,1.695265360367728e+17,10.355
20,1.695868339174321e+17,10.7676
21,1.710908339773651e+17,11.1793
22,1.519709368573651e+17,11.6095
23,1.425703630290002e+17,12.0259
24,1.332533353890002e+17,12.4416
25,1.253529311890002e+17,12.847
26,1.179777279296414e+17,13.2565
27,1.112899672296414e+17,13.6785
28,1.048306146500025e+17,14.0838
29,9.924891884525059e+16,14.4889
30,9.440232300525059e+16,14.8971
31,9.003076983781864e+16,15.3023
32,8.566147719781864e+16,15.7073
33,8.138239752081587e+16,16.1129
34,7.741111700756576e+16,16.5191
35,7.351977323461928e+16,16.9245
36,6.991908415075524e+16,17.3296
37,6.65015848581956e+16,17.7423
38,6.3160566583444e+16,18.1478
39,5.991240045315453e+16,18.5532
40,5.670191128728734e+16,18.9591
41,5.359516243318544e+16,19.3642
42,5.053397185533199e+16,19.7695
43,4.772776495545922e+16,20.1749
44,4.493795355545922e+16,20.5859
45,4.27579073349241e+16,20.9964
46,4.06038983856699e+16,21.4012
47,3.87069655856699e+16,21.8068
48,3.683193298359708e+16,22.2126
49,3.505502828359708e+16,22.6182
50,3.334028515495427e+16,23.0238
51,3.167498331740427e+16,23.4285
52,3.003945741293107e+16,23.8388
53,2.84343135717398e+16,24.2441
54,2.621614546369674e+16,24.6529
55,2.462649816369623e+16,25.0647
56,2.304018051098711e+16,25.4769
57,2.168509889098711e+16,25.8877
58,2.040601921398431e+16,26.2997
59,1.916618807800098e+16,26.7168
60,1.794539877800098e+16,27.1288
61,1.683056286651233e+16,27.538
62,1.587864344651233e+16,27.961
63,1.493809187635935e+16,28.3698
64,1.418617245635935e+16,28.7925
65,1.352087061880935e+16,29.214
66,1.289048946762866e+16,29.6258
67,1.230472529303552e+16,30.0323
68,1.174496964526914e+16,30.4371
69,1.103490755401952e+16,30.8454
70,1.048298813401952e+16,31.2562
71,9931379330371516,31.6679
72,9383690366203362,32.0748
73,8878121228499077,32.4855
74,8387451366499077,32.8957
75,7913262376794577,33.3016
76,7531221350634807,33.7064
77,7177821670634807,34.112
78,6825902250634807,34.5172
79,6480284630634807,34.9262
80,6137807740634807,35.3325
81,5820956778399462,35.7435
82,5508479888399462,36.1488
83,5213344316399462,36.5542
84,4918931336399462,36.9755
85,4627287945302547,37.3838
86,4344811055302547,37.7889
87,4085042447805302,38.1943
88,3835488361678070,38.6056
89,3660758550162465,39.0164
90,3486985395489395,39.4214
91,3333585715489395,39.828
92,3181666295489395,40.2342
93,3033458754345810,40.6395
94,2887841134345810,41.0473
95,2756072254345810,41.4579
96,2635699666929605,41.8745
97,2442177363436920,42.2847
98,2330408483436920,42.6899
99,2222399912709270,43.102
100,2081136942709270,43.5133
101,1950039325277315,43.9263
102,1835594885277315,44.3401
103,1741103868296114,44.7581
104,1651341025438594,45.1714
105,1564000067757628,45.5852
106,1481534525757628,45.9984
107,1411068983757628,46.4115
108,1343955312122503,46.8237
109,1281642918122503,47.2387
110,1223177376122503,47.6587
111,1166147303522508,48.0778
112,1115834909522508,48.4913
113,1069369367522508,48.906
114,1033489386198953,49.319
115,999023844198953,49.7331
116,971019254198953,50.1471
117,938087954198953,50.5593
118,910083364198953,50.9745
119,884381228713948,51.3814
120,861915686713948,51.789
121,841213870414073,52.1969
122,813830272647693,52.6044
123,793203680422488,53.0123
124,776845452668893,53.4191
125,752169092668893,53.838
126,736321882668893,54.2538
127,715350562668893,54.6666
128,700212545268888,55.0805
129,685536185268888,55.4939
130,665262195268888,55.9054
131,649414985268888,56.3204
132,628443665268888,56.7425
133,613767305268888,57.1556
134,599429741268888,57.5699
135,587454911268888,57.9837
136,576483591268888,58.3979
137,560636381268888,58.8118
138,549665061268888,59.2259
139,539504087860568,59.6435
140,520009997860568,60.0572
141,504162787860568,60.4717
142,489486427860568,60.8805
143,478515107860568,61.2933
144,469021017860568,61.7069
145,459540607860568,62.1206
146,448286857860568,62.5312
147,436609307860568,62.9489
148,427421264740568,63.3619
149,418276092506948,63.7736
150,400271502506948,64.1869
151,392266912506948,64.6006
152,381013162506948,65.0132
153,370660573862328,65.4371
154,362655983862328,65.8819
155,355527169302072,66.2966
156,348788103869231,66.7174
157,342940893869231,67.1312
158,329170343869231,67.5476
159,314493983869231,67.9634
160,303997249834835,68.3856
161,294503159834835,68.8009
162,287999719834835,69.2088
163,282152509834835,69.6165
164,273558993834835,70.0241
165,267767653834835,70.4314
166,262565235698674,70.8384
167,258520265136269,71.2453
168,254749715136269,71.6581
169,245255625136269,72.0659
170,238752185136269,72.4832
171,232533770508679,72.8975
172,226686560508679,73.3123
173,220093044508679,73.73
174,215744526552474,74.1446
175,211635099136269,74.5576
176,206953501993789,74.9776
177,203188189136269,75.392
178,197337033467914,75.8052
179,191489823467914,76.219
180,186808226325434,76.6328
181,182214710325434,77.0461
182,178571775993789,77.4595
183,175113662380989,77.8747
184,124980035959744,78.2915
185,121521922346944,78.6991
186,92781175959744,79.117
187,90348763283299,79.5228
188,82463191959744,79.9265
189,80030779283299,80.3309
190,74145207959744,80.7366
191,71712795283299,81.1399
192,67827223959744,81.5435
193,65640912203989,81.9475
194,61323783959744,82.3516
195,59664842442164,82.7542
196,50098246550359,83.1566
197,48299074455139,83.569
198,46640132937559,83.9733
199,41814026057559,84.3768
200,40014853962339,84.7804
201,38412408790539,85.1837
202,36526837466984,85.5874
203,35510580855743,85.9896
204,34500738609338,86.3921
205,33581616360413,86.7966
206,32687424957033,87.2002
207,31857457452388,87.6046
208,30255012280588,88.0197
209,29425044775943,88.4274
210,28994274823943,88.8337
211,28962963874163,89.2366
212,28962963874163,89.6408
213,28962963874163,90.0481
214,28841975274163,90.4727
215,28722986674163,90.8885
216,28605998074163,91.3118
217,28491009474163,91.7234
218,28378020874163,92.1356
219,28267032274163,92.5511
220,28158043674163,92.9596
221,28051055074163,93.3636
222,27946066474163,93.7704
223,27843077874163,94.176
224,27843077874163,94.5888
225,27843077874163,95.0014
226,4768019532832329,95.4124
227,4768019532832329,95.8202
228,4768019532832329,96.2251
229,4768019532832329,96.6299
230,4768019532832329,97.0352
231,4768019532832329,97.447
232,4768019532832329,97.8524
233,4768019532832329,98.2591
234,4768019532832329,98.6651
235,4768019532832329,99.0706
236,3345138953307004,99.4752
237,2293219533307004,99.8789
238,1441300113307004,100.2827
239,789380693307004,100.6868
240,337461273307004,101.0903
241,85541853307004,101.4938
242,27843077874163,101.8966
243,27843077874163,102.3029
244,27843077874163,102.7069
245,27742089274163,103.1155
246,27643100674163,103.5271
247,27546112074163,103.9337
248,27451123474163,104.3401
249,27358134874163,104.7452
250,27358134874163,105.1495
251,27358134874163,105.5546
252,5281199062065316,105.9587
253,5281199062065316,106.3646
254,5281199062065316,106.7742
255,5281199062065316,107.1823
256,5281199062065316,107.5895
257,5281199062065316,108.0038
258,5281199062065316,108.4137
259,5281199062065316,108.8228
260,5281199062065316,109.2279
261,5281199062065316,109.6345
262,4919194555207796,110.0392
263,4894794668157668,110.4456
264,4795614625207796,110.8568
265,4779513906428146,111.2623
266,4319361784193316,111.6671
267,3246798884193316,112.0691
268,2374235984193316,112.4724
269,1701673084193316,112.8809
270,703693903088626,113.2863
271,140492089604818,113.7011
272,66047203463793,114.1057
273,45573591033158,114.5095
274,25923501515578,114.9137
275,21241904373098,115.3187
276,19442732277878,115.7218
277,19442732277878,116.1314
278,19442732277878,116.548
279,19395602577878,116.9536
280,19349472877878,117.3585
281,19304343177878,117.7623
282,19260213477878,118.1669
283,19217083777878,118.572
284,19217083777878,118.9785
285,19217083777878,119.3835
286,5440320819918903,119.7891
287,5440320819918903,120.1929
288,5440320819918903,120.598
289,5440320819918903,121.0032
290,5440320819918903,121.4096
291,5440320819918903,121.8181
292,5440320819918903,122.226
293,5440320819918903,122.6348
294,5440320819918903,123.0413
295,5440320819918903,123.4466
296,5294064529918903,123.8521
297,5149808239918903,124.2556
298,5007551949918903,124.6596
299,4906371906969031,125.0614
300,4871977257061383,125.464
301,4772797214111511,125.8678
302,4748397327061383,126.2709
303,4651217284111511,126.6741
304,4636817397061383,127.078
305,4541637354111511,127.4808
306,4526058611543466,127.8844
307,4509377252929466,128.2887
308,4089225130694636,128.6935
309,3056662230694636,129.0973
310,2224099330694636,129.5006
311,1591536430694636,129.904
312,633557249589946,130.3089
313,110355436106138,130.7137
314,66423129965113,131.1178
315,40208860447533,131.522
316,20850903305053,131.9261
317,19051731209833,132.3314
318,17434250650758,132.7358
319,12839279777878,133.1402
320,12839279777878,133.5453
321,12839279777878,133.9503
322,12797150077878,134.3546
323,12756020377878,134.7599
324,12715492477878,135.1642
325,12675362777878,135.5691
326,12636233077878,135.9726
327,12636233077878,136.3799
328,12636233077878,136.7846
329,6290155368036044,137.1877
330,6290155368036044,137.5909
331,6290155368036044,137.9954
332,6290155368036044,138.3993
333,6290155368036044,138.8052
334,6290155368036044,139.2095
335,6290155368036044,139.6156
336,6290155368036044,140.0213
337,6290155368036044,140.4265
338,6290155368036044,140.8337
339,3930987717296124,141.238
340,2778972398510719,141.6399
341,1827052978510719,142.0418
342,1075133558510719,142.4557
343,523214138510719,142.8571
344,171294718510719,143.2596
345,19375298510719,143.663
346,12636233077878,144.0662
347,12636233077878,144.4695
348,12636233077878,144.8719
349,12597705177878,145.2747
350,12559575477878,145.6776
351,12522445777878,146.082
352,12485917877878,146.4846
353,12449788177878,146.8879
354,12449788177878,147.2928
355,12449788177878,147.6967
356,4752626243136044,148.1005
357,4752626243136044,148.504
358,4752626243136044,148.9089
359,4752626243136044,149.3137
360,4752626243136044,149.7193
361,4752626243136044,150.1239
362,4752626243136044,150.5348
363,4752626243136044,150.9421
364,4752626243136044,151.3477
365,4752626243136044,151.7526
366,3329745663610719,152.1569
367,2277826243610719,152.5597
368,1425906823610719,152.9638
369,773987403610719,153.3668
370,322067983610719,153.7703
371,70148563610719,154.1745
372,12449788177878,154.5779
373,12449788177878,154.9818
374,12449788177878,155.3858
375,12414658477878,155.7899
376,12380130577878,156.1931
377,12346000877878,156.5971
378,12312871177878,157.0003
379,12279791337878,157.4046
380,12279791337878,157.8098
381,12279791337878,158.2141
382,6289798926296044,158.6177
383,6289798926296044,159.0239
384,6289798926296044,159.4273
385,6289798926296044,159.833
386,6289798926296044,160.2399
387,6289798926296044,160.6458
388,6289798926296044,161.0509
389,6289798926296044,161.4565
390,6289798926296044,161.8631
391,6289798926296044,162.2693
392,3930631275556124,162.6722
393,2778615956770719,163.0749
394,1826696536770719,163.4782
395,1074777116770719,163.8827
396,522857696770719,164.2862
397,170938276770719,164.6908
398,19018856770719,165.0952
399,12279791337878,165.4988
400,12279791337878,165.9028
401,12279791337878,166.3063
402,12246911497878,166.7101
403,12214231657878,167.1141
404,12181703757878,167.5178
405,12149223917878,167.9272
406,12116944077878,168.3319
407,12116944077878,168.736
408,12116944077878,169.1404
409,4752293399036044,169.5445
410,4752293399036044,169.9482
411,4752293399036044,170.3526
412,4752293399036044,170.7588
413,4752293399036044,171.1642
414,4752293399036044,171.57
415,4752293399036044,171.9762
416,4752293399036044,172.3831
417,4752293399036044,172.7898
418,4752293399036044,173.1967
419,3329412819510719,173.6038
420,2277493399510719,174.0164
421,1425573979510719,174.4197
422,773654559510719,174.8236
423,321735139510719,175.2268
424,69815719510719,175.6304
425,12116944077878,176.034
426,12116944077878,176.4389
427,12116944077878,176.8446
428,12084814377878,177.2489
429,12052734537878,177.6528
430,12020854697878,178.057
431,11989174857878,178.4607
432,11957695017878,178.8639
433,11957695017878,179.2683
434,11957695017878,179.6749
435,6289476829976044,180.0798
436,6289476829976044,180.4839
437,6289476829976044,180.8871
438,6289476829976044,181.2915
439,6289476829976044,181.6974
440,6289476829976044,182.1041
441,6289476829976044,182.5101
442,6289476829976044,182.9156
443,6289476829976044,183.3216
444,6289476829976044,183.727
445,3930309179236124,184.1323
446,2778293860450719,184.5362
447,1826374440450719,184.9539
448,1074455020450719,185.3613
449,522535600450719,185.7675
450,170616180450719,186.1716
451,18696760450719,186.5766
452,11957695017878,186.98
453,11957695017878,187.3838
454,11957695017878,187.7867
455,11926415177878,188.1913
456,11895285477878,188.5951
457,11864205637878,189.0004
458,11833325797878,189.4042
459,11802645957878,189.8082
460,11802645957878,190.2135
461,11802645957878,190.6193
462,4751979100916044,191.0238
463,4751979100916044,191.4285
464,4751979100916044,191.8338
465,4751979100916044,192.2403
466,4751979100916044,192.6456
467,4751979100916044,193.0527
468,4751979100916044,193.4612
469,4751979100916044,193.8684
470,4751979100916044,194.2745
471,4751979100916044,194.6822
472,3329098521390719,195.0871
473,2277179101390719,195.4897
474,1425259681390719,195.892
475,773340261390719,196.2952
476,321420841390719,196.6985
477,69501421390719,197.1024
478,11802645957878,197.5064
479,11802645957878,197.9109
480,11802645957878,198.3152
481,11772118057878,198.7188
482,11741638217878,199.1223
483,11711358377878,199.5271
484,11681228677878,199.9304
485,11651148837878,200.3348
486,11651148837878,200.7416
487,11651148837878,201.1475
488,6289170283796044,201.5518
489,6289170283796044,201.9557
490,6289170283796044,202.3606
491,6289170283796044,202.7648
492,6289170283796044,203.171
493,6289170283796044,203.577
494,6289170283796044,203.9856
495,6289170283796044,204.3923
496,6289170283796044,204.7992
497,6289170283796044,205.206
498,3930002633056124,205.6118
499,2777987314270719,206.0162
500,1826067894270719,206.4193
501,1074148474270719,206.8265
502,522229054270719,207.2307
503,170309634270719,207.6351
504,18390214270719,208.0398
505,11651148837878,208.4451
506,11651148837878,208.8496
507,11651148837878,209.2543
508,11621268997878,209.662
509,11591589157878,210.0659
510,11562109317878,210.4695
511,11532829477878,210.8735
512,11503699777878,211.2776
513,11503699777878,211.6838
514,11503699777878,212.0887
515,4751680154736044,212.4928
516,4751680154736044,212.8974
517,4751680154736044,213.3012
518,4751680154736044,213.7062
519,4751680154736044,214.1122
520,4751680154736044,214.5177
521,4751680154736044,214.9249
522,4751680154736044,215.3314
523,4751680154736044,215.7391
524,4751680154736044,216.1461
525,3328799575210719,216.5514
526,2276880155210719,216.9548
527,1424960735210719,217.3597
528,773041315210719,217.7663
529,321121895210719,218.17
530,69202475210719,218.5748
531,11503699777878,218.9804
532,11503699777878,219.3888
533,11503699777878,219.7956
534,11474619937878,220.2003
535,11445740097878,220.6039
536,11417060257878,221.0072
537,11388532357878,221.4111
538,11360052517878,221.8164
539,11360052517878,222.2217
540,11360052517878,222.6287
541,6288879187476044,223.0315
542,6288879187476044,223.4353
543,6288879187476044,223.8383
544,6288879187476044,224.2434
545,6288879187476044,224.6505
546,6288879187476044,225.0568
547,6288879187476044,225.4627
548,6288879187476044,225.8696
549,6288879187476044,226.2769
550,6288879187476044,226.6825
551,3929711536736124,227.0874
552,2777696217950719,227.4906
553,1825776797950719,227.8968
554,1073857377950719,228.3009
555,521937957950719,228.7043
556,170018537950719,229.1076
557,18099117950719,229.5127
558,11360052517878,229.9194
559,11360052517878,230.3321
560,11360052517878,230.743
561,11331772677878,231.1568
562,11303642977878,231.5702
563,11275563137878,231.978
564,11247683297878,232.3907
565,11220003457878,232.8105
566,11220003457878,233.2169
567,11220003457878,233.6239
568,4751396458416044,234.0298
569,4751396458416044,234.4362
570,4751396458416044,234.8412
571,4751396458416044,235.2469
572,4751396458416044,235.655
573,4751396458416044,236.0607
574,4751396458416044,236.4789
575,4751396458416044,236.8897
576,4751396458416044,237.2984
577,4751396458416044,237.7066
578,3328515878890719,238.112
579,2276596458890719,238.5158
580,1424677038890719,238.9187
581,772757618890719,239.3215
582,320838198890719,239.7275
583,68918778890719,240.1319
584,11220003457878,240.5358
585,11220003457878,240.9401
586,11220003457878,241.3473
587,11192523617878,241.7553
588,11165243777878,242.161
589,11138114077878,242.566
590,11111314214323,242.9732
591,11084786314323,243.3778
592,11084786314323,243.786
593,11084786314323,244.1933
594,6288603921272489,244.5989
595,6288603921272489,245.0038
596,6288603921272489,245.4092
597,6288603921272489,245.8192
598,6288603921272489,246.2282
599,6288603921272489,246.6334
600,6288603921272489,247.0483
601,6288603921272489,247.4574
602,6288603921272489,247.8656
603,6288603921272489,248.2759
604,3929436270532569,248.6829
605,2777420951747164,249.0873
606,1825501531747164,249.4909
607,1073582111747164,249.8949
608,521662691747164,250.2988
609,169743271747164,250.7028
610,17823851747164,251.11
611,11084786314323,251.5135
612,11084786314323,251.9213
613,11084786314323,252.3304
614,11058656614323,252.7511
615,11033025074323,253.1618
616,11007895374323,253.5772
617,10983367474323,253.9908
618,10958935934323,254.4411
619,10958935934323,254.8506
620,10958935934323,255.2558
621,4751135390892489,255.6598
622,4751135390892489,256.0639
623,4751135390892489,256.4683
624,4751135390892489,256.8724
625,4751135390892489,257.2771
626,4751135390892489,257.6834
627,4751135390892489,258.0906
628,4751135390892489,258.4975
629,4751135390892489,258.9039
630,4751135390892489,259.3114
631,3328254811367164,259.7165
632,2276335391367164,260.1198
633,1424415971367164,260.5231
634,772496551367164,260.9277
635,320577131367164,261.3312
636,68657711367164,261.7349
637,10958935934323,262.1389
638,10958935934323,262.5424
639,10958935934323,262.9465
640,10934806234323,263.3507
641,10911574694323,263.7555
642,10888444994323,264.1603
643,10865917094323,264.5638
644,10843787394323,264.9672
645,10843787394323,265.3719
646,10843787394323,265.7766
647,6288362922352489,266.1811
648,6288362922352489,266.5853
649,6288362922352489,266.9906
650,6288362922352489,267.396
651,6288362922352489,267.8007
652,6288362922352489,268.2065
653,6288362922352489,268.6137
654,6288362922352489,269.0226
655,6288362922352489,269.4293
656,6288362922352489,269.8366
657,3929195271612569,270.2429
658,2777179952827164,270.6547
659,1825260532827164,271.0642
660,1073341112827164,271.4799
661,521421692827164,271.8905
662,169502272827164,272.3033
663,17582852827164,272.7158
664,10843787394323,273.1247
665,10843787394323,273.5515
666,10843787394323,273.9572
667,10821755854323,274.3594
668,10800626154323,274.7603
669,10779794614323,275.1596
670,10759266714323,275.5755
671,10739137014323,276.0982
672,10739137014323,276.5696
673,10739137014323,276.9356
674,4750915591972489,277.3116
675,4750915591972489,277.7843
676,4750915591972489,278.1901
