1,1.081845797528687e+17,0.53124
2,5.535714118045653e+16,2.195
3,3.074515754153741e+16,3.1066
4,1.983489324614372e+16,3.8176
5,1.201501742901088e+16,4.4944
6,1.019873941275824e+16,5.1727
7,8994203723266215,5.8464
8,4341894725483749,6.5252
9,5069338992666424,7.1987
10,6633360789521164,7.8726
11,5069338992666424,8.5655
12,4341894725483749,9.2504
13,5069338992666424,9.9448
14,6633360789521164,10.6163
15,5069338992666424,11.2936
16,4341894725483749,11.9671
17,5069338992666424,12.6359
18,6633360789521164,13.3042
19,5069338992666424,13.9823
20,4341894725483749,14.6558
21,5069338992666424,15.3248
22,6633360789521164,15.9964
23,5069338992666424,16.6672
24,4341894725483749,17.3372
25,5069338992666424,18.0064
26,6633360789521164,18.6772
27,5069338992666424,19.3473
28,4341894725483749,20.0174
29,5069338992666424,20.6865
30,6633360789521164,21.3572
31,5069338992666424,22.0279
32,4341894725483749,22.6985
33,5069338992666424,23.3664
34,6633360789521164,24.0377
35,5069338992666424,24.7082
36,4341894725483749,25.3795
37,5069338992666424,26.0487
38,6633360789521164,26.7185
39,5069338992666424,27.3914
40,4341894725483749,28.061
41,5069338992666424,28.7094
