1,2.948088410721862e+17,0.30769
2,1.962061704307667e+17,0.32874
3,1.168250375442019e+17,0.33768
4,8.461849633224326e+16,0.34639
5,4.439259440054686e+16,0.35512
6,1.948227016357396e+16,0.3638
7,1.324933726725852e+16,0.37246
8,1.324933726725852e+16,0.38115
9,1.632253733480177e+16,0.3899
10,1.202515850049616e+16,0.41513
11,7744061470075658,0.43039
12,4670861402532408,0.44313
13,2666773002532408,0.45564
14,1096254442532408,0.46803
15,702573482532408,0.48049
16,337652403100408,0.49291
17,152121512067760,0.50533
18,72100070631280,0.51772
19,23460107757635,0.53017
20,5364761829185,0.54259
21,4243404897540,0.55505
22,3883000097540,0.5675
23,3538595297540,0.57995
24,3210190497540,0.59232
25,2897785697540,0.60471
26,2601380897540,0.61711
27,2601380897540,0.62795
28,2601380897540,0.6385
29,2601380897540,0.6472
30,2320976097540,0.66276
31,2056571297540,0.677
32,1808166497540,0.68945
33,1575761697540,0.70188
34,1359356897540,0.7143
35,1158952097540,0.72672
36,974547297540,0.73919
37,806142497540,0.7516
38,653737697540,0.76404
39,517332897540,0.77649
40,396928097540,0.78887
41,292523297540,0.80131
42,204118497540,0.81373
43,131713697540,0.82616
44,75308897540,0.83861
45,34904097540,0.85103
46,10499297540,0.86345
47,10499297540,0.87516
48,10499297540,0.88413
49,10499297540,0.89283
50,2094497540,0.90712
51,5120720,0.9198
52,0,0.93228
