1,4.589202379043059e+17,0.4843
2,4.023794546379667e+17,0.79104
3,3.548855973841189e+17,1.0973
4,3.13351212172961e+17,1.4024
5,2.745017875473103e+17,1.7086
6,2.380254121588431e+17,2.0136
7,2.045006175762169e+17,2.3192
8,1.772558234061626e+17,2.6242
9,1.585998618788243e+17,2.9302
10,1.415016718079715e+17,3.2367
11,1.268676599393933e+17,3.5456
12,1.15885085098854e+17,3.8506
13,1.059265637397857e+17,4.1557
14,9.791967110321829e+16,4.4605
15,9.317008963836648e+16,4.7656
16,8.932751725524189e+16,5.0705
17,8.589325745467565e+16,5.3751
18,8.452530082678632e+16,5.6805
19,8.316227055488578e+16,5.9853
20,8.316836434862072e+16,6.2903
21,8.280144495764651e+16,6.5989
22,8.316836434862072e+16,6.9039
23,8.316227055488578e+16,7.2117
24,7.41345949772859e+16,7.6727
25,6.667609793162502e+16,8.1297
26,5.962231478254867e+16,8.5867
27,5.397899341760879e+16,9.0437
28,4.977146047542724e+16,9.5053
29,4.576685129351502e+16,9.963
30,4.2341755665358e+16,10.4198
31,3.914739835826596e+16,10.8771
32,3.659786689652271e+16,11.3338
33,3.372758374403559e+16,11.7913
34,3.115094202697363e+16,12.2517
35,2.734416257997931e+16,12.7129
36,2.504516873879225e+16,13.1698
37,2.307157887566165e+16,13.6267
38,2.118282194366461e+16,14.0831
39,1.801612952960606e+16,14.5401
40,1.61654951771226e+16,14.997
41,1.469295294112261e+16,15.4586
42,1.330293750929095e+16,15.9151
43,1.210163297189546e+16,16.3723
44,1.109057886544678e+16,16.8299
45,1.024545374884428e+16,17.2883
46,9445897592185132,17.7467
47,8671416473785132,18.2062
48,8018437927676183,18.6669
49,7384241678467419,19.1238
50,6848397577325389,19.5804
51,6316150948746215,20.0373
52,5911082203425326,20.4941
53,5557065006146064,20.9512
54,5221980931179706,21.4106
55,4717778794785477,21.8678
56,4237331611407212,22.3239
57,3911151214862438,22.7803
58,3588004578953022,23.2366
59,3206701497793725,23.693
60,2910684532969871,24.1493
61,2644338908374442,24.6106
62,2288010245519146,25.0692
63,2082895087676572,25.5255
64,1896358266759597,25.9819
65,1736062520331170,26.4383
66,1597483223321771,26.8943
67,1468742994946138,27.3552
68,1352589154240378,27.8115
69,1269038424774905,28.2673
70,1200247317238400,28.7236
71,1134932893219423,29.1799
72,1071756198197983,29.6364
73,1015261757378107,30.0942
74,967577355793324.1,30.5534
75,927735790352268.6,31.0104
76,887935319677222.2,31.4666
77,849805070650164.2,31.9239
78,813590057737452.6,32.3801
79,780407754032115,32.8361
80,760246589991955,33.2926
81,746410279843009.1,33.7516
82,734172689618052.4,34.2126
83,722052533859356.8,34.6697
84,712303826762382.9,35.1258
85,683235367338179.8,35.5819
86,674263051168127.4,36.0432
87,664821127842055.9,36.5029
88,657145448570385.5,36.9639
89,652187564634896.5,37.4199
90,647381311925106,37.8758
91,645365486310534,38.3315
92,643382491318534,38.7874
93,641403016326534,39.2432
94,639427061334534,39.7059
95,637454626342534,40.1642
96,635485711350534,40.6203
97,633520316358534,41.0765
98,631558441366534,41.5327
99,629600086374534,41.9888
100,627645251382534,42.4494
101,625693936390534,42.9069
102,623746141398534,43.3632
103,621801866406534,43.8205
104,619861111414534,44.2763
105,617923876422534,44.7324
106,615990161430534,45.1893
107,614059966438534,45.6487
108,612133291446534,46.1047
109,610210136454534,46.5606
110,608290501462534,47.0164
111,2076099561218496,47.3355
112,608290501462534,47.6408
113,2076099561218496,47.9461
114,6627261015097970,48.2544
115,2845706767097970,48.7168
116,1349664128383966,49.1809
117,751921982028439.5,49.6489
118,200317038028439.4,50.1071
119,28451978504492.4,50.5631
120,21374896956058.8,51.0189
121,17714894299062.4,51.4776
122,15903476564534.9,51.9391
123,14785209550537.8,52.4046
124,13990231394165.4,52.8664
125,13346303800571.5,53.3264
126,13016060392571.5,53.7839
127,12692856984571.5,54.2414
128,12376693576571.5,54.7022
129,12067570168571.5,55.159
130,11765486760571.5,55.6165
131,11470443352571.5,56.0742
132,11182439944571.5,56.5311
133,10901476536571.5,56.9885
134,10627553128571.5,57.4503
135,10360669720571.5,57.9075
136,10100826312571.5,58.3642
137,9848022904571.5,58.8213
138,9602259496571.5,59.2777
139,9363536088571.5,59.7353
140,9131852680571.5,60.1922
141,8907209272571.5,60.6522
142,8689605864571.501,61.1093
143,8479042456571.501,61.5666
144,8275519048571.501,62.0245
145,8079035640571.501,62.4867
146,7889592232571.501,62.9493
147,7707188824571.501,63.4107
148,7531825416571.501,63.8683
149,7363502008571.501,64.3304
150,7202218600571.501,64.7921
151,7047975192571.501,65.2486
152,6900771784571.501,65.7059
153,6760608376571.501,66.1626
154,6624043288571.501,66.6228
155,6490919880571.501,67.0819
156,6357874792571.501,67.5419
157,6228349704571.501,68.0008
158,6102266296571.501,68.4591
159,5976261208571.5,68.9174
160,5853710824571.5,69.3829
161,5731225736571.5,69.8435
162,5612182328571.5,70.3032
163,5493151944571.5,70.762
164,5374186856571.5,71.2223
165,5258676472571.5,71.6812
166,5143231384571.5,72.1446
167,5031227976571.5,72.6109
168,4919237592571.5,73.0685
169,4807312504571.5,73.5349
170,4698842120571.5,73.9942
171,4590437032571.5,74.4532
172,4485473624571.5,74.9113
173,4380523240571.5,75.3738
174,4275638152571.5,75.8328
175,4174207768571.5,76.2921
176,4072842680571.5,76.7572
177,3974919272571.5,77.2245
178,3877008888571.5,77.6858
179,3779163800571.5,78.1427
180,3684773416571.5,78.6049
181,3590448328571.5,79.0623
182,3499564920571.5,79.5212
