1,6.9152595742192e+16,0.61435
2,4.944653789065086e+16,0.63108
3,3.357031131333791e+16,0.64
4,1.774949550156069e+16,0.64873
5,8892995156852134,0.6572
6,5315769870283671,0.6656
7,4069183291020582,0.67402
8,4069183291020582,0.68232
9,4683823304529232,0.69128
10,3495615432008493,0.71668
11,2067439489020433,0.73213
12,1177171944504817,0.74467
13,562531930996167,0.75708
14,122777755665919,0.76934
15,47790291091190,0.78154
16,20647272198515,0.79381
17,4642983911219,0.80588
18,224271386329,0.81813
19,0,0.83035
