1,7.562164263185862e+16,0.1332
2,5.541440769155042e+16,0.15241
3,3.763895502494586e+16,0.17129
4,2.57143911165657e+16,0.18998
5,2.12328108291109e+16,0.20875
6,1.695531602650855e+16,0.2274
7,1.379938525825395e+16,0.246
8,1.079285468315209e+16,0.26487
9,8401750447541530,0.28356
10,5622237338374917,0.30212
11,5622237338374917,0.32122
12,5659721181358942,0.33992
13,2517636164292994,0.36867
14,1651853651336586,0.39686
15,790126295630390,0.42459
16,545087527630390,0.45229
17,355713902236909,0.48002
18,238675134236909,0.50767
19,201191291252884,0.53556
20,37578041589700,0.56324
21,26589327093771,0.5909
22,15673558668167,0.61862
23,5405347264142,0.64625
24,2047507245661,0.67389
25,39519054436,0.70149
26,0,0.7291
