1,1.520974938715384e+18,0.42845
2,1.944280584644002e+17,2.0078
3,1.568672580798616e+17,2.5585
4,1.029582260245795e+17,3.0998
5,8.346440726344461e+16,3.5993
6,6.451463416244674e+16,4.1115
7,6.061370394687198e+16,4.5996
8,5.733831085453625e+16,5.0985
9,5.413950695362238e+16,5.5885
10,5.11991641563857e+16,6.0773
11,4.881934955853317e+16,6.5654
12,4.713924373831015e+16,7.0536
13,4.514895636990347e+16,7.5419
14,4.335763763294898e+16,8.0305
15,4.183493094718334e+16,8.5176
16,4.025977883621406e+16,9.0059
17,3.874567869453122e+16,9.497
18,3.723518603252666e+16,9.9835
19,3.5627736624121e+16,10.4706
20,3.41408210226324e+16,10.9591
21,3.281798173187983e+16,11.4472
22,3.149830948501325e+16,11.9387
23,3.022145790424631e+16,12.4294
24,2.901951211585825e+16,12.9197
25,2.782384690311363e+16,13.4081
26,2.680029675459761e+16,13.897
27,2.57951181562947e+16,14.3838
28,2.48600731880103e+16,14.8724
29,2.390719563950717e+16,15.3633
30,2.302855518078243e+16,15.8536
31,2.225402312351411e+16,16.3406
32,2.146828387005566e+16,16.8331
33,2.063166882154531e+16,17.3215
34,1.981291859439557e+16,17.8111
35,1.909733606007387e+16,18.3023
36,1.847239911163471e+16,18.7937
37,1.781621219643521e+16,19.283
38,1.715186470089954e+16,19.7732
39,1.651773247277025e+16,20.2627
40,1.591972764292676e+16,20.7534
41,1.536103351577031e+16,21.2415
42,1.478147193583405e+16,21.7323
43,1.417878277590886e+16,22.2227
44,1.361408152441473e+16,22.7127
45,1.302892635625431e+16,23.2031
46,1.237996163690071e+16,23.6933
47,1.186330976359686e+16,24.1831
48,1.133918332846509e+16,24.6736
49,1.082936445589595e+16,25.1625
50,1.032485744898655e+16,25.6522
51,9863077985564574,26.1423
52,9499556452988084,26.6429
53,9001490198333786,27.134
54,8524795195582451,27.6473
55,7978667978770427,28.1379
56,7560568271675743,28.6273
57,7144085706036035,29.1174
58,6769185580799537,29.6113
59,6370168037116183,30.1006
60,5998576693607913,30.5908
61,5659957267941140,31.0799
62,5329626176415325,31.5718
63,5014129060123395,32.0615
64,4777081016454021,32.55
65,4567156643293710,33.04
66,4184642878554983,33.5333
67,4103276015993984,34.0228
68,3887344374904374,34.5132
69,3640600041766271,35.0037
70,3388485833216865,35.4947
71,3106938071679880,35.9845
72,2879834112537538,36.4744
73,2672208993376290,36.9646
74,2468076385698306,37.4539
75,2285906797962810,37.9439
76,2118639540185945,38.4335
77,1964815177449587,38.9239
78,1813414584273418,39.4141
79,1666145101907958,39.9043
80,1527997060672022,40.3952
81,1403699595451619,40.8842
82,1292759084040610,41.3737
83,1202048195759752,41.8638
84,1119794641862371,42.3543
85,1037453099846039,42.8442
86,961051608873657.5,43.3338
87,883518008292972,43.8239
88,859705084950245,44.3136
89,814276456147064.6,44.8039
90,718474811951799.6,45.2976
91,627707927689092.1,45.7885
92,522744940368638.8,46.2832
93,469085465839072.4,46.7727
94,416311581401926.5,47.2638
95,370862691571953.4,47.7539
96,325597470484420.9,48.248
97,285522503717696.8,48.7393
98,245239040149168.7,49.2337
99,218465134772333.5,49.7235
100,185372648586320.2,50.2138
101,158594349563799.6,50.7031
102,129690506629105.2,51.194
103,102428099858292.7,51.6869
104,81480358645092.33,52.1796
105,70958422964823.44,52.6707
106,63887095825756.12,53.1631
107,57651869612780.58,53.6537
108,55506380524487.94,54.1476
109,53187239921467.5,54.6397
110,51575753564672.44,55.1326
111,52044884014256.5,55.623
112,41277698842210.51,56.1132
113,34753516083864.2,56.6035
114,31865523661146.31,57.0941
115,26952131020367.69,57.584
116,23770577154508.32,58.0848
117,22945691661045.42,58.5746
118,11955140525225.44,59.0642
119,9783304657752.756,59.5576
120,8713168060822.696,60.049
121,10477558279854.2,60.5419
122,10367811022298.99,61.0372
123,10422528422553.69,61.5334
124,10651564825233.9,62.0241
125,10766050183783.07,62.5136
126,10746378475864.8,63.004
127,10608032301157.75,63.4973
128,10379562209234.47,63.9892
129,10090705364783.95,64.4827
130,9766531784613.111,64.9767
131,9426157911068.432,65.4653
132,9083622130165.52,65.9544
133,8749375018386.335,66.4493
134,8431725208528.554,66.943
135,8138071921063.505,67.4352
136,7873159071014.491,67.9254
137,7662083290557.202,68.4182
138,7535613385917.033,68.9107
139,7506167192789.928,69.4079
140,7612702782215.435,69.9001
141,7643878776771.535,70.3928
142,7600163928759.282,70.8835
143,7490627990711.825,71.3754
144,7326253985522.618,71.8682
145,7128526342687.979,72.3625
146,6906046415062.891,72.8538
147,6676129621028.436,73.3475
148,6441872966050.706,73.839
149,6214184366339.288,74.3308
150,5995274751194.174,74.8218
151,5794739516218.385,75.3137
152,5627826961010.349,75.8037
153,5499393202940.456,76.2974
154,5427602969942.414,76.7969
155,5418977675993.968,77.302
156,5478045632709.541,77.8136
157,5423910109795.869,78.3233
158,5323252590832.699,78.8178
159,5199203802734.586,79.3169
160,5062416507987.11,79.8097
161,5001184759259.614,80.3016
162,4917106934519.905,80.7935
163,4826968944657.626,81.2854
164,4768738879369.962,81.7769
165,4681232047961.997,82.2823
166,4565736651347.93,82.7741
167,4464915923051.726,83.2639
168,4407249899983.248,83.7593
169,4337987258741.905,84.2543
170,4239501736770.722,84.7436
171,4141511675809.986,85.2338
172,4047864054108.843,85.7238
173,3961996033076.812,86.2166
174,3870880333027.597,86.7075
175,3760017724005.612,87.1984
176,3705438933640.081,87.6896
177,3628354443777.646,88.183
178,3539728406927.912,88.6735
179,3451850253319.043,89.1645
180,3381801195985.471,89.6553
181,3307631750033.519,90.1446
182,3219463772611.715,90.6371
183,3136138536189.806,91.1305
184,3071929895974.05,91.6224
185,2995076808419.286,92.1271
186,2925580374022.673,92.6199
187,2849526683773.908,93.1143
188,2774437464769.107,93.6099
189,2701664847891.935,94.1073
190,2628243128054.451,94.6039
191,2554729350781.366,95.0989
192,2487282759813.739,95.5973
193,2415075226037.479,96.093
194,2352391968473.282,96.5895
195,2288968044745.65,97.0843
196,2227380297410.906,97.5784
197,2158661733491.331,98.0817
198,2090387489649.059,98.5795
199,2030559420315.418,99.0721
200,1977866033715.744,99.5741
201,1914913022664.126,100.0717
202,1861758245208.89,100.5841
203,1798303792539.035,101.087
204,1737823358975.058,101.5841
205,1680628175782.116,102.0892
206,1658461655194.439,102.5893
207,1586221083389.797,103.0834
208,1541305780470.555,103.577
209,1481522104061.989,104.0691
210,1416160009391.004,104.5625
211,1356668786364.323,105.0597
212,1311331765662.386,105.5532
213,1273976504725.602,106.0437
214,1257501603440.835,106.539
215,1175555018682.016,107.0315
216,1132979692121.225,107.5235
217,1115454409916.786,108.0169
218,1055058920531.961,108.511
219,1059385347853.881,109.0044
220,997372721312.7827,109.4981
221,934501513018.6532,109.9908
222,878641117376.6669,110.4881
223,838585854007.251,110.9843
224,807909913710.6266,111.4768
225,780121194369.7988,111.9718
226,723680277996.6779,112.4645
227,716607124647.7653,112.9537
228,673469575886.5758,113.4445
229,647450998235.3486,113.9377
230,625383226769.7417,114.4367
231,585763546564.3331,114.9307
232,554347032399.5337,115.4295
233,530374027420.8271,115.9224
234,509833702730.8251,116.4138
235,482597783791.3788,116.9043
236,458955380550.2058,117.3945
237,432036456938.0635,117.8835
238,405451386805.2679,118.3776
239,379931489569.3085,118.8701
240,354810398885.4315,119.3638
241,329004965487.6006,119.8556
242,307980239706.609,120.3515
243,287015011690.1528,120.8469
244,266131939507.474,121.3394
245,248407354279.9311,121.8308
246,228596994130.8882,122.3227
247,210965877702.029,122.8229
248,204129458616.0095,123.3191
249,208724656985.7084,123.8144
250,187085521490.7325,124.3094
251,167265200872.5706,124.8054
252,157202208539.0461,125.3008
253,174522311535.7362,125.794
254,164719566514.2755,126.2879
255,170149125967.1563,126.7836
256,156274046842.1453,127.2777
257,147071110847.6362,127.7691
258,133658180589.2526,128.2627
259,126097784218.6447,128.7637
260,137257080179.374,129.2585
261,123241572885.7667,129.7543
262,133122425937.9817,130.2571
263,125924269764.1647,130.7487
264,112439338417.224,131.2517
265,106195404515.1776,131.7481
266,112526972639.1663,132.2414
267,106117906793.6158,132.746
268,112615051629.8053,133.241
269,106040362793.8559,133.7382
270,112703354315.2789,134.2293
271,105962743520.7928,134.7216
272,112791872146.6272,135.2145
273,105885057109.4863,135.7042
274,112880596487.9386,136.1935
275,105807311723.4168,136.6841
276,112969518619.0523,137.1737
277,105729515550.9835,137.6639
278,113058629738.8355,138.1535
279,105651676802.0667,138.6442
280,113147920968.5311,139.1376
281,105573803704.572,139.6317
282,113237383355.1718,140.1228
283,105495904500.9575,140.6138
284,113327007875.0586,141.1039
285,105417987444.7479,141.5997
286,113416785437.3012,142.0898
287,105340060797.0394,142.5824
288,113506706887.4162,143.0731
289,105262132822.997,143.5641
290,113596763010.982,144.0561
291,105184211788.3481,144.5478
292,113686944537.3457,145.0381
293,105106305955.8766,145.5321
294,113777242143.38,146.0227
295,105028423581.9183,146.5132
296,113867646457.2863,147.0035
297,104950572912.863,147.4944
298,113958148062.441,147.9839
299,104872762181.6653,148.4735
300,114048737501.2819,148.9634
301,104794999604.3677,149.4537
302,114139405279.2308,149.9436
303,104717293376.6382,150.4371
304,114230141868.6493,150.9386
305,104639651670.3274,151.4332
306,114320937712.8242,151.9232
307,104562082630.0455,152.4142
308,114411783229.9788,152.9053
309,104484594369.7651,153.3983
310,114502668817.3072,153.889
311,104407194969.4506,154.3827
312,114593584855.0266,154.873
313,104329892471.7178,155.3638
314,114684521710.4461,155.8534
315,104252694878.5274,156.3446
316,114775469742.0456,156.8338
317,104175610147.9138,157.3242
318,114866419303.5644,157.814
319,104098646190.7538,158.3076
320,114957360748.0924,158.7979
321,104021810867.576,159.2911
322,115048284432.1632,159.782
323,103945111985.4146,160.274
324,115139180719.8432,160.7633
325,103868557294.7113,161.254
326,115230039986.8144,161.7437
327,103792154486.2647,162.2343
328,115320852624.4466,162.7271
329,103715911188.2334,163.2193
330,115411609043.8555,163.7134
331,103639834963.1927,164.2033
332,115502299679.9431,164.6931
333,103563933305.2477,165.1837
334,115490977577.1319,165.6797
335,97398222612.654,166.1709
336,91255209953.6824,166.6637
337,83730099219.7796,167.1538
338,66207227577.5118,167.6437
339,74646974546.5305,168.1338
340,66372051845.4378,168.6248
341,57253278300.9819,169.114
342,50201383425.5367,169.6041
343,44688047143.6899,170.0939
344,35554596053.1174,170.5841
345,32580306581.9776,171.0742
346,30545582188.0257,171.5644
347,28269534020.1613,172.0542
348,26929875234.1953,172.5442
349,9288170271.7626,173.0343
350,25567788627.694,173.524
351,25790251737.1056,174.0211
352,24502300858.0671,174.5133
353,6769758593.5821,175.0038
354,24538190958.2043,175.4939
355,23117569444.2654,175.9841
356,22251188495.726,176.4744
357,1177676200.3241,176.9647
358,6429977095.8437,177.4623
359,3852850083.5575,177.9538
360,3872070972.5012,178.444
361,4608475690.3625,178.9338
362,4747406487.1615,179.4241
363,4768562091.5988,179.9169
364,4768592980.0361,180.4096
365,4768593024.9346,180.9025
366,4768593024.9999,181.3939
367,4768593025,181.8842
368,4768593025,182.3793
369,4768593025,182.8829
370,4768593025,183.3836
371,4768593025,183.8777
372,4768593025,184.3728
373,4768593025,184.8688
374,4768593025,185.3617
375,4768593025,185.8596
376,4768593025,186.3538
377,4768593025,186.844
378,4768593025,187.3343
379,4768593025,187.8244
380,4768593025,188.3225
381,4768593025,188.8806
382,4768593025,189.4129
383,4768593025,189.9096
384,4768593025,190.4036
385,4768593025,190.8942
386,4768593025,191.384
387,4768593025,191.8789
388,4768593025,192.373
389,4768593025,192.8679
390,4768593025,193.3635
391,4768593025,193.8533
392,4768593025,194.3469
393,4768593025,194.8401
394,4768593025,195.3336
395,4768593025,195.8239
396,4768593025,196.3172
397,4768593025,196.8093
398,4768593025,197.3014
399,4768593025,197.7928
400,4768593025,198.2842
401,4768593025,198.7775
402,4768593025,199.2749
403,4768593025,199.7665
404,4768593025,200.2575
405,4768593025,200.75
406,4768593025,201.2425
407,4768593025,201.7375
408,4768593025,202.2335
409,4768593025,202.7233
410,4768593025,203.2137
411,4768593025,203.7039
412,4768593025,204.1935
413,4768593025,204.6873
414,4768593025,205.1843
415,4768593025,205.6745
416,4768593025,206.1639
417,4768593025,206.6597
418,4768593025,207.153
419,4768593025,207.644
420,4768593025,208.1339
421,4768593025,208.6241
422,4768593025,209.1144
423,4768593025,209.6041
424,4768593025,210.0977
425,4768593025,210.5923
426,4768593025,211.0871
427,4768593025,211.5798
428,4768593025,212.074
429,4768593025,212.5645
430,4768593025,213.06
431,4768593025,213.5519
432,4768593025,214.0434
433,4768593025,214.5339
434,4768593025,215.0291
435,4768593025,215.5217
436,4768593025,216.0122
437,4768593025,216.5045
438,4768593025,216.9943
439,4768593025,217.4845
440,4768593025,217.9775
441,4768593025,218.4688
442,4768593025,218.961
443,4768593025,219.4543
444,4768593025,219.9437
445,4768593025,220.4332
446,4768593025,220.9233
447,4768593025,221.4169
448,4768593025,221.9139
449,4768593025,222.4105
450,4768593025,222.9035
451,4768593025,223.3995
452,4768593025,223.8971
453,4768593025,224.3941
454,4768593025,224.8876
455,4768593025,225.3894
456,4768593025,225.8838
457,4768593025,226.3785
458,4768593025,226.8719
459,4768593025,227.3667
460,4768593025,227.8599
461,4768593025,228.3544
462,4768593025,228.8503
463,4768593025,229.3427
464,4768593025,229.8334
465,4768593025,230.3296
466,4768593025,230.8246
467,4768593025,231.3217
468,4768593025,231.8209
469,4768593025,232.3141
470,4768593025,232.81
471,4768593025,233.3031
472,4768593025,233.7976
473,4768593025,234.2968
474,4768593025,234.7907
475,4768593025,235.2833
476,4768593025,235.7803
477,4768593025,236.2787
478,4768593025,236.7736
479,4768593025,237.2718
480,4768593025,237.7677
481,4768593025,238.2631
482,4768593025,238.759
483,4768593025,239.2534
484,4768593025,239.7516
485,4768593025,240.2529
486,4768593025,240.7481
487,4768593025,241.2411
488,4768593025,241.7442
489,4768593025,242.2371
490,4768593025,242.7332
491,4768593025,243.227
492,4768593025,243.7203
493,4768593025,244.2296
494,4768593025,244.7264
495,4768593025,245.2235
496,4768593025,245.718
497,4768593025,246.2191
498,4768593025,246.7167
499,4768593025,247.2063
500,4768593025,247.7071
501,4768593025,248.2125
502,4768593025,248.7234
503,4768593025,249.2192
504,4768593025,249.7125
505,4768593025,250.2079
506,4768593025,250.7012
507,4768593025,251.1933
508,4768593025,251.6841
509,4768593025,252.1743
510,4768593025,252.6815
511,4768593025,253.1774
512,4768593025,253.6706
513,4768593025,254.1641
514,4768593025,254.654
515,4768593025,255.1477
516,4768593025,255.6423
517,4768593025,256.1343
518,4768593025,256.6277
519,4768593025,257.1289
520,4768593025,257.6217
521,4768593025,258.1136
522,4768593025,258.6067
523,4768593025,259.1042
524,4768593025,259.5971
525,4768593025,260.0964
526,4768593025,260.5915
527,4768593025,261.0853
528,4768593025,261.5934
529,4768593025,262.0877
530,4768593025,262.5898
531,4768593025,263.0841
532,4768593025,263.5822
533,4768593025,264.0802
534,4768593025,264.5795
535,4768593025,265.0743
536,4768593025,265.5644
537,4768593025,266.0582
538,4768593025,266.5506
539,4768593025,267.043
540,4768593025,267.5439
541,4768593025,268.04
542,4768593025,268.5533
543,4768593025,269.0509
544,4768593025,269.5445
545,4768593025,270.0402
546,4768593025,270.5366
547,4768593025,271.0374
548,4768593025,271.5338
549,4768593025,272.0305
550,4768593025,272.5273
551,4768593025,273.0218
552,4768593025,273.5199
553,4768593025,274.0145
554,4768593025,274.5141
555,4768593025,275.0079
556,4768593025,275.5019
557,4768593025,276.0045
558,4768593025,276.5092
559,4768593025,277.0635
