1,3.336123829982424e+17,0.20133
2,2.024213332025152e+17,0.57086
3,3.415698437420429e+17,1.2663
4,4.727608935377702e+17,1.6394
5,6.811484786373376e+17,1.9976
6,7.187195976410363e+17,2.3497
7,6.791280371028756e+17,2.7016
8,7.381957590458627e+17,3.0555
9,8.011677577271386e+17,3.4114
10,7.421000357841518e+17,3.7701
11,7.816915963223123e+17,4.1222
12,6.425430857827845e+17,4.4739
13,5.113520359870573e+17,4.8261
14,6.505005465265851e+17,5.1783
15,7.740456294300384e+17,5.5306
16,7.364745104263396e+17,5.8838
17,9.242631748544973e+17,6.2397
18,8.689371430654954e+17,6.5976
19,9.06508262069194e+17,6.9666
20,9.618342938581961e+17,7.3209
21,1.194764112299531e+18,7.7264
22,7.442818544283922e+17,8.0793
23,3.636976069771476e+17,8.4371
24,4.948886567728749e+17,8.7888
