1,14960252792,0.035328,11801379025,0,3158873767
2,11773233018,0.049897,8801379025,0,2971853993
3,9863313796,0.064386,7494489745,0,2368824051
4,7652396111,0.078913,6276808610,0,1375587501
5,5830468718,0.093226,4455057590,0,1375411128
6,4024022223,0.10758,2648611095,0,1375411128
7,3262184143,0.12214,2492234705,0,769949438
8,2510606547,0.13654,1746839805,0,763766742
9,1921986912,0.15079,1111644410,0,810342502
10,385442245.7984,0.16546,138651851.6307,0,246790394.1677
11,334972377.8858,0.18006,124203969.3855,0,210768408.5003
12,303663781.812,0.19448,92177856.5417,717516.77,210768408.5003
13,285454802.2267,0.20899,73387531.4064,1298862.32,210768408.5003
14,269081352.513,0.22379,57014081.6927,1298862.32,210768408.5003
15,257931193.8634,0.23836,45349773.1131,1813012.25,210768408.5003
16,251436079.7146,0.25279,38854658.9643,1813012.25,210768408.5003
17,185957791.7461,0.26757,56840888.9748,1813012.25,127303890.5213
18,183813560.5867,0.28219,53991472.7754,2518197.29,127303890.5213
19,184213529.9667,0.2967,53991472.7754,2918166.67,127303890.5213
20,207536998.382,0.31155,42612054.5898,4622731.4114,160302212.3808
21,74580136.917,0.32628,48403700.425,4622731.4114,21553705.0806
22,69175320.5964,0.34079,41875874.5515,5745740.9643,21553705.0806
23,68541720.3858,0.35519,41875874.5515,5112140.7537,21553705.0806
24,68541720.3858,0.3699,41875874.5515,5112140.7537,21553705.0806
25,68702555.7112,0.38453,43173343.8276,3975506.803,21553705.0806
26,64958937.6874,0.39907,39429725.8037,3975506.803,21553705.0806
27,64847277.5141,0.4138,40132541.7384,3161030.6951,21553705.0806
28,65505536.3229,0.42862,40132541.7384,3819289.5039,21553705.0806
29,65832360.4734,0.44321,41576464.8774,2702190.5154,21553705.0806
30,109362511.0713,0.45793,89588454.1105,9562680.364,10211376.5968
31,113826886.4844,0.47297,94052829.5237,9562680.364,10211376.5968
32,791714328,0.50833,527553640,232971664,31189024
33,598073397,0.5437,327553640,232971664,37548093
34,456964656,0.57855,217836030,232971664,6156962
35,365542466,0.61301,126413840,232971664,6156962
36,278033141,0.64764,38904515,232971664,6156962
37,215641197,0.68237,38904515,170579720,6156962
38,174087649,0.71708,38904515,129026172,6156962
39,134087649,0.75166,38904515,89026172,6156962
40,34950485.9929,0.78657,14157589.628,20510184.4123,282711.9526
41,22945130.6988,0.82137,22070438.4334,591980.3128,282711.9526
42,11045111.0985,0.85605,10170418.8331,591980.3128,282711.9526
43,7794399.5242,0.89102,6919707.2588,591980.3128,282711.9526
44,4881279.8498,0.92581,4598567.8972,0,282711.9526
45,2560140.4882,0.96029,2277428.5356,0,282711.9526
46,1232142.6731,0.99518,949430.7205,0,282711.9526
47,584192.8484,1.03,301480.8958,0,282711.9526
48,282711.9526,1.0649,0,0,282711.9526
49,0,1.0996,0,0,0
