1,5721600258,0.095384,3870708250,0,1850892008
2,3886577551,0.10872,2724732305,0,1161845246
3,3014012027,0.12211,1971735840,0,1042276187
4,2376719347,0.13499,1971735840,0,404983507
5,1748196665,0.14772,1336245175,6967983,404983507
6,1178317056,0.16079,812295870,6967983,359053203
7,846219926,0.17363,480198740,6967983,359053203
8,620251256,0.1863,274200510,46487363,299563383
9,578950101,0.19921,232899355,46487363,299563383
10,110786899.1205,0.21243,70797471.7638,8144311.6507,31845115.706
11,83253920.9582,0.22563,75109609.3075,8144311.6507,0
12,84824977.7982,0.23878,75109609.3075,9715368.4907,0
13,87181014.998,0.252,75109609.3075,12071405.6905,0
14,96329609.9548,0.26517,78274062.3152,18055547.6396,0
15,107611700.4792,0.27815,89556152.8396,18055547.6396,0
16,1041672818,0.31071,466054580,169921146,405697092
17,740556263,0.34167,468938025,169921146,101697092
18,539260993,0.37281,307642755,129921146,101697092
19,399033738,0.40378,167415500,129921146,101697092
20,69400120.4691,0.43463,14047909.7235,29433854.636,25918356.1097
21,58172381.0688,0.46581,10691491.7757,29433854.636,18047034.6572
22,40234033.0986,0.49645,10800178.4626,29433854.636,0
23,30680619.2388,0.52862,10800178.4626,19880440.7763,0
24,23066785.741,0.55967,12954026.263,10112759.4781,0
25,16696361.6277,0.5904,12954026.263,3742335.3647,0
26,13164231.8439,0.62167,9421896.4792,3742335.3647,0
27,9807813.8961,0.65279,6065478.5314,3742335.3647,0
28,6894100.6556,0.68487,3802944.0441,3091156.6115,0
29,4461072.7232,0.71727,1369916.1117,3091156.6115,0
30,2753026.2161,0.74835,1002680.5628,1750345.6532,0
31,1917984.9075,0.77946,167639.2543,1750345.6532,0
32,1640817.7951,0.81053,167639.2543,1473178.5409,0
33,1363650.6828,0.84141,167639.2543,1196011.4285,0
34,1086483.5705,0.87255,167639.2543,918844.3162,0
35,809316.4581,0.90357,167639.2543,641677.2039,0
36,532149.3458,0.93457,167639.2543,364510.0915,0
37,254982.2335,0.96562,167639.2543,87342.9792,0
38,134293.3938,0.99626,46950.4147,87342.9792,0
39,87342.9792,1.0272,0,87342.9792,0
40,1927.36,1.0583,1927.36,0,0
41,0,1.0893,0,0,0
