1,11877003149,0.040821,10334251165,0,1542751984
2,9040574783,0.053896,7444353325,0,1596221458
3,6884900254,0.067078,6166975480,0,717924774
4,5022582820,0.080198,4358127520,0,664455300
5,3235179790,0.093037,2593368265,0,641811525
6,2118945446,0.10605,1540201550,0,578743896
7,1368945446,0.11908,790201550,0,578743896
8,1115403950,0.13209,790201550,0,325202400
9,900476425,0.14501,622952025,0,277524400
10,135593393.093,0.15809,86811756.0225,109325.33,48672311.7405
11,118562119.5685,0.17139,69780482.498,109325.33,48672311.7405
12,106978952.5273,0.18464,58187647.8168,118992.97,48672311.7405
13,95537222.0844,0.1978,46745917.3739,118992.97,48672311.7405
14,89189900.9892,0.21085,40211256.2687,306332.98,48672311.7405
15,86957787.8066,0.22412,37979143.0861,306332.98,48672311.7405
16,84987047.7373,0.23707,35697031.2467,617704.75,48672311.7405
17,85415382.7973,0.24994,35697031.2467,1046039.81,48672311.7405
18,89769398.7656,0.26313,40051047.2151,1046039.81,48672311.7405
19,101752521.6968,0.27666,51643881.8963,1436328.06,48672311.7405
20,123055112.127,0.29005,82171818.247,2027505.8166,38855788.0634
21,636262254,0.32188,411398985,143632806,81230463
22,513446284,0.35311,327611840,104603981,81230463
23,420265778,0.38454,287611840,107423475,25230463
24,374918258,0.41523,242264320,107423475,25230463
25,332084752,0.44614,242264320,64589969,25230463
26,294267072,0.47764,204446640,64589969,25230463
27,257468119,0.50869,164446640,67791016,25230463
28,221602534,0.54138,128581055,67791016,25230463
29,200686213,0.57269,126398735,49057015,25230463
30,25552133.7169,0.60413,17999696.4961,4380439.2361,3171997.9847
31,18435786.5514,0.63827,10883349.3306,4380439.2361,3171997.9847
32,13397125.1263,0.67049,5844687.9055,4380439.2361,3171997.9847
33,10302628.8677,0.70136,5844687.9055,1708021.2989,2749919.6633
34,7552709.2044,0.73243,5844687.9055,1708021.2989,0
35,4932100.1375,0.76308,3224078.8386,1708021.2989,0
36,3027792.8473,0.7941,1319771.5484,1708021.2989,0
37,2113042.1307,0.82519,405020.8318,1708021.2989,0
38,1861109.0595,0.85579,153087.7606,1708021.2989,0
39,1624787.1152,0.88681,153087.7606,1471699.3546,0
40,3330503.5462,0.91788,776662.8237,2553840.7225,0
41,1530424.3924,0.94892,1530424.3924,0,0
42,756486.3225,0.97982,756486.3225,0,0
43,325288.82,1.0105,325288.82,0,0
44,2724.7539,1.0414,2724.7539,0,0
45,0,1.0723,0,0,0
