1,14406942326,0.039563,12901868450,0,1505073876
2,11488375270,0.060126,10164249400,0,1324125870
3,10173085620,0.080186,8664249400,0,1508836220
4,9012483185,0.10024,7503646965,0,1508836220
5,7973867406,0.12063,6486683545,0,1487183861
6,6947994061,0.14056,5460810200,0,1487183861
7,6030188485,0.16065,4952359570,0,1077828915
8,5309033754,0.18079,4602216825,0,706816929
9,4627715789,0.20081,3920898860,0,706816929
10,693366944.1658,0.22113,584852513.6933,0,108514430.4726
11,615104762.6053,0.24128,506590332.1327,0,108514430.4726
12,548999620.4327,0.26145,440485189.9601,0,108514430.4726
13,495380528.5689,0.28161,453262277.7732,0,42118250.7957
14,473365162.8478,0.30178,431246912.052,0,42118250.7957
15,453678752.4368,0.32198,411560501.6411,0,42118250.7957
16,437709907.7603,0.34206,357697075.3081,180586.25,79832246.2022
17,424580509.6155,0.36232,344567677.1633,180586.25,79832246.2022
18,418364760.4282,0.38259,264225549.6063,180586.25,153958624.5719
19,323628867.7451,0.40321,238485567.2018,180586.25,84962714.2933
20,270660253.8388,0.42399,254271385.6209,0,16388868.2179
21,252490470.6228,0.44407,236101602.4049,0,16388868.2179
22,232969062.8098,0.46427,231274655.4704,0,1694407.3394
23,218359452.271,0.48447,217846459.141,512993.13,0
24,208848843.1048,0.50477,207775921.1348,1072921.97,0
25,205033462.854,0.52524,203397026.944,1636435.91,0
26,203722323.3794,0.54528,202085887.4694,1636435.91,0
27,203722323.3794,0.56584,202085887.4694,1636435.91,0
28,174079496.0758,0.58697,172443060.1658,1636435.91,0
29,158064537.7144,0.60772,155748816.7744,2315720.94,0
30,211649934.7438,0.62859,208257293.0105,3392641.7332,0
31,211649934.7438,0.64888,208257293.0105,3392641.7332,0
32,211649934.7438,0.6698,208257293.0105,3392641.7332,0
33,212569393.0513,0.69043,208257293.0105,4312100.0408,0
34,1112184178,0.73964,857852470,254331708,0
35,936982808,0.78855,722651100,214331708,0
36,786052438,0.83738,571720730,214331708,0
37,668481358,0.88605,454149650,214331708,0
38,588941478,0.93507,374609770,214331708,0
39,526181864,0.98426,374609770,151572094,0
40,84338097.6295,1.0335,19982523.3513,43661899.5282,20693674.75
41,63644422.8795,1.0829,19982523.3513,43661899.5282,0
42,52122011.7612,1.1324,19982523.3513,32139488.4099,0
43,40599600.6429,1.1818,19982523.3513,20617077.2916,0
44,32089220.5772,1.231,11472143.2855,20617077.2916,0
45,28120121.7417,1.2798,7503044.4501,20617077.2916,0
46,24508954.8732,1.3289,3891877.5815,20617077.2916,0
47,21870373.8425,1.377,1253296.5509,20617077.2916,0
48,19565891.6188,1.4249,1253296.5509,18312595.068,0
49,17261409.3952,1.4729,1253296.5509,16008112.8443,0
50,39258615.5145,1.5213,2885606.9693,36373008.5452,0
51,27003559.1268,1.5693,5462241.663,21541317.4638,0
52,16608807.0515,1.6175,8050992.7699,8557814.2816,0
53,10529898.2535,1.6655,7470137.9754,3059760.2782,0
54,7470137.9754,1.7136,7470137.9754,0,0
55,5690995.9312,1.7617,5690995.9312,0,0
56,4129767.9525,1.8097,4129767.9525,0,0
57,1553133.2588,1.8576,1553133.2588,0,0
58,972278.4643,1.9056,972278.4643,0,0
59,391423.6699,1.9538,391423.6699,0,0
60,480017,2.0021,480017,0,0
61,0,2.0503,0,0,0
