1,11911142217,0.039718,10996406070,0,914736147
2,8219223945,0.056475,7253024290,0,966199655
3,5973664543,0.072601,5155243295,1178258,817242990
4,4716508960,0.088967,3959374900,1178258,755955802
5,3766732290,0.10529,3194610300,1178258,570943732
6,2994248956,0.12136,2462720900,1178258,530349798
7,2564540906,0.13849,2033012850,1178258,530349798
8,2141085493,0.15482,1571712565,39023130,530349798
9,1883994553,0.17102,1571712565,39023130,273258858
10,270644810.0161,0.1874,262238591.1939,808285.0731,7597933.7491
11,243337283.9016,0.20397,234931065.0794,808285.0731,7597933.7491
12,220131176.9421,0.22034,211724958.1199,808285.0731,7597933.7491
13,197671338.6184,0.23684,189265119.7962,808285.0731,7597933.7491
14,186946051.186,0.25334,178539832.3638,808285.0731,7597933.7491
15,176397244.8935,0.26969,167991026.0713,808285.0731,7597933.7491
16,172804086.3822,0.2863,171995801.3091,808285.0731,0
17,147898239.9485,0.30273,147089954.8754,808285.0731,0
18,148045479.6148,0.31892,147089954.8754,955524.7394,0
19,149319968.369,0.33547,147089954.8754,2230013.4935,0
20,175289822.2794,0.35219,173681938.5715,1607883.7079,0
21,175289822.2794,0.36847,173681938.5715,1607883.7079,0
22,775422152,0.40814,667759510,107662642,0
23,554740747,0.44733,447078105,107662642,0
24,373116522,0.48606,265453880,107662642,0
25,238546292,0.52464,130883650,107662642,0
26,177015352,0.56369,130883650,46131702,0
27,117208137,0.60284,71076435,46131702,0
28,77208137,0.64172,31076435,46131702,0
29,39363265,0.6804,31076435,8286830,0
30,4637212.5591,0.71935,2892653.2231,1744559.3359,0
31,3140702.3558,0.7584,2892653.2231,248049.1327,0
32,1976640.6065,0.79759,1728591.4738,248049.1327,0
33,1040144.3357,0.8366,792095.203,248049.1327,0
34,419825.353,0.87531,171776.2203,248049.1327,0
35,0,0.91483,0,0,0
