1,33325470085,0.05461,27878923200,0,5446546885
2,29832982809,0.091053,24309911890,0,5523070919
3,26893236456,0.12751,21699282460,0,5193953996
4,23702442430,0.16401,19399237545,0,4303204885
5,20998306411,0.20025,18051263310,0,2947043101
6,18737845724,0.23666,12232410230,0,6505435494
7,12236331446,0.27256,9280138935,0,2956192511
8,9984814576,0.30852,7358357900,7804625,2618652051
9,8584128105,0.34461,6242649325,7804625,2333674155
10,1351087969.8641,0.38124,917344114.67,78046.25,433665808.9441
11,1213749975.8322,0.41831,780006120.638,78046.25,433665808.9441
12,1121306029.0898,0.45584,659393668.287,78046.25,461834314.5529
13,1032823696.5126,0.4931,708536771.3968,470970.14,323815954.9758
14,913718022.5256,0.52912,708536771.3968,556440.3,204624810.8288
15,877005138.1179,0.56535,671823886.9891,556440.3,204624810.8288
16,841956444.9553,0.60189,666024673.0342,556440.3,175375331.6212
17,817010207.5203,0.63842,666024673.0342,993728.51,149991805.9762
18,793738876.6382,0.67527,642753342.152,993728.51,149991805.9762
19,770324373.3002,0.71133,618990648.5041,1341918.82,149991805.9762
20,766974914.0185,0.74777,657122949.2237,2423986.45,107427978.3449
21,747088533.5799,0.78411,568196712.834,2423986.45,176467834.2959
22,737753684.9678,0.82023,558861864.2219,2423986.45,176467834.2959
23,683060705.3221,0.8565,504561808.4662,2031062.56,176467834.2959
24,671420228.175,0.89298,507794045.9498,2921696.86,160704485.3653
25,671027045.9464,0.92914,507794045.9498,2921696.86,160311303.1367
26,660669663.2445,0.96533,497436663.2478,2921696.86,160311303.1367
27,653704902.0475,1.0017,497436663.2478,2921696.86,153346541.9397
28,654273107.9175,1.0383,497436663.2478,3489902.73,153346541.9397
29,654870967.8775,1.0749,497436663.2478,4087762.69,153346541.9397
30,659332792.1836,1.1115,470228986.4533,4687914.74,184415890.9903
31,659756623.4336,1.148,470228986.4533,5111745.99,184415890.9903
32,4052476257,1.2359,2683974980,511174599,857326678
33,3828287330,1.3232,2683974980,451388603,692923747
34,3677900360,1.4104,2661588010,451388603,564923747
35,3539481470,1.498,2651169120,451388603,436923747
36,3405454305,1.5863,2591184920,376388603,437880782
37,3271647275,1.6737,2457377890,376388603,437880782
38,3071647275,1.7599,2257377890,376388603,437880782
39,2946596005,1.8464,2132326620,376388603,437880782
40,404397305.122,1.9323,291247094.1167,48078657.6198,65071553.3855
41,387029522.5033,2.0201,273879311.498,48078657.6198,65071553.3855
42,370491003.7433,2.1076,257340792.7379,48078657.6198,65071553.3855
43,354573564.1262,2.1959,241423353.1209,48078657.6198,65071553.3855
44,330509303.3125,2.2841,217217081.3564,48220668.5706,65071553.3855
45,315301601.7505,2.3721,202009379.7944,48220668.5706,65071553.3855
46,303723080.0047,2.4599,190430858.0486,48220668.5706,65071553.3855
47,292144558.2589,2.5476,178852336.3028,48220668.5706,65071553.3855
48,281203427.6223,2.6357,167911205.6662,48220668.5706,65071553.3855
49,271046458.5585,2.7236,154500177.3353,51474727.8377,65071553.3855
50,291947684.4128,2.8123,121241331.478,76529435.8712,94176917.0635
51,280868451.8846,2.8999,121241331.478,68224847.8991,91402272.5075
52,264951593.1924,2.9867,120785320.5693,68224847.8991,75941424.724
53,249034734.5002,3.0728,120329309.6606,68224847.8991,60480576.9405
54,233117875.808,3.1593,119873298.7519,68224847.8991,45019729.157
55,222327016.3112,3.2471,119873298.7519,57433988.4023,45019729.157
56,212546773.1648,3.3336,121841668.1293,57433988.4023,33271116.6332
57,204497747.7841,3.4198,121841668.1293,49384963.0216,33271116.6332
58,193100194.9073,3.5063,121841668.1293,37987410.1448,33271116.6332
59,186791240.0263,3.593,114729742.5177,36505225.3197,35556272.1889
60,183061491.0097,3.6797,117302604.5437,37566716.6976,28192169.7685
61,177315728.029,3.7666,111556841.563,37566716.6976,28192169.7685
62,171166097.613,3.8541,113021330.9919,37566716.6976,20578049.9235
63,166431434.2186,3.9408,108286667.5975,37566716.6976,20578049.9235
64,161905661.2253,4.0269,103760894.6042,37566716.6976,20578049.9235
65,157979109.9894,4.1128,98847184.8392,38553875.2267,20578049.9235
66,154420122.2908,4.199,95288197.1406,38553875.2267,20578049.9235
67,149349220.4935,4.2889,90217295.3433,38553875.2267,20578049.9235
68,146469764.0429,4.377,94951958.7378,38553875.2267,12963930.0785
69,141735100.6485,4.4653,90217295.3433,38553875.2267,12963930.0785
70,149558752.321,4.5537,93493770.7724,49835724.8686,6229256.68
71,147233847.7143,4.6417,93493770.7724,47510820.2619,6229256.68
72,145057738.9,4.729,93493770.7724,45334711.4477,6229256.68
73,128396215.4552,4.8169,93493770.7724,24933691.3138,9968753.369
74,122480609.9519,4.9065,93493770.7724,22757582.4995,6229256.68
75,120304501.1376,4.9954,93493770.7724,20581473.6853,6229256.68
76,118128392.3233,5.0825,93493770.7724,18405364.871,6229256.68
77,116059043.1561,5.1694,89248312.7909,20581473.6853,6229256.68
78,114301351.6631,5.2572,87490621.2979,20581473.6853,6229256.68
79,108855418.5885,5.3443,82044688.2233,20581473.6853,6229256.68
80,112784567.0104,5.4301,93322617.8237,15564655.4685,3897293.7182
81,106754940.6097,5.5205,87292991.4229,15564655.4685,3897293.7182
82,103179660.8224,5.611,83717711.6357,15564655.4685,3897293.7182
83,101909801.1524,5.7,82447851.9657,15564655.4685,3897293.7182
84,100675047.0417,5.7878,79993505.3522,16784247.9713,3897293.7182
85,97445854.4883,5.8745,73963878.9515,16784247.9713,6697727.5656
86,94645420.6409,5.9622,73963878.9515,16784247.9713,3897293.7182
87,93740976.6808,6.0509,73059434.9913,16784247.9713,3897293.7182
88,92959285.3624,6.1398,72277743.6729,16784247.9713,3897293.7182
89,92356322.7223,6.2279,71674781.0328,16784247.9713,3897293.7182
90,92187480.8145,6.316,73180732.5473,16132836.2532,2873912.014
91,91566626.4632,6.4047,72559878.1961,16132836.2532,2873912.014
92,90945772.112,6.493,71939023.8448,16132836.2532,2873912.014
93,90324917.7608,6.5806,71318169.4936,16132836.2532,2873912.014
94,89704063.4095,6.6684,70697315.1424,16132836.2532,2873912.014
95,89302397.6267,6.755,70697315.1424,16132836.2532,2472246.2312
96,87612084.5842,6.841,68605336.317,16132836.2532,2873912.014
97,87239878.5203,6.927,68233130.2531,16132836.2532,2873912.014
98,81403541.0718,7.0135,62396792.8046,16132836.2532,2873912.014
99,81031335.0079,7.0996,62024586.7407,16132836.2532,2873912.014
100,75508119.041,7.186,55418739.5169,17673932.9452,2415446.579
101,75141010.4167,7.2727,55051630.8925,17673932.9452,2415446.579
102,69384602.825,7.36,49295223.3009,17673932.9452,2415446.579
103,69017494.2007,7.4471,48928114.6765,17673932.9452,2415446.579
104,63261086.609,7.5378,43171707.0849,17673932.9452,2415446.579
105,62944624.0564,7.6277,42855244.5323,17673932.9452,2415446.579
106,62638448.2456,7.7152,42549068.7215,17673932.9452,2415446.579
107,62332272.4348,7.8016,42242892.9107,17673932.9452,2415446.579
108,62026096.624,7.8875,41936717.0999,17673932.9452,2415446.579
109,61719920.8132,7.9739,41630541.2891,17673932.9452,2415446.579
110,64452360.9499,8.0621,36684944.8033,25102098.1007,2665318.0459
111,64182558.0031,8.1482,36415141.8565,25102098.1007,2665318.0459
112,63912755.0562,8.2339,36145338.9096,25102098.1007,2665318.0459
113,63709249.8986,8.3203,36145338.9096,25102098.1007,2461812.8883
114,63439446.9517,8.4067,35875535.9628,25102098.1007,2461812.8883
115,63270439.9885,8.4926,35875535.9628,25102098.1007,2292805.9251
116,63000637.0416,8.5786,35605733.0159,25102098.1007,2292805.9251
117,62886094.2314,8.6649,35605733.0159,24987555.2904,2292805.9251
118,62771551.4211,8.7508,35605733.0159,24873012.4802,2292805.9251
119,62657008.6109,8.8591,35605733.0159,24758469.6699,2292805.9251
120,66147286.6015,8.9641,29997392.6419,34006051.5536,2143842.406
121,65989229.4569,9.0574,29997392.6419,33847994.409,2143842.406
122,65801995.7237,9.1532,29770086.9737,33847994.409,2183914.3409
123,65599475.3915,9.2409,29542781.3056,33872779.745,2183914.3409
124,65551065.4264,9.3299,29315475.6374,33872779.745,2362810.044
125,65505828.7571,9.4186,29270238.9682,33872779.745,2362810.044
126,65493501.2543,9.507,29415968.6099,33714722.6004,2362810.044
127,65420957.549,9.5955,29270238.9682,33714722.6004,2435995.9804
128,65262900.4044,9.6863,29270238.9682,33556665.4559,2435995.9804
129,65104843.2599,9.7776,29270238.9682,33398608.3113,2435995.9804
130,67526043.5382,9.8684,25779199.7741,39256024.6,2490819.1641
131,67320844.6212,9.9593,25779199.7741,39050825.6831,2490819.1641
132,66572777.6754,10.0517,28241504.2547,35840454.2567,2490819.1641
133,64110473.1949,10.1446,25779199.7741,35840454.2567,2490819.1641
134,64107385.843,10.2369,25959034.2534,35840454.2567,2307897.3329
135,64066412.0712,10.3299,25959034.2534,35840454.2567,2266923.5611
136,60510696.257,10.4216,22362344.6674,35840454.2567,2307897.3329
137,59455282.3517,10.5146,25410909.101,31736475.9179,2307897.3329
138,57903378.2946,10.6071,22362344.6674,31736475.9179,3804557.7093
139,53799399.9558,10.6991,22362344.6674,27632497.5791,3804557.7093
140,54527609.2759,10.791,23779845.5128,23557122.0361,7190641.727
141,52709431.8652,10.8826,21961668.1021,23557122.0361,7190641.727
142,51866087.7946,10.9736,25227291.4329,19448154.6347,7190641.727
143,51082413.1936,11.0654,28552584.2333,15339187.2334,7190641.727
144,50298738.5926,11.1563,31877877.0337,11230219.832,7190641.727
145,49515063.9917,11.2484,35203169.8341,7121252.4306,7190641.727
146,49018470.1822,11.3399,31877877.0337,7121252.4306,10019340.718
147,48581545.8425,11.4315,28612253.7029,7121252.4306,12848039.7089
148,48372623.8541,11.5227,28612253.7029,6912330.4422,12848039.7089
149,48167175.484,11.6158,28612253.7029,6706882.0721,12848039.7089
150,90877128.4015,11.7072,40889617.6281,1818224.2738,48169286.4996
151,90695217.2024,11.7995,40652009.7268,1873920.976,48169286.4996
152,90617869.8903,11.8896,40574662.4147,1873920.976,48169286.4996
153,90562173.1881,11.9792,40574662.4147,1818224.2738,48169286.4996
154,90562173.1881,12.0689,40574662.4147,1818224.2738,48169286.4996
155,86923949.205,12.1583,35822504.3875,2932158.3179,48169286.4996
156,86923949.205,12.2477,35822504.3875,2932158.3179,48169286.4996
157,86923949.205,12.3378,35822504.3875,2932158.3179,48169286.4996
158,80921294.2707,12.4267,40489389.097,2932158.3179,37499746.8558
159,77368343.6052,12.516,35822504.3875,4046092.3619,37499746.8558
160,97478582.9829,12.606,27797159.7509,1540551.8723,68140871.3598
161,97478582.9829,12.6962,27797159.7509,1540551.8723,68140871.3598
162,97314296.6066,12.7858,27611954.7809,1561470.466,68140871.3598
163,97254007.7588,12.8758,27551665.933,1561470.466,68140871.3598
164,97233089.1651,12.9653,27551665.933,1540551.8723,68140871.3598
165,97233089.1651,13.0549,27551665.933,1540551.8723,68140871.3598
166,93947361.6393,13.1445,23847566.5334,1958923.7462,68140871.3598
167,93947361.6393,13.235,23847566.5334,1958923.7462,68140871.3598
168,93947361.6393,13.3255,23847566.5334,1958923.7462,68140871.3598
169,81336955.8846,13.4146,30624804.4108,1958923.7462,48753227.7276
170,83331730.9674,13.5069,21945735.3729,1094813.9266,60291181.6679
171,80788427.5186,13.5967,19392635.4214,1104610.4292,60291181.6679
172,80696480.4276,13.688,19291054.7083,1114244.0514,60291181.6679
173,80555506.9655,13.7797,19140447.6241,1123877.6735,60291181.6679
174,80506480.5944,13.8722,19091421.253,1123877.6735,60291181.6679
175,80496846.9723,13.9639,19091421.253,1114244.0514,60291181.6679
176,80496846.9723,14.0563,19091421.253,1114244.0514,60291181.6679
177,78493787.4833,14.1453,16895689.3213,1306916.494,60291181.6679
178,78493787.4833,14.2357,16895689.3213,1306916.494,60291181.6679
179,78493787.4833,14.3259,16895689.3213,1306916.494,60291181.6679
180,60249465.1355,14.4172,12809631.098,903505.45,46536328.5875
181,42770710.7112,14.5098,17826755.4169,903505.45,24040449.8443
182,17886087.3573,14.6004,16982581.9073,903505.45,0
183,15370531.1599,14.6908,13801028.2923,1569502.8675,0
184,13781740.6757,14.7803,12079038.3247,1702702.3511,0
185,12208596.2921,14.8689,10505893.9411,1702702.3511,0
186,10650705.4112,14.9645,8814803.5766,1835901.8346,0
187,10517505.9277,15.0596,8814803.5766,1702702.3511,0
188,10384306.4442,15.1502,8814803.5766,1569502.8675,0
189,10251106.9606,15.2406,8814803.5766,1436303.384,0
190,47012706.2512,15.3289,34869925.0992,12142781.152,0
191,46737202.4443,15.4158,34594421.2924,12142781.152,0
192,46561258.0795,15.5025,34362432.1164,12198825.9631,0
193,46449292.0666,15.59,34250466.1035,12198825.9631,0
194,46380840.6846,15.6779,34182014.7215,12198825.9631,0
195,46324795.8735,15.7654,34182014.7215,12142781.152,0
196,46317234.1258,15.853,34230497.785,12086736.3408,0
197,46317234.1258,15.9413,34230497.785,12086736.3408,0
198,46317234.1258,16.0287,34230497.785,12086736.3408,0
199,46317234.1258,16.115,34230497.785,12086736.3408,0
200,51826841.6629,16.2011,29419950.5279,22406891.135,0
201,31096671.1287,16.2381,30238023.1087,858648.02,0
202,31232997.2287,16.2748,30238023.1087,994974.12,0
203,31373631.5287,16.311,30238023.1087,1135608.42,0
204,31800361.6787,16.347,30238023.1087,1562338.57,0
205,32235831.8387,16.3833,30238023.1087,1997808.73,0
206,70190032.6087,16.4714,29419950.5279,40770082.0808,0
207,59054275.2409,16.5588,29419950.5279,29634324.713,0
208,55384346.0307,16.6462,29419950.5279,25964395.5028,0
209,51826841.6629,16.7331,29419950.5279,22406891.135,0
210,59538440.0264,16.8201,22415528.2492,37122911.7772,0
211,59365503.4521,16.9069,22415528.2492,36949975.2029,0
212,59320314.9921,16.9944,22370339.7892,36949975.2029,0
213,59292952.7536,17.0811,22515914.125,36777038.6286,0
214,59147378.4178,17.1672,22370339.7892,36777038.6286,0
215,59147378.4178,17.2531,22370339.7892,36777038.6286,0
216,58974441.8435,17.3389,22370339.7892,36604102.0543,0
217,58974441.8435,17.4254,22370339.7892,36604102.0543,0
218,58974441.8435,17.5121,22370339.7892,36604102.0543,0
219,58974441.8435,17.5993,22370339.7892,36604102.0543,0
220,67379978.1832,17.686,15078721.6461,52301256.5372,0
221,31037842.888,17.7229,30195194.868,842648.02,0
222,31178477.188,17.7589,30195194.868,983282.32,0
223,31613947.348,17.7949,30195194.868,1418752.48,0
224,32051235.558,17.8312,30195194.868,1856040.69,0
225,32565095.518,17.8674,30195194.868,2369900.65,0
226,130278968.9226,17.9544,15078721.6461,115200247.2766,0
227,103137478.871,18.0411,15078721.6461,88058757.2249,0
228,76108831.0704,18.1284,15078721.6461,61030109.4243,0
229,67379978.1832,18.2153,15078721.6461,52301256.5372,0
230,57860137.2468,18.3021,17815220.8904,40044916.3564,0
231,46619541.1779,18.3893,26460465.5221,20159075.6557,0
232,42016802.6574,18.4761,28067435.9327,13949366.7247,0
233,39886339.3947,18.563,29857727.0017,10028612.393,0
234,38672204.9464,18.6498,28330607.1534,10028612.393,312985.4
235,29658780.8477,18.7361,17804306.6047,10028612.393,1825861.85
236,29360913.1488,18.8224,17816924.3523,9718126.9465,1825861.85
237,29127324.5081,18.9093,17893821.1581,9407641.4999,1825861.85
238,29055624.4697,18.9963,17822121.1197,9407641.4999,1825861.85
239,29009294.8762,19.0834,17732606.5663,9407641.4999,1869046.81
240,64131021.7981,19.17,48436675.3798,3930457.3586,11763889.0597
241,64082361.3893,19.2564,48388014.971,3930457.3586,11763889.0597
242,53666219.7641,19.3431,29663685.9096,12238644.7948,11763889.0597
243,51199365.6201,19.4294,29663685.9096,9771790.6508,11763889.0597
244,47947247.5822,19.5164,24773499.7422,11409858.7803,11763889.0597
245,47947247.5822,19.6032,24773499.7422,11409858.7803,11763889.0597
246,47947247.5822,19.6899,24773499.7422,11409858.7803,11763889.0597
247,47851994.0072,19.7763,24807965.163,11280139.7845,11763889.0597
248,47851994.0072,19.8631,24807965.163,11280139.7845,11763889.0597
249,47656145.1076,19.9492,24612116.2634,11280139.7845,11763889.0597
250,65177562.9622,20.0361,49218379.9804,8233158.322,7726024.6598
251,52327677.9326,20.1233,28634434.1914,15967219.0814,7726024.6598
252,43994309.2172,20.2103,28027090.1358,15967219.0814,0
253,43899629.8028,20.2967,28027090.1358,15872539.6669,0
254,41568522.6621,20.3831,23895473.3283,17673049.3337,0
255,41523868.4642,20.4696,23756139.716,17767728.7482,0
256,41456621.2362,20.556,23688892.488,17767728.7482,0
257,41415509.0667,20.6433,23647780.3185,17767728.7482,0
258,41415509.0667,20.7302,23647780.3185,17767728.7482,0
259,41415509.0667,20.8169,23647780.3185,17767728.7482,0
260,58165663.536,20.9032,25962001.8998,32203661.6362,0
261,57937268.1271,20.9899,25733606.4909,32203661.6362,0
262,57765663.536,21.0767,25733606.4909,32032057.045,0
263,57765663.536,21.1632,25733606.4909,32032057.045,0
264,57594058.9449,21.2502,25733606.4909,31860452.4539,0
265,57154378.6631,21.3368,21861834.3868,35292544.2763,0
266,57154378.6631,21.4235,21861834.3868,35292544.2763,0
267,57154378.6631,21.5102,21861834.3868,35292544.2763,0
268,57154378.6631,21.5972,21861834.3868,35292544.2763,0
269,57154378.6631,21.6841,21861834.3868,35292544.2763,0
270,39497416.725,21.7217,37234477.5512,2262939.1738,0
271,39884273.3865,21.7577,37234477.5512,2649795.8353,0
272,41082164.1735,21.794,37234477.5512,3847686.6223,0
273,42285056.0502,21.8306,37234477.5512,5050578.499,0
274,43687578.2086,21.8676,37234477.5512,6453100.6574,0
275,100630087.3571,21.9546,21861834.3868,78768252.9702,0
276,81869921.2378,22.041,21861834.3868,60008086.8509,0
277,63187751.5502,22.1273,21861834.3868,41325917.1634,0
278,57154378.6631,22.2134,21861834.3868,35292544.2763,0
279,57129202.3655,22.3002,22008262.6804,35120939.6851,0
280,63120945.8583,22.3867,17711572.9198,45409372.9385,0
281,60815060.6323,22.474,20323794.4736,40491266.1587,0
282,58718124.9575,22.5615,17913873.3988,40491266.1587,312985.4
283,56007110.6199,22.6485,15202859.0612,40491266.1587,312985.4
284,55241089.6132,22.7358,14749823.4545,40491266.1587,0
285,54971829.1365,22.8219,17831716.6746,37140112.4619,0
286,54858297.6603,22.9082,17964090.5375,36894207.1229,0
287,54634113.1195,22.9948,17985811.3356,36648301.7839,0
288,54634113.1195,23.0829,17985811.3356,36648301.7839,0
289,54634113.1195,23.1706,17985811.3356,36648301.7839,0
290,44595940.0789,23.258,25988789.1098,18607150.9691,0
291,41676123.9271,23.3452,28435334.6967,13240789.2304,0
292,38805823.0493,23.4316,30667614.0587,8138208.9906,0
293,37059405.3824,23.5191,28608210.9918,8138208.9906,312985.4
294,25741025.8462,23.6065,15756955.0056,8138208.9906,1845861.85
295,25652528.8932,23.6941,15625273.0925,8138208.9906,1889046.81
296,25520846.9801,23.7811,15493591.1795,8138208.9906,1889046.81
297,25365649.253,23.8684,15606711.5393,7869890.9037,1889046.81
298,25115892.7193,23.9564,15625273.0925,7601572.8168,1889046.81
299,25072707.7593,24.0456,15625273.0925,7601572.8168,1845861.85
300,46604303.5387,24.1333,29579297.7009,3435703.8686,13589301.9693
301,46604303.5387,24.22,29579297.7009,3435703.8686,13589301.9693
302,46483031.0716,24.312,29579297.7009,3314431.4015,13589301.9693
303,46483031.0716,24.4038,29579297.7009,3314431.4015,13589301.9693
304,46483031.0716,24.495,29579297.7009,3314431.4015,13589301.9693
305,43698033.924,24.5845,29739115.0787,3314431.4015,10644487.4439
306,43538216.5462,24.6746,29579297.7009,3314431.4015,10644487.4439
307,40407727.2855,24.7614,24674856.6205,5088383.2211,10644487.4439
308,40391634.4314,24.8487,24658763.7664,5088383.2211,10644487.4439
309,40391634.4314,24.9357,24658763.7664,5088383.2211,10644487.4439
310,64373368.1348,25.0694,24155987.4427,2114296.911,38103083.7811
311,64373368.1348,25.1643,24155987.4427,2114296.911,38103083.7811
312,64373368.1348,25.2518,24155987.4427,2114296.911,38103083.7811
313,40387173.7837,25.2897,38479636.8737,461675.06,1445861.85
314,40774030.4453,25.3264,38479636.8737,848531.7216,1445861.85
315,41971921.2323,25.3631,38479636.8737,2046422.5085,1445861.85
316,43174813.109,25.4,38479636.8737,3249314.3852,1445861.85
317,44566332.0722,25.4373,38479636.8737,4640833.3485,1445861.85
318,77139700.3989,25.5266,24155987.4427,14880629.1751,38103083.7811
319,71630911.2106,25.6144,24155987.4427,9371839.9868,38103083.7811
320,94289965.4821,25.7012,13343484.0724,4035837.2822,76910644.1274
321,49890461.5307,25.7883,29205793.8527,4035837.2822,16648830.3958
322,32845052.7351,25.8773,28809215.4529,4035837.2822,0
323,27184273.991,25.9658,17931420.9992,9252852.9918,0
324,25344283.2189,26.0541,17931420.9992,7412862.2197,0
325,23641686.7863,26.1412,15233592.6975,8408094.0888,0
326,23603039.9534,26.2282,15142611.8103,8460428.1431,0
327,23603039.9534,26.3174,15142611.8103,8460428.1431,0
328,23603039.9534,26.4048,15142611.8103,8460428.1431,0
329,23603039.9534,26.4925,15142611.8103,8460428.1431,0
330,51986623.4455,26.5804,28807748.5299,23178874.9156,0
331,45446719.2459,26.618,43667920.6582,1778798.5876,0
332,46644610.0328,26.6541,43667920.6582,2976689.3746,0
333,47847501.9095,26.69,43667920.6582,4179581.2513,0
334,49239020.8728,26.726,43667920.6582,5571100.2146,0
335,49625877.5344,26.7621,43667920.6582,5957956.8761,0
336,88311333.6617,26.8488,28807748.5299,59503585.1318,0
337,72636888.8197,26.9373,28807748.5299,43829140.2898,0
338,57027611.352,27.0264,28807748.5299,28219862.8221,0
339,54324563.4437,27.1139,28972272.9885,25352290.4552,0
340,50528849.2569,27.2007,24084411.8271,26444437.4298,0
341,46775745.7875,27.2886,20331308.3577,26444437.4298,0
342,46589073.0278,27.3766,20331308.3577,26257764.67,0
343,46525961.0055,27.4636,20454869.0952,26071091.9103,0
344,46402400.268,27.5613,20331308.3577,26071091.9103,0
345,46359611.3985,27.6529,20475192.2481,25884419.1505,0
346,46359611.3985,27.7417,20475192.2481,25884419.1505,0
347,46359611.3985,27.8291,20475192.2481,25884419.1505,0
348,46359611.3985,27.9166,20475192.2481,25884419.1505,0
349,46359611.3985,28.0047,20475192.2481,25884419.1505,0
350,39062363.157,28.0423,36884794.9865,2177568.1705,0
351,39614498.501,28.0788,36884794.9865,2729703.5146,0
352,41324170.0863,28.1154,36884794.9865,4439375.0998,0
353,43040979.4016,28.1542,36884794.9865,6156184.4151,0
354,45027003.8854,28.1927,36884794.9865,8142208.8989,0
355,93652813.0119,28.281,20475192.2481,73177620.7638,0
356,73245363.7665,28.3688,20475192.2481,52770171.5184,0
357,52922759.6238,28.4567,20475192.2481,32447567.3758,0
358,46359611.3985,28.5446,20475192.2481,25884419.1505,0
359,42762924.0298,28.6331,20611960.075,22150963.9548,0
360,42846267.4659,28.7236,22403712.9302,20442554.5357,0
361,40871976.5385,28.8109,19388436.6027,20442554.5357,1040985.4
362,39071354.0105,28.8979,18628799.4748,20442554.5357,0
363,38799485.079,28.9851,22089994.8991,16709490.1799,0
364,35214680.8172,29.0725,18505190.6373,16709490.1799,0
365,35200285.133,29.1602,18697992.7952,16502292.3378,0
366,35149970.0359,29.2531,18647677.698,16502292.3378,0
367,35135574.3516,29.3412,18840479.8559,16295094.4957,0
368,35103083.14,29.4295,18840479.8559,16262603.2841,0
369,35103083.14,29.5164,18840479.8559,16262603.2841,0
370,31955347.6432,29.6056,21116735.2977,10838612.3456,0
371,31955347.6432,29.6956,21116735.2977,10838612.3456,0
372,31955347.6432,29.7852,21116735.2977,10838612.3456,0
373,31955347.6432,29.8737,21116735.2977,10838612.3456,0
374,31955347.6432,29.961,21116735.2977,10838612.3456,0
375,38717985.2491,29.9991,37799476.7668,918508.4823,0
376,39270120.5932,30.0365,37799476.7668,1470643.8263,0
377,40979792.1784,30.0733,37799476.7668,3180315.4116,0
378,42696601.4937,30.1101,37799476.7668,4897124.7269,0
379,44682625.9775,30.1464,37799476.7668,6883149.2107,0
380,107115113.1143,30.2343,8118272.4269,98996840.6874,0
381,72409299.4476,30.3215,8118272.4269,64291027.0206,0
382,37847777.1271,30.4091,8118272.4269,29729504.7002,0
383,26686196.0478,30.4975,8118272.4269,18567923.6209,0
384,24010574.5401,30.5854,9768992.8675,14241581.6726,0
385,23877172.9068,30.6733,9953055.2122,13924117.6946,0
386,19178613.7879,30.7613,11603775.6527,7574838.1352,0
387,17527893.3474,30.8489,9953055.2122,7574838.1352,0
388,17475648.6644,30.9393,9900810.5293,7574838.1352,0
389,17426367.0247,31.0284,9851528.8895,7574838.1352,0
390,31139505.8724,31.1159,26990869.2702,4148636.6022,0
391,31139505.8724,31.2029,26990869.2702,4148636.6022,0
392,31139505.8724,31.2908,26990869.2702,4148636.6022,0
393,31139505.8724,31.3795,26990869.2702,4148636.6022,0
394,46244397.9227,31.418,45869689.7312,374708.1915,0
395,46796533.2667,31.4559,45869689.7312,926843.5355,0
396,48506204.852,31.4933,45869689.7312,2636515.1208,0
397,50223014.1673,31.5306,45869689.7312,4353324.436,0
398,52209038.6511,31.5679,45869689.7312,6339348.9199,0
399,75189338.128,31.6556,26990869.2702,48198468.8577,0
400,60186809.02,31.7434,17138811.5287,43047997.4913,0
401,32271953.7123,31.832,17138811.5287,15133142.1836,0
402,23256901.7147,31.9196,17138811.5287,6118090.186,0
403,21080755.7533,32.0076,20010587.761,1070167.9923,0
404,20937166.9417,32.1003,19866998.9494,1070167.9923,0
405,20793578.1301,32.1887,19723410.1378,1070167.9923,0
406,20793578.1301,32.2755,19723410.1378,1070167.9923,0
407,20793578.1301,32.3637,19723410.1378,1070167.9923,0
408,20793578.1301,32.454,19723410.1378,1070167.9923,0
409,20793578.1301,32.5444,19723410.1378,1070167.9923,0
410,54892699.3024,32.5828,54876004.7424,16694.56,0
411,55329987.5124,32.6218,54876004.7424,453982.77,0
412,55765457.6724,32.6601,54876004.7424,889452.93,0
413,55906091.9724,32.6979,54876004.7424,1030087.23,0
414,56411951.9324,32.7355,54876004.7424,1535947.19,0
415,85754882.8333,32.8244,19723410.1378,66031472.6955,0
416,57723485.4354,32.9162,19723410.1378,38000075.2976,0
417,29808630.1277,33.0062,19723410.1378,10085219.9899,0
418,20793578.1301,33.096,19723410.1378,1070167.9923,0
419,20793578.1301,33.1835,19723410.1378,1070167.9923,0
420,45038666.9331,33.2703,44651610.4953,387056.4378,0
421,37991845.001,33.3573,37199505.5503,792339.4507,0
422,37633018.0203,33.4449,36820092.0599,812925.9604,0
423,37608524.0339,33.5323,36795598.0735,812925.9604,0
424,37608524.0339,33.6187,36795598.0735,812925.9604,0
425,37608524.0339,33.7062,36795598.0735,812925.9604,0
426,37608524.0339,33.794,36795598.0735,812925.9604,0
427,37608524.0339,33.882,36795598.0735,812925.9604,0
428,38901928.354,33.9203,38743975.214,157953.14,0
429,39042562.654,33.9568,38743975.214,298587.44,0
430,39229467.7714,33.9937,38495410.1714,734057.6,0
431,39666755.9814,34.0312,38495410.1714,1171345.81,0
432,40172615.9414,34.0684,38495410.1714,1677205.77,0
433,42824078.5299,34.1564,36795598.0735,6028480.4564,0
434,40573519.0408,34.2441,36795598.0735,3777920.9672,0
435,38332316.3776,34.3319,36795598.0735,1536718.304,0
436,37608524.0339,34.4203,36795598.0735,812925.9604,0
437,37373205.6297,34.51,36539693.1596,833512.47,0
438,37340310.9622,34.5981,36486211.9826,854098.9797,0
439,37017606.871,34.6864,36160279.6693,857327.2017,0
440,37625180.233,34.7736,37239380.3078,385799.9252,0
441,37625180.233,34.8606,37239380.3078,385799.9252,0
442,37625180.233,34.9491,37239380.3078,385799.9252,0
443,37625180.233,35.0375,37239380.3078,385799.9252,0
444,37997322.9424,35.0749,37830742.5524,166580.39,0
445,38434611.1524,35.1114,37830742.5524,603868.6,0
446,38870081.3124,35.1481,37830742.5524,1039338.76,0
447,39010715.6124,35.1855,37830742.5524,1179973.06,0
448,39516575.5724,35.2223,37830742.5524,1685833.02,0
449,39972196.087,35.3126,37239380.3078,2732815.7791,0
450,40593531.9182,35.4002,35515950.3097,5077581.6085,0
451,37616313.1484,35.4864,35515950.3097,2100362.8387,0
452,36654825.7352,35.5727,35515950.3097,1138875.4256,0
453,36654825.7352,35.6596,35515950.3097,1138875.4256,0
454,36629644.6902,35.7516,35463422.0979,1166222.5923,0
455,36336867.2355,35.8404,35143297.4764,1193569.759,0
456,36336867.2355,35.9307,35143297.4764,1193569.759,0
457,36336867.2355,36.0188,35143297.4764,1193569.759,0
458,36336867.2355,36.1063,35143297.4764,1193569.759,0
459,36336867.2355,36.1953,35143297.4764,1193569.759,0
460,37721763.2231,36.2335,37547182.8331,174580.39,0
461,38159051.4331,36.2707,37547182.8331,611868.6,0
462,38594521.5931,36.308,37547182.8331,1047338.76,0
463,38735155.8931,36.3453,37547182.8331,1187973.06,0
464,39241015.8531,36.3823,37547182.8331,1693833.02,0
465,43265221.8173,36.4706,35143297.4764,8121924.3409,0
466,40275573.4184,36.5583,35143297.4764,5132275.942,0
467,37298354.6486,36.6458,35143297.4764,2155057.1722,0
468,36336867.2355,36.7337,35143297.4764,1193569.759,0
469,36336867.2355,36.8225,35143297.4764,1193569.759,0
470,37015272.9815,36.9116,36428683.7423,586589.2392,0
471,36696081.8286,37.0009,36096353.6498,599728.1788,0
472,36696081.8286,37.0907,36096353.6498,599728.1788,0
473,36696081.8286,37.1809,36096353.6498,599728.1788,0
474,36696081.8286,37.2696,36096353.6498,599728.1788,0
475,36696081.8286,37.3574,36096353.6498,599728.1788,0
476,37331620.0473,37.3958,37149039.6573,182580.39,0
477,37768908.2573,37.4328,37149039.6573,619868.6,0
478,38204378.4173,37.4698,37149039.6573,1055338.76,0
479,38345012.7173,37.5063,37149039.6573,1195973.06,0
480,41466199.5756,37.5429,36158217.3888,5307982.1867,0
481,40024808.0975,37.6301,36096353.6498,3928454.4477,0
482,38588432.2535,37.718,36096353.6498,2492078.6036,0
483,37158028.2217,37.8063,36096353.6498,1061674.5719,0
484,36696081.8286,37.8943,36096353.6498,599728.1788,0
485,36696081.8286,37.9815,36096353.6498,599728.1788,0
486,36654689.8003,38.0681,36041822.6819,612867.1184,0
487,36335498.6474,38.1578,35709492.5894,626006.058,0
488,36335498.6474,38.2458,35709492.5894,626006.058,0
489,36335498.6474,38.3341,35709492.5894,626006.058,0
490,36614517.7568,38.4226,36286176.3741,328341.3827,0
491,36614517.7568,38.5118,36286176.3741,328341.3827,0
492,36365109.6232,38.5504,35770693.3066,594416.3166,0
493,37729002.5562,38.5875,35770693.3066,1958309.2496,0
494,39087225.0287,38.6249,35770693.3066,3316531.7221,0
495,39525860.5178,38.6619,35770693.3066,3755167.2113,0
496,41103627.3288,38.6992,35770693.3066,5332934.0222,0
497,38360441.0938,38.7876,36286176.3741,2074264.7198,0
498,37607059.1981,38.8746,36286176.3741,1320882.824,0
499,36856809.5294,38.9619,36286176.3741,570633.1553,0
500,36645709.8653,39.0492,36350645.0166,295064.8487,0
501,36645709.8653,39.1415,36350645.0166,295064.8487,0
502,36596392.7854,39.2451,36295134.9627,301257.8227,0
503,36264288.7872,39.3328,35956837.9906,307450.7967,0
504,36264288.7872,39.4189,35956837.9906,307450.7967,0
505,36264288.7872,39.5054,35956837.9906,307450.7967,0
506,36264288.7872,39.5931,35956837.9906,307450.7967,0
507,36264288.7872,39.6812,35956837.9906,307450.7967,0
508,36002537.3764,39.7186,35383169.2243,619368.1521,0
509,37366430.3094,39.7549,35383169.2243,1983261.0851,0
510,40270073.245,39.7911,34583834.4095,5686238.8354,0
511,41016504.0175,39.8276,34583834.4095,6432669.608,0
512,43701406.9233,39.8641,34583834.4095,9117572.5138,0
513,37833267.3946,39.9531,35956837.9906,1876429.404,0
514,37156238.7688,40.0457,35956837.9906,1199400.7782,0
515,36482024.9271,40.1333,35956837.9906,525186.9366,0
516,36264288.7872,40.2206,35956837.9906,307450.7967,0
517,36264288.7872,40.3083,35956837.9906,307450.7967,0
518,36214971.7074,40.3948,35901327.9367,313643.7707,0
519,35882867.7092,40.4819,35563030.9645,319836.7446,0
520,36006901.5716,40.5683,35800321.1816,206580.39,0
521,36006901.5716,40.6546,35800321.1816,206580.39,0
522,36006901.5716,40.7406,35800321.1816,206580.39,0
523,36006901.5716,40.8269,35800321.1816,206580.39,0
524,35301511.1298,40.8644,34205064.8141,1096446.3157,0
525,37622462.5364,40.9004,34205064.8141,3417397.7223,0
526,39933764.4588,40.9364,34205064.8141,5728699.6446,0
527,40680195.2313,40.9725,34205064.8141,6475130.4172,0
528,43365098.1371,41.0089,34205064.8141,9160033.323,0
529,37020294.2416,41.0955,35800321.1816,1219973.06,0
530,37511184.7977,41.1816,34931911.8583,2579272.9394,0
531,36076129.0411,41.2675,34931911.8583,1144217.1828,0
532,35612680.3818,41.3606,34931911.8583,680768.5236,0
533,35612680.3818,41.4481,34931911.8583,680768.5236,0
534,35571337.1047,41.5354,34877386.9132,693950.1914,0
535,35252225.3855,41.6229,34545093.5262,707131.8593,0
536,35252225.3855,41.7091,34545093.5262,707131.8593,0
537,35252225.3855,41.796,34545093.5262,707131.8593,0
538,35252225.3855,41.8826,34545093.5262,707131.8593,0
539,35252225.3855,41.9691,34545093.5262,707131.8593,0
540,35257668.3661,42.0063,34558724.5058,698943.8603,0
541,36682029.2295,42.043,34558724.5058,2123304.7238,0
542,38100468.2336,42.0793,34558724.5058,3541743.7279,0
543,38558550.5427,42.1155,34558724.5058,3999826.037,0
544,40206267.3412,42.1521,34558724.5058,5647542.8355,0
545,38591776.7908,42.2394,34545093.5262,4046683.2647,0
546,37150729.8014,42.3254,34545093.5262,2605636.2752,0
547,35715674.0448,42.4116,34545093.5262,1170580.5186,0
548,35252225.3855,42.4983,34545093.5262,707131.8593,0
549,35252225.3855,42.5847,34545093.5262,707131.8593,0
550,35388934.0096,42.6715,34950478.9734,438455.0363,0
551,35060233.3806,42.7577,34613754.6596,446478.721,0
552,35060233.3806,42.8435,34613754.6596,446478.721,0
553,35060233.3806,42.9298,34613754.6596,446478.721,0
554,35060233.3806,43.0166,34613754.6596,446478.721,0
555,35060233.3806,43.1039,34613754.6596,446478.721,0
556,34896755.4715,43.1411,34171753.5409,725001.9306,0
557,36321116.3349,43.1773,34171753.5409,2149362.794,0
558,37739555.339,43.2132,34171753.5409,3567801.7981,0
559,38197637.6481,43.2491,34171753.5409,4025884.1072,0
560,49957708.4209,43.2858,31599458.266,18358250.1548,0
561,37093019.2123,43.3724,34613754.6596,2479264.5527,0
562,36215853.5252,43.4596,34613754.6596,1602098.8656,0
563,35342334.7032,43.5462,34613754.6596,728580.0436,0
564,35060233.3806,43.6327,34613754.6596,446478.721,0
565,35060233.3806,43.7195,34613754.6596,446478.721,0
566,35013005.0639,43.8051,34558502.6581,454502.4058,0
567,34858692.7377,43.8913,34396166.6471,462526.0906,0
568,34684304.4349,43.9781,34221778.3444,462526.0906,0
569,34684304.4349,44.0644,34221778.3444,462526.0906,0
570,34764078.4609,44.1507,34456592.2705,307486.1903,0
571,34764078.4609,44.2371,34456592.2705,307486.1903,0
572,34764078.4609,44.3234,34456592.2705,307486.1903,0
573,33671845.3615,44.3604,31241616.7277,2430228.6337,0
574,38261533.3743,44.3962,31241616.7277,7019916.6466,0
575,39743764.811,44.4321,31241616.7277,8502148.0833,0
576,44352614.3716,44.4678,31241616.7277,13110997.6439,0
577,49684183.8059,44.5036,31241616.7277,18442567.0782,0
578,36115469.4069,44.5897,34456592.2705,1658877.1364,0
579,35532331.848,44.6757,34456592.2705,1075739.5775,0
580,34988871.9742,44.7625,33865021.3485,1123850.6256,0
581,34563102.3312,44.8487,33865021.3485,698080.9826,0
582,34520536.3038,44.9345,33810345.3411,710190.9627,0
583,34199432.2714,45.02,33477131.3286,722300.9428,0
584,34199432.2714,45.1058,33477131.3286,722300.9428,0
585,34199432.2714,45.1918,33477131.3286,722300.9428,0
586,34199432.2714,45.2786,33477131.3286,722300.9428,0
587,34199432.2714,45.3649,33477131.3286,722300.9428,0
588,33398320.7465,45.4021,30883775.1894,2514545.5571,0
589,38729890.1807,45.4382,30883775.1894,7846114.9913,0
590,51468685.1132,45.4741,27528575.4794,23940109.6338,0
591,60290680.0497,45.5099,27528575.4794,32762104.5703,0
592,63139727.3472,45.5461,27528575.4794,35611151.8678,0
593,38798962.0441,45.6336,33477131.3286,5321830.7155,0
594,37267473.534,45.7201,33477131.3286,3790342.2053,0
595,35943585.6555,45.8055,33477131.3286,2466454.3269,0
596,34625201.9144,45.8919,33477131.3286,1148070.5858,0
597,34199432.2714,45.9783,33477131.3286,722300.9428,0
598,34156866.244,46.0643,33422455.3212,734410.9229,0
599,33835762.2117,46.1506,33089241.3087,746520.903,0
600,33913481.492,46.2378,33369449.3693,544032.1227,0
601,33913481.492,46.3247,33369449.3693,544032.1227,0
602,33913481.492,46.4106,33369449.3693,544032.1227,0
603,33913481.492,46.498,33369449.3693,544032.1227,0
604,32204971.3725,46.5352,27209609.6879,4995361.6845,0
605,42402811.2116,46.5715,30043816.9093,12358994.3023,0
606,51261637.2088,46.6077,30043816.9093,21217820.2995,0
607,60083632.1453,46.644,30043816.9093,30039815.236,0
608,62932679.4428,46.6801,30043816.9093,32888862.5335,0
609,36149337.1713,46.7664,33369449.3693,2779887.802,0
610,41187490.1673,46.8534,31498284.1832,9689205.984,0
611,37824739.2676,46.9395,31498284.1832,6326455.0843,0
612,34475969.1914,47.0253,31498284.1832,2977685.0082,0
613,33394489.9563,47.1109,31498284.1832,1896205.7731,0
614,33373202.8567,47.1972,31446237.0418,1926965.8149,0
615,33086770.0816,47.2836,31129044.225,1957725.8566,0
616,33086770.0816,47.3705,31129044.225,1957725.8566,0
617,33086770.0816,47.4562,31129044.225,1957725.8566,0
618,33086770.0816,47.5419,31129044.225,1957725.8566,0
619,33086770.0816,47.628,31129044.225,1957725.8566,0
620,32392342.8994,47.6658,28295433.4666,4096909.4328,0
621,40533042.3531,47.7018,28295433.4666,12237608.8865,0
622,47570230.8514,47.7376,28295433.4666,19274797.3848,0
623,54578161.848,47.7736,28295433.4666,26282728.3813,0
624,56841360.4794,47.8096,28295433.4666,28545927.0128,0
625,40879770.2925,47.8967,31129044.225,9750726.0675,0
626,40879770.2925,47.9841,31129044.225,9750726.0675,0
627,37517019.3929,48.0711,31129044.225,6387975.1679,0
628,34168249.3167,48.1571,31129044.225,3039205.0917,0
629,33086770.0816,48.2434,31129044.225,1957725.8566,0
630,33203921.6574,48.3301,31673915.8144,1530005.843,0
631,32904304.0634,48.4161,31350630.4419,1553673.6214,0
632,32904304.0634,48.5025,31350630.4419,1553673.6214,0
633,32904304.0634,48.5891,31350630.4419,1553673.6214,0
634,32904304.0634,48.6766,31350630.4419,1553673.6214,0
635,32904304.0634,48.7627,31350630.4419,1553673.6214,0
636,32185456.4114,48.7995,27959804.6373,4225651.7741,0
637,40326155.8651,48.8359,27959804.6373,12366351.2278,0
638,47363344.3634,48.872,27959804.6373,19403539.7261,0
639,54371275.3599,48.9079,27959804.6373,26411470.7227,0
640,103690189.3712,48.9441,17135606.4065,86554582.9647,0
641,38900492.3527,49.0307,31350630.4419,7549861.9108,0
642,38900492.3527,49.1183,31350630.4419,7549861.9108,0
643,36313082.2387,49.2059,31350630.4419,4962451.7967,0
644,33736429.4257,49.2939,31350630.4419,2385798.9838,0
645,32904304.0634,49.3802,31350630.4419,1553673.6214,0
646,32874924.9927,49.4683,31297583.5928,1577341.3998,0
647,32575307.3986,49.5545,30974298.2204,1601009.1783,0
648,32575307.3986,49.6413,30974298.2204,1601009.1783,0
649,32575307.3986,49.7279,30974298.2204,1601009.1783,0
650,32634076.059,49.8157,31304229.2442,1329846.8148,0
651,32634076.059,49.9035,31304229.2442,1329846.8148,0
652,30073663.8339,49.9404,16929910.9951,13143752.8388,0
653,44443532.4201,49.9765,31299779.5813,13143752.8388,0
654,63101932.4232,50.0128,31299779.5813,14795903.3819,17006249.46
655,63101932.4232,50.0495,31299779.5813,14795903.3819,17006249.46
656,69933404.8735,50.0866,31299779.5813,21627375.8322,17006249.46
657,50498673.9035,50.1893,31304229.2442,2188195.1993,17006249.46
658,35458341.9511,50.2756,31304229.2442,4154112.7069,0
659,35458341.9511,50.3618,31304229.2442,4154112.7069,0
660,38967515.4143,50.4481,29065289.5568,9902225.8575,0
661,37319917.9788,50.5347,29065289.5568,8254628.422,0
662,37317002.4089,50.6216,29015512.0923,8301490.3166,0
663,37060503.6626,50.708,28712151.4514,8348352.2112,0
664,37060503.6626,50.7945,28712151.4514,8348352.2112,0
665,37060503.6626,50.881,28712151.4514,8348352.2112,0
666,37060503.6626,50.9682,28712151.4514,8348352.2112,0
667,37060503.6626,51.0556,28712151.4514,8348352.2112,0
668,51339187.0001,51.093,16724215.5836,34614971.4165,0
669,48962253.9227,51.1289,27014259.1568,13532362.0159,8415632.75
670,170291142.3299,51.1649,17943733.2654,7699503.977,144647905.0875
671,178082564.9956,51.201,33232253.7231,19413502.9235,125436808.3491
672,181969465.8366,51.2372,33232253.7231,23300403.7644,125436808.3491
673,193976536.2458,51.2747,35193260.7205,33346467.1763,125436808.3491
674,49435303.7425,51.3617,31850000.6979,9169670.2945,8415632.75
675,41019670.9925,51.4476,31850000.6979,9169670.2945,0
676,33623450.1045,51.5369,28712151.4514,4911298.6531,0
677,33623450.1045,51.6246,28712151.4514,4911298.6531,0
678,31975852.669,51.7117,28712151.4514,3263701.2176,0
679,31972937.0991,51.7983,28662373.9869,3310563.1122,0
680,31763594.0125,51.8849,28796264.2834,2967329.7291,0
681,31763594.0125,51.9715,28796264.2834,2967329.7291,0
682,31763594.0125,52.0579,28796264.2834,2967329.7291,0
683,31763594.0125,52.1441,28796264.2834,2967329.7291,0
684,31763594.0125,52.2373,28796264.2834,2967329.7291,0
685,25643649.5181,52.2755,17723038.6936,7920610.8246,0
686,37679328.8019,52.3127,17723038.6936,19956290.1083,0
687,49686399.2112,52.35,19684045.691,30002353.5202,0
688,61772326.408,52.3876,19684045.691,42088280.717,0
689,65659227.249,52.4237,19684045.691,45975181.558,0
690,66108508.0367,52.5126,23188561.66,42919946.3768,0
691,50865602.3073,52.5993,23188561.66,27677040.6473,0
692,35832356.906,52.6861,20878420.1175,14953936.7885,0
693,35832356.906,52.7729,20878420.1175,14953936.7885,0
694,30909688.0893,52.8601,20878420.1175,10031267.9718,0
695,30909688.0893,52.9474,20878420.1175,10031267.9718,0
696,30909688.0893,53.0352,20878420.1175,10031267.9718,0
697,30909688.0893,53.1224,20878420.1175,10031267.9718,0
698,30909688.0893,53.2092,20878420.1175,10031267.9718,0
699,25643649.5181,53.247,17723038.6936,7920610.8246,0
700,46676889.1299,53.2839,22200608.5226,24476280.6073,0
701,60183506.9268,53.3346,22200608.5226,37982898.4042,0
702,73633970.2106,53.3716,22200608.5226,51433361.688,0
703,87317378.112,53.4082,24657046.6883,62660331.4237,0
704,76492382.7537,53.4985,23188561.66,53303821.0937,0
705,74182241.2112,53.5867,20878420.1175,53303821.0937,0
706,58875697.6776,53.6811,20878420.1175,37997277.5601,0
707,43632791.9481,53.7682,20878420.1175,22754371.8306,0
708,30909688.0893,53.8562,20878420.1175,10031267.9718,0
709,30909688.0893,53.9445,20878420.1175,10031267.9718,0
710,30998021.5103,54.0343,21697491.9182,9300529.592,0
711,30998021.5103,54.124,21697491.9182,9300529.592,0
712,30998021.5103,54.2129,21697491.9182,9300529.592,0
713,31052280.5029,54.2508,22200608.5226,8851671.9804,0
714,35396083.276,54.2876,22200608.5226,13195474.7534,0
715,51020691.903,54.3245,22200608.5226,28820083.3804,0
716,68570992.4611,54.3613,22200608.5226,46370383.9385,0
717,82077610.2579,54.3979,22200608.5226,59877001.7353,0
718,66170529.0694,54.4857,21697491.9182,44473037.1512,0
719,61606457.296,54.5729,21697491.9182,39908965.3778,0
720,58205876.7538,54.6599,11313313.5982,46892563.1556,0
721,55871590.0905,54.7478,14080315.6751,41791274.4154,0
722,27543845.242,54.8345,14080315.6751,13463529.5669,0
723,25915770.8279,54.9216,17634680.522,8281090.3059,0
724,21988307.8193,55.0106,17634680.522,4353627.2973,0
725,20710497.8387,55.0981,20406381.938,304115.9007,0
726,20569619.8018,55.1848,20265503.9011,304115.9007,0
727,20428741.7648,55.2782,20124625.8641,304115.9007,0
728,20287863.7279,55.3697,19983747.8272,304115.9007,0
729,20287863.7279,55.4623,19983747.8272,304115.9007,0
730,55897056.8222,55.5537,55890019.6577,7037.1645,0
731,55794234.5875,55.6441,55787197.423,7037.1645,0
732,48567602.553,55.7329,48442522.8662,125079.6868,0
733,48567602.553,55.8208,48442522.8662,125079.6868,0
734,47359318.7033,55.909,47114318.6918,245000.0115,0
735,39625657.3383,55.9967,39289776.833,335880.5053,0
736,32361544.4561,56.0849,31931959.2883,429585.1678,0
737,32361544.4561,56.1743,31931959.2883,429585.1678,0
738,32361544.4561,56.2631,31931959.2883,429585.1678,0
739,32361544.4561,56.3534,31931959.2883,429585.1678,0
740,32367994.4443,56.4412,31987571.671,380422.7733,0
741,31256586.8609,56.4802,22404914.8805,8851671.9804,0
742,35600389.6339,56.5176,22404914.8805,13195474.7534,0
743,46827359.3697,56.5545,22404914.8805,24422444.4891,0
744,60277822.6535,56.5916,22404914.8805,37872907.7729,0
745,73784440.4503,56.6282,22404914.8805,51379525.5698,0
746,33615254.7394,56.7152,31987571.671,1627683.0684,0
747,33037187.3916,56.8028,31987571.671,1049615.7206,0
748,32554680.248,56.8905,31987571.671,567108.5771,0
749,32262991.3797,56.9778,31695882.8026,567108.5771,0
750,32061398.4652,57.0664,31557656.5918,503741.8734,0
751,32013037.62,57.1542,31502264.6742,510772.9459,0
752,31682491.6826,57.242,31164687.6643,517804.0183,0
753,31675460.6101,57.329,31164687.6643,510772.9459,0
754,31675460.6101,57.4177,31164687.6643,510772.9459,0
755,31675460.6101,57.506,31164687.6643,510772.9459,0
756,31675460.6101,57.5937,31164687.6643,510772.9459,0
757,31675460.6101,57.6823,31164687.6643,510772.9459,0
758,30899378.2749,57.7212,21924157.4085,8975220.8663,0
759,42126348.0106,57.7585,21924157.4085,20202190.602,0
760,62418970.8876,57.7954,31052599.8921,31366370.9955,0
761,69163255.8019,57.8321,31052599.8921,38110655.9097,0
762,87800570.0236,57.8687,31052599.8921,39741720.6714,17006249.46
763,49627615.2447,57.9565,31164687.6643,1456678.1204,17006249.46
764,32561581.3488,58.0448,31164687.6643,1396893.6845,0
765,31922663.0993,58.1325,31164687.6643,757975.435,0
766,31675460.6101,58.219,31164687.6643,510772.9459,0
767,31627099.765,58.308,31109295.7467,517804.0183,0
768,31296553.8276,58.3963,30771718.7368,524835.0908,0
769,31296553.8276,58.4861,30771718.7368,524835.0908,0
770,31297736.8569,58.5743,30797025.2867,500711.5702,0
771,31297736.8569,58.6615,30797025.2867,500711.5702,0
772,31297736.8569,58.7493,30797025.2867,500711.5702,0
773,30620092.0802,58.7872,16301314.7979,14318777.2823,0
774,45163201.926,58.8235,30844424.6437,14318777.2823,0
775,63800516.1477,58.8608,30844424.6437,15949842.044,17006249.46
776,63800516.1477,58.8976,30844424.6437,15949842.044,17006249.46
777,70544801.0619,58.9346,30844424.6437,22694126.9582,17006249.46
778,61641032.3375,59.0236,57879094.9696,793588.148,2968349.22
779,34165670.5509,59.1112,30403733.183,793588.148,2968349.22
780,33129592.4576,59.2038,27517478.8088,2028299.1416,3583814.5072
781,29913693.722,59.2915,27885394.5804,2028299.1416,0
782,29587033.329,59.3805,27885394.5804,1701638.7486,0
783,29546149.6465,59.4676,27835219.8389,1710929.8075,0
784,29249658.9246,59.5567,27529438.0581,1720220.8665,0
785,29237699.6753,59.6444,27517478.8088,1720220.8665,0
786,29237699.6753,59.7325,27517478.8088,1720220.8665,0
787,29237699.6753,59.8223,27517478.8088,1720220.8665,0
788,29237699.6753,59.9112,27517478.8088,1720220.8665,0
789,29237699.6753,59.9987,27517478.8088,1720220.8665,0
790,60607921.5692,60.0385,9642421.5897,50965499.9795,0
791,45395820.9625,60.0749,15882169.4449,21098018.7676,8415632.75
792,39156073.1073,60.1115,9642421.5897,21098018.7676,8415632.75
793,47869773.4967,60.1477,18356121.9791,21098018.7676,8415632.75
794,57547839.0141,60.1839,18356121.9791,30776084.2851,8415632.75
795,68913977.3321,60.22,29722260.297,30776084.2851,8415632.75
796,83113372.6072,60.2563,43987077.6921,30776084.2851,8350210.63
797,158975862.1349,60.3436,84821189.3938,1038774.5121,73115898.229
798,85859963.9059,60.4304,84821189.3938,1038774.5121,0
799,53423353.7253,60.5167,52384579.2131,1038774.5121,0
800,31190605.993,60.6037,30321032.6902,869573.3027,0
801,30917153.8111,60.6906,30321032.6902,596121.1209,0
802,30869644.8146,60.7776,30265746.0127,603898.8019,0
803,30540486.8542,60.8639,29928810.3713,611676.483,0
804,30540486.8542,60.9509,29928810.3713,611676.483,0
805,30540486.8542,61.0383,29928810.3713,611676.483,0
806,30540486.8542,61.1264,29928810.3713,611676.483,0
807,30540486.8542,61.214,29928810.3713,611676.483,0
808,31166247.3348,61.2516,9517690.5822,21648556.7526,0
809,47157719.8088,61.2886,25509163.0562,21648556.7526,0
810,75378856.2332,61.3251,44251213.3028,31127642.9305,0
811,90494672.2142,61.3615,59367029.2838,31127642.9305,0
812,96950729.9652,61.3978,59367029.2838,37583700.6815,0
813,58921328.7922,61.4868,57329437.0606,1591891.7316,0
814,51076882.4128,61.5739,49484990.6812,1591891.7316,0
815,50370119.346,61.6612,49484990.6812,885128.6648,0
816,30813939.0361,61.7481,29928810.3713,885128.6648,0
817,30540486.8542,61.8346,29928810.3713,611676.483,0
818,30492977.8577,61.9207,29873523.6937,619454.164,0
819,30163819.8973,62.0068,29536588.0523,627231.845,0
820,30166703.1036,62.0934,29495923.6935,670779.4102,0
821,30166703.1036,62.1798,29495923.6935,670779.4102,0
822,30166703.1036,62.266,29495923.6935,670779.4102,0
823,30166703.1036,62.3527,29495923.6935,670779.4102,0
824,31102743.1398,62.3906,16294139.3556,14808603.7843,0
825,49670351.3549,62.4273,16294139.3556,16369962.5393,17006249.46
826,49670351.3549,62.4638,16294139.3556,16369962.5393,17006249.46
827,60458703.9793,62.5005,27082491.98,16369962.5393,17006249.46
828,66914761.7303,62.5368,27082491.98,22826020.2903,17006249.46
829,50890888.3735,62.625,49025180.124,1865708.2495,0
830,43813394.2973,62.7122,40524077.7422,3289316.5551,0
831,43813394.2973,62.7995,40524077.7422,3289316.5551,0
832,32307296.7524,62.886,29017980.1974,3289316.5551,0
833,31791718.0662,62.9727,29017980.1974,2773737.8689,0
834,31752066.5,63.0601,28963664.2516,2788402.2484,0
835,31435711.2047,63.1472,28632644.5768,2803066.6278,0
836,31435711.2047,63.234,28632644.5768,2803066.6278,0
837,31435711.2047,63.3206,28632644.5768,2803066.6278,0
838,31435711.2047,63.4071,28632644.5768,2803066.6278,0
839,31435711.2047,63.4961,28632644.5768,2803066.6278,0
840,46712066.6954,63.5344,15623773.3198,22672660.6256,8415632.75
841,40425727.1107,63.5705,9337433.7351,22672660.6256,8415632.75
842,40425727.1107,63.6075,9337433.7351,22672660.6256,8415632.75
843,44177997.4637,63.6441,13089704.0882,22672660.6256,8415632.75
844,53823317.7933,63.6808,13089704.0882,32317980.9551,8415632.75
845,65023001.4849,63.7172,24289387.7797,32317980.9551,8415632.75
846,76209375.0891,63.8062,74481857.33,1727517.7591,0
847,68976592.1789,63.8942,66775144.9198,1727517.7591,473929.5
848,34633476.9707,63.9807,32432029.7116,1727517.7591,473929.5
849,30834091.8359,64.0676,28632644.5768,1727517.7591,473929.5
850,30180784.7738,64.1544,27600223.3947,1852117.1227,728444.2563
851,29794385.9251,64.243,27228782.008,1852117.1227,713486.7944
852,29627520.3144,64.3313,27154860.529,1852117.1227,620542.6627
853,21891044.6198,64.4187,17573947.8293,1852117.1227,2464979.6677
854,18140792.2301,64.5084,13823695.4396,1852117.1227,2464979.6677
855,17843272.3223,64.5972,13526175.5318,1852117.1227,2464979.6677
856,17755616.6525,64.6858,13526175.5318,1852117.1227,2377323.9979
857,17680848.7133,64.7764,13473818.0826,1829706.6328,2377323.9979
858,17601382.0672,64.8641,13473818.0826,1829706.6328,2297857.3518
859,17601382.0672,64.9529,13473818.0826,1829706.6328,2297857.3518
860,34019242.1104,65.0431,11107192.2241,3394882.876,19517167.0102
861,34019242.1104,65.1309,11107192.2241,3394882.876,19517167.0102
862,23953466.6426,65.2181,8778111.019,3394882.876,11780472.7476
863,21551827.7348,65.3056,6376472.1111,3394882.876,11780472.7476
864,18418631.9305,65.393,6376472.1111,3394882.876,8647276.9433
865,18418631.9305,65.4808,6376472.1111,3394882.876,8647276.9433
866,18357694.4834,65.5696,6315534.6641,3394882.876,8647276.9433
867,18357694.4834,65.6592,6315534.6641,3394882.876,8647276.9433
868,18316113.5069,65.7471,6315534.6641,3353301.8996,8647276.9433
869,18274532.5305,65.835,6315534.6641,3311720.9231,8647276.9433
870,37202492.7104,65.9218,86478.556,5773331.5011,31342682.6533
871,37202492.7104,66.0093,86478.556,5773331.5011,31342682.6533
872,37202492.7104,66.0968,86478.556,5773331.5011,31342682.6533
873,29694979.8081,66.185,3935461.1643,5773331.5011,19986187.1427
874,29377309.5279,66.2723,2851215.6145,6539906.7707,19986187.1427
875,23323380.6336,66.3589,3222906.8646,6539906.7707,13560566.9983
876,18581138.0775,66.4455,3222906.8646,6539906.7707,8818324.4422
877,9762813.6353,66.5319,3222906.8646,6539906.7707,0
878,8065898.5803,66.6212,458169.8062,7607728.7741,0
879,7694207.3302,66.709,86478.556,7607728.7741,0
880,33687440.2769,66.7963,88865.9098,33598574.3671,0
881,26024786.5574,66.8832,2812.478,26021974.0794,0
882,18722370.3504,66.9696,91114.5165,18631255.8339,0
883,12629953.5141,67.0563,179566.5228,12450386.9912,0
884,6893707.1405,67.1441,269482.0162,6624225.1243,0
885,2746444.836,67.2312,304744.1303,2441700.7057,0
886,559009.6389,67.319,540192.5366,18817.1023,0
887,484392.8508,67.4075,465575.7486,18817.1023,0
888,409614.6645,67.496,390797.5622,18817.1023,0
889,377944.3034,67.5843,359127.2012,18817.1023,0
890,25764829.5364,67.6747,25763882.0204,947.516,0
891,21835907.6199,67.7645,15181033.0339,947.516,6653927.07
892,15181980.5499,67.8522,15181033.0339,947.516,0
893,8088842.6488,67.942,7715743.0521,373099.5967,0
894,922105.3364,68.0302,237774.3919,684330.9445,0
895,684330.9445,68.1179,0,684330.9445,0
896,684330.9445,68.2069,0,684330.9445,0
897,684330.9445,68.2961,0,684330.9445,0
898,684330.9445,68.3839,0,684330.9445,0
899,684330.9445,68.4701,0,684330.9445,0
900,13744889,68.5074,0,13744889,0
901,13909904.26,68.5433,165015.26,13744889,0
902,14287647.96,68.5794,542758.96,13744889,0
903,14727087.71,68.6156,982198.71,13744889,0
904,15327190.25,68.6518,1582301.25,13744889,0
905,94014028.0703,68.7384,93329697.1258,684330.9445,0
906,52257937.0116,68.8248,51573606.0671,684330.9445,0
907,16364278.4746,68.9121,15679947.5301,684330.9445,0
908,684330.9445,69.0017,0,684330.9445,0
909,684330.9445,69.0886,0,684330.9445,0
910,6348723.47,69.1751,78564.47,6270159,0
911,176293.37,69.2627,157262.37,19031,0
912,159579.2,69.3512,159579.2,0,0
913,155579.2,69.4383,155579.2,0,0
914,151579.2,69.5259,151579.2,0,0
915,147579.2,69.6132,147579.2,0,0
916,143579.2,69.7007,143579.2,0,0
917,139579.2,69.7869,139579.2,0,0
918,135579.2,69.8736,135579.2,0,0
919,131579.2,69.9605,131579.2,0,0
920,12926237,70.0475,12926237,0,0
921,12926237,70.1351,12926237,0,0
922,12926237,70.2224,12926237,0,0
923,12824651,70.3105,12824651,0,0
924,12821850,70.3986,12821850,0,0
925,12821850,70.4876,12821850,0,0
926,12821850,70.576,12821850,0,0
927,7030571.28,70.6648,6952060,78511.28,0
928,452871.58,70.7524,295613,157258.58,0
929,452871.58,70.844,295613,157258.58,0
930,5653728.9095,70.9342,192962.0882,5460766.8213,0
931,5653728.9095,71.0233,192962.0882,5460766.8213,0
932,5653728.9095,71.1111,192962.0882,5460766.8213,0
933,15728814.13,71.1493,2956.13,15725858,0
934,15728814.13,71.1859,2956.13,15725858,0
935,15893829.39,71.2233,167971.39,15725858,0
936,16333269.14,71.2596,607411.14,15725858,0
937,16933371.68,71.2963,1207513.68,15725858,0
938,45109673.3234,71.3841,39648906.5021,5460766.8213,0
939,16425139.2184,71.473,10964372.3972,5460766.8213,0
940,5425613.35,71.5621,197332.3315,5228281.0185,0
941,5228281.0185,71.6507,0,5228281.0185,0
942,5228281.0185,71.7381,0,5228281.0185,0
943,5095295.4347,71.8252,0,5095295.4347,0
944,4962309.8509,71.9115,0,4962309.8509,0
945,4962309.8509,71.9983,0,4962309.8509,0
946,4962309.8509,72.0858,0,4962309.8509,0
947,4962309.8509,72.1725,0,4962309.8509,0
948,4962309.8509,72.2585,0,4962309.8509,0
949,14925858,72.2961,0,14925858,0
950,14925858,72.3321,0,14925858,0
951,15090873.26,72.3679,165015.26,14925858,0
952,15530313.01,72.404,604455.01,14925858,0
953,16130415.55,72.4406,1204557.55,14925858,0
954,45311860.2494,72.5275,40349550.3985,4962309.8509,0
955,15977673.1777,72.6142,11015363.3269,4962309.8509,0
956,4962309.8509,72.7023,0,4962309.8509,0
957,4962309.8509,72.7888,0,4962309.8509,0
958,4962309.8509,72.8751,0,4962309.8509,0
959,4829324.267,72.9617,0,4829324.267,0
960,7121692.47,73.0496,70564.47,7051128,0
961,7117692.47,73.1388,66564.47,7051128,0
962,7117692.47,73.226,66564.47,7051128,0
963,7117692.47,73.3133,66564.47,7051128,0
964,7117692.47,73.4002,66564.47,7051128,0
965,7117692.47,73.488,66564.47,7051128,0
966,7117692.47,73.5265,66564.47,7051128,0
967,7117692.47,73.563,66564.47,7051128,0
968,7282707.73,73.5992,231579.73,7051128,0
969,7722147.48,73.6355,671019.48,7051128,0
970,17483889.049,73.6724,11045471.9893,6438417.0597,0
971,7722147.48,73.7603,671019.48,7051128,0
972,7282707.73,73.847,231579.73,7051128,0
973,7117692.47,73.9338,66564.47,7051128,0
974,7117692.47,74.0203,66564.47,7051128,0
975,137262.37,74.1073,137262.37,0,0
976,133262.37,74.1951,133262.37,0,0
977,129262.37,74.2846,129262.37,0,0
978,125262.37,74.3748,125262.37,0,0
979,125262.37,74.4638,125262.37,0,0
980,12526237,74.5528,12526237,0,0
981,12526237,74.6412,12526237,0,0
982,12526237,74.7302,12526237,0,0
983,1088473.0005,74.7682,1088473.0005,0,0
984,1088473.0005,74.8052,1088473.0005,0,0
985,2522380.5275,74.8422,2522380.5275,0,0
986,6340912.0085,74.8799,6340912.0085,0,0
987,11555530.0326,74.9169,11555530.0326,0,0
988,72971738,75.0053,72971738,0,0
989,29027763,75.0916,29027763,0,0
990,12526237,75.1778,12526237,0,0
991,12526237,75.2649,12526237,0,0
992,6348537.3,75.3516,6269790,78747.3,0
993,6246951.3,75.4387,6168204,78747.3,0
994,455672.58,75.5261,298414,157258.58,0
995,455672.58,75.6137,298414,157258.58,0
996,455672.58,75.7015,298414,157258.58,0
997,455672.58,75.789,298414,157258.58,0
998,452871.58,75.8769,295613,157258.58,0
999,452871.58,75.9647,295613,157258.58,0
1000,5653728.9095,76.0527,192962.0882,5460766.8213,0
1001,5653728.9095,76.1399,192962.0882,5460766.8213,0
1002,5653728.9095,76.2269,192962.0882,5460766.8213,0
1003,14385039.9176,76.2645,25687.4247,14359352.4929,0
1004,14385039.9176,76.3022,25687.4247,14359352.4929,0
1005,15818947.4445,76.3384,1459594.9516,14359352.4929,0
1006,19637478.9256,76.375,5278126.4326,14359352.4929,0
1007,24852096.9497,76.4111,10492744.4567,14359352.4929,0
1008,45109673.3234,76.4989,39648906.5021,5460766.8213,0
1009,16425139.2184,76.586,10964372.3972,5460766.8213,0
1010,5425613.35,76.6728,197332.3315,5228281.0185,0
1011,5228281.0185,76.7592,0,5228281.0185,0
1012,5095295.4347,76.8454,0,5095295.4347,0
1013,4962309.8509,76.9329,0,4962309.8509,0
1014,4962309.8509,77.0204,0,4962309.8509,0
1015,4962309.8509,77.1073,0,4962309.8509,0
1016,4962309.8509,77.1943,0,4962309.8509,0
1017,4962309.8509,77.2813,0,4962309.8509,0
1018,13628868.8529,77.3186,0,13628868.8529,0
1019,13628868.8529,77.3544,0,13628868.8529,0
1020,15365297.75,77.3905,439439.75,14925858,0
1021,15530313.01,77.4267,604455.01,14925858,0
1022,16130415.55,77.463,1204557.55,14925858,0
1023,58669425.9723,77.5501,53707116.1214,4962309.8509,0
1024,18610418.6327,77.6372,13648108.7819,4962309.8509,0
1025,13270130.3094,77.7254,8307820.4585,4962309.8509,0
1026,7595055.3059,77.8132,2632745.455,4962309.8509,0
1027,4962309.8509,77.8996,0,4962309.8509,0
1028,4829324.267,77.9859,0,4829324.267,0
1029,4696338.6832,78.0722,0,4696338.6832,0
1030,14125858,78.1589,0,14125858,0
1031,14125858,78.2456,0,14125858,0
1032,14125858,78.333,0,14125858,0
1033,14125858,78.4197,0,14125858,0
1034,14125858,78.4571,0,14125858,0
1035,14125858,78.4933,0,14125858,0
1036,14725960.54,78.5292,600102.54,14125858,0
1037,14810975.8,78.5651,685117.8,14125858,0
1038,14850415.55,78.6019,724557.55,14125858,0
1039,14831036.36,78.691,705178.36,14125858,0
1040,13953818.1052,78.7782,499609.0133,13454209.0918,0
1041,13902679.8427,78.865,448470.7509,13454209.0918,0
1042,13641735.1524,78.9513,187526.0605,13454209.0918,0
1043,13454209.0918,79.0376,0,13454209.0918,0
1044,7074495.1155,79.1244,336150.6773,6738344.4381,0
1045,671666.9287,79.2121,671666.9287,0,0
1046,669666.0357,79.3001,669666.0357,0,0
1047,669532.8552,79.3872,669532.8552,0,0
1048,669532.8552,79.4758,669532.8552,0,0
1049,666703.5902,79.5629,666703.5902,0,0
1050,14021850,79.6501,14021850,0,0
1051,14021850,79.7379,14021850,0,0
1052,14021850,79.8259,14021850,0,0
1053,14021850,79.9138,14021850,0,0
1054,140218.5,79.9522,140218.5,0,0
1055,140218.5,79.9894,140218.5,0,0
1056,179658.25,80.0277,179658.25,0,0
1057,234539.12,80.0644,234539.12,0,0
1058,834641.66,80.1018,834641.66,0,0
1059,23453912,80.1889,23453912,0,0
1060,16854633.28,80.2754,16784122,70511.28,0
1061,9868933.58,80.3623,9727675,141258.58,0
1062,4380846.58,80.45,4239588,141258.58,0
1063,436871.58,80.5374,295613,141258.58,0
1064,141258.58,80.6259,0,141258.58,0
1065,141258.58,80.7126,0,141258.58,0
1066,141258.58,80.7984,0,141258.58,0
1067,141258.58,80.8851,0,141258.58,0
1068,141258.58,80.9716,0,141258.58,0
1069,14125858,81.0092,0,14125858,0
1070,14125858,81.0454,0,14125858,0
1071,14725960.54,81.0813,600102.54,14125858,0
1072,15332808.81,81.1181,1206950.81,14125858,0
1073,15387689.68,81.155,1261831.68,14125858,0
1074,65639599.58,81.2429,65498341,141258.58,0
1075,5629345.58,81.3296,5488087,141258.58,0
1076,368099.65,81.4163,0,141258.58,226841.07
1077,141258.58,81.5033,0,141258.58,0
1078,137258.58,81.5895,0,137258.58,0
1079,133258.58,81.6767,0,133258.58,0
1080,13325858,81.7652,0,13325858,0
1081,13325858,81.8533,0,13325858,0
1082,13325858,81.9398,0,13325858,0
1083,13325858,82.026,0,13325858,0
1084,13325858,82.0641,0,13325858,0
1085,13325858,82.1005,0,13325858,0
1086,13325858,82.1378,0,13325858,0
1087,13365297.75,82.1739,39439.75,13325858,0
1088,13965400.29,82.2102,639542.29,13325858,0
1089,13925960.54,82.2982,600102.54,13325858,0
1090,15320361.9714,82.3875,2568746.6752,12751615.2962,0
1091,12751615.2962,82.4772,0,12751615.2962,0
1092,12751615.2962,82.5661,0,12751615.2962,0
1093,12751615.2962,82.6542,0,12751615.2962,0
1094,6708991.0137,82.7431,321890.8986,6387100.1151,0
1095,643206.8158,82.8299,643206.8158,0,0
1096,643206.8158,82.9181,643206.8158,0,0
1097,643206.8158,83.0069,643206.8158,0,0
1098,643206.8158,83.0947,643206.8158,0,0
1099,638708.5334,83.1829,638708.5334,0,0
1100,14821850,83.2708,14821850,0,0
1101,14821850,83.3579,14821850,0,0
1102,14821850,83.445,14821850,0,0
1103,14821850,83.5312,14821850,0,0
1104,148218.5,83.5683,148218.5,0,0
1105,148218.5,83.6046,148218.5,0,0
1106,148218.5,83.6405,148218.5,0,0
1107,187658.25,83.6766,187658.25,0,0
1108,783760.79,83.7127,783760.79,0,0
1109,18765825,83.8,18765825,0,0
1110,11762546.28,83.8874,11696035,66511.28,0
1111,4372846.58,83.9744,4239588,133258.58,0
1112,428871.58,84.061,295613,133258.58,0
1113,428871.58,84.1476,295613,133258.58,0
1114,428871.58,84.2346,295613,133258.58,0
1115,133258.58,84.3202,0,133258.58,0
1116,133258.58,84.4078,0,133258.58,0
1117,133258.58,84.4961,0,133258.58,0
1118,133258.58,84.5852,0,133258.58,0
1119,133258.58,84.6744,0,133258.58,0
1120,13325858,84.7127,0,13325858,0
1121,13325858,84.7498,0,13325858,0
1122,13325858,84.7865,0,13325858,0
1123,13365297.75,84.8232,39439.75,13325858,0
1124,13961400.29,84.8601,635542.29,13325858,0
1125,4077233.58,84.9472,3943975,133258.58,0
1126,3126782.58,85.0343,2993524,133258.58,0
1127,133258.58,85.1223,0,133258.58,0
1128,129258.58,85.2105,0,129258.58,0
1129,125258.58,85.2989,0,125258.58,0
1130,12525858,85.3904,0,12525858,0
1131,12525858,85.4792,0,12525858,0
1132,12525858,85.5665,0,12525858,0
1133,12525858,85.6542,0,12525858,0
1134,12525858,85.6927,0,12525858,0
1135,12525858,85.7307,0,12525858,0
1136,12525858,85.7667,0,12525858,0
1137,12525858,85.8032,0,12525858,0
1138,13121960.54,85.8396,596102.54,12525858,0
1139,13117960.54,85.9297,592102.54,12525858,0
1140,14633041.4578,86.0202,2672560.3939,11960481.0639,0
1141,11960481.0639,86.1084,0,11960481.0639,0
1142,11960481.0639,86.196,0,11960481.0639,0
1143,11960481.0639,86.2838,0,11960481.0639,0
1144,6346725.8773,86.3697,355217.0045,5991508.8728,0
1145,709831.7489,86.4559,709831.7489,0,0
1146,707805.8747,86.5431,707805.8747,0,0
1147,707805.8747,86.6302,707805.8747,0,0
1148,707805.8747,86.7172,707805.8747,0,0
1149,707805.8747,86.8035,707805.8747,0,0
1150,15681354,86.8905,15681354,0,0
1151,156813.54,86.9277,156813.54,0,0
1152,156813.54,86.9638,156813.54,0,0
1153,156813.54,86.9996,156813.54,0,0
1154,156813.54,87.0357,156813.54,0,0
1155,748916.08,87.0718,748916.08,0,0
1156,16473365.56,87.1585,15681354,792011.56,0
1157,16413861.56,87.2451,15621850,792011.56,0
1158,16413861.56,87.3333,15621850,792011.56,0
1159,16413861.56,87.4225,15621850,792011.56,0
1160,11881997.0885,87.5107,7758701.878,4123295.2105,0
1161,4707416.1747,87.599,281348.903,4426067.2717,0
1162,4426067.2717,87.688,0,4426067.2717,0
1163,4426067.2717,87.7764,0,4426067.2717,0
1164,4426067.2717,87.8638,0,4426067.2717,0
1165,4426067.2717,87.9517,0,4426067.2717,0
1166,4426067.2717,88.0388,0,4426067.2717,0
1167,13117960.54,88.0758,592102.54,12525858,0
1168,12525858,88.1127,0,12525858,0
1169,12525858,88.1486,0,12525858,0
1170,12525858,88.1851,0,12525858,0
1171,12525858,88.2217,0,12525858,0
1172,12525858,88.2592,0,12525858,0
1173,604405.2643,88.348,0,604405.2643,0
1174,604405.2643,88.4362,0,604405.2643,0
1175,604405.2643,88.525,0,604405.2643,0
1176,604405.2643,88.6151,0,604405.2643,0
1177,604405.2643,88.7028,0,604405.2643,0
1178,12525858,88.7403,0,12525858,0
1179,12525858,88.7766,0,12525858,0
1180,12525858,88.8143,0,12525858,0
1181,12525858,88.8508,0,12525858,0
1182,13117960.54,88.8874,592102.54,12525858,0
1183,604405.2643,88.9758,0,604405.2643,0
1184,604405.2643,89.0658,0,604405.2643,0
1185,604405.2643,89.1554,0,604405.2643,0
1186,604405.2643,89.2437,0,604405.2643,0
1187,604405.2643,89.3302,0,604405.2643,0
1188,12525858,89.3677,0,12525858,0
1189,12525858,89.4039,0,12525858,0
1190,12525858,89.4402,0,12525858,0
1191,12525858,89.4771,0,12525858,0
1192,13132706.27,89.5143,606848.27,12525858,0
1193,604405.2643,89.6017,0,604405.2643,0
1194,604405.2643,89.6886,0,604405.2643,0
1195,604405.2643,89.7769,0,604405.2643,0
1196,604405.2643,89.8664,0,604405.2643,0
1197,604405.2643,89.9538,0,604405.2643,0
1198,12525858,89.9909,0,12525858,0
1199,12525858,90.0269,0,12525858,0
1200,12525858,90.0633,0,12525858,0
1201,12525858,90.0996,0,12525858,0
1202,13117960.54,90.1359,592102.54,12525858,0
1203,4426067.2717,90.2224,0,4426067.2717,0
1204,4426067.2717,90.3089,0,4426067.2717,0
1205,4426067.2717,90.396,0,4426067.2717,0
1206,4426067.2717,90.4827,0,4426067.2717,0
1207,4426067.2717,90.5704,0,4426067.2717,0
1208,91727014,90.6082,0,91727014,0
1209,91727014,90.6452,0,91727014,0
1210,91727014,90.6822,0,91727014,0
1211,91727014,90.7186,0,91727014,0
1212,92333862.27,90.7547,606848.27,91727014,0
1213,61801994.3944,90.8419,57375927.1228,4426067.2717,0
1214,4426067.2717,90.9291,0,4426067.2717,0
1215,4426067.2717,91.0163,0,4426067.2717,0
1216,4426067.2717,91.103,0,4426067.2717,0
1217,4426067.2717,91.1908,0,4426067.2717,0
1218,4426067.2717,91.2821,0,4426067.2717,0
1219,13117960.54,91.3211,592102.54,12525858,0
1220,11960481.0639,91.3575,0,11960481.0639,0
1221,11960481.0639,91.3936,0,11960481.0639,0
1222,11960481.0639,91.4297,0,11960481.0639,0
1223,11960481.0639,91.4676,0,11960481.0639,0
1224,11960481.0639,91.5036,0,11960481.0639,0
1225,604405.2643,91.5906,0,604405.2643,0
1226,604405.2643,91.6775,0,604405.2643,0
1227,604405.2643,91.7643,0,604405.2643,0
1228,604405.2643,91.8505,0,604405.2643,0
1229,604405.2643,91.9367,0,604405.2643,0
1230,12525858,91.9737,0,12525858,0
1231,12525858,92.0095,0,12525858,0
1232,12525858,92.0455,0,12525858,0
1233,12525858,92.0818,0,12525858,0
1234,13117960.54,92.1177,592102.54,12525858,0
1235,604405.2643,92.2045,0,604405.2643,0
1236,604405.2643,92.2914,0,604405.2643,0
1237,604405.2643,92.3776,0,604405.2643,0
1238,604405.2643,92.464,0,604405.2643,0
1239,604405.2643,92.553,0,604405.2643,0
1240,12525858,92.5919,0,12525858,0
1241,12525858,92.6294,0,12525858,0
1242,12525858,92.6668,0,12525858,0
1243,12525858,92.7041,0,12525858,0
1244,13128706.27,92.7408,602848.27,12525858,0
1245,604405.2643,92.8296,0,604405.2643,0
1246,604405.2643,92.9176,0,604405.2643,0
1247,604405.2643,93.0049,0,604405.2643,0
1248,604405.2643,93.093,0,604405.2643,0
1249,604405.2643,93.1809,0,604405.2643,0
1250,12525858,93.2182,0,12525858,0
1251,12525858,93.2542,0,12525858,0
1252,12525858,93.2902,0,12525858,0
1253,12525858,93.3268,0,12525858,0
1254,13117960.54,93.3637,592102.54,12525858,0
1255,4426067.2717,93.4536,0,4426067.2717,0
1256,4426067.2717,93.5433,0,4426067.2717,0
1257,4426067.2717,93.6323,0,4426067.2717,0
1258,4426067.2717,93.7209,0,4426067.2717,0
1259,4426067.2717,93.8095,0,4426067.2717,0
1260,91727014,93.8481,0,91727014,0
1261,91727014,93.8854,0,91727014,0
1262,91727014,93.9224,0,91727014,0
1263,91727014,93.9596,0,91727014,0
1264,92329862.27,93.9967,602848.27,91727014,0
1265,61421295.436,94.0863,56995228.1643,4426067.2717,0
1266,4426067.2717,94.1746,0,4426067.2717,0
1267,4426067.2717,94.2644,0,4426067.2717,0
1268,4426067.2717,94.3541,0,4426067.2717,0
1269,4426067.2717,94.4428,0,4426067.2717,0
1270,85530848.47,94.5321,78564.47,85452284,0
1271,6921795.01,94.5698,670667.01,6251128,0
1272,6329692.47,94.6069,78564.47,6251128,0
1273,6329692.47,94.6439,78564.47,6251128,0
1274,6329692.47,94.6808,78564.47,6251128,0
1275,6329692.47,94.7182,78564.47,6251128,0
1276,6329692.47,94.7615,78564.47,6251128,0
1277,157262.37,94.8519,157262.37,0,0
1278,156813.54,94.9404,156813.54,0,0
1279,156813.54,95.0286,156813.54,0,0
1280,15681354,95.1174,15681354,0,0
1281,15621850,95.2056,15621850,0,0
1282,15621850,95.2939,15621850,0,0
1283,15621850,95.3823,15621850,0,0
1284,15621850,95.4707,15621850,0,0
1285,15621850,95.5592,15621850,0,0
1286,156218.5,95.5974,156218.5,0,0
1287,156218.5,95.6343,156218.5,0,0
1288,156218.5,95.6713,156218.5,0,0
1289,156218.5,95.7087,156218.5,0,0
1290,16057320.16,95.7459,15621850,435470.16,0
1291,15621850,95.835,15621850,0,0
1292,7828150.3,95.9237,7765403,62747.3,0
1293,420871.58,96.0136,295613,125258.58,0
1294,125258.58,96.1034,0,125258.58,0
1295,125258.58,96.193,0,125258.58,0
1296,125258.58,96.282,0,125258.58,0
1297,125258.58,96.3711,0,125258.58,0
1298,125258.58,96.4598,0,125258.58,0
1299,125258.58,96.4986,0,125258.58,0
1300,12525858,96.5358,0,12525858,0
1301,12525858,96.5737,0,12525858,0
1302,12525858,96.6115,0,12525858,0
1303,13117960.54,96.6495,592102.54,12525858,0
1304,125258.58,96.7391,0,125258.58,0
1305,125258.58,96.8277,0,125258.58,0
1306,125258.58,96.9168,0,125258.58,0
1307,125258.58,97.0054,0,125258.58,0
1308,125258.58,97.0943,0,125258.58,0
1309,12525858,97.1323,0,12525858,0
1310,12525858,97.1695,0,12525858,0
1311,12525858,97.2064,0,12525858,0
1312,12525858,97.2433,0,12525858,0
1313,13124706.27,97.2806,598848.27,12525858,0
1314,125258.58,97.3706,0,125258.58,0
1315,125258.58,97.4609,0,125258.58,0
1316,125258.58,97.55,0,125258.58,0
1317,125258.58,97.6391,0,125258.58,0
1318,125258.58,97.7284,0,125258.58,0
1319,12525858,97.7665,0,12525858,0
1320,12525858,97.8036,0,12525858,0
1321,12525858,97.8411,0,12525858,0
1322,12525858,97.8781,0,12525858,0
1323,13117960.54,97.9156,592102.54,12525858,0
1324,917270.14,98.0048,0,917270.14,0
1325,917270.14,98.0945,0,917270.14,0
1326,917270.14,98.1844,0,917270.14,0
1327,917270.14,98.2736,0,917270.14,0
1328,917270.14,98.3624,0,917270.14,0
1329,91727014,98.4003,0,91727014,0
1330,91727014,98.4375,0,91727014,0
1331,91727014,98.4752,0,91727014,0
1332,91727014,98.5126,0,91727014,0
1333,92325862.27,98.5512,598848.27,91727014,0
1334,60402097.14,98.6428,59484827,917270.14,0
1335,917270.14,98.7323,0,917270.14,0
1336,917270.14,98.8213,0,917270.14,0
1337,917270.14,98.9098,0,917270.14,0
1338,917270.14,98.9994,0,917270.14,0
1339,917270.14,99.0896,0,917270.14,0
1340,13117960.54,99.1281,592102.54,12525858,0
1341,12525858,99.1651,0,12525858,0
1342,12525858,99.202,0,12525858,0
1343,12525858,99.2391,0,12525858,0
1344,12525858,99.276,0,12525858,0
1345,12525858,99.313,0,12525858,0
1346,125258.58,99.4029,0,125258.58,0
1347,125258.58,99.4931,0,125258.58,0
1348,125258.58,99.5817,0,125258.58,0
1349,125258.58,99.6706,0,125258.58,0
1350,6329692.47,99.7594,78564.47,6251128,0
1351,6329692.47,99.7979,78564.47,6251128,0
1352,6329692.47,99.8349,78564.47,6251128,0
1353,6329692.47,99.8718,78564.47,6251128,0
1354,6329692.47,99.9089,78564.47,6251128,0
1355,6921795.01,99.9464,670667.01,6251128,0
1356,749364.91,100.0359,749364.91,0,0
1357,157262.37,100.1255,157262.37,0,0
1358,156813.54,100.2148,156813.54,0,0
1359,156813.54,100.3051,156813.54,0,0
1360,15681354,100.3955,15681354,0,0
1361,15621850,100.4857,15621850,0,0
1362,15621850,100.5747,15621850,0,0
1363,15621850,100.6646,15621850,0,0
1364,15621850,100.7543,15621850,0,0
1365,15621850,100.8429,15621850,0,0
1366,156218.5,100.8806,156218.5,0,0
1367,156218.5,100.9175,156218.5,0,0
1368,156218.5,100.9545,156218.5,0,0
1369,156218.5,100.9919,156218.5,0,0
1370,15728580.15,101.03,15621850,106730.15,0
1371,7934880.45,101.1205,7765403,169477.45,0
1372,527601.73,101.21,295613,231988.73,0
1373,420871.58,101.299,295613,125258.58,0
1374,125258.58,101.3888,0,125258.58,0
1375,125258.58,101.4815,0,125258.58,0
1376,125258.58,101.5723,0,125258.58,0
1377,125258.58,101.6634,0,125258.58,0
1378,125258.58,101.7549,0,125258.58,0
1379,125258.58,101.7941,0,125258.58,0
1380,12525858,101.8325,0,12525858,0
1381,12525858,101.8705,0,12525858,0
1382,12835297.75,101.9087,309439.75,12525858,0
1383,13427400.29,101.947,901542.29,12525858,0
1384,31069233.58,102.0368,30943975,125258.58,0
1385,125258.58,102.1269,0,125258.58,0
1386,125258.58,102.2179,0,125258.58,0
1387,125258.58,102.3077,0,125258.58,0
1388,125258.58,102.3964,0,125258.58,0
1389,125258.58,102.4857,0,125258.58,0
1390,12525858,102.5243,0,12525858,0
1391,12525858,102.5613,0,12525858,0
1392,12525858,102.5984,0,12525858,0
1393,13120706.27,102.636,594848.27,12525858,0
1394,13759781.63,102.6736,1233923.63,12525858,0
1395,59610085.58,102.7638,59484827,125258.58,0
1396,125258.58,102.8523,0,125258.58,0
1397,125258.58,102.9408,0,125258.58,0
1398,125258.58,103.0292,0,125258.58,0
1399,125258.58,103.1179,0,125258.58,0
1400,6329692.47,103.2074,78564.47,6251128,0
1401,6329692.47,103.2455,78564.47,6251128,0
1402,6329692.47,103.2841,78564.47,6251128,0
1403,6329692.47,103.3224,78564.47,6251128,0
1404,6639132.22,103.3599,388004.22,6251128,0
1405,7231234.76,103.3977,980106.76,6251128,0
1406,1058804.66,103.4872,1058804.66,0,0
1407,466702.12,103.5975,466702.12,0,0
1408,157262.37,103.7091,157262.37,0,0
1409,157262.37,103.8099,157262.37,0,0
1410,15726237,103.9052,15726237,0,0
1411,15726237,103.9966,15726237,0,0
1412,15726237,104.0875,15726237,0,0
1413,157262.37,104.1264,157262.37,0,0
1414,157262.37,104.1645,157262.37,0,0
1415,157262.37,104.2024,157262.37,0,0
1416,752110.64,104.2404,752110.64,0,0
1417,1387186,104.2784,1387186,0,0
1418,75211064,104.3689,75211064,0,0
1419,15726237,104.4593,15726237,0,0
1420,15726237,104.55,15726237,0,0
1421,7932537.3,104.6407,7869790,62747.3,0
1422,125258.58,104.7311,0,125258.58,0
1423,125258.58,104.8214,0,125258.58,0
1424,125258.58,104.9121,0,125258.58,0
1425,125258.58,105.0035,0,125258.58,0
1426,125258.58,105.0948,0,125258.58,0
1427,12525858,105.1339,0,12525858,0
1428,12525858,105.1721,0,12525858,0
1429,12525858,105.2103,0,12525858,0
1430,12835297.75,105.2489,309439.75,12525858,0
1431,13427400.29,105.2873,901542.29,12525858,0
1432,31069233.58,105.3789,30943975,125258.58,0
1433,125258.58,105.4699,0,125258.58,0
1434,125258.58,105.5613,0,125258.58,0
1435,125258.58,105.6528,0,125258.58,0
1436,125258.58,105.744,0,125258.58,0
1437,125258.58,105.8337,0,125258.58,0
1438,12525858,105.8727,0,12525858,0
1439,12525858,105.911,0,12525858,0
1440,12525858,105.9493,0,12525858,0
1441,13120706.27,105.9877,594848.27,12525858,0
1442,13759781.63,106.0261,1233923.63,12525858,0
1443,59610085.58,106.1173,59484827,125258.58,0
1444,125258.58,106.2082,0,125258.58,0
1445,125258.58,106.2993,0,125258.58,0
1446,125258.58,106.3904,0,125258.58,0
1447,125258.58,106.4817,0,125258.58,0
1448,125258.58,106.573,0,125258.58,0
1449,12525858,106.6123,0,12525858,0
1450,12525858,106.6506,0,12525858,0
1451,12525858,106.6887,0,12525858,0
1452,12835297.75,106.727,309439.75,12525858,0
1453,13427400.29,106.7654,901542.29,12525858,0
1454,31069233.58,106.8565,30943975,125258.58,0
1455,125258.58,106.9475,0,125258.58,0
1456,125258.58,107.0388,0,125258.58,0
1457,125258.58,107.1307,0,125258.58,0
1458,125258.58,107.2221,0,125258.58,0
1459,125258.58,107.3134,0,125258.58,0
1460,12525858,107.3517,0,12525858,0
1461,12525858,107.3884,0,12525858,0
1462,12525858,107.4255,0,12525858,0
1463,13120706.27,107.4626,594848.27,12525858,0
1464,13755781.63,107.4994,1229923.63,12525858,0
1465,59610085.58,107.5875,59484827,125258.58,0
1466,125258.58,107.6761,0,125258.58,0
1467,125258.58,107.7648,0,125258.58,0
1468,125258.58,107.8538,0,125258.58,0
1469,125258.58,107.9425,0,125258.58,0
1470,6329692.47,108.0314,78564.47,6251128,0
1471,6329692.47,108.0706,78564.47,6251128,0
1472,6329692.47,108.1088,78564.47,6251128,0
1473,6329692.47,108.1471,78564.47,6251128,0
1474,6639132.22,108.1854,388004.22,6251128,0
1475,7231234.76,108.2237,980106.76,6251128,0
1476,1058804.66,108.315,1058804.66,0,0
1477,466702.12,108.4061,466702.12,0,0
1478,157262.37,108.497,157262.37,0,0
1479,156841.55,108.5884,156841.55,0,0
1480,15681354,108.6804,15681354,0,0
1481,15681354,108.7718,15681354,0,0
1482,15681354,108.8634,15681354,0,0
1483,15681354,108.9547,15681354,0,0
1484,156813.54,108.9949,156813.54,0,0
1485,156813.54,109.0338,156813.54,0,0
1486,156813.54,109.0732,156813.54,0,0
1487,751661.81,109.1131,751661.81,0,0
1488,1343764.35,109.1519,1343764.35,0,0
1489,74891608,109.2454,74891608,0,0
1490,16473365.56,109.3448,15681354,792011.56,0
1491,8679665.86,109.4391,7824907,854758.86,0
1492,1272387.14,109.5332,355117,917270.14,0
1493,1212883.14,109.6287,295613,917270.14,0
1494,1212883.14,109.7231,295613,917270.14,0
1495,917270.14,109.8157,0,917270.14,0
1496,917270.14,109.9093,0,917270.14,0
1497,917270.14,110.0026,0,917270.14,0
1498,917270.14,110.0965,0,917270.14,0
1499,917270.14,110.1883,0,917270.14,0
1500,91727014,110.229,0,91727014,0
1501,13117960.54,110.268,592102.54,12525858,0
1502,12525858,110.3083,0,12525858,0
1503,12525858,110.3488,0,12525858,0
1504,12525858,110.3881,0,12525858,0
1505,12835297.75,110.4271,309439.75,12525858,0
1506,13430146.02,110.4659,904288.02,12525858,0
1507,31069233.58,110.5603,30943975,125258.58,0
1508,125258.58,110.653,0,125258.58,0
1509,125258.58,110.7441,0,125258.58,0
1510,6329692.47,110.8352,78564.47,6251128,0
1511,157262.37,110.9273,157262.37,0,0
1512,157262.37,111.0198,157262.37,0,0
1513,156246.51,111.112,156246.51,0,0
1514,156218.5,111.2043,156218.5,0,0
1515,156218.5,111.2972,156218.5,0,0
1516,156218.5,111.3879,156218.5,0,0
1517,156218.5,111.4772,156218.5,0,0
1518,156218.5,111.5684,156218.5,0,0
1519,156218.5,111.6074,156218.5,0,0
1520,15621850,111.6456,15621850,0,0
1521,15621850,111.6834,15621850,0,0
1522,16057320.16,111.7213,15621850,435470.16,0
1523,16494608.37,111.7595,15621850,872758.37,0
1524,43703234.5,111.8505,156218.5,43547016,0
1525,156218.5,111.9415,156218.5,0,0
1526,152218.5,112.0324,152218.5,0,0
1527,148218.5,112.123,148218.5,0,0
1528,148218.5,112.2138,148218.5,0,0
1529,148218.5,112.3059,148218.5,0,0
1530,14821850,112.3978,14821850,0,0
1531,14821850,112.4893,14821850,0,0
1532,14821850,112.5283,14821850,0,0
1533,14821850,112.5677,14821850,0,0
1534,14821850,112.607,14821850,0,0
1535,15259138.21,112.6453,14821850,437288.21,0
1536,15694608.37,112.6841,14821850,872758.37,0
1537,15694608.37,112.781,14821850,872758.37,0
1538,15694608.37,112.8749,14821850,872758.37,0
1539,15694608.37,112.9679,14821850,872758.37,0
1540,16419222.0698,113.0594,13997624.6774,2421597.3923,0
1541,13997624.6774,113.1507,13997624.6774,0,0
1542,7326995.5019,113.2429,6955821.7626,371173.7393,0
1543,1020209.3148,113.3326,279174.3152,741034.9996,0
1544,741034.9996,113.4225,0,741034.9996,0
1545,741034.9996,113.5128,0,741034.9996,0
1546,741034.9996,113.6035,0,741034.9996,0
1547,741034.9996,113.6963,0,741034.9996,0
1548,741034.9996,113.7885,0,741034.9996,0
1549,133258.58,113.8273,0,133258.58,0
1550,13325858,113.8649,0,13325858,0
1551,13325858,113.9022,0,13325858,0
1552,13635297.75,113.9395,309439.75,13325858,0
1553,14227400.29,113.9773,901542.29,13325858,0
1554,29964252.6194,114.0674,29223217.6198,741034.9996,0
1555,741034.9996,114.1581,0,741034.9996,0
1556,741034.9996,114.2486,0,741034.9996,0
1557,741034.9996,114.3385,0,741034.9996,0
1558,718791.4788,114.4284,0,718791.4788,0
1559,696547.9579,114.5184,0,696547.9579,0
1560,12525858,114.6088,0,12525858,0
1561,12525858,114.6998,0,12525858,0
1562,12525858,114.7908,0,12525858,0
1563,12525858,114.8818,0,12525858,0
1564,12525858,114.9207,0,12525858,0
1565,12525858,114.9585,0,12525858,0
1566,12525858,114.9967,0,12525858,0
1567,12835297.75,115.0344,309439.75,12525858,0
1568,13427400.29,115.0728,901542.29,12525858,0
1569,13347400.29,115.1641,821542.29,12525858,0
1570,13167100.7523,115.2542,1412218.511,11754882.2413,0
1571,11754882.2413,115.3442,0,11754882.2413,0
1572,11754882.2413,115.4338,0,11754882.2413,0
1573,11754882.2413,115.5241,0,11754882.2413,0
1574,6349936.5634,115.6145,483570.0825,5866366.4809,0
1575,967961.4365,115.7049,967961.4365,0,0
1576,961708.7436,115.7962,961708.7436,0,0
1577,961708.7436,115.8865,961708.7436,0,0
1578,961536.34,115.9771,961536.34,0,0
1579,961536.34,116.0676,961536.34,0,0
1580,15621850,116.1586,15621850,0,0
1581,15621850,116.2493,15621850,0,0
1582,15621850,116.3385,15621850,0,0
1583,156218.5,116.3763,156218.5,0,0
1584,156218.5,116.4131,156218.5,0,0
1585,156218.5,116.4498,156218.5,0,0
1586,385658.25,116.4866,385658.25,0,0
1587,977760.79,116.5235,977760.79,0,0
1588,38565825,116.6119,38565825,0,0
1589,15621850,116.7146,15621850,0,0
1590,7828150.3,116.8036,7765403,62747.3,0
1591,420871.58,116.8933,295613,125258.58,0
1592,125258.58,116.9825,0,125258.58,0
1593,125258.58,117.0716,0,125258.58,0
1594,125258.58,117.1604,0,125258.58,0
1595,125258.58,117.2486,0,125258.58,0
1596,125258.58,117.3374,0,125258.58,0
1597,12525858,117.3757,0,12525858,0
1598,12525858,117.4129,0,12525858,0
1599,12525858,117.45,0,12525858,0
1600,12755297.75,117.4874,229439.75,12525858,0
1601,13347400.29,117.5251,821542.29,12525858,0
1602,23861245.14,117.614,22943975,917270.14,0
1603,15861245.14,117.7029,14943975,917270.14,0
1604,15861245.14,117.7923,14943975,917270.14,0
1605,917270.14,117.8805,0,917270.14,0
1606,917270.14,117.9691,0,917270.14,0
1607,917270.14,118.0579,0,917270.14,0
1608,917270.14,118.1475,0,917270.14,0
1609,917270.14,118.2362,0,917270.14,0
1610,91727014,118.2744,0,91727014,0
1611,91727014,118.3115,0,91727014,0
1612,91727014,118.3488,0,91727014,0
1613,13117960.54,118.3857,592102.54,12525858,0
1614,12525858,118.4228,0,12525858,0
1615,13120706.27,118.4602,594848.27,12525858,0
1616,13270146.02,118.4976,744288.02,12525858,0
1617,13909221.38,118.5353,1383363.38,12525858,0
1618,14551029.61,118.573,2025171.61,12525858,0
1619,138461596.58,118.6623,138336338,125258.58,0
1620,74486728.9423,118.7507,74361470.3623,125258.58,0
1621,15055714.5889,118.839,14930456.0089,125258.58,0
1622,15055714.5889,118.9282,14930456.0089,125258.58,0
1623,7062951.7483,119.0171,6937693.1683,125258.58,0
1624,7062951.7483,119.1065,6937693.1683,125258.58,0
1625,125258.58,119.1953,0,125258.58,0
1626,125258.58,119.2847,0,125258.58,0
1627,125258.58,119.3741,0,125258.58,0
1628,125258.58,119.4646,0,125258.58,0
1629,125258.58,119.5546,0,125258.58,0
1630,12525858,119.5933,0,12525858,0
1631,12525858,119.6307,0,12525858,0
1632,12525858,119.6677,0,12525858,0
1633,13117960.54,119.7045,592102.54,12525858,0
1634,13712808.81,119.7419,1186950.81,12525858,0
1635,59556272.9334,119.8306,59431014.3534,125258.58,0
1636,58580149.6253,119.9192,58400590.3653,179559.26,0
1637,7141898.1125,120.0075,6962338.8525,179559.26,0
1638,179559.26,120.0956,0,179559.26,0
1639,179559.26,120.1843,0,179559.26,0
1640,11759760.47,120.2731,78564.47,11681196,0
1641,5587330.37,120.3617,157262.37,5430068,0
1642,5587330.37,120.4513,157262.37,5430068,0
1643,5587330.37,120.5419,157262.37,5430068,0
1644,5587330.37,120.632,157262.37,5430068,0
1645,5587330.37,120.7212,157262.37,5430068,0
1646,5587330.37,120.7592,157262.37,5430068,0
1647,5587330.37,120.7963,157262.37,5430068,0
1648,5587330.37,120.8334,157262.37,5430068,0
1649,5656770.12,120.8706,226702.12,5430068,0
1650,8184306.9548,120.9078,2971855.7045,5212451.2503,0
1651,6102178.64,120.9975,672110.64,5430068,0
1652,752110.64,121.0861,752110.64,0,0
1653,157262.37,121.1753,157262.37,0,0
1654,156841.55,121.2659,156841.55,0,0
1655,156841.55,121.3562,156841.55,0,0
1656,152841.55,121.4453,152841.55,0,0
1657,148841.55,121.534,148841.55,0,0
1658,148841.55,121.6225,148841.55,0,0
1659,148246.51,121.7112,148246.51,0,0
1660,14821850,121.8014,14821850,0,0
1661,14821850,121.8917,14821850,0,0
1662,14821850,121.9824,14821850,0,0
1663,14821850,122.0714,14821850,0,0
1664,594004.1306,122.1093,594004.1306,0,0
1665,594004.1306,122.1464,594004.1306,0,0
1666,594004.1306,122.184,594004.1306,0,0
1667,594004.1306,122.2212,594004.1306,0,0
1668,2966928.931,122.2592,2966928.931,0,0
1669,14821850,122.3488,14821850,0,0
1670,14821850,122.4391,14821850,0,0
1671,14821850,122.5276,14821850,0,0
1672,7432150.3,122.6159,7365403,66747.3,0
1673,428871.58,122.7044,295613,133258.58,0
1674,133258.58,122.7936,0,133258.58,0
1675,133258.58,122.8822,0,133258.58,0
1676,133258.58,122.9703,0,133258.58,0
1677,133258.58,123.0589,0,133258.58,0
1678,133258.58,123.1477,0,133258.58,0
1679,12791807.6152,123.1854,0,12791807.6152,0
1680,13325858,123.2225,0,13325858,0
1681,13325858,123.26,0,13325858,0
1682,13325858,123.2973,0,13325858,0
1683,13917960.54,123.3349,592102.54,13325858,0
1684,925270.14,123.4239,0,925270.14,0
1685,925270.14,123.5127,0,925270.14,0
1686,925270.14,123.6015,0,925270.14,0
1687,925270.14,123.6909,0,925270.14,0
1688,921270.14,123.7797,0,921270.14,0
1689,917270.14,123.8687,0,917270.14,0
1690,91727014,123.9584,0,91727014,0
1691,91727014,124.0468,0,91727014,0
1692,91727014,124.1359,0,91727014,0
1693,91727014,124.2257,0,91727014,0
1694,91727014,124.2636,0,91727014,0
1695,13117960.54,124.3013,592102.54,12525858,0
1696,12525858,124.3384,0,12525858,0
1697,12525858,124.3752,0,12525858,0
1698,12525858,124.412,0,12525858,0
1699,12525858,124.4497,0,12525858,0
1700,13120706.27,124.4881,594848.27,12525858,0
1701,12525858,124.5788,0,12525858,0
1702,12525858,124.6684,0,12525858,0
1703,12525858,124.7581,0,12525858,0
1704,12525858,124.8485,0,12525858,0
1705,12525858,124.9377,0,12525858,0
1706,12525858,124.9756,0,12525858,0
1707,12525858,125.0127,0,12525858,0
1708,12525858,125.0503,0,12525858,0
1709,12525858,125.0872,0,12525858,0
1710,13117960.54,125.125,592102.54,12525858,0
1711,6921795.01,125.2156,670667.01,6251128,0
1712,749364.91,125.3047,749364.91,0,0
1713,157262.37,125.3933,157262.37,0,0
1714,157262.37,125.4824,157262.37,0,0
1715,157262.37,125.572,157262.37,0,0
1716,157262.37,125.6617,157262.37,0,0
1717,156813.54,125.7513,156813.54,0,0
1718,156813.54,125.8417,156813.54,0,0
1719,156813.54,125.9311,156813.54,0,0
1720,15681354,126.0207,15681354,0,0
1721,15681354,126.1097,15681354,0,0
1722,156813.54,126.1479,156813.54,0,0
1723,156813.54,126.1849,156813.54,0,0
1724,156813.54,126.2219,156813.54,0,0
1725,156813.54,126.2588,156813.54,0,0
1726,748916.08,126.2959,748916.08,0,0
1727,16473365.56,126.3852,15681354,792011.56,0
1728,8679665.86,126.4738,7824907,854758.86,0
1729,1272387.14,126.5625,355117,917270.14,0
1730,66225566.4241,126.6524,99111.4101,66126455.014,0
1731,66208959.15,126.7421,82504.1361,66126455.014,0
1732,66208959.15,126.8311,82504.1361,66126455.014,0
1733,66126455.014,126.9198,0,66126455.014,0
1734,66126455.014,127.0094,0,66126455.014,0
1735,66126455.014,127.0992,0,66126455.014,0
1736,66126455.014,127.189,0,66126455.014,0
1737,66126455.014,127.2785,0,66126455.014,0
1738,13117960.54,127.3166,592102.54,12525858,0
1739,12525858,127.3539,0,12525858,0
1740,12525858,127.3921,0,12525858,0
1741,12525858,127.4289,0,12525858,0
1742,12525858,127.4672,0,12525858,0
1743,12525858,127.5046,0,12525858,0
1744,9029952.5672,127.5944,0,9029952.5672,0
1745,6699164.6466,127.6828,2192695.7618,4506468.8847,0
1746,4389115.4894,127.7714,4389115.4894,0,0
1747,4389115.4894,127.8613,4389115.4894,0,0
1748,4389115.4894,127.9513,4389115.4894,0,0
1749,4389115.4894,128.04,4389115.4894,0,0
1750,15681354,128.1289,15681354,0,0
1751,156813.54,128.167,156813.54,0,0
1752,156813.54,128.2045,156813.54,0,0
1753,156813.54,128.242,156813.54,0,0
1754,156813.54,128.28,156813.54,0,0
1755,748916.08,128.3173,748916.08,0,0
1756,15681354,128.4064,15681354,0,0
1757,15681354,128.4956,15681354,0,0
1758,15681354,128.5857,15681354,0,0
1759,15681354,128.6749,15681354,0,0
1760,15681354,128.7648,15681354,0,0
1761,156813.54,128.8031,156813.54,0,0
1762,156813.54,128.8402,156813.54,0,0
1763,156813.54,128.8772,156813.54,0,0
1764,156813.54,128.9145,156813.54,0,0
1765,751661.81,128.9518,751661.81,0,0
1766,15681354,129.0409,15681354,0,0
1767,7887654.3,129.1293,7824907,62747.3,0
1768,480375.58,129.218,355117,125258.58,0
1769,420871.58,129.3066,295613,125258.58,0
1770,3935543.075,129.3953,207633.5156,3727909.5594,0
1771,3727909.5594,129.4847,0,3727909.5594,0
1772,3727909.5594,129.5743,0,3727909.5594,0
1773,3727909.5594,129.6634,0,3727909.5594,0
1774,3727909.5594,129.7537,0,3727909.5594,0
1775,3727909.5594,129.8432,0,3727909.5594,0
1776,12525858,129.8813,0,12525858,0
1777,12525858,129.9182,0,12525858,0
1778,12525858,129.9551,0,12525858,0
1779,12525858,129.992,0,12525858,0
1780,13117960.54,130.0291,592102.54,12525858,0
1781,3727909.5594,130.1189,0,3727909.5594,0
1782,3727909.5594,130.2092,0,3727909.5594,0
1783,3727909.5594,130.2997,0,3727909.5594,0
1784,3727909.5594,130.3888,0,3727909.5594,0
1785,3727909.5594,130.4788,0,3727909.5594,0
1786,12525858,130.517,0,12525858,0
1787,12525858,130.5542,0,12525858,0
1788,12525858,130.5912,0,12525858,0
1789,12525858,130.6283,0,12525858,0
1790,13120706.27,130.666,594848.27,12525858,0
1791,3727909.5594,130.7563,0,3727909.5594,0
1792,3727909.5594,130.8456,0,3727909.5594,0
1793,3727909.5594,130.9344,0,3727909.5594,0
1794,3727909.5594,131.023,0,3727909.5594,0
1795,3727909.5594,131.1119,0,3727909.5594,0
1796,12525858,131.1498,0,12525858,0
1797,12525858,131.1869,0,12525858,0
1798,12525858,131.2249,0,12525858,0
1799,12525858,131.2617,0,12525858,0
1800,13117960.54,131.2993,592102.54,12525858,0
1801,23368494.8936,131.3883,0,4978245.4336,18390249.46
1802,8404612.4936,131.4767,0,4978245.4336,3426367.06
1803,6084612.4936,131.5651,0,4978245.4336,1106367.06
1804,6027583.2736,131.6539,0,4978245.4336,1049337.84
1805,6027583.2736,131.7429,0,4978245.4336,1049337.84
1806,6027583.2736,131.8326,0,4978245.4336,1049337.84
1807,6027583.2736,131.9222,0,4978245.4336,1049337.84
1808,6027583.2736,132.0115,0,4978245.4336,1049337.84
1809,17776351.84,132.0502,0,16727014,1049337.84
1810,21933858.5955,132.0876,0,15739618.5604,6194240.0351
1811,21933858.5955,132.1248,0,15739618.5604,6194240.0351
1812,13478133.7843,132.162,0,11786456.7496,1691677.0347
1813,13478133.7843,132.1992,0,11786456.7496,1691677.0347
1814,13478133.7843,132.2366,0,11786456.7496,1691677.0347
1815,13557336.3687,132.2739,670796.05,11786456.7496,1100083.5691
1816,13141607.4196,132.3116,1355150.67,11786456.7496,0
1817,13736455.6896,132.3488,1949998.94,11786456.7496,0
1818,14371531.0496,132.3858,2585074.3,11786456.7496,0
1819,15013339.2796,132.423,3226882.53,11786456.7496,0
1820,88328897.684,132.4605,78495277.0072,9833620.6769,0
1821,212360681.7988,132.5492,208446412.1194,3727909.5594,186360.12
1822,165345333.5896,132.6379,161330844.7702,3727909.5594,286579.26
1823,120738726.4161,132.728,116724237.5967,3727909.5594,286579.26
1824,78957601.2473,132.8174,74943112.4279,3727909.5594,286579.26
1825,48448032.2396,132.9061,29863599.9802,3727909.5594,14856522.7
1826,4014488.8194,132.9952,0,3727909.5594,286579.26
1827,3914269.6794,133.0834,0,3727909.5594,186360.12
1828,3727909.5594,133.1726,0,3727909.5594,0
1829,3727909.5594,133.2619,0,3727909.5594,0
1830,6329692.47,133.3516,78564.47,6251128,0
1831,157262.37,133.4413,157262.37,0,0
1832,157262.37,133.5313,157262.37,0,0
1833,156246.51,133.6209,156246.51,0,0
1834,156218.5,133.711,156218.5,0,0
1835,156218.5,133.801,156218.5,0,0
1836,156218.5,133.8918,156218.5,0,0
1837,156218.5,133.9822,156218.5,0,0
1838,156218.5,134.0711,156218.5,0,0
1839,3357672.3947,134.1088,3357672.3947,0,0
1840,15621850,134.1465,15621850,0,0
1841,15621850,134.1835,15621850,0,0
1842,15621850,134.2212,15621850,0,0
1843,15758580.15,134.2627,15621850,136730.15,0
1844,156218.5,134.3526,156218.5,0,0
1845,156218.5,134.4415,156218.5,0,0
1846,152218.5,134.5308,152218.5,0,0
1847,148218.5,134.6198,148218.5,0,0
1848,148218.5,134.7088,148218.5,0,0
1849,148218.5,134.7979,148218.5,0,0
1850,14821850,134.8873,14821850,0,0
1851,14821850,134.976,14821850,0,0
1852,14821850,135.0138,14821850,0,0
1853,14821850,135.0508,14821850,0,0
1854,14821850,135.0883,14821850,0,0
1855,15257320.16,135.1254,14821850,435470.16,0
1856,15694608.37,135.1628,14821850,872758.37,0
1857,15257320.16,135.2516,14821850,435470.16,0
1858,14821850,135.3403,14821850,0,0
1859,14821850,135.4291,14821850,0,0
1860,14821850,135.5201,14821850,0,0
1861,14821850,135.6103,14821850,0,0
1862,7432150.3,135.7013,7365403,66747.3,0
1863,428871.58,135.7912,295613,133258.58,0
1864,133258.58,135.8813,0,133258.58,0
1865,133258.58,135.9718,0,133258.58,0
1866,133258.58,136.0621,0,133258.58,0
1867,133258.58,136.151,0,133258.58,0
1868,133258.58,136.2398,0,133258.58,0
1869,133258.58,136.2785,0,133258.58,0
1870,13325858,136.3158,0,13325858,0
1871,13325858,136.3529,0,13325858,0
1872,13665297.75,136.3902,339439.75,13325858,0
1873,14257400.29,136.4275,931542.29,13325858,0
1874,34077233.58,136.5175,33943975,133258.58,0
1875,133258.58,136.6069,0,133258.58,0
1876,133258.58,136.6957,0,133258.58,0
1877,133258.58,136.7842,0,133258.58,0
1878,129258.58,136.8734,0,129258.58,0
1879,125258.58,136.983,0,125258.58,0
1880,12525858,137.077,0,12525858,0
1881,12525858,137.1674,0,12525858,0
1882,12525858,137.2569,0,12525858,0
1883,12525858,137.3472,0,12525858,0
1884,12525858,137.3861,0,12525858,0
1885,12525858,137.4241,0,12525858,0
1886,12525858,137.4629,0,12525858,0
1887,12865297.75,137.501,339439.75,12525858,0
1888,13457400.29,137.5392,931542.29,12525858,0
1889,13377400.29,137.6311,851542.29,12525858,0
1890,13379992.124,137.7224,1651471.2429,11728520.8811,0
1891,11728520.8811,137.8127,0,11728520.8811,0
1892,11728520.8811,137.9029,0,11728520.8811,0
1893,11728520.8811,137.9926,0,11728520.8811,0
1894,6353315.0459,138.0822,500104.4093,5853210.6366,0
1895,1001058.1711,138.1722,1001058.1711,0,0
1896,1001058.1711,138.2618,1001058.1711,0,0
1897,1001058.1711,138.3505,1001058.1711,0,0
1898,994591.6848,138.4395,994591.6848,0,0
1899,994413.3864,138.5285,994413.3864,0,0
1900,15621850,138.6181,15621850,0,0
1901,15621850,138.7076,15621850,0,0
1902,15621850,138.7967,15621850,0,0
1903,15621850,138.8854,15621850,0,0
1904,156218.5,138.9236,156218.5,0,0
1905,156218.5,138.9608,156218.5,0,0
1906,156218.5,138.9979,156218.5,0,0
1907,415658.25,139.035,415658.25,0,0
1908,1007760.79,139.0724,1007760.79,0,0
1909,41565825,139.1619,41565825,0,0
1910,15621850,139.2505,15621850,0,0
1911,7828150.3,139.3392,7765403,62747.3,0
1912,420871.58,139.4273,295613,125258.58,0
1913,420871.58,139.5171,295613,125258.58,0
1914,125258.58,139.6063,0,125258.58,0
1915,125258.58,139.6958,0,125258.58,0
1916,125258.58,139.7849,0,125258.58,0
1917,125258.58,139.8743,0,125258.58,0
1918,125258.58,139.9633,0,125258.58,0
1919,12525858,140.0016,0,12525858,0
1920,12525858,140.0387,0,12525858,0
1921,12525858,140.0755,0,12525858,0
1922,12785297.75,140.1129,259439.75,12525858,0
1923,13377400.29,140.1501,851542.29,12525858,0
1924,26861245.14,140.2401,25943975,917270.14,0
1925,17121453.79,140.3289,12993524,1014000.29,3113929.5
1926,9121453.79,140.4178,4993524,1014000.29,3113929.5
1927,6747451.07,140.5066,4993524,1014000.29,739926.78
1928,6690421.85,140.5956,4993524,1014000.29,682897.56
1929,6662804.85,140.6858,5049907,1014000.29,598897.56
1930,24599897.9471,140.7759,3784717.1529,15431888.0902,5383292.704
1931,24599897.9471,140.8653,3784717.1529,15431888.0902,5383292.704
1932,24599897.9471,140.9544,3784717.1529,15431888.0902,5383292.704
1933,24599897.9471,141.0432,3784717.1529,15431888.0902,5383292.704
1934,102048861.8,141.0813,49935.24,101400029,598897.56
1935,23439808.34,141.1183,642037.78,22198873,598897.56
1936,14686994.55,141.1558,1201542.29,13198873,286579.26
1937,14077554.8,141.1931,592102.54,13198873,286579.26
1938,13485452.26,141.2303,0,13198873,286579.26
1939,13485452.26,141.2674,0,13198873,286579.26
1940,13527393.2367,141.3049,0,12918383.834,609009.4027
1941,13985213.6562,141.3424,670796.05,12918383.834,396033.7722
1942,14580061.9262,141.3805,1265644.32,12918383.834,396033.7722
1943,49669722.3943,141.4699,45085043.1648,2008712.7495,2575966.48
1944,4584679.2295,141.5586,0,2008712.7495,2575966.48
1945,4482254.2867,141.6476,0,1906287.8068,2575966.48
1946,4482254.2867,141.7371,0,1906287.8068,2575966.48
1947,3581417.4806,141.8259,0,1906287.8068,1675129.6738
1948,1906287.8068,141.9156,0,1906287.8068,0
1949,1906287.8068,142.0057,0,1906287.8068,0
1950,6329692.47,142.0957,78564.47,6251128,0
1951,157262.37,142.1845,157262.37,0,0
1952,156218.5,142.2739,156218.5,0,0
1953,156218.5,142.3636,156218.5,0,0
1954,156218.5,142.4534,156218.5,0,0
1955,156218.5,142.5425,156218.5,0,0
1956,156218.5,142.6314,156218.5,0,0
1957,156218.5,142.6696,156218.5,0,0
1958,156218.5,142.7068,156218.5,0,0
1959,156218.5,142.744,156218.5,0,0
1960,16057320.16,142.7812,15621850,435470.16,0
1961,16494608.37,142.8189,15621850,872758.37,0
1962,43703234.5,142.909,156218.5,43547016,0
1963,156218.5,142.9989,156218.5,0,0
1964,156218.5,143.0882,156218.5,0,0
1965,156218.5,143.1771,156218.5,0,0
1966,152218.5,143.2655,152218.5,0,0
1967,148218.5,143.3557,148218.5,0,0
1968,148218.5,143.4457,148218.5,0,0
1969,148218.5,143.5341,148218.5,0,0
1970,14821850,143.6235,14821850,0,0
1971,14821850,143.7131,14821850,0,0
1972,14821850,143.7513,14821850,0,0
1973,14821850,143.7886,14821850,0,0
1974,14821850,143.8261,14821850,0,0
1975,15257320.16,143.8642,14821850,435470.16,0
1976,15694608.37,143.9014,14821850,872758.37,0
1977,15694608.37,143.9922,14821850,872758.37,0
1978,15257320.16,144.0825,14821850,435470.16,0
1979,14821850,144.1732,14821850,0,0
1980,14821850,144.2623,14821850,0,0
1981,14821850,144.3516,14821850,0,0
1982,7432150.3,144.4413,7365403,66747.3,0
1983,428871.58,144.5303,295613,133258.58,0
1984,133258.58,144.6191,0,133258.58,0
1985,133258.58,144.7086,0,133258.58,0
1986,133258.58,144.798,0,133258.58,0
1987,133258.58,144.8875,0,133258.58,0
1988,133258.58,144.9779,0,133258.58,0
1989,133258.58,145.0161,0,133258.58,0
1990,13325858,145.0533,0,13325858,0
1991,13325858,145.0905,0,13325858,0
1992,13855297.75,145.1274,529439.75,13325858,0
1993,14447400.29,145.1647,1121542.29,13325858,0
1994,53077233.58,145.2539,52943975,133258.58,0
1995,133258.58,145.3431,0,133258.58,0
1996,133258.58,145.4326,0,133258.58,0
1997,133258.58,145.5233,0,133258.58,0
1998,129258.58,145.6117,0,129258.58,0
1999,125258.58,145.7,0,125258.58,0
2000,12525858,145.7894,0,12525858,0
2001,12525858,145.8791,0,12525858,0
