1,7904219591,0.045546,4667711375,50591975,3185916241
2,6186903677,0.065742,2551740245,50591975,3584571457
3,5150033680,0.085572,2538807865,50591975,2560633840
4,4569257025,0.10545,1952077770,56545415,2560633840
5,4209980880,0.12542,2100085440,101862250,2008033190
6,2171330710,0.14503,1639674160,101862250,429794300
7,1822970155,0.16524,1291313605,101862250,429794300
8,1638576655,0.18497,1106920105,101862250,429794300
9,1460367687,0.20497,1327448025,101862250,31057412
10,183268190.3303,0.22498,175502693.3831,7105003.8065,660493.1407
11,167542284.8603,0.24496,159014714.1982,7867077.5215,660493.1407
12,156080214.5553,0.26526,144448745.7597,10970975.6549,660493.1407
13,149706477.8164,0.28561,138075009.0208,10970975.6549,660493.1407
14,149333369.3891,0.30633,138075009.0208,10970975.6549,287384.7134
15,149333369.3891,0.32709,138075009.0208,10970975.6549,287384.7134
16,147209789.7532,0.34764,124060790.8733,10970975.6549,12178023.225
17,147209789.7532,0.36796,124060790.8733,10970975.6549,12178023.225
18,148219162.2901,0.38769,124060790.8733,11980348.1918,12178023.225
19,149738833.2742,0.40812,122460236.1776,15100573.8716,12178023.225
20,145719629.7911,0.42854,122788219.9632,21832396.4778,1099013.3501
21,142648454.5507,0.44864,124228264.2777,17321176.9228,1099013.3501
22,141189104.6208,0.46887,124228264.2777,15861826.993,1099013.3501
23,143161643.8315,0.48949,124228264.2777,18933379.5537,0
24,145217351.2715,0.50997,126283971.7178,18933379.5537,0
25,147800052.7777,0.52995,126283971.7178,21516081.06,0
26,147800052.7777,0.55017,126283971.7178,21516081.06,0
27,843721238,0.59791,630365580,213355658,0
28,718928728,0.64595,545573070,173355658,0
29,599244836,0.69505,397565400,201679436,0
30,109115525.4118,0.74312,43242770.0497,65872755.3621,0
31,98500421.1709,0.79092,32627665.8088,65872755.3621,0
32,88249656.5326,0.83933,32627665.8088,55621990.7239,0
33,78041240.8191,0.887,22419250.0953,55621990.7239,0
34,69421930.3082,0.93448,22419250.0953,47002680.213,0
35,55959690.9106,0.98175,22419250.0953,33540440.8154,0
36,50652138.7902,1.0301,17111697.9748,33540440.8154,0
37,45349515.3953,1.0794,11809074.5799,33540440.8154,0
38,42657067.5158,1.128,11809074.5799,30847992.9359,0
39,40045950.6689,1.177,7925636.883,30847992.9359,1272320.85
40,71558505.8001,1.2253,3073270.9178,64442877.7443,4042357.138
41,66732284.9527,1.2741,6663214.9899,56026712.8248,4042357.138
42,65148976.4282,1.3237,5079906.4654,56026712.8248,4042357.138
43,64046446.7634,1.3732,5079906.4654,56334838.7893,2631701.5087
44,63337491.4762,1.4217,4370951.1782,56334838.7893,2631701.5087
45,62840010.7921,1.4705,3873470.4941,56334838.7893,2631701.5087
46,59373877.9376,1.5182,3873470.4941,52868705.9348,2631701.5087
47,58975064.0929,1.566,3474656.6493,52868705.9348,2631701.5087
48,58865945.2402,1.6142,3365537.7966,52868705.9348,2631701.5087
49,50731255.0842,1.6632,10886556.8872,37212996.6883,2631701.5087
50,48496183.489,1.7141,13060127.6777,35436055.8113,0
51,47022759.9835,1.7631,11586704.1722,35436055.8113,0
52,45306018.4017,1.8122,9869962.5904,35436055.8113,0
53,44964310.432,1.861,9528254.6206,35436055.8113,0
54,41676256.4451,1.9095,7811513.0389,29567800.1766,4296943.2297
55,39437762.767,1.9578,9869962.5904,29567800.1766,0
56,36149708.7801,2.007,8153221.0086,23699544.5418,4296943.2297
57,34080526.1967,2.0552,8387303.8735,23699544.5418,1993677.7813
58,32344359.6526,2.1023,8644815.1108,23699544.5418,0
59,30627618.0709,2.1499,6928073.529,23699544.5418,0
60,30493741.8089,2.1974,5493296.7885,25000445.0205,0
61,29952582.5768,2.2446,4952137.5564,25000445.0205,0
62,29468744.8879,2.2922,4468299.8674,25000445.0205,0
63,29159226.2764,2.34,4468299.8674,24690926.409,0
64,28849707.665,2.3873,4468299.8674,24381407.7976,0
65,28540189.0536,2.4344,4468299.8674,24071889.1862,0
66,28230670.4421,2.4813,4468299.8674,23762370.5747,0
67,28001230.3478,2.5283,4548378.3845,23452851.9633,0
68,27782193.125,2.5753,4638859.7731,23143333.3519,0
69,27611633.2193,2.6222,4468299.8674,23143333.3519,0
70,28200671.4252,2.6695,3131905.8621,25068765.5631,0
71,28135940.7397,2.7166,3067175.1766,25068765.5631,0
72,28071210.0541,2.7646,3002444.491,25068765.5631,0
73,28055530.9041,2.8127,2937713.8055,24733496.2486,384320.85
74,27800671.4252,2.8602,3067175.1766,24733496.2486,0
75,27800671.4252,2.9081,3067175.1766,24733496.2486,0
76,27800671.4252,2.9559,3067175.1766,24733496.2486,0
77,27800671.4252,3.0038,3067175.1766,24733496.2486,0
78,27800671.4252,3.0514,3067175.1766,24733496.2486,0
79,18476465.7103,3.0724,15500617.9925,2975847.7178,0
80,20958001.3394,3.0929,15900781.8215,4752733.8979,304485.62
81,21784652.7229,3.1137,16727433.205,4752733.8979,304485.62
82,24115384.1776,3.134,16727433.205,7083465.3526,304485.62
83,28240223.2691,3.1545,16727433.205,11208304.4441,304485.62
84,40393872.074,3.2027,3226631.7764,36862754.6777,304485.62
85,28264613.645,3.2508,3226631.7764,24733496.2486,304485.62
86,27960128.025,3.2991,3226631.7764,24733496.2486,0
87,27799219.7084,3.3474,3226631.7764,24572587.932,0
88,27639763.1086,3.3951,3067175.1766,24572587.932,0
89,27575032.4231,3.4427,3002444.491,24572587.932,0
90,28101335.7298,3.4913,1976597.4204,26124738.3094,0
91,28057782.6425,3.5396,1933044.3331,26124738.3094,0
92,28042103.4925,3.5877,1889491.2457,25768291.3968,384320.85
93,27744888.8172,3.6364,1976597.4204,25768291.3968,0
94,27744888.8172,3.6868,1976597.4204,25768291.3968,0
95,27744888.8172,3.7353,1976597.4204,25768291.3968,0
96,27744888.8172,3.7833,1976597.4204,25768291.3968,0
97,27744888.8172,3.8314,1976597.4204,25768291.3968,0
98,19887020.5428,3.8525,15229631.0404,4657389.5024,0
99,21558358.4883,3.8729,15932699.2358,4657389.5024,968269.75
100,26489321.2354,3.8928,15893357.0402,6247088.0539,4348876.1414
101,29615597.1502,3.913,15893357.0402,9373363.9687,4348876.1414
102,35132176.0587,3.9331,15893357.0402,15953362.7719,3285456.2467
103,41973511.939,3.9815,2341536.4702,38663705.7188,968269.75
104,29078097.617,4.0306,2341536.4702,25768291.3968,968269.75
105,28018579.2492,4.0796,2250287.8524,25768291.3968,0
106,27744888.8172,4.1274,1976597.4204,25768291.3968,0
107,27701335.7298,4.1753,1933044.3331,25768291.3968,0
108,27657782.6425,4.2239,1889491.2457,25768291.3968,0
109,27614229.5551,4.2731,1845938.1583,25768291.3968,0
110,28101435.494,4.3224,1106554.5874,26610560.0566,384320.85
111,27770592.5266,4.3714,1160032.47,26610560.0566,0
112,27770592.5266,4.4204,1160032.47,26610560.0566,0
113,27770592.5266,4.4678,1160032.47,26610560.0566,0
114,27770592.5266,4.5159,1160032.47,26610560.0566,0
115,27770592.5266,4.5642,1160032.47,26610560.0566,0
116,18985739.173,4.5855,12825065.667,6160673.506,0
117,19713964.7905,4.607,13553291.2845,6160673.506,0
118,22840240.7054,4.629,13553291.2845,9286949.4209,0
119,26700612.9569,4.65,13553291.2845,13147321.6724,0
120,48343554.5012,4.6708,18377713.1625,29965841.3387,0
121,42534475.7451,4.7203,2420204.949,40114270.7961,0
122,29030765.0057,4.7691,2420204.949,26610560.0566,0
123,27836460.8336,4.8188,1225900.7769,26610560.0566,0
124,27770592.5266,4.8687,1160032.47,26610560.0566,0
125,27743853.5853,4.9183,1133293.5287,26610560.0566,0
126,27717114.644,4.9675,1106554.5874,26610560.0566,0
127,27701435.494,5.0162,1079815.646,26237298.998,384320.85
128,27370592.5266,5.0651,1133293.5287,26237298.998,0
129,27362068.1521,5.1137,1124769.1542,26237298.998,0
130,27641500.5262,5.1617,680460.7879,26961039.7383,0
131,27641500.5262,5.2091,680460.7879,26961039.7383,0
132,27641500.5262,5.2565,680460.7879,26961039.7383,0
133,27641500.5262,5.3038,680460.7879,26961039.7383,0
134,22247236.756,5.3246,8402570.5398,13844666.2161,0
135,23523158.9759,5.3447,9678492.7598,13844666.2161,0
136,24908822.2558,5.3647,10103886.2896,13844666.2161,960269.75
137,32034341.0785,5.3845,10103886.2896,20970185.0389,960269.75
138,44472571.4785,5.4046,10103886.2896,20970185.0389,13398500.15
139,41177777.4018,5.4523,818237.5135,26961039.7383,13398500.15
140,50050386.2694,5.4997,395531.7896,18409422.5959,31245431.884
141,18788301.7174,5.547,378879.1216,18409422.5959,0
142,18738353.8276,5.5941,328931.2317,18409422.5959,0
143,18730405.4869,5.6412,320982.891,18409422.5959,0
144,18722457.1462,5.6884,313034.5503,18409422.5959,0
145,18719923.2151,5.7357,310500.6193,18409422.5959,0
146,18714508.8054,5.783,305086.2095,18409422.5959,0
147,18714508.8054,5.8308,305086.2095,18409422.5959,0
148,18714508.8054,5.8797,305086.2095,18409422.5959,0
149,18714508.8054,5.9286,305086.2095,18409422.5959,0
150,27893085.6532,5.9772,243773.0345,27264991.7687,384320.85
151,21622434.9028,5.999,7590406.9355,13647707.1172,384320.85
152,22122602.8128,6.0193,8090574.8456,13647707.1172,384320.85
153,23262773.9328,6.0393,8090574.8456,13647707.1172,1524491.97
154,24637512.5127,6.0594,8515968.3755,13647707.1172,2473837.02
155,31763031.3354,6.0795,8515968.3755,20773225.9399,2473837.02
156,30012327.0965,6.1274,273498.3078,27264991.7687,2473837.02
157,28872155.9765,6.1749,273498.3078,27264991.7687,1333665.9
158,27909149.0145,6.2225,259836.3958,27264991.7687,384320.85
159,27537869.8623,6.2696,272878.0936,27264991.7687,0
160,27599718.0462,6.3175,157534.54,27442183.5062,0
161,27595718.0462,6.3657,153534.54,27442183.5062,0
162,27591718.0462,6.4143,149534.54,27442183.5062,0
163,27590442.8462,6.4626,148259.34,27442183.5062,0
164,27587718.0462,6.5121,145534.54,27442183.5062,0
165,27587718.0462,6.5604,145534.54,27442183.5062,0
166,27572002.5737,6.6095,141534.54,27046147.1837,384320.85
167,27572002.5737,6.66,141534.54,27046147.1837,384320.85
168,27572002.5737,6.7092,141534.54,27046147.1837,384320.85
169,27572002.5737,6.7588,141534.54,27046147.1837,384320.85
170,26945380.7259,6.8068,149534.54,26795846.1859,0
171,26945380.7259,6.8549,149534.54,26795846.1859,0
172,26941380.7259,6.9029,145534.54,26795846.1859,0
173,26939625.5659,6.9532,143779.38,26795846.1859,0
174,26938350.3659,7.0019,142504.18,26795846.1859,0
175,26935625.5659,7.0496,139779.38,26795846.1859,0
176,26935625.5659,7.0975,139779.38,26795846.1859,0
177,26935625.5659,7.1469,139779.38,26795846.1859,0
178,26935625.5659,7.1962,139779.38,26795846.1859,0
179,26935625.5659,7.2459,139779.38,26795846.1859,0
180,22710455.7528,7.2684,4827062.0518,17883393.7011,0
181,23578497.139,7.2895,5695103.4379,17883393.7011,0
182,24816172.6094,7.31,5984509.1584,17883393.7011,948269.75
183,34289880.5592,7.3305,5984509.1584,27357101.6508,948269.75
184,46935156.0714,7.3513,18629784.6705,27357101.6508,948269.75
185,28657092.1335,7.3996,539470.95,26795846.1859,1321774.9976
186,27326936.6859,7.4478,531090.5,26795846.1859,0
187,26960761.8259,7.4952,164915.64,26795846.1859,0
188,26935625.5659,7.5429,139779.38,26795846.1859,0
189,26931625.5659,7.59,135779.38,26795846.1859,0
190,27297230.4186,7.6372,131779.38,26781130.1886,384320.85
191,26920909.5686,7.6842,139779.38,26781130.1886,0
192,26918664.7286,7.7314,137534.54,26781130.1886,0
193,26916909.5686,7.7784,135779.38,26781130.1886,0
194,26915634.3686,7.8256,134504.18,26781130.1886,0
195,26912909.5686,7.8727,131779.38,26781130.1886,0
196,26912909.5686,7.9206,131779.38,26781130.1886,0
197,26912909.5686,7.9687,131779.38,26781130.1886,0
198,26912909.5686,8.0165,131779.38,26781130.1886,0
199,26912909.5686,8.0646,131779.38,26781130.1886,0
200,24096972.5647,8.0863,2704727.4858,21392245.0789,0
201,24612885.8534,8.1066,3220640.7745,21392245.0789,0
202,25729161.5231,8.1271,3392646.6942,21392245.0789,944269.75
203,28567391.9231,8.1473,3392646.6942,21392245.0789,3782500.15
204,36000909.2042,8.1676,10826163.9753,21392245.0789,3782500.15
205,28252870.8886,8.2166,527470.95,26781130.1886,944269.75
206,27300220.6886,8.2644,519090.5,26781130.1886,0
207,26938045.8286,8.3119,156915.64,26781130.1886,0
208,26912909.5686,8.3592,131779.38,26781130.1886,0
209,26899231.7319,8.4063,131764.04,26383146.8419,384320.85
210,26147850.7601,8.4536,139764.04,26008086.7201,0
211,26145605.9201,8.5007,137519.2,26008086.7201,0
212,26143850.7601,8.548,135764.04,26008086.7201,0
213,26142575.5601,8.5955,134488.84,26008086.7201,0
214,26139850.7601,8.6431,131764.04,26008086.7201,0
215,26139850.7601,8.6908,131764.04,26008086.7201,0
216,26139850.7601,8.739,131764.04,26008086.7201,0
217,26139850.7601,8.7867,131764.04,26008086.7201,0
218,26139850.7601,8.8349,131764.04,26008086.7201,0
219,23778756.372,8.8559,2704412.6375,21074343.7345,0
220,25285477.5729,8.8771,1784463.1885,23501014.3844,0
221,26321060.1077,8.8976,1879775.9733,23501014.3844,940269.75
222,29159290.5077,8.9186,1879775.9733,23501014.3844,3778500.15
223,33232895.5468,8.9407,5953381.0125,23501014.3844,3778500.15
224,27874946.0122,8.9907,523455.61,26008086.7201,1343403.6821
225,26523161.8801,9.0392,515075.16,26008086.7201,0
226,26164987.0201,9.0874,156900.3,26008086.7201,0
227,26139850.7601,9.1358,131764.04,26008086.7201,0
228,26137605.9201,9.1838,129519.2,26008086.7201,0
229,26136330.7201,9.2316,128244,26008086.7201,0
230,26501251.5103,9.279,128244,25988686.6603,384320.85
231,26124930.6603,9.3262,136244,25988686.6603,0
232,26122205.8603,9.3734,133519.2,25988686.6603,0
233,26120450.7003,9.4206,131764.04,25988686.6603,0
234,26120450.7003,9.4679,131764.04,25988686.6603,0
235,26120450.7003,9.5165,131764.04,25988686.6603,0
236,26120450.7003,9.5642,131764.04,25988686.6603,0
237,26120450.7003,9.6118,131764.04,25988686.6603,0
238,24645090.028,9.6327,1498582.7239,23146507.3041,0
239,24930970.4926,9.6533,1784463.1885,23146507.3041,0
240,26366778.1087,9.6749,1183016.1775,24247492.1811,936269.75
241,28901825.8324,9.6949,3718063.9012,24247492.1811,936269.75
242,31740056.2324,9.7152,3718063.9012,24247492.1811,3774500.15
243,27444412.0203,9.7629,519455.61,25988686.6603,936269.75
244,26499761.8203,9.8104,511075.16,25988686.6603,0
245,26145586.9603,9.8577,156900.3,25988686.6603,0
246,26120450.7003,9.9053,131764.04,25988686.6603,0
247,26106734.2436,9.9527,131764.04,25590649.3536,384320.85
248,25730413.3936,10,139764.04,25590649.3536,0
249,25728168.5536,10.0475,137519.2,25590649.3536,0
250,25715140.4188,10.095,135764.04,25579376.3788,0
251,25715140.4188,10.1427,135764.04,25579376.3788,0
252,25715140.4188,10.1904,135764.04,25579376.3788,0
253,25715140.4188,10.238,135764.04,25579376.3788,0
254,25715140.4188,10.2855,135764.04,25579376.3788,0
255,24847869.5412,10.3059,971746.8952,23876122.646,0
256,25844123.3361,10.3262,1031730.9401,23876122.646,936269.75
257,26024039.0384,10.346,1211646.6424,23876122.646,936269.75
258,28559086.7621,10.3662,3746694.3661,23876122.646,936269.75
259,31397317.1621,10.3863,3746694.3661,23876122.646,3774500.15
260,34762682.4797,10.4342,917102.5524,22017380.892,11828199.0353
261,22919800.7628,10.4816,902419.8708,22017380.892,0
262,22299280.7761,10.5288,281899.8841,22017380.892,0
263,22255241.6489,10.5761,237860.7569,22017380.892,0
264,22255241.6489,10.6239,237860.7569,22017380.892,0
265,22251308.6535,10.6713,233927.7615,22017380.892,0
266,22250146.3662,10.7185,232765.4742,22017380.892,0
267,22250146.3662,10.7664,232765.4742,22017380.892,0
268,22250146.3662,10.8139,232765.4742,22017380.892,0
269,22250146.3662,10.8612,232765.4742,22017380.892,0
270,25575293.2723,10.9085,138984.4488,25051987.9735,384320.85
271,24840004.7903,10.9293,950930.8294,23504753.1109,384320.85
272,25056175.9103,10.9494,950930.8294,23504753.1109,600491.97
273,26045505.0052,10.9693,1010914.8743,23504753.1109,1529837.02
274,26225420.7075,10.9893,1190830.5766,23504753.1109,1529837.02
275,28760468.4312,11.0091,3725878.3003,23504753.1109,1529837.02
276,26792463.3658,11.0574,544560.2623,25051987.9735,1195915.13
277,26188273.165,11.1049,535793.2215,25051987.9735,600491.97
278,25817760.19,11.1522,165280.2465,25051987.9735,600491.97
279,25601589.07,11.1998,165280.2465,25051987.9735,384320.85
280,24942170.7102,11.2473,168823.86,24773346.8502,0
281,24917034.4502,11.2944,143687.6,24773346.8502,0
282,24914789.6102,11.3415,141442.76,24773346.8502,0
283,24914126.2102,11.3887,140779.36,24773346.8502,0
284,24914126.2102,11.4361,140779.36,24773346.8502,0
285,24910202.6502,11.4833,136855.8,24773346.8502,0
286,24910202.6502,11.5307,136855.8,24773346.8502,0
287,24910202.6502,11.5779,136855.8,24773346.8502,0
288,24910202.6502,11.6254,136855.8,24773346.8502,0
289,24910202.6502,11.673,136855.8,24773346.8502,0
290,24851495.1496,11.6936,547528.6845,24303966.4651,0
291,25391122.4296,11.7137,547528.6845,24303966.4651,539627.28
292,25811748.5056,11.734,968154.7605,24303966.4651,539627.28
293,26585026.395,11.7537,1001683.02,24303966.4651,1279376.91
294,28001998.8229,11.7737,2418655.4478,24303966.4651,1279376.91
295,26179580.7327,11.8213,596166.92,24773346.8502,810066.9625
296,25369513.7702,11.8688,596166.92,24773346.8502,0
297,25015338.9102,11.9163,241992.06,24773346.8502,0
298,24910202.6502,11.9638,136855.8,24773346.8502,0
299,24907957.8102,12.0114,134610.96,24773346.8502,0
300,25301107.8747,12.0587,134610.96,24782176.0647,384320.85
301,24927618.8247,12.1062,145442.76,24782176.0647,0
302,24923695.2647,12.1533,141519.2,24782176.0647,0
303,24923031.8647,12.2005,140855.8,24782176.0647,0
304,24923031.8647,12.2476,140855.8,24782176.0647,0
305,24923031.8647,12.295,140855.8,24782176.0647,0
306,24923031.8647,12.3427,140855.8,24782176.0647,0
307,24923031.8647,12.3902,140855.8,24782176.0647,0
308,24483501.3158,12.4106,563531.7676,23919969.5482,0
309,24904127.3918,12.4308,984157.8436,23919969.5482,0
310,25443910.2613,12.4506,972108.0025,23932174.9789,539627.28
311,26216777.6371,12.4705,1005225.7483,23932174.9789,1279376.91
312,27616400.9245,12.4914,2404849.0356,23932174.9789,1279376.91
313,25921970.2647,12.5392,600166.92,24782176.0647,539627.28
314,25382342.9847,12.5867,600166.92,24782176.0647,0
315,25028168.1247,12.6341,245992.06,24782176.0647,0
316,24923031.8647,12.6831,140855.8,24782176.0647,0
317,24909514.4489,12.7324,140855.8,24384337.7989,384320.85
318,24536025.3989,12.7797,151687.6,24384337.7989,0
319,24532101.8389,12.827,147764.04,24384337.7989,0
320,24514682.1166,12.8744,145519.2,24369162.9166,0
321,24514682.1166,12.9215,145519.2,24369162.9166,0
322,24514682.1166,12.9691,145519.2,24369162.9166,0
323,24514682.1166,13.0165,145519.2,24369162.9166,0
324,24514682.1166,13.0637,145519.2,24369162.9166,0
325,24123042.8745,13.0844,575060.7513,23547982.1233,0
326,24662670.1545,13.1042,575060.7513,23547982.1233,539627.28
327,25078146.165,13.1243,990536.7617,23547982.1233,539627.28
328,25851013.5408,13.1442,1023654.5075,23547982.1233,1279376.91
329,27250636.8281,13.1642,2423277.7949,23547982.1233,1279376.91
330,26791140.9239,13.2119,1412276.249,22749996.963,2628867.712
331,24162273.2119,13.2594,1412276.249,22749996.963,0
332,23335276.406,13.3065,585279.4431,22749996.963,0
333,23089783.6819,13.3539,339786.7189,22749996.963,0
334,23089783.6819,13.4015,339786.7189,22749996.963,0
335,23089783.6819,13.4487,339786.7189,22749996.963,0
336,23089783.6819,13.496,339786.7189,22749996.963,0
337,23086237.407,13.5431,336240.4441,22749996.963,0
338,23082992.9537,13.5904,332995.9908,22749996.963,0
339,23082992.9537,13.6377,332995.9908,22749996.963,0
340,24358976.6456,13.6852,205731.0246,23768924.771,384320.85
341,23984621.6446,13.7326,215696.8736,23768924.771,0
342,23984621.6446,13.7802,215696.8736,23768924.771,0
343,23984621.6446,13.8274,215696.8736,23768924.771,0
344,23984621.6446,13.8751,215696.8736,23768924.771,0
345,23984621.6446,13.9228,215696.8736,23768924.771,0
346,23754657.1633,13.9438,590867.8957,23163789.2676,0
347,24170133.1738,13.9637,1006343.9061,23163789.2676,0
348,24709760.4538,13.9843,1006343.9061,23163789.2676,539627.28
349,25482627.8296,14.0042,1039461.6519,23163789.2676,1279376.91
350,30595927.4084,14.0245,2250428.0212,21922279.2672,6423220.12
351,25092342.6819,14.0725,783790.6309,23768924.771,539627.28
352,24552715.4019,14.1205,783790.6309,23768924.771,0
353,24142314.2141,14.1686,373389.4431,23768924.771,0
354,23990644.3109,14.2165,221719.54,23768924.771,0
355,23990644.3109,14.2643,221719.54,23768924.771,0
356,23980735.5737,14.3117,221719.54,23374695.1837,384320.85
357,23613615.6893,14.3592,238920.5055,23374695.1837,0
358,23608092.38,14.4072,233397.1963,23374695.1837,0
359,23607564.8633,14.4548,232869.6796,23374695.1837,0
360,23642065.8582,14.5024,159178.4,23482887.4582,0
361,23640676.3682,14.5497,157788.91,23482887.4582,0
362,23640581.5182,14.5973,157694.06,23482887.4582,0
363,23640581.5182,14.645,157694.06,23482887.4582,0
364,23636406.6582,14.6922,153519.2,23482887.4582,0
365,23636406.6582,14.7399,153519.2,23482887.4582,0
366,23636406.6582,14.7872,153519.2,23482887.4582,0
367,23624673.1871,14.8345,153519.2,23086833.1371,384320.85
368,23252275.8971,14.8817,165442.76,23086833.1371,0
369,23248447.1871,14.9293,161614.05,23086833.1371,0
370,23315993.9249,14.9768,161248.38,23154745.5449,0
371,23313749.0849,15.0245,159003.54,23154745.5449,0
372,23312359.5949,15.0719,157614.05,23154745.5449,0
373,23312264.7449,15.1191,157519.2,23154745.5449,0
374,23312264.7449,15.1663,157519.2,23154745.5449,0
375,23312264.7449,15.214,157519.2,23154745.5449,0
376,23312264.7449,15.2615,157519.2,23154745.5449,0
377,23312264.7449,15.3089,157519.2,23154745.5449,0
378,21837613.1706,15.3297,642536.4328,21195076.7378,0
379,22856790.53,15.35,1661713.7922,21195076.7378,0
380,25122947.3412,15.3701,2961644.592,21621675.4692,539627.28
381,25923623.7637,15.3904,3022571.3845,21621675.4692,1279376.91
382,28991938.8252,15.4104,6090886.446,21621675.4692,1279376.91
383,24523790.7749,15.4586,829417.95,23154745.5449,539627.28
384,23984163.4949,15.5069,829417.95,23154745.5449,0
385,23562118.2849,15.5547,407372.74,23154745.5449,0
386,23312264.7449,15.6022,157519.2,23154745.5449,0
387,23299366.2373,15.6503,157519.2,22757526.1873,384320.85
388,22926968.9473,15.6991,169442.76,22757526.1873,0
389,22923140.2373,15.7475,165614.05,22757526.1873,0
390,22916514.8838,15.7952,165248.38,22751266.5038,0
391,22914270.0438,15.8425,163003.54,22751266.5038,0
392,22912880.5538,15.8896,161614.05,22751266.5038,0
393,22912785.7038,15.9368,161519.2,22751266.5038,0
394,22912785.7038,15.9838,161519.2,22751266.5038,0
395,22912785.7038,16.031,161519.2,22751266.5038,0
396,22912785.7038,16.0785,161519.2,22751266.5038,0
397,22912785.7038,16.1263,161519.2,22751266.5038,0
398,22425018.2445,16.147,1174262.3357,21250755.9088,0
399,22964645.5245,16.1674,1174262.3357,21250755.9088,539627.28
400,23702666.3256,16.1879,1228127.088,21206513.5631,1268025.6745
401,24240264.6531,16.2077,1765725.4154,21206513.5631,1268025.6745
402,26021393.5064,16.2278,1808577.5761,21206513.5631,3006302.3673
403,23636210.6438,16.2756,345316.86,22751266.5038,539627.28
404,23096583.3638,16.3231,345316.86,22751266.5038,0
405,22991447.1038,16.3702,240180.6,22751266.5038,0
406,22912785.7038,16.4171,161519.2,22751266.5038,0
407,22899996.4554,16.4642,161519.2,22354156.4054,384320.85
408,22527599.1654,16.5113,173442.76,22354156.4054,0
409,22523770.4554,16.5584,169614.05,22354156.4054,0
410,22516521.5571,16.6057,169248.38,22347273.1771,0
411,22514276.7171,16.6529,167003.54,22347273.1771,0
412,22512887.2271,16.7002,165614.05,22347273.1771,0
413,22512792.3771,16.7478,165519.2,22347273.1771,0
414,22512792.3771,16.7957,165519.2,22347273.1771,0
415,22512792.3771,16.8432,165519.2,22347273.1771,0
416,22512792.3771,16.8906,165519.2,22347273.1771,0
417,22512792.3771,16.938,165519.2,22347273.1771,0
418,21682723.5644,16.9587,846357.3374,20836366.2271,0
419,21704071.0782,16.9787,867704.8511,20836366.2271,0
420,22715378.085,16.9988,1098741.3423,21616636.7427,0
421,23255005.365,17.0186,1098741.3423,21616636.7427,539627.28
422,24028259.1108,17.0388,1132245.4581,21616636.7427,1279376.91
423,23161730.7771,17.0865,274830.32,22347273.1771,539627.28
424,22622103.4971,17.134,274830.32,22347273.1771,0
425,22516967.2371,17.1812,169694.06,22347273.1771,0
426,22504300.2657,17.2285,169694.06,21950285.3557,384320.85
427,22131902.9757,17.276,181617.62,21950285.3557,0
428,22127728.1157,17.3242,177442.76,21950285.3557,0
429,22123899.4057,17.3729,173614.05,21950285.3557,0
430,22116524.7669,17.4211,173248.38,21943276.3869,0
431,22114279.9269,17.4687,171003.54,21943276.3869,0
432,22112890.4369,17.5161,169614.05,21943276.3869,0
433,22112795.5869,17.5634,169519.2,21943276.3869,0
434,22112795.5869,17.6107,169519.2,21943276.3869,0
435,22112795.5869,17.6581,169519.2,21943276.3869,0
436,22112795.5869,17.7062,169519.2,21943276.3869,0
437,22100255.3781,17.7541,169519.2,21546415.3281,384320.85
438,21727858.0881,17.8018,181442.76,21546415.3281,0
439,21727858.0881,17.8495,181442.76,21546415.3281,0
440,21713098.3405,17.897,177614.05,21535484.2905,0
441,21712732.6705,17.9449,177248.38,21535484.2905,0
442,21710487.8305,17.9935,175003.54,21535484.2905,0
443,21709098.3405,18.0435,173614.05,21535484.2905,0
444,21709003.4905,18.0916,173519.2,21535484.2905,0
445,21709003.4905,18.1392,173519.2,21535484.2905,0
446,21709003.4905,18.1868,173519.2,21535484.2905,0
447,21709003.4905,18.2347,173519.2,21535484.2905,0
448,21696664.6193,18.2823,173519.2,21138824.5693,384320.85
449,21324267.3293,18.3304,185442.76,21138824.5693,0
450,21316899.634,18.3785,185442.76,21131456.874,0
451,21313070.924,18.4267,181614.05,21131456.874,0
452,21312705.254,18.4744,181248.38,21131456.874,0
453,21310460.414,18.5236,179003.54,21131456.874,0
454,21309070.924,18.571,177614.05,21131456.874,0
455,21308976.074,18.6186,177519.2,21131456.874,0
456,21308976.074,18.6678,177519.2,21131456.874,0
457,21308976.074,18.716,177519.2,21131456.874,0
458,21308976.074,18.7645,177519.2,21131456.874,0
459,21296775.454,18.8132,177519.2,20734935.404,384320.85
460,20554461.0942,18.8616,189442.76,20365018.3342,0
461,20554461.0942,18.9094,189442.76,20365018.3342,0
462,20550632.3842,18.9566,185614.05,20365018.3342,0
463,20550266.7142,19.0039,185248.38,20365018.3342,0
464,20548021.8742,19.0511,183003.54,20365018.3342,0
465,20546632.3842,19.0985,181614.05,20365018.3342,0
466,20546537.5342,19.146,181519.2,20365018.3342,0
467,20546537.5342,19.1946,181519.2,20365018.3342,0
468,20546537.5342,19.2433,181519.2,20365018.3342,0
469,20546537.5342,19.2927,181519.2,20365018.3342,0
470,20901418.2582,19.3419,181519.2,20335578.2082,384320.85
471,20806609.1536,19.3635,725693.7643,19696594.5394,384320.85
472,20806609.1536,19.3845,725693.7643,19696594.5394,384320.85
473,20823299.784,19.4056,742384.3946,19696594.5394,384320.85
474,21243622.969,19.4265,1162707.5796,19696594.5394,384320.85
475,21772863.199,19.4473,1162707.5796,19696594.5394,913561.08
476,21010729.3782,19.4959,290830.32,20335578.2082,384320.85
477,20638332.0882,19.5441,302753.88,20335578.2082,0
478,20533195.8282,19.5919,197617.62,20335578.2082,0
479,20529020.9682,19.6394,193442.76,20335578.2082,0
480,20513121.1171,19.6868,189614.05,20323507.0671,0
481,20513121.1171,19.735,189614.05,20323507.0671,0
482,20513026.2671,19.7827,189519.2,20323507.0671,0
483,20513026.2671,19.8302,189519.2,20323507.0671,0
484,20510415.7571,19.8774,186908.69,20323507.0671,0
485,20509026.2671,19.9246,185519.2,20323507.0671,0
486,20497116.2741,19.9716,185519.2,19927276.2241,384320.85
487,20497116.2741,20.0186,185519.2,19927276.2241,384320.85
488,20124718.9841,20.0658,197442.76,19927276.2241,0
489,20124718.9841,20.1129,197442.76,19927276.2241,0
490,20116912.3494,20.1604,197442.76,19919469.5894,0
491,20113083.6394,20.2075,193614.05,19919469.5894,0
492,20113083.6394,20.2554,193614.05,19919469.5894,0
493,20112988.7894,20.3026,193519.2,19919469.5894,0
494,20112988.7894,20.3501,193519.2,19919469.5894,0
495,20110378.2794,20.3977,190908.69,19919469.5894,0
496,20108988.7894,20.445,189519.2,19919469.5894,0
497,20097234.0224,20.4922,189519.2,19523393.9724,384320.85
498,20097234.0224,20.5392,189519.2,19523393.9724,384320.85
499,20097234.0224,20.5868,189519.2,19523393.9724,384320.85
500,20078315.2763,20.6343,189519.2,19153856.5538,734939.5224
501,20078315.2763,20.6817,189519.2,19153856.5538,734939.5224
502,20078315.2763,20.7294,189519.2,19153856.5538,734939.5224
503,19355299.3138,20.7766,201442.76,19153856.5538,0
504,19351470.6038,20.8237,197614.05,19153856.5538,0
505,19351375.7538,20.8706,197519.2,19153856.5538,0
506,19351375.7538,20.9182,197519.2,19153856.5538,0
507,19351010.0838,20.9653,197153.53,19153856.5538,0
508,19348765.2438,21.0128,194908.69,19153856.5538,0
509,19347375.7538,21.06,193519.2,19153856.5538,0
510,19701506.7824,21.1073,193564.6531,19123621.2793,384320.85
511,19701506.7824,21.1545,193564.6531,19123621.2793,384320.85
512,19701506.7824,21.2018,193564.6531,19123621.2793,384320.85
513,19701506.7824,21.2493,193564.6531,19123621.2793,384320.85
514,19702558.5096,21.2703,773668.4423,18544569.2174,384320.85
515,19719249.14,21.2905,790359.0726,18544569.2174,384320.85
516,20123580.7657,21.3103,1194690.6983,18544569.2174,384320.85
517,20123580.7657,21.3302,1194690.6983,18544569.2174,384320.85
518,20652820.9957,21.3502,1194690.6983,18544569.2174,913561.08
519,19806842.6375,21.3983,298900.5083,19123621.2793,384320.85
520,19694566.2198,21.4464,298335.5606,18650516.0673,745714.5919
521,18966845.1981,21.495,316329.1308,18650516.0673,0
522,18960545.0129,21.544,310028.9456,18650516.0673,0
523,18954767.1947,21.5925,304251.1273,18650516.0673,0
524,18954215.3705,21.6413,303699.3032,18650516.0673,0
525,18950827.7341,21.692,300311.6667,18650516.0673,0
526,18948730.8866,21.7399,298214.8193,18650516.0673,0
527,18948587.7507,21.7883,298071.6834,18650516.0673,0
528,18948587.7507,21.8363,298071.6834,18650516.0673,0
529,18948587.7507,21.884,298071.6834,18650516.0673,0
530,19314292.1953,21.9316,310708.5405,18619262.8048,384320.85
531,19314292.1953,21.9801,310708.5405,18619262.8048,384320.85
532,19334541.6283,22.0012,789660.0016,18160560.7767,384320.85
533,19334541.6283,22.0218,789660.0016,18160560.7767,384320.85
534,19863781.8583,22.0423,789660.0016,18160560.7767,913561.08
535,20637035.6042,22.0622,823164.1175,18160560.7767,1653310.71
536,21651914.0909,22.0827,1838042.6042,18160560.7767,1653310.71
537,20242857.9739,22.1308,710034.0891,18619262.8048,913561.08
538,19713617.7439,22.1792,710034.0891,18619262.8048,384320.85
539,19314292.1953,22.2293,310708.5405,18619262.8048,384320.85
540,18573038.2507,22.2798,336930.0496,18236108.2011,0
541,18568547.7646,22.33,332439.5635,18236108.2011,0
542,18566879.0144,22.3787,330770.8133,18236108.2011,0
543,18566290.7619,22.4272,330182.5609,18236108.2011,0
544,18562679.4934,22.4752,326571.2923,18236108.2011,0
545,18560444.2243,22.5229,324336.0232,18236108.2011,0
546,18560291.6393,22.571,324183.4382,18236108.2011,0
547,18560291.6393,22.6183,324183.4382,18236108.2011,0
548,18560291.6393,22.6661,324183.4382,18236108.2011,0
549,18560291.6393,22.715,324183.4382,18236108.2011,0
550,18929715.0713,22.7641,351983.6239,18193410.5974,384320.85
551,18966524.747,22.7853,805651.5609,17776552.336,384320.85
552,18966524.747,22.8062,805651.5609,17776552.336,384320.85
553,19495764.977,22.8261,805651.5609,17776552.336,913561.08
554,20269018.7228,22.8465,839155.6768,17776552.336,1653310.71
555,21956308.9772,22.869,2526445.9312,17776552.336,1653310.71
556,20196120.8046,22.9188,1089149.1272,18193410.5974,913561.08
557,19458955.3013,22.9679,351983.6239,18193410.5974,913561.08
558,18929715.0713,23.0165,351983.6239,18193410.5974,384320.85
559,18566220.5141,23.0651,372809.9167,18193410.5974,0
560,18568004.9529,23.114,422988.2079,18145016.745,0
561,18565921.9931,23.1628,420905.2481,18145016.745,0
562,18565187.7273,23.2119,420170.9824,18145016.745,0
563,18560680.0861,23.2608,415663.3411,18145016.745,0
564,18557889.9886,23.3088,412873.2436,18145016.745,0
565,18557699.5297,23.3562,412682.7847,18145016.745,0
566,18550052.3842,23.4045,412682.7847,17753048.7495,384320.85
567,18189674.0561,23.4532,436625.3066,17753048.7495,0
568,18182026.9106,23.5023,436625.3066,17361080.754,384320.85
569,17821802.0741,23.5501,460721.3201,17361080.754,0
570,17851972.4854,23.5984,593145.2433,17258827.2421,0
571,17844558.7244,23.6465,585731.4823,17258827.2421,0
572,17841877.0649,23.6944,583049.8228,17258827.2421,0
573,17840931.7511,23.7432,582104.5089,17258827.2421,0
574,17835128.4903,23.7927,576301.2482,17258827.2421,0
575,17831536.4424,23.8409,572709.2003,17258827.2421,0
576,17831291.2404,23.8888,572463.9983,17258827.2421,0
577,17831291.2404,23.9369,572463.9983,17258827.2421,0
578,17831291.2404,23.985,572463.9983,17258827.2421,0
579,17825952.7129,24.033,572463.9983,16869167.8647,384320.85
580,17137056.2345,24.0806,749679.8511,16387376.3834,0
581,17127846.4956,24.13,740470.1122,16387376.3834,0
582,17124515.2062,24.1797,737138.8227,16387376.3834,0
583,17124210.6042,24.2297,736834.2207,16387376.3834,0
584,17115246.3452,24.278,727869.9618,16387376.3834,0
585,17111915.0558,24.3269,724538.6724,16387376.3834,0
586,17111610.4538,24.3747,724234.0704,16387376.3834,0
587,17111610.4538,24.422,724234.0704,16387376.3834,0
588,17111610.4538,24.4691,724234.0704,16387376.3834,0
589,17111610.4538,24.5176,724234.0704,16387376.3834,0
590,17536857.7653,24.5652,952942.7866,16583914.9787,0
591,17524666.0226,24.5861,900139.0086,16624527.014,0
592,17524666.0226,24.606,900139.0086,16624527.014,0
593,18064293.3026,24.6258,900139.0086,16624527.014,539627.28
594,18837547.0485,24.6463,933643.1244,16624527.014,1279376.91
595,20524837.3028,24.6684,2620933.3788,16624527.014,1279376.91
596,18851704.203,24.7164,988412.3143,16583914.9787,1279376.91
597,18076485.0453,24.7646,952942.7866,16583914.9787,539627.28
598,17536857.7653,24.8121,952942.7866,16583914.9787,0
599,17527356.6747,24.8595,943441.696,16583914.9787,0
600,17577092.2012,24.9069,1192367.1871,16384725.0142,0
601,17577092.2012,24.9545,1192367.1871,16384725.0142,0
602,17577092.2012,25.0023,1192367.1871,16384725.0142,0
603,17577092.2012,25.0498,1192367.1871,16384725.0142,0
604,17510136.3717,25.0705,885609.3576,16624527.014,0
605,19191894.3061,25.091,2567367.292,16624527.014,0
606,21593774.5455,25.1111,4969247.5315,16624527.014,0
607,23281064.7999,25.1312,6656537.7858,16624527.014,0
608,23913454.4257,25.1514,6690041.9017,16624527.014,598885.51
609,22757107.851,25.1998,5773497.3269,16384725.0142,598885.51
610,30583770.1436,25.2476,16539895.7158,12467822.4249,1576052.0029
611,28554163.4414,25.2962,14510289.0137,12467822.4249,1576052.0029
612,19876447.8084,25.3452,5832573.3807,12467822.4249,1576052.0029
613,18087783.0869,25.3945,5619960.6621,12467822.4249,0
614,18087783.0869,25.4437,5619960.6621,12467822.4249,0
615,18087783.0869,25.4927,5619960.6621,12467822.4249,0
616,18078506.0084,25.5404,5610683.5835,12467822.4249,0
617,18021554.2295,25.5881,5553731.8047,12467822.4249,0
618,17986302.7518,25.6356,5518480.327,12467822.4249,0
619,17986302.7518,25.6828,5518480.327,12467822.4249,0
620,18677588.7724,25.7304,6673830.8729,12003757.8995,0
621,18677588.7724,25.7785,6673830.8729,12003757.8995,0
622,18677588.7724,25.8264,6673830.8729,12003757.8995,0
623,17494144.8123,25.8477,869617.7983,16624527.014,0
624,18033772.0923,25.8677,869617.7983,16624527.014,539627.28
625,18807025.8382,25.8879,903121.9141,16624527.014,1279376.91
626,20174484.9059,25.9092,2270580.9818,16624527.014,1279376.91
627,21840251.2809,25.9303,3936347.3569,16624527.014,1279376.91
628,30708575.6017,25.9815,17425440.7921,12003757.8995,1279376.91
629,20214091.0577,26.0313,6930956.2482,12003757.8995,1279376.91
630,21156893.3643,26.0808,7458243.1336,10283276.8653,3415373.3654
631,17741519.9989,26.1301,7458243.1336,10283276.8653,0
632,17741519.9989,26.1793,7458243.1336,10283276.8653,0
633,17741519.9989,26.2284,7458243.1336,10283276.8653,0
634,17741519.9989,26.2777,7458243.1336,10283276.8653,0
635,17689445.4843,26.3263,7406168.619,10283276.8653,0
636,17641803.0038,26.3741,7358526.1385,10283276.8653,0
637,17641803.0038,26.4215,7358526.1385,10283276.8653,0
638,17641803.0038,26.4693,7358526.1385,10283276.8653,0
639,17641803.0038,26.5174,7358526.1385,10283276.8653,0
640,19045436.8264,26.5664,8951581.4139,10093855.4125,0
641,17482517.9892,26.5873,857990.9752,16624527.014,0
642,18022145.2692,26.6073,857990.9752,16624527.014,539627.28
643,18795399.0151,26.627,891495.091,16624527.014,1279376.91
644,20141334.2035,26.6481,2237430.2794,16624527.014,1279376.91
645,21508793.2711,26.6692,3604889.3471,16624527.014,1279376.91
646,34716763.763,26.7188,23343531.4406,10093855.4125,1279376.91
647,20674368.4864,26.7668,9301136.1639,10093855.4125,1279376.91
648,19585064.1064,26.8145,8951581.4139,10093855.4125,539627.28
649,19045436.8264,26.8619,8951581.4139,10093855.4125,0
650,19264686.8703,26.9099,10086969.904,9177716.9663,0
651,19264686.8703,26.9588,10086969.904,9177716.9663,0
652,19264686.8703,27.0089,10086969.904,9177716.9663,0
653,19264686.8703,27.0587,10086969.904,9177716.9663,0
654,17482517.9892,27.08,857990.9752,16624527.014,0
655,17482517.9892,27.1004,857990.9752,16624527.014,0
656,19256995.5443,27.1207,2632468.5303,16624527.014,0
657,20624454.612,27.1411,3999927.598,16624527.014,0
658,21920469.9891,27.1618,5295942.9751,16624527.014,0
659,50577821.0901,27.2119,41400104.1238,9177716.9663,0
660,73933631.5147,27.261,70791364.6682,3142266.8465,0
661,73747968.3754,27.3097,70549749.702,3198218.6735,0
662,52298450.0978,27.359,49100231.4243,3198218.6735,0
663,26090771.9967,27.4085,22892553.3232,3198218.6735,0
664,25867735.4932,27.4579,22669516.8197,3198218.6735,0
665,25677552.8364,27.5075,22479334.1629,3198218.6735,0
666,25661873.6864,27.5555,22151917.0996,3125635.7368,384320.85
667,25661873.6864,27.6032,22151917.0996,3125635.7368,384320.85
668,25661873.6864,27.6517,22151917.0996,3125635.7368,384320.85
669,25661873.6864,27.7009,22151917.0996,3125635.7368,384320.85
670,26034694.1314,27.7489,23361082.031,2098040.2713,575571.829
671,18002793.1835,27.7698,1081934.1335,16536538.2,384320.85
672,18002793.1835,27.7899,1081934.1335,16536538.2,384320.85
673,18544033.4135,27.8099,1081934.1335,16536538.2,925561.08
674,19305287.1593,27.8296,1115438.2493,16536538.2,1653310.71
675,20352915.0403,27.85,2163066.1303,16536538.2,1653310.71
676,49465616.3898,27.8992,45981424.7199,2098040.2713,1386151.3985
677,48655036.8203,27.9469,45981424.7199,2098040.2713,575571.829
678,26034694.1314,27.9943,23361082.031,2098040.2713,575571.829
679,20854032.5295,28.0418,18180420.4292,2098040.2713,575571.829
680,21038203.1713,28.0894,19305246.9449,1732956.2264,0
681,20794852.3378,28.1367,19061896.1114,1732956.2264,0
682,20704418.5308,28.1856,18971462.3044,1732956.2264,0
683,20696149.5647,28.2342,18963193.3383,1732956.2264,0
684,20696149.5647,28.2823,18963193.3383,1732956.2264,0
685,20696149.5647,28.3299,18963193.3383,1732956.2264,0
686,20696149.5647,28.3776,18963193.3383,1732956.2264,0
687,20696149.5647,28.425,18963193.3383,1732956.2264,0
688,17406155.9983,28.4457,869617.7983,16536538.2,0
689,17406155.9983,28.4658,869617.7983,16536538.2,0
690,18002966.7345,28.4857,1086733.7269,16364605.7276,551627.28
691,18772585.3933,28.5059,1128602.7557,16364605.7276,1279376.91
692,20372190.4804,28.5257,2728207.8428,16364605.7276,1279376.91
693,24957835.6979,28.5736,19693795.9408,1732956.2264,3531083.5307
694,22218642.2627,28.6215,18963193.3383,1732956.2264,1522492.698
695,20696149.5647,28.6691,18963193.3383,1732956.2264,0
696,20563745.851,28.7165,18830789.6246,1732956.2264,0
697,20442610.9465,28.7638,18709654.7201,1732956.2264,0
698,20442610.9465,28.8116,18709654.7201,1732956.2264,0
699,20442610.9465,28.8595,18709654.7201,1732956.2264,0
700,21019208.8925,28.9074,19525091.0928,1494117.7997,0
701,20769827.5033,28.956,19275709.7036,1494117.7997,0
702,20769827.5033,29.0038,19275709.7036,1494117.7997,0
703,20769827.5033,29.0515,19275709.7036,1494117.7997,0
704,20769827.5033,29.0992,19275709.7036,1494117.7997,0
705,20769827.5033,29.1469,19275709.7036,1494117.7997,0
706,17796841.4961,29.1678,1052219.912,16744621.5841,0
707,18360468.7761,29.1879,1052219.912,16744621.5841,563627.28
708,19118087.435,29.208,1094088.9409,16744621.5841,1279376.91
709,19118087.435,29.2279,1094088.9409,16744621.5841,1279376.91
710,27061257.1596,29.2483,3062646.8234,15437056.868,8561553.4682
711,22816206.8588,29.2963,20042712.1491,1494117.7997,1279376.91
712,21333454.7833,29.3439,19275709.7036,1494117.7997,563627.28
713,20769827.5033,29.3923,19275709.7036,1494117.7997,0
714,20769827.5033,29.441,19275709.7036,1494117.7997,0
715,20769827.5033,29.4897,19275709.7036,1494117.7997,0
716,20687026.3051,29.5376,19158999.7991,1528026.506,0
717,20516429.1359,29.5857,18909618.4099,1528026.506,78784.22
718,18280193.6618,29.6337,11587792.5358,1528026.506,5164374.62
719,16078367.7878,29.6817,4265966.6618,1528026.506,10284374.62
720,21873241.1959,29.7296,11319392.5954,5514491.1027,5039357.4977
721,14786445.4284,29.7771,1236697.6801,8510390.2506,5039357.4977
722,9747087.9307,29.8248,1236697.6801,8510390.2506,0
723,8510390.2506,29.8724,0,8510390.2506,0
724,7750100.8848,29.9203,0,7750100.8848,0
725,6989811.519,29.968,0,6989811.519,0
726,6229522.1532,30.0159,0,6229522.1532,0
727,5469232.7875,30.064,0,5469232.7875,0
728,5431218.3192,30.1122,0,5431218.3192,0
729,5393203.8509,30.1603,0,5393203.8509,0
730,55687223.96,30.2082,46610.96,55640613,0
731,55687223.96,30.2562,46610.96,55640613,0
732,55687223.96,30.3046,46610.96,55640613,0
733,55687223.96,30.3563,46610.96,55640613,0
734,48999705.9677,30.3772,266744.9662,48732961.0016,0
735,48999705.9677,30.3974,266744.9662,48732961.0016,0
736,51081965.1663,30.4175,2349004.1647,48732961.0016,0
737,53326301.4717,30.4372,4593340.4702,48732961.0016,0
738,55572309.572,30.4577,4593340.4702,48732961.0016,2246008.1002
739,56386704.78,30.5068,410464.5,55640613,335627.28
740,55286631.5202,30.5546,46610.96,54904393.2802,335627.28
741,54951004.2402,30.6122,46610.96,54904393.2802,0
742,54940617.7689,30.6631,46610.96,54509685.9589,384320.85
743,54560296.9189,30.7122,50610.96,54509685.9589,0
744,54560296.9189,30.7616,50610.96,54509685.9589,0
745,42313677.9777,30.8111,434626.3,41879051.6777,0
746,42309677.9777,30.8612,430626.3,41879051.6777,0
747,42309677.9777,30.9095,430626.3,41879051.6777,0
748,42309677.9777,30.9581,430626.3,41879051.6777,0
749,42309677.9777,31.006,430626.3,41879051.6777,0
750,42446943.8655,31.0551,438289.8172,42008654.0483,0
751,39636096.1476,31.0766,2464386.0118,37171710.1357,0
752,40632121.1951,31.0975,3460411.0594,37171710.1357,0
753,42853566.3208,31.1183,5681856.1851,37171710.1357,0
754,45179878.0758,31.1396,5681856.1851,37171710.1357,2326311.7549
755,48640950.0608,31.1606,9142928.1701,37171710.1357,2326311.7549
756,43366796.6033,31.2105,1010515.275,42008654.0483,347627.28
757,42971713.701,31.2598,615432.3727,42008654.0483,347627.28
758,42624086.421,31.3077,615432.3727,42008654.0483,0
759,42446943.8655,31.3563,438289.8172,42008654.0483,0
760,42431356.5437,31.405,440516.9042,41606518.7895,384320.85
761,40444837.9554,31.4536,357912.1694,39702604.9359,384320.85
762,40064647.3421,31.5015,362042.4062,39702604.9359,0
763,40060517.1054,31.5498,357912.1694,39702604.9359,0
764,40060517.1054,31.5976,357912.1694,39702604.9359,0
765,40060517.1054,31.6453,357912.1694,39702604.9359,0
766,40060517.1054,31.6933,357912.1694,39702604.9359,0
767,40060517.1054,31.7413,357912.1694,39702604.9359,0
768,37120094.9773,31.7624,1983671.2366,35136423.7407,0
769,37120094.9773,31.7822,1983671.2366,35136423.7407,0
770,40184993.479,31.8025,1852346.0718,37973020.1271,359627.28
771,41121127.7424,31.8226,1897130.5952,37973020.1271,1250977.02
772,42478727.1132,31.8427,3254729.9661,37973020.1271,1250977.02
773,40682461.1001,31.8904,620228.8842,39702604.9359,359627.28
774,40322833.8201,31.938,620228.8842,39702604.9359,0
775,40060517.1054,31.9871,357912.1694,39702604.9359,0
776,40044837.9554,32.0351,353781.9327,39306735.1727,384320.85
777,39960891.7254,32.0832,353781.9327,39306735.1727,300374.62
778,39743431.5621,32.1311,357912.1694,39306735.1727,78784.22
779,39660826.8274,32.1795,275307.4347,39306735.1727,78784.22
780,39628869.6046,32.2279,266626.3,39362243.3046,0
781,39624869.6046,32.2773,262626.3,39362243.3046,0
782,39624869.6046,32.3264,262626.3,39362243.3046,0
783,39624869.6046,32.3743,262626.3,39362243.3046,0
784,39624869.6046,32.422,262626.3,39362243.3046,0
785,39624869.6046,32.47,262626.3,39362243.3046,0
786,38997851.9401,32.4906,1403456.1,37594395.8401,0
787,38997851.9401,32.5109,1403456.1,37594395.8401,0
788,39369479.2201,32.5305,1403456.1,37594395.8401,371627.28
789,40301613.4835,32.5507,1448240.6234,37594395.8401,1258977.02
790,43156059.0913,32.571,2174257.4354,37048899.2238,3932902.4322
791,40330542.0946,32.6191,596671.51,39362243.3046,371627.28
792,39958914.8146,32.667,596671.51,39362243.3046,0
793,39624869.6046,32.7145,262626.3,39362243.3046,0
794,39608761.6525,32.7625,258626.3,38965814.5025,384320.85
795,39228440.8025,32.8103,262626.3,38965814.5025,0
796,39148440.8025,32.8587,182626.3,38965814.5025,0
797,39144440.8025,32.9069,178626.3,38965814.5025,0
798,39144440.8025,32.9551,178626.3,38965814.5025,0
799,39144440.8025,33.0037,178626.3,38965814.5025,0
800,39316048.3203,33.0524,178626.3,39137422.0203,0
801,39316048.3203,33.1017,178626.3,39137422.0203,0
802,37317663.3534,33.1232,641894.5588,36675768.7946,0
803,37317663.3534,33.1439,641894.5588,36675768.7946,0
804,38516071.7744,33.1647,641894.5588,36675768.7946,1198408.421
805,39867858.1339,33.1854,1993680.9184,36675768.7946,1198408.421
806,41355731.7976,33.2063,3481554.582,36675768.7946,1198408.421
807,40113720.8103,33.2557,592671.51,39137422.0203,383627.28
808,39730093.5303,33.3052,592671.51,39137422.0203,0
809,39316048.3203,33.3541,178626.3,39137422.0203,0
810,39298969.6131,33.403,174626.3,38740022.4631,384320.85
811,38918648.7631,33.4519,178626.3,38740022.4631,0
812,38914648.7631,33.5003,174626.3,38740022.4631,0
813,38910648.7631,33.5485,170626.3,38740022.4631,0
814,38910648.7631,33.5968,170626.3,38740022.4631,0
815,38910648.7631,33.6465,170626.3,38740022.4631,0
816,38910648.7631,33.697,170626.3,38740022.4631,0
817,38910648.7631,33.7465,170626.3,38740022.4631,0
818,36915784.8817,33.7677,613146.5163,36302638.3654,0
819,36915784.8817,33.7889,613146.5163,36302638.3654,0
820,38949478.54,33.8095,283398.8814,38270452.3785,395627.28
821,39567636.1102,33.8295,901556.4517,38270452.3785,395627.28
822,40261981.2663,33.8518,1595901.6078,38270452.3785,395627.28
823,39724321.2531,33.9014,588671.51,38740022.4631,395627.28
824,39328693.9731,33.9503,588671.51,38740022.4631,0
825,38910648.7631,33.999,170626.3,38740022.4631,0
826,38892786.9504,34.0471,166626.3,38341839.8004,384320.85
827,38512466.1004,34.0954,170626.3,38341839.8004,0
828,38508466.1004,34.1438,166626.3,38341839.8004,0
829,38504466.1004,34.1921,162626.3,38341839.8004,0
830,38516782.7591,34.2439,162626.3,38354156.4591,0
831,38516782.7591,34.2926,162626.3,38354156.4591,0
832,38516782.7591,34.3408,162626.3,38354156.4591,0
833,38516782.7591,34.3898,162626.3,38354156.4591,0
834,38147207.5273,34.4114,270111.4161,37877096.1112,0
835,38147207.5273,34.4321,270111.4161,37877096.1112,0
836,38554834.8073,34.4529,270111.4161,37877096.1112,407627.28
837,39166348.6449,34.4739,881625.2536,37877096.1112,407627.28
838,39867337.5336,34.4951,1582614.1424,37877096.1112,407627.28
839,39346455.2491,34.5456,584671.51,38354156.4591,407627.28
840,38414255.7135,34.5957,868796.8775,37545458.836,0
841,37787114.5679,34.6434,241655.7318,37545458.836,0
842,37787114.5679,34.6916,241655.7318,37545458.836,0
843,37787114.5679,34.7408,241655.7318,37545458.836,0
844,37781170.7388,34.7882,235711.9028,37545458.836,0
845,37775226.9098,34.8356,229768.0737,37545458.836,0
846,37775226.9098,34.8836,229768.0737,37545458.836,0
847,37775226.9098,34.9319,229768.0737,37545458.836,0
848,37775226.9098,34.9804,229768.0737,37545458.836,0
849,37775226.9098,35.0288,229768.0737,37545458.836,0
850,38412058.4975,35.0502,154626.3,38257432.1975,0
851,38776233.3575,35.0705,518801.16,38257432.1975,0
852,39195860.6375,35.0904,518801.16,38257432.1975,419627.28
853,39195860.6375,35.1106,518801.16,38257432.1975,419627.28
854,39621905.8475,35.1306,944846.37,38257432.1975,419627.28
855,38843043.6174,35.1789,862853.0484,37545458.836,434731.733
856,38408311.8845,35.2265,862853.0484,37545458.836,0
857,37775226.9098,35.2743,229768.0737,37545458.836,0
858,37775226.9098,35.3224,229768.0737,37545458.836,0
859,37775226.9098,35.3704,229768.0737,37545458.836,0
860,38419936.2427,35.418,150626.3,37884989.0927,384320.85
861,38039615.3927,35.4651,154626.3,37884989.0927,0
862,38035615.3927,35.5121,150626.3,37884989.0927,0
863,38035615.3927,35.5594,150626.3,37884989.0927,0
864,38035615.3927,35.6068,150626.3,37884989.0927,0
865,38035615.3927,35.6542,150626.3,37884989.0927,0
866,38035615.3927,35.7018,150626.3,37884989.0927,0
867,38010752.4136,35.7226,150626.3,37860126.1136,0
868,38370927.2736,35.7428,510801.16,37860126.1136,0
869,38370927.2736,35.7629,510801.16,37860126.1136,0
870,38721031.9686,35.783,679988.3234,37609416.3652,431627.28
871,39288191.5422,35.8031,1247147.897,37609416.3652,431627.28
872,38821835.4627,35.851,936846.37,37884989.0927,0
873,38395790.2527,35.8988,510801.16,37884989.0927,0
874,38035615.3927,35.9459,150626.3,37884989.0927,0
875,38035615.3927,35.9942,150626.3,37884989.0927,0
876,38018369.2455,36.0445,146626.3,37487422.0955,384320.85
877,37638048.3955,36.0931,150626.3,37487422.0955,0
878,37634048.3955,36.1408,146626.3,37487422.0955,0
879,37634048.3955,36.19,146626.3,37487422.0955,0
880,37716512.4545,36.2382,146626.3,37569886.1545,0
881,37716512.4545,36.2859,146626.3,37569886.1545,0
882,37716512.4545,36.3336,146626.3,37569886.1545,0
883,37409932.9913,36.3545,195191.7492,37214741.2421,0
884,37853560.2713,36.3745,195191.7492,37214741.2421,443627.28
885,38327707.0917,36.3943,669338.5697,37214741.2421,443627.28
886,38327707.0917,36.4145,669338.5697,37214741.2421,443627.28
887,38894866.6653,36.4345,1236498.1432,37214741.2421,443627.28
888,38498732.5245,36.4831,928846.37,37569886.1545,0
889,38072687.3145,36.5313,502801.16,37569886.1545,0
890,37412373.1447,36.579,193639.7952,37218733.3495,0
891,37412373.1447,36.6269,193639.7952,37218733.3495,0
892,37396693.9947,36.6767,188357.2559,36824015.8887,384320.85
893,37017655.6839,36.725,193639.7952,36824015.8887,0
894,37012373.1447,36.7741,188357.2559,36824015.8887,0
895,37012373.1447,36.8223,188357.2559,36824015.8887,0
896,37012373.1447,36.8702,188357.2559,36824015.8887,0
897,37012373.1447,36.9191,188357.2559,36824015.8887,0
898,37012373.1447,36.9688,188357.2559,36824015.8887,0
899,37009932.9913,36.9903,189866.8723,36820066.119,0
900,37694065.1813,37.0111,568671.51,37125393.6713,0
901,38046240.0413,37.0316,920846.37,37125393.6713,0
902,38046240.0413,37.0521,920846.37,37125393.6713,0
903,38501867.3213,37.0728,920846.37,37125393.6713,455627.28
904,38040117.6553,37.1213,1216101.7666,36824015.8887,0
905,37477467.5224,37.1693,653451.6336,36824015.8887,0
906,37012373.1447,37.2167,188357.2559,36824015.8887,0
907,37012373.1447,37.2648,188357.2559,36824015.8887,0
908,36996693.9947,37.312,183074.7167,36429298.428,384320.85
909,36617655.6839,37.3595,188357.2559,36429298.428,0
910,36865565.0981,37.4072,138626.3,36726938.7981,0
911,36865565.0981,37.4547,138626.3,36726938.7981,0
912,36865565.0981,37.502,138626.3,36726938.7981,0
913,36865565.0981,37.5495,138626.3,36726938.7981,0
914,36866072.0353,37.5702,138626.3,36727445.7353,0
915,37333699.3153,37.5902,138626.3,36727445.7353,467627.28
916,37759744.5253,37.6107,564671.51,36727445.7353,467627.28
917,38107919.3853,37.631,912846.37,36727445.7353,467627.28
918,38107919.3853,37.6512,912846.37,36727445.7353,467627.28
919,37830429.4081,37.7,912846.37,36726938.7981,190644.24
920,38042687.1094,37.7485,2202693.7263,35839993.3831,0
921,37014642.148,37.7967,1174648.765,35839993.3831,0
922,36174497.9518,37.8451,334504.5687,35839993.3831,0
923,36174497.9518,37.8933,334504.5687,35839993.3831,0
924,36160834.5784,37.9416,324852.5887,35451661.1397,384320.85
925,35795633.2391,37.9894,343972.0994,35451661.1397,0
926,35786466.8791,38.0375,334320.1194,35451661.1397,485.62
927,35786466.8791,38.0864,334320.1194,35451661.1397,485.62
928,35786466.8791,38.1345,334320.1194,35451661.1397,485.62
929,35776999.3484,38.1824,324852.5887,35451661.1397,485.62
930,36319395.3944,38.231,134626.3,36184769.0944,0
931,36319395.3944,38.2796,134626.3,36184769.0944,0
932,36319395.3944,38.3301,134626.3,36184769.0944,0
933,36319395.3944,38.3795,134626.3,36184769.0944,0
934,36464124.0992,38.4011,134626.3,36329497.7992,0
935,36650768.3392,38.4216,134626.3,36329497.7992,186644.24
936,36994943.1992,38.4417,478801.16,36329497.7992,186644.24
937,37420988.4092,38.462,904846.37,36329497.7992,186644.24
938,37420988.4092,38.4821,904846.37,36329497.7992,186644.24
939,36850214.4944,38.5305,478801.16,36184769.0944,186644.24
940,36391345.5401,38.5789,347291.495,35857409.8051,186644.24
941,36204701.3001,38.6284,347291.495,35857409.8051,0
942,36191048.1274,38.6791,342094.2263,35464633.051,384320.85
943,35817022.4948,38.73,352389.4438,35464633.051,0
944,35644653.2615,38.7794,180020.2105,35464633.051,0
945,35639555.3127,38.8278,174922.2616,35464633.051,0
946,35634843.664,38.8755,169724.993,35464633.051,485.62
947,35634358.044,38.9243,169724.993,35464633.051,0
948,35634358.044,38.9732,169724.993,35464633.051,0
949,35634358.044,39.0224,169724.993,35464633.051,0
950,36075438.289,39.0715,130626.3,35944811.989,0
951,36075438.289,39.1201,130626.3,35944811.989,0
952,36062176.1632,39.1409,130626.3,35931549.8632,0
953,36194837.5632,39.1613,263287.7,35931549.8632,0
954,36377481.8032,39.1816,263287.7,35931549.8632,182644.24
955,36803527.0132,39.2018,689332.91,35931549.8632,182644.24
956,37408314.0132,39.2223,1294119.91,35931549.8632,182644.24
957,36816789.139,39.2714,689332.91,35944811.989,182644.24
958,36390743.929,39.3188,263287.7,35944811.989,182644.24
959,36208099.689,39.3661,263287.7,35944811.989,0
960,35984837.2325,39.4134,130626.3,35854210.9325,0
961,35968066.688,39.4607,126626.3,35457119.538,384320.85
962,35591669.398,39.5089,134549.86,35457119.538,0
963,35587745.838,39.5565,130626.3,35457119.538,0
964,35584231.458,39.6054,126626.3,35457119.538,485.62
965,35583745.838,39.6557,126626.3,35457119.538,0
966,35583745.838,39.7055,126626.3,35457119.538,0
967,35583745.838,39.7545,126626.3,35457119.538,0
968,35583745.838,39.8038,126626.3,35457119.538,0
969,35583745.838,39.8532,126626.3,35457119.538,0
970,35716633.9944,39.8746,126626.3,35590007.6944,0
971,35895278.2344,39.8949,126626.3,35590007.6944,178644.24
972,36231453.0944,39.9152,462801.16,35590007.6944,178644.24
973,36657498.3044,39.9353,888846.37,35590007.6944,178644.24
974,37258285.3044,39.9556,1489633.37,35590007.6944,178644.24
975,36524610.148,40.0045,888846.37,35457119.538,178644.24
976,36098564.938,40.0524,462801.16,35457119.538,178644.24
977,35762390.078,40.0998,126626.3,35457119.538,178644.24
978,35583745.838,40.1472,126626.3,35457119.538,0
979,35566975.2936,40.1946,122626.3,35060028.1436,384320.85
980,34944003.0373,40.2422,130549.86,34813453.1773,0
981,34940079.4773,40.2897,126626.3,34813453.1773,0
982,34936604.2166,40.3371,122626.3,34813453.1773,524.7393
983,34936079.4773,40.3846,122626.3,34813453.1773,0
984,34936079.4773,40.4318,122626.3,34813453.1773,0
985,34936079.4773,40.4792,122626.3,34813453.1773,0
986,34936079.4773,40.5268,122626.3,34813453.1773,0
987,34936079.4773,40.5746,122626.3,34813453.1773,0
988,35314054.3588,40.5954,122626.3,35191428.0588,0
989,35488698.5988,40.6157,122626.3,35191428.0588,174644.24
990,35650449.4728,40.6359,454801.16,35021004.0728,174644.24
991,36076494.6828,40.656,880846.37,35021004.0728,174644.24
992,36681281.6828,40.6763,1485633.37,35021004.0728,174644.24
993,35883012.3131,40.7249,880846.37,34813453.1773,188712.7657
994,35456967.1031,40.7727,454801.16,34813453.1773,188712.7657
995,35124792.2431,40.8202,122626.3,34813453.1773,188712.7657
996,34936079.4773,40.868,122626.3,34813453.1773,0
997,34936079.4773,40.9169,122626.3,34813453.1773,0
998,34932604.2166,40.9659,118626.3,34813453.1773,524.7393
999,34932079.4773,41.0145,118626.3,34813453.1773,0
1000,35297207.6189,41.0632,114626.3,34798260.4689,384320.85
1001,34916886.7689,41.1108,118626.3,34798260.4689,0
1002,34916886.7689,41.1584,118626.3,34798260.4689,0
1003,34916886.7689,41.206,118626.3,34798260.4689,0
1004,34916886.7689,41.2537,118626.3,34798260.4689,0
1005,34916886.7689,41.3015,118626.3,34798260.4689,0
1006,34742980.9667,41.3231,118626.3,34624354.6667,0
1007,35071155.8267,41.343,446801.16,34624354.6667,0
1008,35497201.0367,41.3633,872846.37,34624354.6667,0
1009,36024828.3167,41.384,872846.37,34624354.6667,527627.28
1010,37537983.4391,41.4045,2280500.5647,33559434.8501,1698048.0244
1011,36472818.9889,41.4536,515181.61,34798260.4689,1159376.91
1012,35856327.5889,41.5021,515181.61,34798260.4689,542885.51
1013,35528152.7289,41.5495,187006.75,34798260.4689,542885.51
1014,35459772.2789,41.5972,118626.3,34798260.4689,542885.51
1015,34916886.7689,41.6447,118626.3,34798260.4689,0
1016,34898565.9841,41.6919,114626.3,34399618.8341,384320.85
1017,34522168.6941,41.7394,122549.86,34399618.8341,0
1018,34518245.1341,41.7879,118626.3,34399618.8341,0
1019,34517054.1841,41.8364,116949.73,34399618.8341,485.62
1020,34514512.3157,41.8849,114626.3,34399400.3957,485.62
1021,34514512.3157,41.934,114626.3,34399400.3957,485.62
1022,34514512.3157,41.9832,114626.3,34399400.3957,485.62
1023,34514512.3157,42.0321,114626.3,34399400.3957,485.62
1024,34514512.3157,42.081,114626.3,34399400.3957,485.62
1025,33453424.5115,42.1024,277728.3183,33174984.9439,711.2494
1026,33980324.2217,42.1233,277728.3183,33174984.9439,527610.9595
1027,34765768.2141,42.1436,1063172.3107,33174984.9439,527610.9595
1028,35798034.1051,42.1641,2095438.2017,33174984.9439,527610.9595
1029,36968471.17,42.185,2095438.2017,33174984.9439,1698048.0244
1030,36367372.6004,42.2342,2053500.3611,32598580.4743,1715291.765
1031,34653626.5811,42.2831,2053500.3611,32598580.4743,1545.7458
1032,33642020.3318,42.332,1041894.1118,32598580.4743,1545.7458
1033,32872296.1182,42.3801,272169.8982,32598580.4743,1545.7458
1034,32872296.1182,42.4285,272169.8982,32598580.4743,1545.7458
1035,32872296.1182,42.4769,272169.8982,32598580.4743,1545.7458
1036,32872296.1182,42.5263,272169.8982,32598580.4743,1545.7458
1037,32872296.1182,42.5747,272169.8982,32598580.4743,1545.7458
1038,33453424.5115,42.5962,277728.3183,33174984.9439,711.2494
1039,34918764.2848,42.6169,1743068.0916,33174984.9439,711.2494
1040,36384766.228,42.6379,3591153.3342,32793127.2738,485.62
1041,36744517.748,42.6596,3591153.3342,32793127.2738,360237.14
1042,37543657.518,42.6808,3591153.3342,32793127.2738,1159376.91
1043,36561088.3559,42.7308,272169.8982,32598580.4743,3690337.9834
1044,36561088.3559,42.7804,272169.8982,32598580.4743,3690337.9834
1045,36561088.3559,42.8293,272169.8982,32598580.4743,3690337.9834
1046,34586042.1374,42.8773,272169.8982,32598580.4743,1715291.765
1047,32872296.1182,42.9249,272169.8982,32598580.4743,1545.7458
1048,32872296.1182,42.9731,272169.8982,32598580.4743,1545.7458
1049,32872296.1182,43.0214,272169.8982,32598580.4743,1545.7458
1050,34324726.9539,43.0692,110626.3,33832756.5339,381344.12
1051,33947868.4539,43.1173,114626.3,33832756.5339,485.62
1052,33947868.4539,43.1658,114626.3,33832756.5339,485.62
1053,33947868.4539,43.2139,114626.3,33832756.5339,485.62
1054,33947868.4539,43.2622,114626.3,33832756.5339,485.62
1055,33947868.4539,43.3111,114626.3,33832756.5339,485.62
1056,32985777.5009,43.3322,572189.3374,32413102.5435,485.62
1057,33345529.0209,43.3542,572189.3374,32413102.5435,360237.14
1058,34144668.7909,43.3746,572189.3374,32413102.5435,1159376.91
1059,34144668.7909,43.3945,572189.3374,32413102.5435,1159376.91
1060,37058660.4751,43.4148,735333.9595,32386680.2776,3936646.238
1061,35106759.7439,43.4632,114626.3,33832756.5339,1159376.91
1062,34486268.3439,43.511,114626.3,33832756.5339,538885.51
1063,33947868.4539,43.5589,114626.3,33832756.5339,485.62
1064,33947868.4539,43.6068,114626.3,33832756.5339,485.62
1065,33947868.4539,43.6548,114626.3,33832756.5339,485.62
1066,33928057.6083,43.7022,110626.3,33436087.1883,381344.12
1067,33551199.1083,43.7504,114626.3,33436087.1883,485.62
1068,33551199.1083,43.7987,114626.3,33436087.1883,485.62
1069,33551199.1083,43.8477,114626.3,33436087.1883,485.62
1070,33716266.7143,43.8979,114626.3,33601154.7943,485.62
1071,33716266.7143,43.9477,114626.3,33601154.7943,485.62
1072,32200702.6443,43.969,192088.3961,32006965.333,1648.9151
1073,32743948.2077,43.99,735333.9595,32006965.333,1648.9151
1074,33457906.0085,44.0107,1449291.7604,32006965.333,1648.9151
1075,34464692.5073,44.0316,2456078.2592,32006965.333,1648.9151
1076,34464692.5073,44.0521,2456078.2592,32006965.333,1648.9151
1077,34466486.7843,44.1006,864846.37,33601154.7943,485.62
1078,34040441.5743,44.1499,438801.16,33601154.7943,485.62
1079,33716266.7143,44.1993,114626.3,33601154.7943,485.62
1080,33716347.4398,44.2485,114626.3,33601721.1398,0
1081,33716347.4398,44.2972,114626.3,33601721.1398,0
1082,33698033.9442,44.346,110626.3,33203086.7942,384320.85
1083,33317713.0942,44.3976,114626.3,33203086.7942,0
1084,33317713.0942,44.4469,114626.3,33203086.7942,0
1085,33317713.0942,44.495,114626.3,33203086.7942,0
1086,33317713.0942,44.5429,114626.3,33203086.7942,0
1087,33317713.0942,44.5906,114626.3,33203086.7942,0
1088,31819338.7846,44.6116,192088.3961,31627250.3884,0
1089,32533296.5854,44.6342,906046.197,31627250.3884,0
1090,34434354.6817,44.6554,1505759.9963,32388967.4054,539627.28
1091,35062104.3117,44.6768,1505759.9963,32388967.4054,1167376.91
1092,35964925.2056,44.6975,2408580.8902,32388967.4054,1167376.91
1093,34610818.6742,44.7466,864846.37,33203086.7942,542885.51
1094,34184773.4642,44.7963,438801.16,33203086.7942,542885.51
1095,33860598.6042,44.8449,114626.3,33203086.7942,542885.51
1096,33317713.0942,44.8937,114626.3,33203086.7942,0
1097,33317713.0942,44.9431,114626.3,33203086.7942,0
1098,33299399.5986,44.9916,110626.3,32804452.4486,384320.85
1099,32919078.7486,45.0402,114626.3,32804452.4486,0
1100,32916842.8129,45.0894,114626.3,32802216.5129,0
1101,32916842.8129,45.1372,114626.3,32802216.5129,0
1102,32916842.8129,45.186,114626.3,32802216.5129,0
1103,32916842.8129,45.2345,114626.3,32802216.5129,0
1104,32916842.8129,45.2859,114626.3,32802216.5129,0
1105,32319339.4219,45.3071,319232.0917,32000107.3302,0
1106,32858966.7019,45.3276,319232.0917,32000107.3302,539627.28
1107,33486716.3319,45.3475,319232.0917,32000107.3302,1167376.91
1108,34389537.2259,45.368,1222052.9856,32000107.3302,1167376.91
1109,35576065.1304,45.3888,2408580.8902,32000107.3302,1167376.91
1110,34962992.9781,45.4383,2147183.2134,30996483.7962,1819325.9685
1111,33905236.1848,45.4877,1089426.42,30996483.7962,1819325.9685
1112,32085910.2162,45.5374,1089426.42,30996483.7962,0
1113,31281070.3721,45.5864,284586.576,30996483.7962,0
1114,31281070.3721,45.6372,284586.576,30996483.7962,0
1115,31281070.3721,45.6887,284586.576,30996483.7962,0
1116,31281070.3721,45.7366,284586.576,30996483.7962,0
1117,31281070.3721,45.7843,284586.576,30996483.7962,0
1118,32319339.4219,45.805,319232.0917,32000107.3302,0
1119,32319339.4219,45.8253,319232.0917,32000107.3302,0
1120,33307114.4861,45.8457,715413.3,32591701.1861,0
1121,33846741.7661,45.8663,715413.3,32591701.1861,539627.28
1122,34272786.9761,45.8868,1141458.51,32591701.1861,539627.28
1123,34147234.1053,45.9363,1342343.3693,30996483.7962,1808406.9399
1124,33541561.2423,45.9855,1540962.0639,30996483.7962,1004115.3822
1125,33541561.2423,46.0347,1540962.0639,30996483.7962,1004115.3822
1126,32537445.8601,46.0825,1540962.0639,30996483.7962,0
1127,31479689.0668,46.1303,483205.2706,30996483.7962,0
1128,31479689.0668,46.179,483205.2706,30996483.7962,0
1129,31479689.0668,46.2277,483205.2706,30996483.7962,0
1130,32694637.2038,46.2758,292606.5524,32017709.8015,384320.85
1131,32322478.8182,46.3232,304769.0167,32017709.8015,0
1132,32316456.2527,46.3706,298746.4513,32017709.8015,0
1133,32316456.2527,46.4179,298746.4513,32017709.8015,0
1134,32316456.2527,46.4655,298746.4513,32017709.8015,0
1135,32313882.7602,46.5127,296172.9587,32017709.8015,0
1136,32313882.7602,46.5598,296172.9587,32017709.8015,0
1137,32313882.7602,46.6078,296172.9587,32017709.8015,0
1138,32313882.7602,46.6556,296172.9587,32017709.8015,0
1139,32313882.7602,46.704,296172.9587,32017709.8015,0
1140,32516071.0725,46.7257,192949.73,32323121.3425,0
1141,32827698.3525,46.746,192949.73,32323121.3425,311627.28
1142,33227873.2125,46.7669,593124.59,32323121.3425,311627.28
1143,33653918.4225,46.7873,1019169.8,32323121.3425,311627.28
1144,33653918.4225,46.8071,1019169.8,32323121.3425,311627.28
1145,33239768.3357,46.8553,910431.2543,32017709.8015,311627.28
1146,32669772.9704,46.9038,340435.8889,32017709.8015,311627.28
1147,32358145.6904,46.9516,340435.8889,32017709.8015,0
1148,32342466.5404,46.9994,334295.99,31623849.7004,384320.85
1149,31970308.1547,47.0471,346458.4544,31623849.7004,0
1150,31982327.4049,47.095,213538.7534,31768788.6515,0
1151,31978075.4892,47.1433,209286.8377,31768788.6515,0
1152,31975557.6156,47.1926,206768.9641,31768788.6515,0
1153,31973551.2428,47.2411,204762.5913,31768788.6515,0
1154,31973551.2428,47.2905,204762.5913,31768788.6515,0
1155,31973551.2428,47.3389,204762.5913,31768788.6515,0
1156,31973551.2428,47.3866,204762.5913,31768788.6515,0
1157,31973551.2428,47.4342,204762.5913,31768788.6515,0
1158,32114454.0062,47.455,188949.73,31925504.2762,0
1159,32143115.4062,47.4753,217611.13,31925504.2762,0
1160,32440640.2002,47.4953,217611.13,31899401.7902,323627.28
1161,32866685.4102,47.5157,643656.34,31899401.7902,323627.28
1162,33471472.4102,47.5358,1248443.34,31899401.7902,323627.28
1163,32789938.7068,47.5853,697522.7753,31768788.6515,323627.28
1164,32328238.5435,47.6333,235822.612,31768788.6515,323627.28
1165,32004611.2635,47.6805,235822.612,31768788.6515,0
1166,31973551.2428,47.7277,204762.5913,31768788.6515,0
1167,31957872.0928,47.7751,200427.8385,31373123.4043,384320.85
1168,31582137.9112,47.8226,209014.5069,31373123.4043,0
1169,31577885.9955,47.8701,204762.5913,31373123.4043,0
1170,31697797.7124,47.918,186626.3,31511171.4124,0
1171,31696121.1424,47.9665,184949.73,31511171.4124,0
1172,31696121.1424,48.0159,184949.73,31511171.4124,0
1173,31696121.1424,48.0648,184949.73,31511171.4124,0
1174,31696121.1424,48.1185,184949.73,31511171.4124,0
1175,31696121.1424,48.1671,184949.73,31511171.4124,0
1176,31687059.548,48.189,184949.73,31502109.818,0
1177,31759234.408,48.2099,257124.59,31502109.818,0
1178,32094861.688,48.2306,257124.59,31502109.818,335627.28
1179,32520906.898,48.2508,683169.8,31502109.818,335627.28
1180,33363143.098,48.2721,1435141.3295,30723227.4421,1204774.3265
1181,32529968.4924,48.3216,683169.8,31511171.4124,335627.28
1182,32103923.2824,48.3707,257124.59,31511171.4124,335627.28
1183,31768296.0024,48.4187,257124.59,31511171.4124,0
1184,31696121.1424,48.4659,184949.73,31511171.4124,0
1185,31679035.7391,48.5141,180949.73,31113765.1591,384320.85
1186,31302638.4491,48.5616,188873.29,31113765.1591,0
1187,31298714.8891,48.6104,184949.73,31113765.1591,0
1188,31296391.4591,48.6602,182626.3,31113765.1591,0
1189,31294714.8891,48.7104,180949.73,31113765.1591,0
1190,31316707.0989,48.7587,180949.73,31135757.3689,0
1191,31316707.0989,48.8084,180949.73,31135757.3689,0
1192,31316707.0989,48.8575,180949.73,31135757.3689,0
1193,31316707.0989,48.9071,180949.73,31135757.3689,0
1194,30715881.2496,48.9297,380122.8276,30335758.422,0
1195,30859096.8297,48.9506,523338.4077,30335758.422,0
1196,31217860.4976,48.971,523338.4077,30335758.422,358763.668
1197,32063871.1561,48.9913,523338.4077,30335758.422,1204774.3265
1198,32958868.4015,49.0118,1418335.6531,30335758.422,1204774.3265
1199,32158554.4489,49.0607,675169.8,31135757.3689,347627.28
1200,31219624.3229,49.109,523037.8121,30320808.6567,375777.854
1201,30843846.4689,49.1577,523037.8121,30320808.6567,0
1202,30700713.149,49.2057,379904.4923,30320808.6567,0
1203,30700713.149,49.2545,379904.4923,30320808.6567,0
1204,30695835.1009,49.3025,375026.4442,30320808.6567,0
1205,30692315.1372,49.35,371506.4805,30320808.6567,0
1206,30692315.1372,49.398,371506.4805,30320808.6567,0
1207,30692315.1372,49.4467,371506.4805,30320808.6567,0
1208,30692315.1372,49.4961,371506.4805,30320808.6567,0
1209,30692315.1372,49.5455,371506.4805,30320808.6567,0
1210,31151939.7152,49.5703,214201.0844,30937738.6308,0
1211,31667675.7154,49.5911,729937.0846,30937738.6308,0
1212,32027302.9954,49.6114,729937.0846,30937738.6308,359627.28
1213,32104987.9097,49.6325,807621.9989,30937738.6308,359627.28
1214,32832252.24,49.6527,1534886.3292,30937738.6308,359627.28
1215,32110283.2256,49.7013,1400724.9646,30320808.6567,388749.6043
1216,31215800.0495,49.7495,506241.7885,30320808.6567,388749.6043
1217,30827050.4452,49.7973,506241.7885,30320808.6567,0
1218,30692315.1372,49.8451,371506.4805,30320808.6567,0
1219,30692315.1372,49.8928,371506.4805,30320808.6567,0
1220,31136273.8596,49.9413,209342.1275,30542610.8821,384320.85
1221,30761543.8596,49.9891,218932.9775,30542610.8821,0
1222,30758731.5292,50.0367,216120.6471,30542610.8821,0
1223,30756702.1723,50.0845,214091.2902,30542610.8821,0
1224,30756702.1723,50.132,214091.2902,30542610.8821,0
1225,30756702.1723,50.1795,214091.2902,30542610.8821,0
1226,30756702.1723,50.2271,214091.2902,30542610.8821,0
1227,30756702.1723,50.2765,214091.2902,30542610.8821,0
1228,30756689.2608,50.2977,214108.5523,30542580.7085,0
1229,30829532.0974,50.3189,286951.3889,30542580.7085,0
1230,31237746.4537,50.3394,237048.15,30629071.0237,371627.28
1231,31663791.6637,50.3595,663093.36,30629071.0237,371627.28
1232,32268578.6637,50.38,1267880.36,30629071.0237,371627.28
1233,31716860.8359,50.4289,802622.6738,30542610.8821,371627.28
1234,31201166.416,50.4773,286928.2539,30542610.8821,371627.28
1235,30829539.136,50.5266,286928.2539,30542610.8821,0
1236,30756702.1723,50.5746,214091.2902,30542610.8821,0
1237,30741023.0223,50.6222,209249.6029,30147452.5694,384320.85
1238,30366385.5468,50.6694,218932.9775,30147452.5694,0
1239,30356794.6969,50.7167,209342.1275,30147452.5694,0
1240,30477015.5257,50.7642,170626.3,30306389.2257,0
1241,30475338.9557,50.8118,168949.73,30306389.2257,0
1242,30475338.9557,50.8594,168949.73,30306389.2257,0
1243,30475338.9557,50.9073,168949.73,30306389.2257,0
1244,30475338.9557,50.9551,168949.73,30306389.2257,0
1245,30475338.9557,51.0032,168949.73,30306389.2257,0
1246,30401743.8253,51.0248,168949.73,30232794.0953,0
1247,30457918.6853,51.0449,225124.59,30232794.0953,0
1248,30841545.9653,51.0648,225124.59,30232794.0953,383627.28
1249,31267591.1753,51.0852,651169.8,30232794.0953,383627.28
1250,32295265.633,51.1054,1356107.3703,29506884.1032,1432274.1596
1251,31341186.3057,51.1547,651169.8,30306389.2257,383627.28
1252,30915141.0957,51.2036,225124.59,30306389.2257,383627.28
1253,30531513.8157,51.2525,225124.59,30306389.2257,0
1254,30475338.9557,51.3012,168949.73,30306389.2257,0
1255,30458418.2278,51.3491,164949.73,29909147.6478,384320.85
1256,30078097.3778,51.3967,168949.73,29909147.6478,0
1257,30075773.9478,51.4443,166626.3,29909147.6478,0
1258,30074097.3778,51.4929,164949.73,29909147.6478,0
1259,30074097.3778,51.5424,164949.73,29909147.6478,0
1260,30116600.5937,51.5904,164949.73,29951650.8637,0
1261,30116600.5937,51.6384,164949.73,29951650.8637,0
1262,30116600.5937,51.6895,164949.73,29951650.8637,0
1263,29463641.5854,51.7107,343519.5314,29120122.0539,0
1264,29949043.2796,51.7312,343519.5314,29120122.0539,485401.6943
1265,30057701.1323,51.7517,452177.3841,29120122.0539,485401.6943
1266,30944970.5501,51.7724,1339446.8019,29120122.0539,485401.6943
1267,31891843.0154,51.7931,1339446.8019,29120122.0539,1432274.1596
1268,30990447.9437,51.8416,643169.8,29951650.8637,395627.28
1269,30564402.7337,51.8896,217124.59,29951650.8637,395627.28
1270,29730180.51,51.9374,217124.59,29513055.92,0
1271,29678005.65,51.9857,164949.73,29513055.92,0
1272,29678005.65,52.034,164949.73,29513055.92,0
1273,29675682.22,52.0829,162626.3,29513055.92,0
1274,29674005.65,52.1307,160949.73,29513055.92,0
1275,29674005.65,52.1791,160949.73,29513055.92,0
1276,29674005.65,52.2276,160949.73,29513055.92,0
1277,29674005.65,52.2786,160949.73,29513055.92,0
1278,29674005.65,52.3272,160949.73,29513055.92,0
1279,29455311.3012,52.348,335189.2473,29120122.0539,0
1280,30442093.8254,52.3682,667975.9384,29774117.8869,0
1281,30849721.1054,52.3891,667975.9384,29774117.8869,407627.28
1282,30904542.1015,52.4093,722796.9345,29774117.8869,407627.28
1283,31588212.8331,52.4299,1406467.6662,29774117.8869,407627.28
1284,30675860.6731,52.4778,635169.8,29513055.92,527634.9531
1285,30249815.4631,52.5264,209124.59,29513055.92,527634.9531
1286,29722180.51,52.5751,209124.59,29513055.92,0
1287,29674005.65,52.6266,160949.73,29513055.92,0
1288,29674005.65,52.6766,160949.73,29513055.92,0
1289,29671682.22,52.724,158626.3,29513055.92,0
1290,30096914.461,52.7716,154626.3,29557967.311,384320.85
1291,29716593.611,52.8198,158626.3,29557967.311,0
1292,29714917.041,52.8679,156949.73,29557967.311,0
1293,29714917.041,52.9154,156949.73,29557967.311,0
1294,29714917.041,52.9627,156949.73,29557967.311,0
1295,29714917.041,53.0111,156949.73,29557967.311,0
1296,29714917.041,53.0635,156949.73,29557967.311,0
1297,29557272.0159,53.0852,178602.2946,29378669.7213,0
1298,29607541.1776,53.1151,228871.4563,29378669.7213,0
1299,30027168.4576,53.1401,228871.4563,29378669.7213,419627.28
1300,30288634.1268,53.161,627169.8,29075038.5559,586425.7709
1301,30893421.1268,53.1819,1231956.8,29075038.5559,586425.7709
1302,30604764.391,53.2314,627169.8,29557967.311,419627.28
1303,30178719.181,53.2808,201124.59,29557967.311,419627.28
1304,29759091.901,53.3295,201124.59,29557967.311,0
1305,29714917.041,53.3768,156949.73,29557967.311,0
1306,29697376.311,53.4239,152949.73,29160105.731,384320.85
1307,29317055.461,53.4711,156949.73,29160105.731,0
1308,29314732.031,53.5182,154626.3,29160105.731,0
1309,29313055.461,53.5655,152949.73,29160105.731,0
1310,29316815.2791,53.6131,152949.73,29163865.5491,0
1311,29316815.2791,53.661,152949.73,29163865.5491,0
1312,29316815.2791,53.7087,152949.73,29163865.5491,0
1313,29316815.2791,53.757,152949.73,29163865.5491,0
1314,28836627.1122,53.7783,152949.73,28683677.3822,0
1315,29262672.3222,53.7986,578994.94,28683677.3822,0
1316,29302847.1822,53.8186,619169.8,28683677.3822,0
1317,29903634.1822,53.839,1219956.8,28683677.3822,0
1318,30506829.8573,53.8587,1219956.8,28683677.3822,603195.6751
1319,30214662.6291,53.9067,619169.8,29163865.5491,431627.28
1320,29309615.2486,53.9541,395757.8982,28297262.318,616595.0324
1321,28693020.2162,54.0021,395757.8982,28297262.318,0
1322,28610692.4393,54.0507,313430.1213,28297262.318,0
1323,28610692.4393,54.0992,313430.1213,28297262.318,0
1324,28605931.1825,54.1483,308668.8645,28297262.318,0
1325,28602495.4946,54.1971,305233.1766,28297262.318,0
1326,28602495.4946,54.2452,305233.1766,28297262.318,0
1327,28602495.4946,54.2941,305233.1766,28297262.318,0
1328,28602495.4946,54.3422,305233.1766,28297262.318,0
1329,28602495.4946,54.3908,305233.1766,28297262.318,0
1330,29314333.5757,54.412,148949.73,29165383.8457,0
1331,29740378.7857,54.4324,574994.94,29165383.8457,0
1332,30184006.0657,54.4526,574994.94,29165383.8457,443627.28
1333,30220180.9257,54.4727,611169.8,29165383.8457,443627.28
1334,30220180.9257,54.4936,611169.8,29165383.8457,443627.28
1335,29929320.7262,54.5431,1252431.2698,28297262.318,379627.1385
1336,29056253.4651,54.5917,379364.0087,28297262.318,379627.1385
1337,28740175.6285,54.6394,379364.0087,28297262.318,63549.3019
1338,28666044.7964,54.6888,305233.1766,28297262.318,63549.3019
1339,28666044.7964,54.7377,305233.1766,28297262.318,63549.3019
1340,29124511.3018,54.7854,154341.0221,28544826.1597,425344.12
1341,28747911.9618,54.8331,158600.1821,28544826.1597,44485.62
1342,28745437.9968,54.8805,156126.217,28544826.1597,44485.62
1343,28745437.9968,54.9278,156126.217,28544826.1597,44485.62
1344,28745437.9968,54.9753,156126.217,28544826.1597,44485.62
1345,28745437.9968,55.0231,156126.217,28544826.1597,44485.62
1346,28700952.3768,55.071,156126.217,28544826.1597,0
1347,28699167.1818,55.1189,154341.0221,28544826.1597,0
1348,28699167.1818,55.1668,154341.0221,28544826.1597,0
1349,28699167.1818,55.2159,154341.0221,28544826.1597,0
1350,28906273.1139,55.2654,144949.73,28761323.3839,0
1351,28888745.1207,55.3137,140949.73,28363474.5407,384320.85
1352,28508424.2707,55.3616,144949.73,28363474.5407,0
1353,28506100.8407,55.4099,142626.3,28363474.5407,0
1354,28506100.8407,55.4585,142626.3,28363474.5407,0
1355,28506100.8407,55.5069,142626.3,28363474.5407,0
1356,28506100.8407,55.5551,142626.3,28363474.5407,0
1357,28506100.8407,55.6031,142626.3,28363474.5407,0
1358,28512142.9562,55.6239,142626.3,28369516.6562,0
1359,28544317.8162,55.644,174801.16,28369516.6562,0
1360,28943048.5107,55.6638,600846.37,28342202.1407,0
1361,28943048.5107,55.684,600846.37,28342202.1407,0
1362,29398675.7907,55.7041,600846.37,28342202.1407,455627.28
1363,28964320.9107,55.7528,600846.37,28363474.5407,0
1364,28538275.7007,55.8003,174801.16,28363474.5407,0
1365,28506100.8407,55.8473,142626.3,28363474.5407,0
1366,28504424.2707,55.8944,140949.73,28363474.5407,0
1367,28486896.2775,55.9413,136949.73,27965625.6975,384320.85
1368,28106575.4275,55.9883,140949.73,27965625.6975,0
1369,28104251.9975,56.0355,138626.3,27965625.6975,0
1370,28116772.9334,56.0829,138626.3,27978146.6334,0
1371,28116772.9334,56.1315,138626.3,27978146.6334,0
1372,28116772.9334,56.1801,138626.3,27978146.6334,0
1373,28116772.9334,56.2279,138626.3,27978146.6334,0
1374,28083277.9812,56.2489,138626.3,27944651.6812,0
1375,28083277.9812,56.2692,138626.3,27944651.6812,0
1376,28111452.8412,56.2895,166801.16,27944651.6812,0
1377,28537498.0512,56.3093,592846.37,27944651.6812,0
1378,29005125.3312,56.3293,592846.37,27944651.6812,467627.28
1379,28570993.0034,56.3771,592846.37,27978146.6334,0
1380,27879523.7752,56.4253,346111.3942,27533412.381,0
1381,27821061.1118,56.4726,287648.7308,27533412.381,0
1382,27817582.2392,56.5199,284169.8582,27533412.381,0
1383,27801903.0892,56.5676,275869.8825,27141712.3567,384320.85
1384,27425882.2149,56.615,284169.8582,27141712.3567,0
1385,27421061.1118,56.6621,279348.7551,27141712.3567,0
1386,27421061.1118,56.7112,279348.7551,27141712.3567,0
1387,27421061.1118,56.7599,279348.7551,27141712.3567,0
1388,27421061.1118,56.809,279348.7551,27141712.3567,0
1389,27421061.1118,56.8595,279348.7551,27141712.3567,0
1390,27716664.2596,56.8817,134626.3,27582037.9596,0
1391,27716664.2596,56.9023,134626.3,27582037.9596,0
1392,27740839.1196,56.9221,158801.16,27582037.9596,0
1393,28166884.3296,56.9422,584846.37,27582037.9596,0
1394,28646511.6096,56.9625,584846.37,27582037.9596,479627.28
1395,28355265.0233,57.0112,1213552.6666,27141712.3567,0
1396,27471223.7995,57.0594,329511.4428,27141712.3567,0
1397,27421061.1118,57.1076,279348.7551,27141712.3567,0
1398,27417582.2392,57.1555,275869.8825,27141712.3567,0
1399,27401903.0892,57.2028,267569.9068,26750012.3324,384320.85
1400,26799917.7415,57.2504,132949.73,26666968.0115,0
1401,26797594.3115,57.2975,130626.3,26666968.0115,0
1402,26797594.3115,57.3444,130626.3,26666968.0115,0
1403,26797594.3115,57.3913,130626.3,26666968.0115,0
1404,26797594.3115,57.4385,130626.3,26666968.0115,0
1405,26797594.3115,57.4859,130626.3,26666968.0115,0
1406,27314609.6049,57.5068,130626.3,27183983.3049,0
1407,27314609.6049,57.5267,130626.3,27183983.3049,0
1408,27334784.4649,57.5466,150801.16,27183983.3049,0
1409,27760829.6749,57.5662,576846.37,27183983.3049,0
1410,28439479.312,57.5865,1198637.5713,26749214.4608,491627.28
1411,27243814.3815,57.6341,576846.37,26666968.0115,0
1412,26817769.1715,57.6821,150801.16,26666968.0115,0
1413,26797594.3115,57.7291,130626.3,26666968.0115,0
1414,26795917.7415,57.776,128949.73,26666968.0115,0
1415,26795917.7415,57.8237,128949.73,26666968.0115,0
1416,26795917.7415,57.8712,128949.73,26666968.0115,0
1417,26793594.3115,57.9182,126626.3,26666968.0115,0
1418,26793594.3115,57.9652,126626.3,26666968.0115,0
1419,26793594.3115,58.0125,126626.3,26666968.0115,0
1420,27300558.0755,58.0598,126610.96,26789626.2655,384320.85
1421,26924160.7855,58.1069,134534.52,26789626.2655,0
1422,26920237.2255,58.154,130610.96,26789626.2655,0
1423,26920237.2255,58.2014,130610.96,26789626.2655,0
1424,26920237.2255,58.2491,130610.96,26789626.2655,0
1425,26918560.6555,58.2961,128934.39,26789626.2655,0
1426,26918560.6555,58.3434,128934.39,26789626.2655,0
1427,26918560.6555,58.3911,128934.39,26789626.2655,0
1428,26916237.2255,58.4381,126610.96,26789626.2655,0
1429,26916237.2255,58.4871,126610.96,26789626.2655,0
1430,26916832.1881,58.5357,126610.96,26790221.2281,0
1431,26903034.5933,58.5832,126610.96,26392102.7833,384320.85
1432,26526637.3033,58.6318,134534.52,26392102.7833,0
1433,26522713.7433,58.6795,130610.96,26392102.7833,0
1434,26522713.7433,58.7273,130610.96,26392102.7833,0
1435,26522713.7433,58.7763,130610.96,26392102.7833,0
1436,26521037.1733,58.8247,128934.39,26392102.7833,0
1437,26521037.1733,58.8733,128934.39,26392102.7833,0
1438,26521037.1733,58.9219,128934.39,26392102.7833,0
1439,26518713.7433,58.9693,126610.96,26392102.7833,0
1440,26516843.9699,59.0171,126610.96,26390233.0099,0
1441,26516843.9699,59.0643,126610.96,26390233.0099,0
1442,26503074.5801,59.1113,126610.96,25992142.7701,384320.85
1443,26126677.2901,59.1591,134534.52,25992142.7701,0
1444,26122753.7301,59.2075,130610.96,25992142.7701,0
1445,26122753.7301,59.255,130610.96,25992142.7701,0
1446,26122753.7301,59.3028,130610.96,25992142.7701,0
1447,26121077.1601,59.3499,128934.39,25992142.7701,0
1448,26121077.1601,59.3972,128934.39,25992142.7701,0
1449,26121077.1601,59.4446,128934.39,25992142.7701,0
1450,26114532.5094,59.4918,126610.96,25987921.5494,0
1451,26114532.5094,59.5388,126610.96,25987921.5494,0
1452,26114532.5094,59.5866,126610.96,25987921.5494,0
1453,26100827.771,59.634,126610.96,25589895.961,384320.85
1454,25724430.481,59.6809,134534.52,25589895.961,0
1455,25720506.921,59.7277,130610.96,25589895.961,0
1456,25720506.921,59.7751,130610.96,25589895.961,0
1457,25720506.921,59.8231,130610.96,25589895.961,0
1458,25720506.921,59.8709,130610.96,25589895.961,0
1459,25720506.921,59.9185,130610.96,25589895.961,0
1460,25586346.2328,59.9396,143713.6124,25442632.6204,0
1461,26040611.349,59.9603,597978.7286,25442632.6204,0
1462,26040611.349,59.9807,597978.7286,25442632.6204,0
1463,26580238.629,60.0009,597978.7286,25442632.6204,539627.28
1464,27207988.259,60.0208,597978.7286,25442632.6204,1167376.91
1465,26690354.271,60.0689,560831.03,25589895.961,539627.28
1466,26150726.991,60.1161,560831.03,25589895.961,0
1467,25724681.781,60.1629,134785.82,25589895.961,0
1468,25720681.781,60.2099,130785.82,25589895.961,0
1469,25706977.0425,60.257,130785.82,25191870.3725,384320.85
1470,24948255.2285,60.3048,138709.38,24809545.8485,0
1471,24944331.6685,60.3538,134785.82,24809545.8485,0
1472,24944331.6685,60.4027,134785.82,24809545.8485,0
1473,24944331.6685,60.4519,134785.82,24809545.8485,0
1474,24944331.6685,60.5015,134785.82,24809545.8485,0
1475,24944331.6685,60.551,134785.82,24809545.8485,0
1476,25190611.1804,60.5722,143713.6124,25046897.568,0
1477,25730238.4604,60.5931,143713.6124,25046897.568,539627.28
1478,26184503.5765,60.6139,597978.7286,25046897.568,539627.28
1479,26184317.1343,60.6344,597792.2864,25046897.568,539627.28
1480,27902908.6488,60.6551,1279987.2993,24217097.9574,2405823.3921
1481,29283647.3622,60.676,2660726.0127,24217097.9574,2405823.3921
1482,31002872.4747,60.6969,4379951.1252,24217097.9574,2405823.3921
1483,32616192.1264,60.7175,5993270.7769,24217097.9574,2405823.3921
1484,28241446.2315,60.7665,2625154.36,24809545.8485,806746.023
1485,27434700.2085,60.8156,2625154.36,24809545.8485,0
1486,26681650.4185,60.8645,1872104.57,24809545.8485,0
1487,25975163.8785,60.9138,1165618.03,24809545.8485,0
1488,25370376.8785,60.9633,560831.03,24809545.8485,0
1489,24944331.6685,61.0122,134785.82,24809545.8485,0
1490,25301304.4273,61.0599,134785.82,24782197.7573,384320.85
1491,24924907.1373,61.1073,142709.38,24782197.7573,0
1492,24920983.5773,61.1547,138785.82,24782197.7573,0
1493,24920983.5773,61.2023,138785.82,24782197.7573,0
1494,24920983.5773,61.2505,138785.82,24782197.7573,0
1495,24920983.5773,61.2987,138785.82,24782197.7573,0
1496,24920983.5773,61.3466,138785.82,24782197.7573,0
1497,24151323.8624,61.3678,316850.3201,23834473.5423,0
1498,24150924.6542,61.3879,316451.1118,23834473.5423,0
1499,25263031.5685,61.4079,316451.1118,23834473.5423,1112106.9143
1500,26590655.7156,61.4279,707302.575,23507853.4797,2375499.6609
1501,27343216.6805,61.448,1459863.5398,23507853.4797,2375499.6609
1502,28286505.8604,61.4682,2403152.7197,23507853.4797,2375499.6609
1503,26487268.2073,61.5166,1165443.17,24782197.7573,539627.28
1504,25947640.9273,61.5642,1165443.17,24782197.7573,0
1505,25346853.9273,61.6117,564656.17,24782197.7573,0
1506,24920808.7173,61.6592,138610.96,24782197.7573,0
1507,24907290.9532,61.7068,138610.96,24384359.1432,384320.85
1508,24530893.6632,61.7542,146534.52,24384359.1432,0
1509,24526970.1032,61.8023,142610.96,24384359.1432,0
1510,24516893.9301,61.8509,142610.96,24374282.9701,0
1511,24516893.9301,61.8998,142610.96,24374282.9701,0
1512,24516893.9301,61.9484,142610.96,24374282.9701,0
1513,24516893.9301,61.997,142610.96,24374282.9701,0
1514,24516893.9301,62.0459,142610.96,24374282.9701,0
1515,23309110.5174,62.0675,178638.0891,23130472.4283,0
1516,23309329.5514,62.0883,178857.1232,23130472.4283,0
1517,23843004.5383,62.1092,712532.11,23130472.4283,0
1518,24600576.0041,62.1299,1470103.5758,23130472.4283,0
1519,25543865.184,62.1508,2413392.7557,23130472.4283,0
1520,31318163.7247,62.2002,8597301.7075,22720862.0171,0
1521,26887815.7112,62.2491,4166953.6941,22720862.0171,0
1522,23766835.0192,62.2976,1045973.002,22720862.0171,0
1523,23765554.0878,62.3463,1044692.0707,22720862.0171,0
1524,23765554.0878,62.3949,1044692.0707,22720862.0171,0
1525,23765554.0878,62.4427,1044692.0707,22720862.0171,0
1526,23765554.0878,62.4907,1044692.0707,22720862.0171,0
1527,23765554.0878,62.5398,1044692.0707,22720862.0171,0
1528,23309110.5174,62.5613,178638.0891,23130472.4283,0
1529,23309110.5174,62.5818,178638.0891,23130472.4283,0
1530,25011179.3024,62.6027,142610.96,24328941.0624,539627.28
1531,25638928.9324,62.6227,142610.96,24328941.0624,1167376.91
1532,26239715.9324,62.6429,743397.96,24328941.0624,1167376.91
1533,28706227.508,62.6912,5445738.2108,22720862.0171,539627.28
1534,28166600.228,62.7401,5445738.2108,22720862.0171,0
1535,28166600.228,62.7883,5445738.2108,22720862.0171,0
1536,28166600.228,62.836,5445738.2108,22720862.0171,0
1537,23765554.0878,62.8832,1044692.0707,22720862.0171,0
1538,23765554.0878,62.9311,1044692.0707,22720862.0171,0
1539,23765554.0878,62.979,1044692.0707,22720862.0171,0
1540,24066010.7031,63.0272,626892.7648,23439117.9383,0
1541,24066010.7031,63.0748,626892.7648,23439117.9383,0
1542,24471552.0224,63.0957,142610.96,24328941.0624,0
1543,24471726.8824,63.1159,142785.82,24328941.0624,0
1544,24471726.8824,63.1356,142785.82,24328941.0624,0
1545,24897772.0924,63.1558,568831.03,24328941.0624,0
1546,25437399.3724,63.1754,568831.03,24328941.0624,539627.28
1547,24606406.637,63.2235,627661.4187,23439117.9383,539627.28
1548,24597923.7354,63.2717,627661.4187,23056701.2366,913561.08
1549,24258820.5152,63.3205,662491.9986,23056701.2366,539627.28
1550,23333328.7927,63.3687,411577.1346,22921751.6581,0
1551,23332851.2618,63.4161,411099.6038,22921751.6581,0
1552,23332851.2618,63.4634,411099.6038,22921751.6581,0
1553,23332851.2618,63.5113,411099.6038,22921751.6581,0
1554,23332851.2618,63.5591,411099.6038,22921751.6581,0
1555,23332851.2618,63.6068,411099.6038,22921751.6581,0
1556,24082541.1321,63.6276,150534.52,23932006.6121,0
1557,24625426.6421,63.6483,150534.52,23932006.6121,542885.51
1558,25051471.8521,63.6688,576579.73,23932006.6121,542885.51
1559,25656258.8521,63.6897,1181366.73,23932006.6121,542885.51
1560,32515152.1769,63.7104,8870367.258,22496041.1419,1148743.777
1561,27355610.4126,63.7586,3226232.7246,22921751.6581,1207626.03
1562,25703977.976,63.8061,1574600.288,22921751.6581,1207626.03
1563,24496351.946,63.8546,1574600.288,22921751.6581,0
1564,23332851.2618,63.9034,411099.6038,22921751.6581,0
1565,23322136.2845,63.9514,400384.6265,22921751.6581,0
1566,23322136.2845,63.9995,400384.6265,22921751.6581,0
1567,23322136.2845,64.0478,400384.6265,22921751.6581,0
1568,23322136.2845,64.0952,400384.6265,22921751.6581,0
1569,23322136.2845,64.1427,400384.6265,22921751.6581,0
1570,23841344.7727,64.1638,427146.8015,23414197.9712,0
1571,23841344.7727,64.1838,427146.8015,23414197.9712,0
1572,23841344.7727,64.2039,427146.8015,23414197.9712,0
1573,24380972.0527,64.2238,427146.8015,23414197.9712,539627.28
1574,25008721.6827,64.244,427146.8015,23414197.9712,1167376.91
1575,24529762.3145,64.2923,400384.6265,22921751.6581,1207626.03
1576,24529762.3145,64.3403,400384.6265,22921751.6581,1207626.03
1577,24529762.3145,64.3886,400384.6265,22921751.6581,1207626.03
1578,24529762.3145,64.4378,400384.6265,22921751.6581,1207626.03
1579,23322136.2845,64.4865,400384.6265,22921751.6581,0
1580,23945690.7317,64.5354,251695.5297,23309674.352,384320.85
1581,23861744.5017,64.5846,251695.5297,23309674.352,300374.62
1582,23861744.5017,64.6341,251695.5297,23309674.352,300374.62
1583,23861744.5017,64.6838,251695.5297,23309674.352,300374.62
1584,23861744.5017,64.7327,251695.5297,23309674.352,300374.62
1585,23861744.5017,64.7814,251695.5297,23309674.352,300374.62
1586,23753373.2773,64.8026,427146.8015,23025851.8558,300374.62
1587,23753373.2773,64.8232,427146.8015,23025851.8558,300374.62
1588,23753373.2773,64.8436,427146.8015,23025851.8558,300374.62
1589,24287971.7773,64.864,427146.8015,23025851.8558,834973.12
1590,26361985.7318,64.8845,1007116.8298,22484394.0946,2870474.8075
1591,24396343.0017,64.9331,251695.5297,23309674.352,834973.12
1592,23861744.5017,64.9815,251695.5297,23309674.352,300374.62
1593,23861744.5017,65.0307,251695.5297,23309674.352,300374.62
1594,23861744.5017,65.0799,251695.5297,23309674.352,300374.62
1595,23860553.8617,65.1294,251695.5297,23309674.352,299183.98
1596,21117894.4969,65.1785,251695.5297,15447014.9872,5419183.98
1597,16102335.9769,65.2274,251695.5297,15447014.9872,403625.46
1598,1055320.9897,65.276,251695.5297,0,803625.46
1599,520009.7313,65.3243,403974.5513,0,116035.18
1600,14654811.9757,65.3728,12065598.3154,0,2589213.6603
1601,13550756.5604,65.4211,12065598.3154,0,1485158.2451
1602,13420510.6106,65.4696,11935352.3656,0,1485158.2451
1603,13256163.6718,65.5178,11768438.6427,0,1487725.0291
1604,13242579.5049,65.5657,11754854.4758,0,1487725.0291
1605,13242579.5049,65.6137,11754854.4758,0,1487725.0291
1606,13240012.7209,65.6629,11754854.4758,0,1485158.2451
1607,13240012.7209,65.7121,11754854.4758,0,1485158.2451
1608,13240012.7209,65.7611,11754854.4758,0,1485158.2451
1609,11765690.62,65.8095,11754854.4758,0,10836.1442
1610,12703779.1877,65.8579,4277222.0677,0,8426557.12
1611,8426557.12,65.9064,0,0,8426557.12
1612,485.62,65.9549,0,0,485.62
1613,0,66.0045,0,0,0
