1,39169919013,0.19819,30178406985,0,8991512028
2,35350552471,0.34094,25678406985,0,9672145486
3,32040370815,0.48334,22541281185,0,9499089630
4,29040370815,0.62169,19541281185,0,9499089630
5,26660947898,0.72164,17298990140,0,9361957758
6,24182503068,0.82185,16097881040,0,8084622028
7,22469577864,0.9218,16211111840,22262175,6236203849
8,20863869505,1.023,14923782625,22262175,5917824705
9,19600056326,1.124,13772145275,22262175,5805648876
10,3398271777.4294,1.2239,1921667855.4497,626668.42,1475977253.5596
11,3186047609.1985,1.324,1800414242.2795,626668.42,1385006698.499
12,3015093801.6499,1.4242,1623633861.9791,626668.42,1390833271.2508
13,2850452030.35,1.5241,1518235093.8894,626668.42,1331590268.0406
14,2635509207.9082,1.6241,1401453814.6488,626668.42,1233428724.8394
15,2424929663.6552,1.7239,1255441449.7557,626668.42,1168861545.4795
16,2260429293.8847,1.8242,1255441449.7557,1031674.46,1003956169.669
17,2122549151.2867,1.9247,1096492933.3336,1031674.46,1025024543.4931
18,1990681004.4901,2.0261,1096492933.3336,1031674.46,893156396.6965
19,1885282236.4003,2.1265,991094165.2438,1031674.46,893156396.6965
20,2045333145.5842,2.2266,739114861.6271,1217769.64,1305000514.3171
21,1966879324.1908,2.3268,660661040.2337,1217769.64,1305000514.3171
22,1900523018.4038,2.4269,675966026.1082,1929677.02,1222627315.2755
23,1837912214.9649,2.5269,719051663.6905,2578766.36,1116281784.9144
24,1787557972.2189,2.6261,707715838.3817,2736804.12,1077105329.7172
25,1721325066.9896,2.7244,704754317.2346,2736804.12,1013833945.635
26,1675519735.3639,2.8228,720049335.8241,3152711.57,952317687.9697
27,1601630776.2056,2.9209,802697676.7306,3152711.57,795780387.905
28,1557536243.8315,3.019,758603144.3565,3152711.57,795780387.905
29,1525598207.5815,3.1174,726665108.1065,3152711.57,795780387.905
30,1453842428.725,3.2159,732423542.6175,3525047.26,717893838.8475
31,1311340162.2064,3.3141,737988092.9623,4086212.09,569265857.1541
32,1269602504.0851,3.4122,770658814.5606,4836212.09,494107477.4344
33,1236775777.5017,3.5105,763807787.7717,4836212.09,468131777.64
34,1208831120.431,3.6086,739414689.8089,4836212.09,464580218.5322
35,1137352688.9801,3.7068,739414689.8089,5467943.37,392470055.8012
36,1114747284.5464,3.8049,716809285.3752,5467943.37,392470055.8012
37,1092797178.5743,3.903,694545942.6531,5781180.12,392470055.8012
38,1082631620.556,4.0011,684009423.3847,6152141.37,392470055.8012
39,1079929862.632,4.0993,681257573.3008,6202233.53,392470055.8012
40,1180648840.2038,4.1975,901005097.9494,6202233.53,273441508.7244
41,1180648840.2038,4.2958,901005097.9494,6202233.53,273441508.7244
42,1180880078.9138,4.3943,901005097.9494,6433472.24,273441508.7244
43,1181279948.1238,4.4927,901005097.9494,6833341.45,273441508.7244
44,8158433350,4.7348,6760495600,683334145,714603605
45,7863032590,4.975,6465094840,683334145,714603605
46,7600234610,5.2151,5715094840,683334145,1201805625
47,7113032590,5.4552,5715094840,683334145,714603605
48,6873032590,5.6952,5515094840,643334145,714603605
49,6656944160,5.9349,5339006410,603334145,714603605
50,881407974.3047,6.1753,750015794.6831,54681559.853,76710619.7687
51,848602091.5586,6.4156,717934970.3188,53956501.4712,76710619.7687
52,807391896.5248,6.6561,683176955.4461,47504321.3101,76710619.7687
53,728442502.0091,6.8962,606877066.4594,44854815.7811,76710619.7687
54,700261317.8827,7.1381,575429105.3294,48121592.7847,76710619.7687
55,674466395.006,7.3784,549634182.4527,48121592.7847,76710619.7687
56,649453166.8414,7.6187,523724668.4753,49017878.5974,76710619.7687
57,626630966.2351,7.859,500902467.8691,49017878.5974,76710619.7687
58,603876727.7234,8.0991,484099948.4354,45392586.6887,74384192.5993
59,577203956.397,8.3392,457427177.109,45392586.6887,74384192.5993
60,558804567.781,8.5794,428447336.5678,41059233.991,89297997.2222
61,537356000.5657,8.8203,408241613.0027,39816390.3408,89297997.2222
62,517658445.4403,9.0606,390294804.2077,38065644.0104,89297997.2222
63,498767449.8657,9.3009,371403808.6331,38065644.0104,89297997.2222
64,480337398.5643,9.5415,352973757.3317,38065644.0104,89297997.2222
65,463678651.7731,9.7817,336564673.125,39998224.7031,87115753.9449
66,450998844.657,10.022,323884866.0089,39998224.7031,87115753.9449
67,438319037.5409,10.2628,311205058.8929,39998224.7031,87115753.9449
68,427252759.2464,10.5033,300767918.1666,39369087.1349,87115753.9449
69,417084429.6385,10.7439,290599588.5587,39369087.1349,87115753.9449
70,432463407.6874,10.9848,255210975.5761,47253184.2731,129999247.8382
71,421556460.4398,11.2254,255210975.5761,47290940.741,119054544.1227
72,344751830.9273,11.4657,255210975.5761,43515293.957,46025561.3943
73,336357063.5508,11.706,255210975.5761,43515293.957,37630794.0177
74,328047989.9934,11.9463,246901902.0187,43515293.957,37630794.0177
75,320122667.9372,12.1863,242752226.7464,39739647.1731,37630794.0177
76,312343253.3683,12.4267,242752226.7464,39739647.1731,29851379.4488
77,278266439.8383,12.6671,214882609.191,39739647.1731,23644183.4742
78,271520037.3362,12.9081,208136206.6889,39739647.1731,23644183.4742
79,265190984.4683,13.1488,202562283.1778,38984517.8163,23644183.4742
80,285579960.2028,13.3897,220225614.7325,55261417.7374,10092927.7328
81,279066338.6257,13.6299,213711993.1554,55261417.7374,10092927.7328
82,272955654.7777,13.8699,207601309.3074,55261417.7374,10092927.7328
83,262628496.9115,14.1103,185467186.4541,55261417.7374,21899892.72
84,245996235.0068,14.3511,180641889.5365,55261417.7374,10092927.7328
85,237137891.3326,14.5912,171783545.8623,55261417.7374,10092927.7328
86,231027207.4846,14.8316,165672862.0143,55261417.7374,10092927.7328
87,224916523.6366,15.0721,159562178.1663,55261417.7374,10092927.7328
88,218805839.7886,15.3123,153451494.3183,55261417.7374,10092927.7328
89,212695155.9406,15.5527,147340810.4704,55261417.7374,10092927.7328
90,226275948.9279,15.7932,133625296.4741,87278959.7155,5371692.7382
91,218137584.5087,16.0332,133625296.4741,79140595.2963,5371692.7382
92,212129653.1602,16.2735,133625296.4741,73132663.9479,5371692.7382
93,206400227.9969,16.5133,128309170.9159,72719364.3428,5371692.7382
94,200858369.3751,16.7534,122767312.2941,72719364.3428,5371692.7382
95,195316510.7533,16.9934,117225453.6723,72719364.3428,5371692.7382
96,189774652.1315,17.2339,111683595.0505,72719364.3428,5371692.7382
97,184258107.3344,17.4742,106167050.2534,72719364.3428,5371692.7382
98,179423073.1582,17.7144,106167050.2534,67884330.1666,5371692.7382
99,174793562.6202,17.9547,103616060.6857,65805809.1963,5371692.7382
100,172440958.9208,18.1948,88667255.2214,80294840.6916,3478863.0079
101,164783161.0195,18.4345,88667255.2214,56511591.7825,19604314.0156
102,148657710.0117,18.6745,88667255.2214,56511591.7825,3478863.0079
103,144666388.5356,18.9144,87687752.1766,53499773.3512,3478863.0079
104,141272170.0907,19.1544,84293533.7317,53499773.3512,3478863.0079
105,138216498.4536,19.3944,84293533.7317,50444101.7141,3478863.0079
106,135170062.2226,19.6344,81247097.5007,50444101.7141,3478863.0079
107,132158243.7914,19.8743,81247097.5007,47432283.2828,3478863.0079
108,129146425.3601,20.1139,81247097.5007,44420464.8515,3478863.0079
109,126134606.9288,20.354,81247097.5007,41408646.4203,3478863.0079
110,124130970.2025,20.5943,83130513.359,36108463.6924,4891993.1511
111,117654062.5221,20.8345,77977472.5256,36108463.6924,3568126.3041
112,114644660.9102,21.0744,74968070.9137,36108463.6924,3568126.3041
113,111873366.5002,21.3142,72196776.5037,36108463.6924,3568126.3041
114,109120342.8407,21.5542,69443752.8442,36108463.6924,3568126.3041
115,106707841.0611,21.794,66979785.1454,36159929.6117,3568126.3041
116,104448768.5569,22.0344,65340934.5833,35539707.6695,3568126.3041
117,102278920.3256,22.2745,63171086.352,35539707.6695,3568126.3041
118,100215692.3739,22.5153,61107858.4003,35539707.6695,3568126.3041
119,98452650.3071,22.7553,59344816.3335,35539707.6695,3568126.3041
120,97494157.2276,22.9952,55534718.089,37270766.0048,4688673.1338
121,95754538.6185,23.2352,55534718.089,37270766.0048,2949054.5246
122,95257821.6338,23.4752,55052497.9262,37270766.0048,2934557.7029
123,94761104.6492,23.7148,54570277.7633,37270766.0048,2920060.8811
124,94264387.6646,23.9547,54088057.6004,37270766.0048,2905564.0594
125,93767670.68,24.1944,53605837.4375,37270766.0048,2891067.2376
126,93270953.6953,24.4345,53123617.2747,37270766.0048,2876570.4159
127,92774236.7107,24.6745,52641397.1118,37270766.0048,2862073.5942
128,92277519.7261,24.9143,52159176.9489,37270766.0048,2847576.7724
129,91780802.7415,25.1542,51676956.786,37270766.0048,2833079.9507
130,91395893.0985,25.3943,50304153.5211,38678763.5789,2412975.9985
131,90403137.1154,25.6342,52560073.9402,35430087.1767,2412975.9985
132,86866748.5809,25.8742,49023685.4056,35430087.1767,2412975.9985
133,82569439.56,26.1137,44726376.3847,35430087.1767,2412975.9985
134,81690478.4224,26.3539,44726376.3847,32181410.7745,4782691.2631
135,75011448.4125,26.594,29965755.2886,32181410.7745,12864282.3494
136,60396275.4505,26.834,15350582.3266,32181410.7745,12864282.3494
137,52135780.2376,27.0742,13490406.6397,32181410.7745,6463962.8233
138,49978062.9325,27.3143,13604566.2211,32181410.7745,4192085.9368
139,48296791.3723,27.5544,13604566.2211,32181410.7745,2510814.3766
140,62906447.6225,27.7947,7148628.6079,52805044.3637,2952774.6509
141,58182092.1682,28.0347,18416098.6277,36813218.8895,2952774.6509
142,56236866.3665,28.2749,18094201.9387,36813218.8895,1329445.5383
143,31412244.4593,28.5144,18094201.9387,12891710.8234,426331.6972
144,26905256.4513,28.7544,13587213.9307,12891710.8234,426331.6972
145,21956945.2877,28.9939,11333719.9267,10196893.6638,426331.6972
146,19693157.8865,29.2337,9069932.5255,10196893.6638,426331.6972
147,17439663.8826,29.4732,6816438.5215,10196893.6638,426331.6972
148,15186169.8786,29.7128,4562944.5176,10196893.6638,426331.6972
149,13451552.125,29.9524,6332162.3784,6693058.0494,426331.6972
150,15094331.3283,30.1927,10037840.5726,4796578.6428,259912.1128
151,13327829.8644,30.4323,8271339.1088,4796578.6428,259912.1128
152,12154101.0471,30.6722,7097610.2915,4796578.6428,259912.1128
153,11766778.5937,30.912,6909314.9239,4597551.5569,259912.1128
154,11379456.1403,31.1514,6721019.5564,4398524.4711,259912.1128
155,10992133.6869,31.3915,6532724.1888,4199497.3852,259912.1128
156,10641606.7965,31.6311,6182197.2985,4199497.3852,259912.1128
157,10301423.3796,31.8707,3225583.9081,6815927.3587,259912.1128
158,10095070.6625,32.1233,3218258.2769,6616900.2728,259912.1128
159,9896043.5766,32.3846,3218258.2769,6417873.1869,259912.1128
160,9825546.1798,32.6254,4395952.3407,5214208.4615,215385.3776
161,9566134.5013,32.8653,4395952.3407,4954796.783,215385.3776
162,9306722.8228,33.1047,4395952.3407,4695385.1045,215385.3776
163,9047311.1443,33.3443,4395952.3407,4435973.426,215385.3776
164,8787899.4658,33.5838,4395952.3407,4176561.7475,215385.3776
165,8528487.7873,33.8234,4395952.3407,3917150.069,215385.3776
166,8269076.1087,34.0629,4395952.3407,3657738.3904,215385.3776
167,8009664.4302,34.303,4395952.3407,3398326.7119,215385.3776
168,7832283.8196,34.5428,4320241.6521,3296656.7898,215385.3776
169,7702201.1961,34.7824,4190159.0286,3296656.7898,215385.3776
170,8962908.0437,35.0223,3375002.2404,2175720.3809,3412185.4224
171,5780048.2815,35.2621,3375002.2404,2175720.3809,229325.6602
172,5562439.8902,35.5016,3157393.8492,2175720.3809,229325.6602
173,5344831.499,35.7411,2939785.4579,2175720.3809,229325.6602
174,5127223.1077,35.981,2722177.0667,2175720.3809,229325.6602
175,4909614.7165,36.2204,2504568.6754,2175720.3809,229325.6602
176,4692006.3252,36.4602,2286960.2841,2175720.3809,229325.6602
177,4474397.9339,36.7004,2069351.8929,2175720.3809,229325.6602
178,4256789.5427,36.94,1851743.5016,2175720.3809,229325.6602
179,4039181.1514,37.1807,1634135.1104,2175720.3809,229325.6602
180,4257152.0956,37.4219,1053425.3226,2738129.2976,465597.4754
181,4095323.7399,37.6615,891596.9669,2738129.2976,465597.4754
182,3933495.3842,37.9015,729768.6112,2738129.2976,465597.4754
183,3771667.0285,38.1412,567940.2555,2738129.2976,465597.4754
184,3609838.6728,38.3809,406111.8998,2738129.2976,465597.4754
185,3455769.4575,38.6205,567940.2555,2738129.2976,149699.9044
186,3320784.3803,38.8605,432955.1783,2738129.2976,149699.9044
187,3245524.0806,39.1001,357694.8786,2738129.2976,149699.9044
188,3177393.7389,39.3398,357694.8786,2738129.2976,81569.5626
189,3109263.3971,39.5796,357694.8786,2738129.2976,13439.2209
190,4283986.0814,39.8197,101712.259,4124266.7524,58007.07
191,4272642.9719,40.0595,90369.1495,4124266.7524,58007.07
192,4257940.3003,40.2993,75666.4779,4124266.7524,58007.07
193,4256089.9903,40.5394,75666.4779,4124266.7524,56156.76
194,4254834.4255,40.7793,74410.9131,4124266.7524,56156.76
195,4249765.229,41.0189,69341.7166,4124266.7524,56156.76
196,4208817.7542,41.2587,28394.2418,4124266.7524,56156.76
197,4198677.6655,41.4984,74410.9131,4124266.7524,0
198,4198677.6655,41.738,74410.9131,4124266.7524,0
199,4198677.6655,41.9775,74410.9131,4124266.7524,0
200,4611745.895,42.2173,11463.1909,4600282.7042,0
201,4274991.6406,42.457,11463.1909,4207371.6897,56156.76
202,4274991.6406,42.6972,11463.1909,4207371.6897,56156.76
203,4274991.6406,42.9374,11463.1909,4207371.6897,56156.76
204,4274991.6406,43.1778,11463.1909,4207371.6897,56156.76
205,4274991.6406,43.4354,11463.1909,4207371.6897,56156.76
206,2491726.7199,43.537,408034.8132,42832.82,2040859.0866
207,2491726.7199,43.6351,408034.8132,42832.82,2040859.0866
208,2491726.7199,43.7329,408034.8132,42832.82,2040859.0866
209,2491726.7199,43.8309,408034.8132,42832.82,2040859.0866
210,5244387.9557,43.9293,105920.0641,538925.2128,4599542.6789
211,4274991.6406,44.1685,11463.1909,4207371.6897,56156.76
212,4274210.7179,44.408,10682.2682,4207371.6897,56156.76
213,4225142.9435,44.6475,17771.2538,4207371.6897,0
214,4218834.8806,44.8874,11463.1909,4207371.6897,0
215,4218834.8806,45.1275,11463.1909,4207371.6897,0
216,4218834.8806,45.3674,11463.1909,4207371.6897,0
217,4167988.2194,45.6072,11463.1909,4100368.2686,56156.76
218,4167988.2194,45.8476,11463.1909,4100368.2686,56156.76
219,4167988.2194,46.0883,11463.1909,4100368.2686,56156.76
220,4188755.0031,46.3292,6468.17,4106624.8703,75661.9627
221,4188755.0031,46.5696,6468.17,4106624.8703,75661.9627
222,4777219.8482,46.6688,105920.0641,71757.1053,4599542.6789
223,4777219.8482,46.7668,105920.0641,71757.1053,4599542.6789
224,4777219.8482,46.8648,105920.0641,71757.1053,4599542.6789
225,4777219.8482,46.9626,105920.0641,71757.1053,4599542.6789
226,4862945.0957,47.0606,105920.0641,157482.3527,4599542.6789
227,4188755.0031,47.301,6468.17,4106624.8703,75661.9627
228,4188314.3631,47.5409,6027.53,4106624.8703,75661.9627
229,4116652.4003,47.7806,10027.53,4106624.8703,0
230,4170648.1024,48.0206,6468.17,4164179.9324,0
231,4170648.1024,48.2604,6468.17,4164179.9324,0
232,4170648.1024,48.5003,6468.17,4164179.9324,0
233,4170648.1024,48.7431,6468.17,4164179.9324,0
234,177677.1693,48.8426,105920.0641,71757.1053,0
235,177677.1693,48.9407,105920.0641,71757.1053,0
236,177677.1693,49.0387,105920.0641,71757.1053,0
237,177677.1693,49.137,105920.0641,71757.1053,0
238,314972.4621,49.2351,105920.0641,209052.398,0
239,12138114.1953,49.4748,6468.17,12131646.0253,0
240,12161256.6612,49.7153,6468.17,12154788.4912,0
241,12161256.6612,49.9555,6468.17,12154788.4912,0
242,12161256.6612,50.1962,6468.17,12154788.4912,0
243,4178591.7394,50.4359,6468.17,4172123.5694,0
244,4178151.0994,50.6756,6027.53,4172123.5694,0
245,4178151.0994,50.9165,6027.53,4172123.5694,0
246,4174591.7394,51.1564,2468.17,4172123.5694,0
247,4174591.7394,51.3965,2468.17,4172123.5694,0
248,4174591.7394,51.6365,2468.17,4172123.5694,0
249,4174591.7394,51.877,2468.17,4172123.5694,0
250,4174348.1441,52.117,2468.17,4171879.9741,0
251,4174348.1441,52.357,2468.17,4171879.9741,0
252,4174348.1441,52.5973,2468.17,4171879.9741,0
253,4174348.1441,52.8379,2468.17,4171879.9741,0
254,4174348.1441,53.0788,2468.17,4171879.9741,0
255,112174.8315,53.1781,40417.7263,71757.1053,0
256,112174.8315,53.2759,40417.7263,71757.1053,0
257,112174.8315,53.374,40417.7263,71757.1053,0
258,112174.8315,53.4719,40417.7263,71757.1053,0
259,249470.1243,53.5696,40417.7263,209052.398,0
260,4175968.6431,53.8089,2468.17,4173500.4731,0
261,4175528.0031,54.0488,2027.53,4173500.4731,0
262,4173941.1131,54.2883,440.64,4173500.4731,0
263,4173941.1131,54.5283,440.64,4173500.4731,0
264,4173941.1131,54.7684,440.64,4173500.4731,0
265,4173941.1131,55.0086,440.64,4173500.4731,0
266,4173941.1131,55.2484,440.64,4173500.4731,0
267,78972.8428,55.3475,7215.7375,71757.1053,0
268,78972.8428,55.4456,7215.7375,71757.1053,0
269,78972.8428,55.5436,7215.7375,71757.1053,0
270,3796964.5322,55.6422,4026.1215,3792938.4107,0
271,4578984.9953,55.7404,786046.5846,3792938.4107,0
272,4173941.1131,55.9794,440.64,4173500.4731,0
273,4173941.1131,56.2195,440.64,4173500.4731,0
274,4173941.1131,56.4594,440.64,4173500.4731,0
275,4173941.1131,56.6994,440.64,4173500.4731,0
276,4173941.1131,56.9396,440.64,4173500.4731,0
277,3796964.5322,57.0386,4026.1215,3792938.4107,0
278,3796964.5322,57.1367,4026.1215,3792938.4107,0
279,3796964.5322,57.2347,4026.1215,3792938.4107,0
280,4170362.359,57.3327,440.64,4169921.719,0
281,4308136.119,57.4322,138214.4,4169921.719,0
282,4173941.1131,57.6741,440.64,4173500.4731,0
283,4173500.4731,57.9135,0,4173500.4731,0
284,4173500.4731,58.1531,0,4173500.4731,0
285,4173500.4731,58.3931,0,4173500.4731,0
286,4173500.4731,58.6333,0,4173500.4731,0
287,4173500.4731,58.873,0,4173500.4731,0
288,4169921.719,58.9723,0,4169921.719,0
289,4169921.719,59.0703,0,4169921.719,0
290,4174348,59.1688,0,4174348,0
291,4174348,59.2671,0,4174348,0
292,4259936.45,59.3651,85588.45,4174348,0
293,4173500.4731,59.6042,0,4173500.4731,0
294,4173500.4731,59.8441,0,4173500.4731,0
295,4173500.4731,60.0837,0,4173500.4731,0
296,4173500.4731,60.3235,0,4173500.4731,0
297,4173500.4731,60.5634,0,4173500.4731,0
298,4174348,60.6624,0,4174348,0
299,4174348,60.7604,0,4174348,0
300,4174348,60.8583,0,4174348,0
301,4174348,60.956,0,4174348,0
302,4312121.76,61.0538,137773.76,4174348,0
303,4173500.4731,61.2936,0,4173500.4731,0
304,4173500.4731,61.5341,0,4173500.4731,0
305,4173500.4731,61.7738,0,4173500.4731,0
306,4173500.4731,62.0136,0,4173500.4731,0
307,4173500.4731,62.2541,0,4173500.4731,0
308,4174348,62.3534,0,4174348,0
309,4174348,62.451,0,4174348,0
310,4174348,62.5489,0,4174348,0
311,4174348,62.6466,0,4174348,0
312,4259936.45,62.7445,85588.45,4174348,0
313,4255088.9231,62.9838,81588.45,4173500.4731,0
314,4173500.4731,63.2241,0,4173500.4731,0
315,4173500.4731,63.4634,0,4173500.4731,0
316,4173500.4731,63.703,0,4173500.4731,0
317,4173500.4731,63.9428,0,4173500.4731,0
318,4173500.4731,64.1826,0,4173500.4731,0
319,4174348,64.2816,0,4174348,0
320,4174348,64.3796,0,4174348,0
321,4174348,64.4771,0,4174348,0
322,4174348,64.5747,0,4174348,0
323,4312121.76,64.6726,137773.76,4174348,0
324,4173500.4731,64.912,0,4173500.4731,0
325,4173500.4731,65.1526,0,4173500.4731,0
326,4173500.4731,65.3919,0,4173500.4731,0
327,4173500.4731,65.6316,0,4173500.4731,0
328,4173500.4731,65.8716,0,4173500.4731,0
329,4174348,65.9712,0,4174348,0
330,4174348,66.0693,0,4174348,0
331,4174348,66.1673,0,4174348,0
332,4174348,66.265,0,4174348,0
333,4255936.45,66.3628,81588.45,4174348,0
334,4252404.8731,66.602,78904.4,4173500.4731,0
335,4174816.4231,66.842,1315.95,4173500.4731,0
336,4174816.4231,67.0825,1315.95,4173500.4731,0
337,4174816.4231,67.3228,1315.95,4173500.4731,0
338,4174816.4231,67.5641,1315.95,4173500.4731,0
339,4174816.4231,67.804,1315.95,4173500.4731,0
340,4174348.4147,67.9036,1315.95,4173032.4647,0
341,4174348.4147,68.0016,1315.95,4173032.4647,0
342,4174348.4147,68.0996,1315.95,4173032.4647,0
343,4174348.4147,68.1975,1315.95,4173032.4647,0
344,4312122.1747,68.2954,139089.71,4173032.4647,0
345,4174816.4231,68.5345,1315.95,4173500.4731,0
346,4173500.4731,68.7743,0,4173500.4731,0
347,4173500.4731,69.0136,0,4173500.4731,0
348,4173500.4731,69.2531,0,4173500.4731,0
349,4173500.4731,69.4929,0,4173500.4731,0
350,4174348,69.7335,0,4174348,0
351,4173032.4647,69.8324,0,4173032.4647,0
352,4173032.4647,69.9302,0,4173032.4647,0
353,4173032.4647,70.028,0,4173032.4647,0
354,4173032.4647,70.1259,0,4173032.4647,0
355,4250620.9147,70.2239,77588.45,4173032.4647,0
356,4174348,70.4636,0,4174348,0
357,4174348,70.703,0,4174348,0
358,4174348,70.9426,0,4174348,0
359,4174348,71.1824,0,4174348,0
360,4174348,71.4222,0,4174348,0
361,4173032.4647,71.5214,0,4173032.4647,0
362,4173032.4647,71.6191,0,4173032.4647,0
363,4173032.4647,71.7168,0,4173032.4647,0
364,4173032.4647,71.8145,0,4173032.4647,0
365,4310806.2247,71.9124,137773.76,4173032.4647,0
366,4174348,72.1516,0,4174348,0
367,4174348,72.3916,0,4174348,0
368,4174348,72.6314,0,4174348,0
369,4174348,72.871,0,4174348,0
370,4174348,73.1113,0,4174348,0
371,4173032.4647,73.2103,0,4173032.4647,0
372,4173032.4647,73.3081,0,4173032.4647,0
373,4173032.4647,73.4062,0,4173032.4647,0
374,4173032.4647,73.504,0,4173032.4647,0
375,4250620.9147,73.6018,77588.45,4173032.4647,0
376,4251936.45,73.8419,77588.45,4174348,0
377,4174348,74.0814,0,4174348,0
378,4174348,74.3208,0,4174348,0
379,4174348,74.5605,0,4174348,0
380,4174348,74.8006,0,4174348,0
381,4174348,75.0405,0,4174348,0
382,4173032.4647,75.1397,0,4173032.4647,0
383,4173032.4647,75.2375,0,4173032.4647,0
384,4173032.4647,75.3354,0,4173032.4647,0
385,4173032.4647,75.4332,0,4173032.4647,0
386,4310806.2247,75.5312,137773.76,4173032.4647,0
387,4174348,75.7706,0,4174348,0
388,4174348,76.0106,0,4174348,0
389,4174348,76.2499,0,4174348,0
390,4174348,76.4904,0,4174348,0
391,4174348,76.7307,0,4174348,0
392,4173032.4647,76.8297,0,4173032.4647,0
393,4173032.4647,76.9273,0,4173032.4647,0
394,4173032.4647,77.0251,0,4173032.4647,0
395,4173032.4647,77.123,0,4173032.4647,0
396,4250620.9147,77.2211,77588.45,4173032.4647,0
397,4251936.45,77.4618,77588.45,4174348,0
398,4174348,77.701,0,4174348,0
399,4174348,77.9406,0,4174348,0
400,4174348,78.1805,0,4174348,0
401,4174348,78.4202,0,4174348,0
402,4174348,78.6603,0,4174348,0
403,4173032.4647,78.7592,0,4173032.4647,0
404,4173032.4647,78.8568,0,4173032.4647,0
405,4173032.4647,78.9548,0,4173032.4647,0
406,4173032.4647,79.0527,0,4173032.4647,0
407,4310806.2247,79.1506,137773.76,4173032.4647,0
408,4174348,79.3905,0,4174348,0
409,4174348,79.6303,0,4174348,0
410,4174348,79.87,0,4174348,0
411,4174348,80.1095,0,4174348,0
412,4174348,80.3493,0,4174348,0
413,4173032.4647,80.4481,0,4173032.4647,0
414,4173032.4647,80.5458,0,4173032.4647,0
415,4173032.4647,80.6436,0,4173032.4647,0
416,4173032.4647,80.7417,0,4173032.4647,0
417,4250620.9147,80.8396,77588.45,4173032.4647,0
418,4251936.45,81.0797,77588.45,4174348,0
419,4174348,81.3193,0,4174348,0
420,4174348,81.5589,0,4174348,0
421,4174348,81.799,0,4174348,0
422,4174348,82.0386,0,4174348,0
423,4174348,82.2782,0,4174348,0
424,4173032.4647,82.3775,0,4173032.4647,0
425,4173032.4647,82.4754,0,4173032.4647,0
426,4173032.4647,82.5731,0,4173032.4647,0
427,4173032.4647,82.6709,0,4173032.4647,0
428,4310806.2247,82.7688,137773.76,4173032.4647,0
429,4174348,83.008,0,4174348,0
430,4174348,83.2486,0,4174348,0
431,4174348,83.4883,0,4174348,0
432,4174348,83.7279,0,4174348,0
433,4174348,83.9677,0,4174348,0
434,4173032.4647,84.0666,0,4173032.4647,0
435,4173032.4647,84.1645,0,4173032.4647,0
436,4173032.4647,84.2622,0,4173032.4647,0
437,4173032.4647,84.3601,0,4173032.4647,0
438,4250620.9147,84.4581,77588.45,4173032.4647,0
439,4251936.45,84.6985,77588.45,4174348,0
440,4098175.3679,84.9381,0,4098175.3679,0
441,4098175.3679,85.1778,0,4098175.3679,0
442,4098175.3679,85.4179,0,4098175.3679,0
443,4098175.3679,85.6575,0,4098175.3679,0
444,4098175.3679,85.8972,0,4098175.3679,0
445,4173032.4647,85.9962,0,4173032.4647,0
446,4173032.4647,86.0959,0,4173032.4647,0
447,4173032.4647,86.1941,0,4173032.4647,0
448,4173032.4647,86.2918,0,4173032.4647,0
449,4310806.2247,86.3897,137773.76,4173032.4647,0
450,3933069.8769,86.6292,0,3933069.8769,0
451,3933069.8769,86.8691,0,3933069.8769,0
452,3933069.8769,87.1086,0,3933069.8769,0
453,3933069.8769,87.3484,0,3933069.8769,0
454,3933069.8769,87.5885,0,3933069.8769,0
455,4173032.4647,87.6879,0,4173032.4647,0
456,4173032.4647,87.786,0,4173032.4647,0
457,4173032.4647,87.8838,0,4173032.4647,0
458,4173032.4647,87.9817,0,4173032.4647,0
459,4250620.9147,88.0795,77588.45,4173032.4647,0
460,4541231.8052,88.3197,794140.5943,3747091.211,0
461,3747091.211,88.5594,0,3747091.211,0
462,3747091.211,88.799,0,3747091.211,0
463,3747091.211,89.0388,0,3747091.211,0
464,3747091.211,89.2786,0,3747091.211,0
465,3747091.211,89.5184,0,3747091.211,0
466,4173032.4647,89.6175,0,4173032.4647,0
467,4173032.4647,89.7154,0,4173032.4647,0
468,4173032.4647,89.8131,0,4173032.4647,0
469,4173032.4647,89.9108,0,4173032.4647,0
470,4312121.76,90.0092,137773.76,4174348,0
471,3747091.211,90.2487,0,3747091.211,0
472,3747091.211,90.4891,0,3747091.211,0
473,3747091.211,90.7288,0,3747091.211,0
474,3747091.211,90.9682,0,3747091.211,0
475,3747091.211,91.2083,0,3747091.211,0
476,4174348,91.3075,0,4174348,0
477,4174348,91.4054,0,4174348,0
478,4174348,91.5031,0,4174348,0
479,4174348,91.6007,0,4174348,0
480,4251936.45,91.6988,77588.45,4174348,0
481,4541231.8052,91.9386,794140.5943,3747091.211,0
482,3747091.211,92.1785,0,3747091.211,0
483,3747091.211,92.418,0,3747091.211,0
484,3747091.211,92.6597,0,3747091.211,0
485,3747091.211,92.8997,0,3747091.211,0
486,3747091.211,93.1395,0,3747091.211,0
487,4174348,93.2388,0,4174348,0
488,4174348,93.3364,0,4174348,0
489,4174348,93.4341,0,4174348,0
490,4174348,93.532,0,4174348,0
491,4312121.76,93.6299,137773.76,4174348,0
492,3747091.211,93.8693,0,3747091.211,0
493,3747091.211,94.1093,0,3747091.211,0
494,3747091.211,94.3487,0,3747091.211,0
495,3747091.211,94.5882,0,3747091.211,0
496,3747091.211,94.8281,0,3747091.211,0
497,4174348,94.9271,0,4174348,0
498,4174348,95.0247,0,4174348,0
499,4174348,95.1225,0,4174348,0
500,4174348,95.2206,0,4174348,0
501,4251936.45,95.3184,77588.45,4174348,0
502,4541231.8052,95.5583,794140.5943,3747091.211,0
503,3747091.211,95.7979,0,3747091.211,0
504,3747091.211,96.0378,0,3747091.211,0
505,3747091.211,96.2772,0,3747091.211,0
506,3747091.211,96.517,0,3747091.211,0
507,3747091.211,96.7571,0,3747091.211,0
508,4174348,96.8563,0,4174348,0
509,4174348,96.954,0,4174348,0
510,4174348,97.0524,0,4174348,0
511,4174348,97.1505,0,4174348,0
512,4312121.76,97.2484,137773.76,4174348,0
513,3747091.211,97.4881,0,3747091.211,0
514,3747091.211,97.7282,0,3747091.211,0
515,3747091.211,97.968,0,3747091.211,0
516,3747091.211,98.2075,0,3747091.211,0
517,3747091.211,98.4476,0,3747091.211,0
518,4174348,98.5466,0,4174348,0
519,4174348,98.6442,0,4174348,0
520,4174348,98.7422,0,4174348,0
521,4174348,98.84,0,4174348,0
522,4251936.45,98.9379,77588.45,4174348,0
523,4541231.8052,99.1789,794140.5943,3747091.211,0
524,3747091.211,99.4182,0,3747091.211,0
525,3747091.211,99.6576,0,3747091.211,0
526,3747091.211,99.8971,0,3747091.211,0
527,3747091.211,100.1369,0,3747091.211,0
528,3747091.211,100.377,0,3747091.211,0
529,4174348,100.4762,0,4174348,0
530,4174348,100.5741,0,4174348,0
531,4174348,100.6716,0,4174348,0
532,4174348,100.7696,0,4174348,0
533,4312121.76,100.8674,137773.76,4174348,0
534,3747091.211,101.1066,0,3747091.211,0
535,3747091.211,101.3465,0,3747091.211,0
536,3747091.211,101.5864,0,3747091.211,0
537,3747091.211,101.8261,0,3747091.211,0
538,3747091.211,102.0666,0,3747091.211,0
539,4174348,102.1656,0,4174348,0
540,4174348,102.2636,0,4174348,0
541,4174348,102.3612,0,4174348,0
542,4174348,102.4591,0,4174348,0
543,4251936.45,102.5574,77588.45,4174348,0
544,4541231.8052,102.7975,794140.5943,3747091.211,0
545,3747091.211,103.0369,0,3747091.211,0
546,3747091.211,103.2765,0,3747091.211,0
547,3747091.211,103.516,0,3747091.211,0
548,3747091.211,103.7561,0,3747091.211,0
549,3747091.211,103.9961,0,3747091.211,0
550,4174348,104.0955,0,4174348,0
551,4174348,104.1931,0,4174348,0
552,4174348,104.2907,0,4174348,0
553,4174348,104.3885,0,4174348,0
554,4312121.76,104.4876,137773.76,4174348,0
555,3747091.211,104.7269,0,3747091.211,0
556,3747091.211,104.9666,0,3747091.211,0
557,3747091.211,105.2062,0,3747091.211,0
558,3747091.211,105.4458,0,3747091.211,0
559,3747091.211,105.6859,0,3747091.211,0
560,4174348,105.7856,0,4174348,0
561,4174348,105.8832,0,4174348,0
562,4174348,105.981,0,4174348,0
563,4174348,106.0785,0,4174348,0
564,4251936.45,106.1763,77588.45,4174348,0
565,4541231.8052,106.4179,794140.5943,3747091.211,0
566,3747091.211,106.6581,0,3747091.211,0
567,3747091.211,106.8976,0,3747091.211,0
568,3747091.211,107.1384,0,3747091.211,0
569,3747091.211,107.3781,0,3747091.211,0
570,4174348,107.6184,0,4174348,0
571,4174348,107.7185,0,4174348,0
572,4174348,107.816,0,4174348,0
573,4174348,107.9137,0,4174348,0
574,4174348,108.0114,0,4174348,0
575,4312121.76,108.1091,137773.76,4174348,0
576,4174348,108.3494,0,4174348,0
577,4174348,108.5895,0,4174348,0
578,4174348,108.8294,0,4174348,0
579,4174348,109.0691,0,4174348,0
580,4174348,109.3099,0,4174348,0
581,4174348,109.4098,0,4174348,0
582,4174348,109.5087,0,4174348,0
583,4174348,109.6066,0,4174348,0
584,4174348,109.7044,0,4174348,0
585,4251936.45,109.8025,77588.45,4174348,0
586,4251936.45,110.0444,77588.45,4174348,0
587,4174348,110.2841,0,4174348,0
588,4174348,110.5238,0,4174348,0
589,4174348,110.7636,0,4174348,0
590,4174348,111.0042,0,4174348,0
591,4174348,111.244,0,4174348,0
592,4174348,111.3439,0,4174348,0
593,4174348,111.4417,0,4174348,0
594,4174348,111.5406,0,4174348,0
595,4174348,111.6385,0,4174348,0
596,4312121.76,111.7365,137773.76,4174348,0
597,4174348,111.9766,0,4174348,0
598,4174348,112.2179,0,4174348,0
599,4174348,112.4595,0,4174348,0
600,4174348,112.7005,0,4174348,0
601,4174348,112.9407,0,4174348,0
602,4174348,113.0421,0,4174348,0
603,4174348,113.14,0,4174348,0
604,4174348,113.2378,0,4174348,0
605,4174348,113.3356,0,4174348,0
606,4251936.45,113.4335,77588.45,4174348,0
607,4251936.45,113.6747,77588.45,4174348,0
608,4174348,113.9144,0,4174348,0
609,4174348,114.1543,0,4174348,0
610,4174348,114.3943,0,4174348,0
611,4174348,114.634,0,4174348,0
612,4174348,114.877,0,4174348,0
613,4174348,114.977,0,4174348,0
614,4174348,115.0747,0,4174348,0
615,4174348,115.1725,0,4174348,0
616,4174348,115.2704,0,4174348,0
617,4312121.76,115.3703,137773.76,4174348,0
618,4174348,115.6127,0,4174348,0
619,4174348,115.8526,0,4174348,0
620,4174348,116.0929,0,4174348,0
621,4174348,116.3333,0,4174348,0
622,4174348,116.5731,0,4174348,0
623,4174348,116.673,0,4174348,0
624,4174348,116.7706,0,4174348,0
625,4174348,116.8684,0,4174348,0
626,4174348,116.9661,0,4174348,0
627,4251936.45,117.0637,77588.45,4174348,0
628,4251936.45,117.3053,77588.45,4174348,0
629,4174348,117.5448,0,4174348,0
630,4174348,117.7845,0,4174348,0
631,4174348,118.0251,0,4174348,0
632,4174348,118.265,0,4174348,0
633,4174348,118.5051,0,4174348,0
634,4174348,118.6046,0,4174348,0
635,4174348,118.7046,0,4174348,0
636,4174348,118.8024,0,4174348,0
637,4174348,118.9,0,4174348,0
638,4312121.76,118.9978,137773.76,4174348,0
639,4174348,119.2376,0,4174348,0
640,4174348,119.4778,0,4174348,0
641,4174348,119.7193,0,4174348,0
642,4174348,119.9585,0,4174348,0
643,4174348,120.1984,0,4174348,0
644,4174348,120.2977,0,4174348,0
645,4174348,120.3955,0,4174348,0
646,4174348,120.4934,0,4174348,0
647,4174348,120.5914,0,4174348,0
648,4251936.45,120.6893,77588.45,4174348,0
649,4251936.45,120.9299,77588.45,4174348,0
650,4098175.3679,121.172,0,4098175.3679,0
651,4098175.3679,121.4116,0,4098175.3679,0
652,4098175.3679,121.6533,0,4098175.3679,0
653,4098175.3679,121.8931,0,4098175.3679,0
654,4098175.3679,122.1332,0,4098175.3679,0
655,4174348,122.2326,0,4174348,0
656,4174348,122.3302,0,4174348,0
657,4174348,122.4278,0,4174348,0
658,4174348,122.5276,0,4174348,0
659,4312121.76,122.6254,137773.76,4174348,0
660,3933069.8769,122.8649,0,3933069.8769,0
661,3933069.8769,123.1059,0,3933069.8769,0
662,3933069.8769,123.345,0,3933069.8769,0
663,3933069.8769,123.5844,0,3933069.8769,0
664,3933069.8769,123.8247,0,3933069.8769,0
665,4174348,123.9239,0,4174348,0
666,4174348,124.0239,0,4174348,0
667,4174348,124.1216,0,4174348,0
668,4174348,124.2193,0,4174348,0
669,4251936.45,124.317,77588.45,4174348,0
670,4541231.8052,124.5598,794140.5943,3747091.211,0
671,3747091.211,124.7996,0,3747091.211,0
672,3747091.211,125.0389,0,3747091.211,0
673,3747091.211,125.2783,0,3747091.211,0
674,3747091.211,125.5199,0,3747091.211,0
675,3747091.211,125.76,0,3747091.211,0
676,4174348,125.8592,0,4174348,0
677,4174348,125.9569,0,4174348,0
678,4174348,126.0546,0,4174348,0
679,4174348,126.1523,0,4174348,0
680,4312121.76,126.2502,137773.76,4174348,0
681,3747091.211,126.4894,0,3747091.211,0
682,3747091.211,126.7296,0,3747091.211,0
683,3747091.211,126.9718,0,3747091.211,0
684,3747091.211,127.2142,0,3747091.211,0
685,3747091.211,127.4546,0,3747091.211,0
686,4174348,127.555,0,4174348,0
687,4174348,127.6526,0,4174348,0
688,4174348,127.7505,0,4174348,0
689,4174348,127.8482,0,4174348,0
690,4251936.45,127.9462,77588.45,4174348,0
691,4541231.8052,128.1862,794140.5943,3747091.211,0
692,3747091.211,128.4268,0,3747091.211,0
693,3747091.211,128.6662,0,3747091.211,0
694,3747091.211,128.9057,0,3747091.211,0
695,3747091.211,129.1456,0,3747091.211,0
696,3747091.211,129.3853,0,3747091.211,0
697,4174348,129.4846,0,4174348,0
698,4174348,129.5821,0,4174348,0
699,4174348,129.6799,0,4174348,0
700,4174348,129.778,0,4174348,0
701,4312121.76,129.8763,137773.76,4174348,0
702,3747091.211,130.117,0,3747091.211,0
703,3747091.211,130.3578,0,3747091.211,0
704,3747091.211,130.5993,0,3747091.211,0
705,3747091.211,130.8389,0,3747091.211,0
706,3747091.211,131.0787,0,3747091.211,0
707,4174348,131.1778,0,4174348,0
708,4174348,131.2757,0,4174348,0
709,4174348,131.3756,0,4174348,0
710,4174348,131.4736,0,4174348,0
711,4251936.45,131.5714,77588.45,4174348,0
712,4541231.8052,131.8118,794140.5943,3747091.211,0
713,3747091.211,132.0514,0,3747091.211,0
714,3747091.211,132.2911,0,3747091.211,0
715,3747091.211,132.5309,0,3747091.211,0
716,3747091.211,132.7725,0,3747091.211,0
717,3747091.211,133.0171,0,3747091.211,0
718,4174348,133.1207,0,4174348,0
719,4174348,133.2223,0,4174348,0
720,4174348,133.3218,0,4174348,0
721,4174348,133.4213,0,4174348,0
722,4312121.76,133.521,137773.76,4174348,0
723,3747091.211,133.7653,0,3747091.211,0
724,3747091.211,134.0098,0,3747091.211,0
725,3747091.211,134.2554,0,3747091.211,0
726,3747091.211,134.499,0,3747091.211,0
727,3747091.211,134.7438,0,3747091.211,0
728,4174348,134.8454,0,4174348,0
729,4174348,134.9451,0,4174348,0
730,4174348,135.0448,0,4174348,0
731,4174348,135.146,0,4174348,0
732,4251936.45,135.2459,77588.45,4174348,0
733,4541231.8052,135.4927,794140.5943,3747091.211,0
734,3747091.211,135.7394,0,3747091.211,0
735,3747091.211,135.9842,0,3747091.211,0
736,3747091.211,136.2318,0,3747091.211,0
737,3747091.211,136.4755,0,3747091.211,0
738,3747091.211,136.7192,0,3747091.211,0
739,4174348,136.8208,0,4174348,0
740,4174348,136.9206,0,4174348,0
741,4174348,137.0201,0,4174348,0
742,4174348,137.1206,0,4174348,0
743,4312121.76,137.2205,137773.76,4174348,0
744,3747091.211,137.4651,0,3747091.211,0
745,3747091.211,137.7096,0,3747091.211,0
746,3747091.211,137.9534,0,3747091.211,0
747,3747091.211,138.1984,0,3747091.211,0
748,3747091.211,138.4452,0,3747091.211,0
749,4174348,138.5469,0,4174348,0
750,4174348,138.6464,0,4174348,0
751,4174348,138.7461,0,4174348,0
752,4174348,138.8455,0,4174348,0
753,4251936.45,138.9451,77588.45,4174348,0
754,4541231.8052,139.1912,794140.5943,3747091.211,0
755,3747091.211,139.4373,0,3747091.211,0
756,3747091.211,139.6932,0,3747091.211,0
757,3747091.211,140.0121,0,3747091.211,0
758,3747091.211,140.3659,0,3747091.211,0
759,3747091.211,140.6154,0,3747091.211,0
760,4174348,140.7156,0,4174348,0
761,4174348,140.8137,0,4174348,0
762,4174348,140.9127,0,4174348,0
763,4174348,141.0108,0,4174348,0
764,4312121.76,141.1105,137773.76,4174348,0
765,3747091.211,141.3594,0,3747091.211,0
766,3747091.211,141.6,0,3747091.211,0
767,3747091.211,141.8402,0,3747091.211,0
768,3747091.211,142.0805,0,3747091.211,0
769,3747091.211,142.3212,0,3747091.211,0
770,4174348,142.4222,0,4174348,0
771,4174348,142.5202,0,4174348,0
772,4174348,142.6182,0,4174348,0
773,4174348,142.7163,0,4174348,0
774,4251936.45,142.8144,77588.45,4174348,0
775,4541231.8052,143.0563,794140.5943,3747091.211,0
776,3747091.211,143.2963,0,3747091.211,0
777,3747091.211,143.5365,0,3747091.211,0
778,3747091.211,143.7768,0,3747091.211,0
779,3747091.211,144.0191,0,3747091.211,0
780,4174348,144.2604,0,4174348,0
781,4174348,144.3606,0,4174348,0
782,4174348,144.4587,0,4174348,0
783,4174348,144.5569,0,4174348,0
784,4174348,144.6548,0,4174348,0
785,4312121.76,144.753,137773.76,4174348,0
786,4174348,144.9934,0,4174348,0
787,4174348,145.2347,0,4174348,0
788,4174348,145.4753,0,4174348,0
789,4174348,145.7163,0,4174348,0
790,4174348,145.9577,0,4174348,0
791,4174348,146.0573,0,4174348,0
792,4174348,146.1553,0,4174348,0
793,4174348,146.2535,0,4174348,0
794,4174348,146.3518,0,4174348,0
795,4251936.45,146.4499,77588.45,4174348,0
796,4251936.45,146.7143,77588.45,4174348,0
797,4174348,146.9552,0,4174348,0
798,4174348,147.1961,0,4174348,0
799,4174348,147.4367,0,4174348,0
800,4174348,147.6774,0,4174348,0
801,4174348,147.918,0,4174348,0
802,4174348,148.018,0,4174348,0
803,4174348,148.1162,0,4174348,0
804,4174348,148.2152,0,4174348,0
805,4174348,148.3138,0,4174348,0
806,4312121.76,148.4119,137773.76,4174348,0
807,4174348,148.6526,0,4174348,0
808,4174348,148.8934,0,4174348,0
809,4174348,149.1343,0,4174348,0
810,4174348,149.3747,0,4174348,0
811,4174348,149.6153,0,4174348,0
812,4174348,149.7156,0,4174348,0
813,4174348,149.8136,0,4174348,0
814,4174348,149.9116,0,4174348,0
815,4174348,150.0095,0,4174348,0
816,4251936.45,150.1076,77588.45,4174348,0
817,4251936.45,150.3488,77588.45,4174348,0
818,4174348,150.5891,0,4174348,0
819,4174348,150.8295,0,4174348,0
820,4174348,151.0703,0,4174348,0
821,4174348,151.3121,0,4174348,0
822,4174348,151.5525,0,4174348,0
823,4174348,151.6519,0,4174348,0
824,4174348,151.7497,0,4174348,0
825,4174348,151.8476,0,4174348,0
826,4174348,151.9455,0,4174348,0
827,4312121.76,152.0436,137773.76,4174348,0
828,4174348,152.286,0,4174348,0
829,4174348,152.5271,0,4174348,0
830,4174348,152.7678,0,4174348,0
831,4174348,153.0094,0,4174348,0
832,4174348,153.2502,0,4174348,0
833,4174348,153.3495,0,4174348,0
834,4174348,153.4474,0,4174348,0
835,4174348,153.5455,0,4174348,0
836,4174348,153.6436,0,4174348,0
837,4251936.45,153.7416,77588.45,4174348,0
838,4251936.45,153.9823,77588.45,4174348,0
839,4174348,154.2238,0,4174348,0
840,4174348,154.4646,0,4174348,0
841,4174348,154.7052,0,4174348,0
842,4174348,154.946,0,4174348,0
843,4174348,155.1866,0,4174348,0
844,4174348,155.2862,0,4174348,0
845,4174348,155.3842,0,4174348,0
846,4174348,155.4822,0,4174348,0
847,4174348,155.5806,0,4174348,0
848,4312121.76,155.6789,137773.76,4174348,0
849,4174348,155.9191,0,4174348,0
850,4174348,156.1609,0,4174348,0
851,4174348,156.4019,0,4174348,0
852,4174348,156.6421,0,4174348,0
853,4174348,156.8848,0,4174348,0
854,4174348,156.9842,0,4174348,0
855,4174348,157.0824,0,4174348,0
856,4174348,157.1803,0,4174348,0
857,4174348,157.2807,0,4174348,0
858,4251936.45,157.379,77588.45,4174348,0
859,4251936.45,157.6203,77588.45,4174348,0
860,4098175.3679,157.8605,0,4098175.3679,0
861,4098175.3679,158.1009,0,4098175.3679,0
862,4098175.3679,158.3422,0,4098175.3679,0
863,4098175.3679,158.5826,0,4098175.3679,0
864,4098175.3679,158.8242,0,4098175.3679,0
865,4174348,158.9237,0,4174348,0
866,4174348,159.0215,0,4174348,0
867,4174348,159.1195,0,4174348,0
868,4174348,159.2175,0,4174348,0
869,4312121.76,159.3154,137773.76,4174348,0
870,3933069.8769,159.5572,0,3933069.8769,0
871,3933069.8769,159.798,0,3933069.8769,0
872,3933069.8769,160.0398,0,3933069.8769,0
873,3933069.8769,160.2814,0,3933069.8769,0
874,3933069.8769,160.5224,0,3933069.8769,0
875,4174348,160.6222,0,4174348,0
876,4174348,160.7203,0,4174348,0
877,4174348,160.8182,0,4174348,0
878,4174348,160.9163,0,4174348,0
879,4251936.45,161.0142,77588.45,4174348,0
880,4541231.8052,161.2551,794140.5943,3747091.211,0
881,3747091.211,161.4951,0,3747091.211,0
882,3747091.211,161.7355,0,3747091.211,0
883,3747091.211,161.9762,0,3747091.211,0
884,3747091.211,162.2168,0,3747091.211,0
885,3747091.211,162.4575,0,3747091.211,0
886,4174348,162.5571,0,4174348,0
887,4174348,162.6552,0,4174348,0
888,4174348,162.7535,0,4174348,0
889,4174348,162.8516,0,4174348,0
890,4312121.76,162.9499,137773.76,4174348,0
891,3747091.211,163.1903,0,3747091.211,0
892,3747091.211,163.4321,0,3747091.211,0
893,3747091.211,163.6724,0,3747091.211,0
894,3747091.211,163.9124,0,3747091.211,0
895,3747091.211,164.1534,0,3747091.211,0
896,4174348,164.253,0,4174348,0
897,4174348,164.3509,0,4174348,0
898,4174348,164.4488,0,4174348,0
899,4174348,164.5484,0,4174348,0
900,4251936.45,164.6467,77588.45,4174348,0
901,4541231.8052,164.8878,794140.5943,3747091.211,0
902,3747091.211,165.1316,0,3747091.211,0
903,3747091.211,165.3721,0,3747091.211,0
904,3747091.211,165.6126,0,3747091.211,0
905,3747091.211,165.8551,0,3747091.211,0
906,3747091.211,166.0956,0,3747091.211,0
907,4174348,166.1952,0,4174348,0
908,4174348,166.2946,0,4174348,0
909,4174348,166.3929,0,4174348,0
910,4174348,166.4913,0,4174348,0
911,4312121.76,166.5896,137773.76,4174348,0
912,3747091.211,166.8327,0,3747091.211,0
913,3747091.211,167.0742,0,3747091.211,0
914,3747091.211,167.3142,0,3747091.211,0
915,3747091.211,167.5534,0,3747091.211,0
916,3747091.211,167.7944,0,3747091.211,0
917,4174348,167.8945,0,4174348,0
918,4174348,167.9925,0,4174348,0
919,4174348,168.0905,0,4174348,0
920,4174348,168.1888,0,4174348,0
921,4251936.45,168.2867,77588.45,4174348,0
922,4541231.8052,168.5283,794140.5943,3747091.211,0
923,3747091.211,168.7706,0,3747091.211,0
924,3747091.211,169.0119,0,3747091.211,0
925,3747091.211,169.2529,0,3747091.211,0
926,3747091.211,169.4945,0,3747091.211,0
927,3747091.211,169.7354,0,3747091.211,0
928,4174348,169.8357,0,4174348,0
929,4174348,169.9337,0,4174348,0
930,4174348,170.032,0,4174348,0
931,4174348,170.1301,0,4174348,0
932,4312121.76,170.2281,137773.76,4174348,0
933,3747091.211,170.4688,0,3747091.211,0
934,3747091.211,170.7098,0,3747091.211,0
935,3747091.211,170.9501,0,3747091.211,0
936,3747091.211,171.1908,0,3747091.211,0
937,3747091.211,171.4315,0,3747091.211,0
938,4174348,171.5317,0,4174348,0
939,4174348,171.6298,0,4174348,0
940,4174348,171.728,0,4174348,0
941,4174348,171.8259,0,4174348,0
942,4251936.45,171.9238,77588.45,4174348,0
943,4541231.8052,172.1658,794140.5943,3747091.211,0
944,3747091.211,172.4067,0,3747091.211,0
945,3747091.211,172.6509,0,3747091.211,0
946,3747091.211,172.8965,0,3747091.211,0
947,3747091.211,173.143,0,3747091.211,0
948,3747091.211,173.3891,0,3747091.211,0
949,4174348,173.4908,0,4174348,0
950,4174348,173.5909,0,4174348,0
951,4174348,173.691,0,4174348,0
952,4174348,173.7907,0,4174348,0
953,4312121.76,173.8907,137773.76,4174348,0
954,3747091.211,174.1368,0,3747091.211,0
955,3747091.211,174.3845,0,3747091.211,0
956,3747091.211,174.6303,0,3747091.211,0
957,3747091.211,174.8761,0,3747091.211,0
958,3747091.211,175.1215,0,3747091.211,0
959,4174348,175.2253,0,4174348,0
960,4174348,175.3255,0,4174348,0
961,4174348,175.4287,0,4174348,0
962,4174348,175.532,0,4174348,0
963,4251936.45,175.6322,77588.45,4174348,0
964,4541231.8052,175.8797,794140.5943,3747091.211,0
965,3747091.211,176.1245,0,3747091.211,0
966,3747091.211,176.371,0,3747091.211,0
967,3747091.211,176.6194,0,3747091.211,0
968,3747091.211,176.8654,0,3747091.211,0
969,3747091.211,177.1111,0,3747091.211,0
970,4174348,177.215,0,4174348,0
971,4174348,177.3147,0,4174348,0
972,4174348,177.415,0,4174348,0
973,4174348,177.5148,0,4174348,0
974,4312121.76,177.6142,137773.76,4174348,0
975,3747091.211,177.8606,0,3747091.211,0
976,3747091.211,178.1063,0,3747091.211,0
977,3747091.211,178.3527,0,3747091.211,0
978,3747091.211,178.5978,0,3747091.211,0
979,3747091.211,178.8432,0,3747091.211,0
980,4174348,178.9458,0,4174348,0
981,4174348,179.0475,0,4174348,0
982,4174348,179.1489,0,4174348,0
983,4174348,179.2502,0,4174348,0
984,4251936.45,179.3499,77588.45,4174348,0
985,4541231.8052,179.5965,794140.5943,3747091.211,0
986,3747091.211,179.8445,0,3747091.211,0
987,3747091.211,180.0892,0,3747091.211,0
988,3747091.211,180.3361,0,3747091.211,0
989,3747091.211,180.5816,0,3747091.211,0
990,4174348,180.8274,0,4174348,0
991,4174348,180.93,0,4174348,0
992,4174348,181.0297,0,4174348,0
993,4174348,181.1294,0,4174348,0
994,4174348,181.2309,0,4174348,0
995,4312121.76,181.3307,137773.76,4174348,0
996,4174348,181.5766,0,4174348,0
997,4174348,181.8215,0,4174348,0
998,4174348,182.0672,0,4174348,0
999,4174348,182.3133,0,4174348,0
1000,4174348,182.5592,0,4174348,0
1001,4174348,182.6618,0,4174348,0
1002,4174348,182.7615,0,4174348,0
1003,4174348,182.8624,0,4174348,0
1004,4174348,182.9627,0,4174348,0
1005,4251936.45,183.0626,77588.45,4174348,0
1006,4251936.45,183.3103,77588.45,4174348,0
1007,4174348,183.5556,0,4174348,0
1008,4174348,183.8007,0,4174348,0
1009,4174348,184.0457,0,4174348,0
1010,4174348,184.2924,0,4174348,0
1011,4174348,184.5383,0,4174348,0
1012,4174348,184.6399,0,4174348,0
1013,4174348,184.7399,0,4174348,0
1014,4174348,184.84,0,4174348,0
1015,4174348,184.9402,0,4174348,0
1016,4312121.76,185.0403,137773.76,4174348,0
1017,4174348,185.288,0,4174348,0
1018,4174348,185.5333,0,4174348,0
1019,4174348,185.7781,0,4174348,0
1020,4174348,186.0263,0,4174348,0
1021,4174348,186.273,0,4174348,0
1022,4174348,186.3754,0,4174348,0
1023,4174348,186.4762,0,4174348,0
1024,4174348,186.576,0,4174348,0
1025,4174348,186.6763,0,4174348,0
1026,4251936.45,186.7763,77588.45,4174348,0
1027,4251936.45,187.0279,77588.45,4174348,0
1028,4174348,187.275,0,4174348,0
1029,4174348,187.5207,0,4174348,0
1030,4174348,187.7666,0,4174348,0
1031,4174348,188.0119,0,4174348,0
1032,4174348,188.259,0,4174348,0
1033,4174348,188.3611,0,4174348,0
1034,4174348,188.4607,0,4174348,0
1035,4174348,188.5615,0,4174348,0
1036,4174348,188.6615,0,4174348,0
1037,4312121.76,188.7616,137773.76,4174348,0
1038,4174348,189.0077,0,4174348,0
1039,4174348,189.2549,0,4174348,0
1040,4174348,189.5013,0,4174348,0
1041,4174348,189.7462,0,4174348,0
1042,4174348,189.9935,0,4174348,0
1043,4174348,190.0957,0,4174348,0
1044,4174348,190.1976,0,4174348,0
1045,4174348,190.2975,0,4174348,0
1046,4174348,190.3974,0,4174348,0
1047,4251936.45,190.4976,77588.45,4174348,0
1048,4251936.45,190.7453,77588.45,4174348,0
1049,4174348,190.9898,0,4174348,0
1050,4174348,191.2361,0,4174348,0
1051,4174348,191.4827,0,4174348,0
1052,4174348,191.7305,0,4174348,0
1053,4174348,191.9879,0,4174348,0
1054,4174348,192.0904,0,4174348,0
1055,4174348,192.1917,0,4174348,0
1056,4174348,192.2929,0,4174348,0
1057,4174348,192.3931,0,4174348,0
1058,4312121.76,192.494,137773.76,4174348,0
1059,4174348,192.7395,0,4174348,0
1060,4174348,192.9866,0,4174348,0
1061,4174348,193.2328,0,4174348,0
1062,4174348,193.4783,0,4174348,0
1063,4174348,193.7235,0,4174348,0
1064,4174348,193.8256,0,4174348,0
1065,4174348,193.9253,0,4174348,0
1066,4174348,194.0259,0,4174348,0
1067,4174348,194.1261,0,4174348,0
1068,4251936.45,194.2285,77588.45,4174348,0
1069,4251936.45,194.4774,77588.45,4174348,0
1070,4098175.3679,194.723,0,4098175.3679,0
1071,4098175.3679,194.9697,0,4098175.3679,0
1072,4098175.3679,195.218,0,4098175.3679,0
1073,4098175.3679,195.4632,0,4098175.3679,0
1074,4098175.3679,195.7084,0,4098175.3679,0
1075,4174348,195.8119,0,4174348,0
1076,4174348,195.9117,0,4174348,0
1077,4174348,196.0116,0,4174348,0
1078,4174348,196.1113,0,4174348,0
1079,4312121.76,196.2127,137773.76,4174348,0
1080,3933069.8769,196.4591,0,3933069.8769,0
1081,3933069.8769,196.7051,0,3933069.8769,0
1082,3933069.8769,196.9502,0,3933069.8769,0
1083,3933069.8769,197.1977,0,3933069.8769,0
1084,3933069.8769,197.4447,0,3933069.8769,0
1085,4174348,197.5512,0,4174348,0
1086,4174348,197.6509,0,4174348,0
1087,4174348,197.7506,0,4174348,0
1088,4174348,197.8509,0,4174348,0
1089,4251936.45,197.9508,77588.45,4174348,0
1090,4541231.8052,198.2018,794140.5943,3747091.211,0
1091,3747091.211,198.4397,0,3747091.211,0
1092,3747091.211,198.6803,0,3747091.211,0
1093,3747091.211,198.9208,0,3747091.211,0
1094,3747091.211,199.1613,0,3747091.211,0
1095,3747091.211,199.4036,0,3747091.211,0
1096,4174348,199.504,0,4174348,0
1097,4174348,199.6019,0,4174348,0
1098,4174348,199.6999,0,4174348,0
1099,4174348,199.7983,0,4174348,0
1100,4312121.76,199.8967,137773.76,4174348,0
1101,3747091.211,200.1378,0,3747091.211,0
1102,3747091.211,200.3788,0,3747091.211,0
1103,3747091.211,200.6192,0,3747091.211,0
1104,3747091.211,200.8603,0,3747091.211,0
1105,3747091.211,201.1013,0,3747091.211,0
1106,4174348,201.202,0,4174348,0
1107,4174348,201.2999,0,4174348,0
1108,4174348,201.398,0,4174348,0
1109,4174348,201.4961,0,4174348,0
1110,4251936.45,201.5945,77588.45,4174348,0
1111,4541231.8052,201.8348,794140.5943,3747091.211,0
1112,3747091.211,202.0757,0,3747091.211,0
1113,3747091.211,202.3165,0,3747091.211,0
1114,3747091.211,202.5577,0,3747091.211,0
1115,3747091.211,202.7989,0,3747091.211,0
1116,3747091.211,203.0395,0,3747091.211,0
1117,4174348,203.1399,0,4174348,0
1118,4174348,203.2379,0,4174348,0
1119,4174348,203.3358,0,4174348,0
1120,4174348,203.434,0,4174348,0
1121,4312121.76,203.532,137773.76,4174348,0
1122,3747091.211,203.7735,0,3747091.211,0
1123,3747091.211,204.0153,0,3747091.211,0
1124,3747091.211,204.2559,0,3747091.211,0
1125,3747091.211,204.4966,0,3747091.211,0
1126,3747091.211,204.7384,0,3747091.211,0
1127,4174348,204.8387,0,4174348,0
1128,4174348,204.9384,0,4174348,0
1129,4174348,205.0368,0,4174348,0
1130,4174348,205.1352,0,4174348,0
1131,4251936.45,205.2339,77588.45,4174348,0
1132,4541231.8052,205.4756,794140.5943,3747091.211,0
1133,3747091.211,205.7163,0,3747091.211,0
1134,3747091.211,205.9566,0,3747091.211,0
1135,3747091.211,206.1972,0,3747091.211,0
1136,3747091.211,206.4376,0,3747091.211,0
1137,3747091.211,206.6784,0,3747091.211,0
1138,4174348,206.7789,0,4174348,0
1139,4174348,206.8768,0,4174348,0
1140,4174348,206.975,0,4174348,0
1141,4174348,207.0729,0,4174348,0
1142,4312121.76,207.171,137773.76,4174348,0
1143,3747091.211,207.412,0,3747091.211,0
1144,3747091.211,207.6529,0,3747091.211,0
1145,3747091.211,207.8931,0,3747091.211,0
1146,3747091.211,208.1335,0,3747091.211,0
1147,3747091.211,208.3759,0,3747091.211,0
1148,4174348,208.4772,0,4174348,0
1149,4174348,208.5749,0,4174348,0
1150,4174348,208.6715,0,4174348,0
1151,4174348,208.7691,0,4174348,0
1152,4251936.45,208.8709,77588.45,4174348,0
1153,4541231.8052,209.1132,794140.5943,3747091.211,0
1154,3747091.211,209.3531,0,3747091.211,0
1155,3747091.211,209.5932,0,3747091.211,0
1156,3747091.211,209.8334,0,3747091.211,0
1157,3747091.211,210.075,0,3747091.211,0
1158,3747091.211,210.3153,0,3747091.211,0
1159,4174348,210.4147,0,4174348,0
1160,4174348,210.5127,0,4174348,0
1161,4174348,210.6107,0,4174348,0
1162,4174348,210.7088,0,4174348,0
1163,4312121.76,210.8068,137773.76,4174348,0
1164,3747091.211,211.0466,0,3747091.211,0
1165,3747091.211,211.2877,0,3747091.211,0
1166,3747091.211,211.5278,0,3747091.211,0
1167,3747091.211,211.7681,0,3747091.211,0
1168,3747091.211,212.0086,0,3747091.211,0
1169,4174348,212.108,0,4174348,0
1170,4174348,212.2061,0,4174348,0
1171,4174348,212.3042,0,4174348,0
1172,4174348,212.4022,0,4174348,0
1173,4251936.45,212.5002,77588.45,4174348,0
1174,4541231.8052,212.741,794140.5943,3747091.211,0
1175,3747091.211,212.9813,0,3747091.211,0
1176,3747091.211,213.2213,0,3747091.211,0
1177,3747091.211,213.4616,0,3747091.211,0
1178,3747091.211,213.702,0,3747091.211,0
1179,3747091.211,213.9426,0,3747091.211,0
1180,4174348,214.0423,0,4174348,0
1181,4174348,214.1402,0,4174348,0
1182,4174348,214.2382,0,4174348,0
1183,4174348,214.3367,0,4174348,0
1184,4312121.76,214.4356,137773.76,4174348,0
1185,3747091.211,214.6755,0,3747091.211,0
1186,3747091.211,214.9163,0,3747091.211,0
1187,3747091.211,215.1563,0,3747091.211,0
1188,3747091.211,215.3974,0,3747091.211,0
1189,3747091.211,215.6388,0,3747091.211,0
1190,4174348,215.7383,0,4174348,0
1191,4174348,215.8362,0,4174348,0
1192,4174348,215.9344,0,4174348,0
1193,4174348,216.0326,0,4174348,0
1194,4251936.45,216.1307,77588.45,4174348,0
1195,4541231.8052,216.3715,794140.5943,3747091.211,0
1196,3747091.211,216.6125,0,3747091.211,0
1197,3747091.211,216.8534,0,3747091.211,0
1198,3747091.211,217.0951,0,3747091.211,0
1199,3747091.211,217.3356,0,3747091.211,0
1200,4174348,217.5767,0,4174348,0
1201,4174348,217.676,0,4174348,0
1202,4174348,217.774,0,4174348,0
1203,4174348,217.8721,0,4174348,0
1204,4174348,217.9702,0,4174348,0
1205,4312121.76,218.0684,137773.76,4174348,0
1206,4174348,218.3087,0,4174348,0
1207,4174348,218.5496,0,4174348,0
1208,4174348,218.7899,0,4174348,0
1209,4174348,219.0305,0,4174348,0
1210,4174348,219.2717,0,4174348,0
1211,4174348,219.3712,0,4174348,0
1212,4174348,219.4692,0,4174348,0
1213,4174348,219.5675,0,4174348,0
1214,4174348,219.6656,0,4174348,0
1215,4251936.45,219.7639,77588.45,4174348,0
1216,4251936.45,220.0047,77588.45,4174348,0
1217,4174348,220.2452,0,4174348,0
1218,4174348,220.4855,0,4174348,0
1219,4174348,220.7261,0,4174348,0
1220,4174348,220.967,0,4174348,0
1221,4174348,221.2077,0,4174348,0
1222,4174348,221.307,0,4174348,0
1223,4174348,221.4051,0,4174348,0
1224,4174348,221.5032,0,4174348,0
1225,4174348,221.6013,0,4174348,0
1226,4312121.76,221.6995,137773.76,4174348,0
1227,4174348,221.9399,0,4174348,0
1228,4174348,222.181,0,4174348,0
1229,4174348,222.4213,0,4174348,0
1230,4174348,222.6621,0,4174348,0
1231,4174348,222.903,0,4174348,0
1232,4174348,223.0024,0,4174348,0
1233,4174348,223.1004,0,4174348,0
1234,4174348,223.1985,0,4174348,0
1235,4174348,223.2968,0,4174348,0
1236,4251936.45,223.395,77588.45,4174348,0
1237,4251936.45,223.6362,77588.45,4174348,0
1238,4174348,223.8765,0,4174348,0
1239,4174348,224.118,0,4174348,0
1240,4174348,224.3586,0,4174348,0
1241,4174348,224.5992,0,4174348,0
1242,4174348,224.8398,0,4174348,0
1243,4174348,224.9393,0,4174348,0
1244,4174348,225.0376,0,4174348,0
1245,4174348,225.1359,0,4174348,0
1246,4174348,225.2342,0,4174348,0
1247,4312121.76,225.3335,137773.76,4174348,0
1248,4174348,225.5725,0,4174348,0
1249,4174348,225.8132,0,4174348,0
1250,4174348,226.0536,0,4174348,0
1251,4174348,226.2943,0,4174348,0
1252,4174348,226.5354,0,4174348,0
1253,4174348,226.6351,0,4174348,0
1254,4174348,226.7333,0,4174348,0
1255,4174348,226.8314,0,4174348,0
1256,4174348,226.9294,0,4174348,0
1257,4251936.45,227.0277,77588.45,4174348,0
1258,4251936.45,227.2689,77588.45,4174348,0
1259,4174348,227.5093,0,4174348,0
1260,4174348,227.7502,0,4174348,0
1261,4174348,227.9905,0,4174348,0
1262,4174348,228.2314,0,4174348,0
1263,4174348,228.4722,0,4174348,0
1264,4174348,228.5717,0,4174348,0
1265,4174348,228.6714,0,4174348,0
1266,4174348,228.7698,0,4174348,0
1267,4174348,228.8679,0,4174348,0
1268,4312121.76,228.966,137773.76,4174348,0
1269,4174348,229.2067,0,4174348,0
1270,4174348,229.4479,0,4174348,0
1271,4174348,229.6883,0,4174348,0
1272,4174348,229.9288,0,4174348,0
1273,4174348,230.1698,0,4174348,0
1274,4174348,230.269,0,4174348,0
1275,4174348,230.367,0,4174348,0
1276,4174348,230.465,0,4174348,0
1277,4174348,230.5632,0,4174348,0
1278,4251936.45,230.6614,77588.45,4174348,0
1279,4251936.45,230.902,77588.45,4174348,0
1280,4098175.3679,231.1424,0,4098175.3679,0
1281,4098175.3679,231.3828,0,4098175.3679,0
1282,4098175.3679,231.6232,0,4098175.3679,0
1283,4098175.3679,231.8639,0,4098175.3679,0
1284,4098175.3679,232.1055,0,4098175.3679,0
1285,4174348,232.205,0,4174348,0
1286,4174348,232.303,0,4174348,0
1287,4174348,232.4011,0,4174348,0
1288,4174348,232.4991,0,4174348,0
1289,4312121.76,232.5975,137773.76,4174348,0
1290,3933069.8769,232.838,0,3933069.8769,0
1291,3933069.8769,233.0788,0,3933069.8769,0
1292,3933069.8769,233.3191,0,3933069.8769,0
1293,3933069.8769,233.5594,0,3933069.8769,0
1294,3933069.8769,233.8002,0,3933069.8769,0
1295,4174348,233.8997,0,4174348,0
1296,4174348,233.9977,0,4174348,0
1297,4174348,234.0959,0,4174348,0
1298,4174348,234.1941,0,4174348,0
1299,4251936.45,234.2923,77588.45,4174348,0
1300,4541231.8052,234.5333,794140.5943,3747091.211,0
1301,3747091.211,234.7739,0,3747091.211,0
1302,3747091.211,235.0147,0,3747091.211,0
1303,3747091.211,235.2558,0,3747091.211,0
1304,3747091.211,235.4965,0,3747091.211,0
1305,3747091.211,235.7373,0,3747091.211,0
1306,4174348,235.8368,0,4174348,0
1307,4174348,235.9348,0,4174348,0
1308,4174348,236.0328,0,4174348,0
1309,4174348,236.1308,0,4174348,0
1310,4312121.76,236.2292,137773.76,4174348,0
1311,3747091.211,236.4693,0,3747091.211,0
1312,3747091.211,236.7107,0,3747091.211,0
1313,3747091.211,236.9508,0,3747091.211,0
1314,3747091.211,237.1912,0,3747091.211,0
1315,3747091.211,237.4334,0,3747091.211,0
1316,4174348,237.533,0,4174348,0
1317,4174348,237.6313,0,4174348,0
1318,4174348,237.7295,0,4174348,0
1319,4174348,237.8276,0,4174348,0
1320,4251936.45,237.926,77588.45,4174348,0
1321,4541231.8052,238.1671,794140.5943,3747091.211,0
1322,3747091.211,238.4076,0,3747091.211,0
1323,3747091.211,238.6482,0,3747091.211,0
1324,3747091.211,238.889,0,3747091.211,0
1325,3747091.211,239.1296,0,3747091.211,0
1326,3747091.211,239.37,0,3747091.211,0
1327,4174348,239.4697,0,4174348,0
1328,4174348,239.5677,0,4174348,0
1329,4174348,239.6657,0,4174348,0
1330,4174348,239.7639,0,4174348,0
1331,4312121.76,239.862,137773.76,4174348,0
1332,3747091.211,240.103,0,3747091.211,0
1333,3747091.211,240.3439,0,3747091.211,0
1334,3747091.211,240.5843,0,3747091.211,0
1335,3747091.211,240.8247,0,3747091.211,0
1336,3747091.211,241.0656,0,3747091.211,0
1337,4174348,241.1653,0,4174348,0
1338,4174348,241.2636,0,4174348,0
1339,4174348,241.3617,0,4174348,0
1340,4174348,241.4602,0,4174348,0
1341,4251936.45,241.5583,77588.45,4174348,0
1342,4541231.8052,241.7991,794140.5943,3747091.211,0
1343,3747091.211,242.0398,0,3747091.211,0
1344,3747091.211,242.2803,0,3747091.211,0
1345,3747091.211,242.5208,0,3747091.211,0
1346,3747091.211,242.7624,0,3747091.211,0
1347,3747091.211,243.0029,0,3747091.211,0
1348,4174348,243.1026,0,4174348,0
1349,4174348,243.2007,0,4174348,0
1350,4174348,243.2989,0,4174348,0
1351,4174348,243.3971,0,4174348,0
1352,4312121.76,243.4952,137773.76,4174348,0
1353,3747091.211,243.7355,0,3747091.211,0
1354,3747091.211,243.9766,0,3747091.211,0
1355,3747091.211,244.2174,0,3747091.211,0
1356,3747091.211,244.4585,0,3747091.211,0
1357,3747091.211,244.6998,0,3747091.211,0
1358,4174348,244.7994,0,4174348,0
1359,4174348,244.8975,0,4174348,0
1360,4174348,244.9961,0,4174348,0
1361,4174348,245.0942,0,4174348,0
1362,4251936.45,245.1924,77588.45,4174348,0
1363,4541231.8052,245.4338,794140.5943,3747091.211,0
1364,3747091.211,245.6745,0,3747091.211,0
1365,3747091.211,245.9147,0,3747091.211,0
1366,3747091.211,246.1552,0,3747091.211,0
1367,3747091.211,246.3958,0,3747091.211,0
1368,3747091.211,246.6367,0,3747091.211,0
1369,4174348,246.7363,0,4174348,0
1370,4174348,246.8344,0,4174348,0
1371,4174348,246.9324,0,4174348,0
1372,4174348,247.0316,0,4174348,0
1373,4312121.76,247.1296,137773.76,4174348,0
1374,3747091.211,247.3696,0,3747091.211,0
1375,3747091.211,247.6135,0,3747091.211,0
1376,3747091.211,247.8585,0,3747091.211,0
1377,3747091.211,248.1035,0,3747091.211,0
1378,3747091.211,248.3501,0,3747091.211,0
1379,4174348,248.4518,0,4174348,0
1380,4174348,248.5517,0,4174348,0
1381,4174348,248.6515,0,4174348,0
1382,4174348,248.7518,0,4174348,0
1383,4251936.45,248.8517,77588.45,4174348,0
1384,4541231.8052,249.0972,794140.5943,3747091.211,0
1385,3747091.211,249.3434,0,3747091.211,0
1386,3747091.211,249.5885,0,3747091.211,0
1387,3747091.211,249.8348,0,3747091.211,0
1388,3747091.211,250.0803,0,3747091.211,0
1389,3747091.211,250.3274,0,3747091.211,0
1390,4174348,250.4331,0,4174348,0
1391,4174348,250.5327,0,4174348,0
1392,4174348,250.6325,0,4174348,0
1393,4174348,250.7326,0,4174348,0
1394,4312121.76,250.8326,137773.76,4174348,0
1395,3747091.211,251.0778,0,3747091.211,0
1396,3747091.211,251.3243,0,3747091.211,0
1397,3747091.211,251.571,0,3747091.211,0
1398,3747091.211,251.8287,0,3747091.211,0
1399,3747091.211,252.0749,0,3747091.211,0
1400,4174348,252.1772,0,4174348,0
1401,4174348,252.2784,0,4174348,0
1402,4174348,252.3786,0,4174348,0
1403,4174348,252.4785,0,4174348,0
1404,4251936.45,252.5787,77588.45,4174348,0
1405,4541231.8052,252.826,794140.5943,3747091.211,0
1406,3747091.211,253.0713,0,3747091.211,0
1407,3747091.211,253.3178,0,3747091.211,0
1408,3747091.211,253.5665,0,3747091.211,0
1409,3747091.211,253.8126,0,3747091.211,0
1410,4174348,254.059,0,4174348,0
1411,4174348,254.161,0,4174348,0
1412,4174348,254.2623,0,4174348,0
1413,4174348,254.3624,0,4174348,0
1414,4174348,254.4622,0,4174348,0
1415,4312121.76,254.5619,137773.76,4174348,0
1416,4174348,254.8076,0,4174348,0
1417,4174348,255.0532,0,4174348,0
1418,4174348,255.2997,0,4174348,0
1419,4174348,255.5447,0,4174348,0
1420,4174348,255.7911,0,4174348,0
1421,4174348,255.8936,0,4174348,0
1422,4174348,255.9933,0,4174348,0
1423,4174348,256.093,0,4174348,0
1424,4174348,256.1932,0,4174348,0
1425,4251936.45,256.2945,77588.45,4174348,0
1426,4251936.45,256.5445,77588.45,4174348,0
1427,4174348,256.7892,0,4174348,0
1428,4174348,257.0344,0,4174348,0
1429,4174348,257.2921,0,4174348,0
1430,4174348,257.5433,0,4174348,0
1431,4174348,257.7884,0,4174348,0
1432,4174348,257.892,0,4174348,0
1433,4174348,257.9936,0,4174348,0
1434,4174348,258.0934,0,4174348,0
1435,4174348,258.1926,0,4174348,0
1436,4312121.76,258.2939,137773.76,4174348,0
1437,4174348,258.5397,0,4174348,0
1438,4174348,258.7861,0,4174348,0
1439,4174348,259.0309,0,4174348,0
1440,4174348,259.2791,0,4174348,0
1441,4174348,259.5266,0,4174348,0
1442,4174348,259.6292,0,4174348,0
1443,4174348,259.7291,0,4174348,0
1444,4174348,259.8292,0,4174348,0
1445,4174348,259.929,0,4174348,0
1446,4251936.45,260.0294,77588.45,4174348,0
1447,4251936.45,260.2776,77588.45,4174348,0
1448,4174348,260.5223,0,4174348,0
1449,4174348,260.7675,0,4174348,0
1450,4174348,261.0125,0,4174348,0
1451,4174348,261.2585,0,4174348,0
1452,4174348,261.5041,0,4174348,0
1453,4174348,261.6059,0,4174348,0
1454,4174348,261.7068,0,4174348,0
1455,4174348,261.8069,0,4174348,0
1456,4174348,261.9068,0,4174348,0
1457,4312121.76,262.0073,137773.76,4174348,0
1458,4174348,262.2552,0,4174348,0
1459,4174348,262.4976,0,4174348,0
1460,4174348,262.7384,0,4174348,0
1461,4174348,262.9786,0,4174348,0
1462,4174348,263.2192,0,4174348,0
1463,4174348,263.3189,0,4174348,0
1464,4174348,263.4168,0,4174348,0
1465,4174348,263.5149,0,4174348,0
1466,4174348,263.6131,0,4174348,0
1467,4251936.45,263.7112,77588.45,4174348,0
1468,4251936.45,263.9518,77588.45,4174348,0
1469,4174348,264.192,0,4174348,0
1470,4174348,264.4329,0,4174348,0
1471,4174348,264.6733,0,4174348,0
1472,4174348,264.9145,0,4174348,0
1473,4174348,265.155,0,4174348,0
1474,4174348,265.2545,0,4174348,0
1475,4174348,265.3527,0,4174348,0
1476,4174348,265.4511,0,4174348,0
1477,4174348,265.5494,0,4174348,0
1478,4312121.76,265.6481,137773.76,4174348,0
1479,4174348,265.8895,0,4174348,0
1480,4174348,266.1315,0,4174348,0
1481,4174348,266.3722,0,4174348,0
1482,4174348,266.6127,0,4174348,0
1483,4174348,266.8534,0,4174348,0
1484,4174348,266.9526,0,4174348,0
1485,4174348,267.0508,0,4174348,0
1486,4174348,267.1493,0,4174348,0
1487,4174348,267.2477,0,4174348,0
1488,4251936.45,267.3463,77588.45,4174348,0
1489,4251936.45,267.5882,77588.45,4174348,0
1490,4098175.3679,267.8299,0,4098175.3679,0
1491,4098175.3679,268.0699,0,4098175.3679,0
1492,4098175.3679,268.3102,0,4098175.3679,0
1493,4098175.3679,268.5501,0,4098175.3679,0
1494,4098175.3679,268.7903,0,4098175.3679,0
1495,4174348,268.8901,0,4174348,0
1496,4174348,268.9876,0,4174348,0
1497,4174348,269.0852,0,4174348,0
1498,4174348,269.1827,0,4174348,0
1499,4312121.76,269.2804,137773.76,4174348,0
1500,3933069.8769,269.5206,0,3933069.8769,0
1501,3933069.8769,269.761,0,3933069.8769,0
1502,3933069.8769,270.0003,0,3933069.8769,0
1503,3933069.8769,270.2402,0,3933069.8769,0
1504,3933069.8769,270.4814,0,3933069.8769,0
1505,4174348,270.5813,0,4174348,0
1506,4174348,270.679,0,4174348,0
1507,4174348,270.777,0,4174348,0
1508,4174348,270.8749,0,4174348,0
1509,4251936.45,270.9728,77588.45,4174348,0
1510,4541231.8052,271.2139,794140.5943,3747091.211,0
1511,3747091.211,271.4536,0,3747091.211,0
1512,3747091.211,271.6931,0,3747091.211,0
1513,3747091.211,271.9328,0,3747091.211,0
1514,3747091.211,272.173,0,3747091.211,0
1515,3747091.211,272.4131,0,3747091.211,0
1516,4174348,272.5125,0,4174348,0
1517,4174348,272.6102,0,4174348,0
1518,4174348,272.7079,0,4174348,0
1519,4174348,272.8056,0,4174348,0
1520,4312121.76,272.9038,137773.76,4174348,0
1521,3747091.211,273.1454,0,3747091.211,0
1522,3747091.211,273.3856,0,3747091.211,0
1523,3747091.211,273.625,0,3747091.211,0
1524,3747091.211,273.8649,0,3747091.211,0
1525,3747091.211,274.1051,0,3747091.211,0
1526,4174348,274.2053,0,4174348,0
1527,4174348,274.3031,0,4174348,0
1528,4174348,274.401,0,4174348,0
1529,4174348,274.499,0,4174348,0
1530,4251936.45,274.5972,77588.45,4174348,0
1531,4541231.8052,274.8381,794140.5943,3747091.211,0
1532,3747091.211,275.0785,0,3747091.211,0
1533,3747091.211,275.3184,0,3747091.211,0
1534,3747091.211,275.5584,0,3747091.211,0
1535,3747091.211,275.7988,0,3747091.211,0
1536,3747091.211,276.0388,0,3747091.211,0
1537,4174348,276.1381,0,4174348,0
1538,4174348,276.2358,0,4174348,0
1539,4174348,276.3336,0,4174348,0
1540,4174348,276.4316,0,4174348,0
1541,4312121.76,276.5294,137773.76,4174348,0
1542,3747091.211,276.7695,0,3747091.211,0
1543,3747091.211,277.01,0,3747091.211,0
1544,3747091.211,277.2496,0,3747091.211,0
1545,3747091.211,277.4896,0,3747091.211,0
1546,3747091.211,277.7305,0,3747091.211,0
1547,4174348,277.8308,0,4174348,0
1548,4174348,277.9286,0,4174348,0
1549,4174348,278.0265,0,4174348,0
1550,4174348,278.125,0,4174348,0
1551,4251936.45,278.2233,77588.45,4174348,0
1552,4541231.8052,278.4645,794140.5943,3747091.211,0
1553,3747091.211,278.7053,0,3747091.211,0
1554,3747091.211,278.9501,0,3747091.211,0
1555,3747091.211,279.1953,0,3747091.211,0
1556,3747091.211,279.4409,0,3747091.211,0
1557,3747091.211,279.6869,0,3747091.211,0
1558,4174348,279.7885,0,4174348,0
1559,4174348,279.8881,0,4174348,0
1560,4174348,279.9878,0,4174348,0
1561,4174348,280.0873,0,4174348,0
1562,4312121.76,280.1868,137773.76,4174348,0
1563,3747091.211,280.439,0,3747091.211,0
1564,3747091.211,280.6837,0,3747091.211,0
1565,3747091.211,280.9276,0,3747091.211,0
1566,3747091.211,281.1716,0,3747091.211,0
1567,3747091.211,281.4173,0,3747091.211,0
1568,4174348,281.5193,0,4174348,0
1569,4174348,281.6187,0,4174348,0
1570,4174348,281.7183,0,4174348,0
1571,4174348,281.8182,0,4174348,0
1572,4251936.45,281.918,77588.45,4174348,0
1573,4541231.8052,282.1638,794140.5943,3747091.211,0
1574,3747091.211,282.4097,0,3747091.211,0
1575,3747091.211,282.6551,0,3747091.211,0
1576,3747091.211,282.8994,0,3747091.211,0
1577,3747091.211,283.1437,0,3747091.211,0
1578,3747091.211,283.3935,0,3747091.211,0
1579,4174348,283.4961,0,4174348,0
1580,4174348,283.5959,0,4174348,0
1581,4174348,283.6954,0,4174348,0
1582,4174348,283.795,0,4174348,0
1583,4312121.76,283.8945,137773.76,4174348,0
1584,3747091.211,284.1389,0,3747091.211,0
1585,3747091.211,284.3853,0,3747091.211,0
1586,3747091.211,284.6297,0,3747091.211,0
1587,3747091.211,284.8735,0,3747091.211,0
1588,3747091.211,285.1182,0,3747091.211,0
1589,4174348,285.2204,0,4174348,0
1590,4174348,285.3218,0,4174348,0
1591,4174348,285.4223,0,4174348,0
1592,4174348,285.5218,0,4174348,0
1593,4251936.45,285.6225,77588.45,4174348,0
1594,4541231.8052,285.8677,794140.5943,3747091.211,0
1595,3747091.211,286.1116,0,3747091.211,0
1596,3747091.211,286.3586,0,3747091.211,0
1597,3747091.211,286.6052,0,3747091.211,0
1598,3747091.211,286.8497,0,3747091.211,0
1599,3747091.211,287.0943,0,3747091.211,0
1600,4174348,287.1963,0,4174348,0
1601,4174348,287.2972,0,4174348,0
1602,4174348,287.3968,0,4174348,0
1603,4174348,287.4964,0,4174348,0
1604,4312121.76,287.5962,137773.76,4174348,0
1605,3747091.211,287.8443,0,3747091.211,0
1606,3747091.211,288.0888,0,3747091.211,0
1607,3747091.211,288.3342,0,3747091.211,0
1608,3747091.211,288.5786,0,3747091.211,0
1609,3747091.211,288.8276,0,3747091.211,0
1610,4174348,288.9297,0,4174348,0
1611,4174348,289.0293,0,4174348,0
1612,4174348,289.129,0,4174348,0
1613,4174348,289.2306,0,4174348,0
1614,4251936.45,289.3319,77588.45,4174348,0
1615,4541231.8052,289.5775,794140.5943,3747091.211,0
1616,3747091.211,289.8213,0,3747091.211,0
1617,3747091.211,290.0657,0,3747091.211,0
1618,3747091.211,290.3118,0,3747091.211,0
1619,3747091.211,290.556,0,3747091.211,0
1620,4174348,290.804,0,4174348,0
1621,4174348,290.9055,0,4174348,0
1622,4174348,291.0049,0,4174348,0
1623,4174348,291.1045,0,4174348,0
1624,4174348,291.2037,0,4174348,0
1625,4312121.76,291.3045,137773.76,4174348,0
1626,4174348,291.5506,0,4174348,0
1627,4174348,291.7977,0,4174348,0
1628,4174348,292.0416,0,4174348,0
1629,4174348,292.2891,0,4174348,0
1630,4174348,292.5356,0,4174348,0
1631,4174348,292.6374,0,4174348,0
1632,4174348,292.7368,0,4174348,0
1633,4174348,292.8365,0,4174348,0
1634,4174348,292.9364,0,4174348,0
1635,4251936.45,293.0361,77588.45,4174348,0
1636,4251936.45,293.2829,77588.45,4174348,0
1637,4174348,293.5269,0,4174348,0
1638,4174348,293.7712,0,4174348,0
1639,4174348,294.0168,0,4174348,0
1640,4174348,294.2619,0,4174348,0
1641,4174348,294.5101,0,4174348,0
1642,4174348,294.612,0,4174348,0
1643,4174348,294.7115,0,4174348,0
1644,4174348,294.812,0,4174348,0
1645,4174348,294.9116,0,4174348,0
1646,4312121.76,295.0112,137773.76,4174348,0
1647,4174348,295.2583,0,4174348,0
1648,4174348,295.507,0,4174348,0
1649,4174348,295.7469,0,4174348,0
1650,4174348,295.99,0,4174348,0
1651,4174348,296.2347,0,4174348,0
1652,4174348,296.338,0,4174348,0
1653,4174348,296.4377,0,4174348,0
1654,4174348,296.5372,0,4174348,0
1655,4174348,296.6396,0,4174348,0
1656,4251936.45,296.7405,77588.45,4174348,0
1657,4251936.45,296.9864,77588.45,4174348,0
1658,4174348,297.2309,0,4174348,0
1659,4174348,297.4768,0,4174348,0
1660,4174348,297.7213,0,4174348,0
1661,4174348,297.9661,0,4174348,0
1662,4174348,298.2113,0,4174348,0
1663,4174348,298.3156,0,4174348,0
1664,4174348,298.4154,0,4174348,0
1665,4174348,298.5149,0,4174348,0
1666,4174348,298.6148,0,4174348,0
1667,4312121.76,298.7144,137773.76,4174348,0
1668,4174348,298.9604,0,4174348,0
1669,4174348,299.2049,0,4174348,0
1670,4174348,299.4509,0,4174348,0
1671,4174348,299.6954,0,4174348,0
1672,4174348,299.9429,0,4174348,0
1673,4174348,300.0448,0,4174348,0
1674,4174348,300.1444,0,4174348,0
1675,4174348,300.2447,0,4174348,0
1676,4174348,300.3458,0,4174348,0
1677,4251936.45,300.4457,77588.45,4174348,0
1678,4251936.45,300.6908,77588.45,4174348,0
1679,4174348,300.9305,0,4174348,0
1680,4174348,301.1708,0,4174348,0
1681,4174348,301.4112,0,4174348,0
1682,4174348,301.6513,0,4174348,0
1683,4174348,301.892,0,4174348,0
1684,4174348,301.9915,0,4174348,0
1685,4174348,302.0903,0,4174348,0
1686,4174348,302.19,0,4174348,0
1687,4174348,302.291,0,4174348,0
1688,4312121.76,302.3909,137773.76,4174348,0
1689,4174348,302.6356,0,4174348,0
1690,4174348,302.883,0,4174348,0
1691,4174348,303.1272,0,4174348,0
1692,4174348,303.3724,0,4174348,0
1693,4174348,303.6173,0,4174348,0
1694,4174348,303.7188,0,4174348,0
1695,4174348,303.8184,0,4174348,0
1696,4174348,303.9179,0,4174348,0
1697,4174348,304.0173,0,4174348,0
1698,4251936.45,304.117,77588.45,4174348,0
1699,4251936.45,304.3642,77588.45,4174348,0
1700,4098175.3679,304.6084,0,4098175.3679,0
1701,4098175.3679,304.8541,0,4098175.3679,0
1702,4098175.3679,305.0986,0,4098175.3679,0
1703,4098175.3679,305.3461,0,4098175.3679,0
1704,4098175.3679,305.5903,0,4098175.3679,0
1705,4174348,305.692,0,4174348,0
1706,4174348,305.7917,0,4174348,0
1707,4174348,305.8912,0,4174348,0
1708,4174348,305.9913,0,4174348,0
1709,4312121.76,306.0913,137773.76,4174348,0
1710,3933069.8769,306.3408,0,3933069.8769,0
1711,3933069.8769,306.5929,0,3933069.8769,0
1712,3933069.8769,306.8325,0,3933069.8769,0
1713,3933069.8769,307.0724,0,3933069.8769,0
1714,3933069.8769,307.3135,0,3933069.8769,0
1715,4174348,307.4134,0,4174348,0
1716,4174348,307.5111,0,4174348,0
1717,4174348,307.6086,0,4174348,0
1718,4174348,307.7065,0,4174348,0
1719,4251936.45,307.8042,77588.45,4174348,0
1720,4541231.8052,308.0451,794140.5943,3747091.211,0
1721,3747091.211,308.2858,0,3747091.211,0
1722,3747091.211,308.5254,0,3747091.211,0
1723,3747091.211,308.7662,0,3747091.211,0
1724,3747091.211,309.006,0,3747091.211,0
1725,3747091.211,309.2458,0,3747091.211,0
1726,4174348,309.3456,0,4174348,0
1727,4174348,309.4432,0,4174348,0
1728,4174348,309.5409,0,4174348,0
1729,4174348,309.6385,0,4174348,0
1730,4312121.76,309.7365,137773.76,4174348,0
1731,3747091.211,309.9766,0,3747091.211,0
1732,3747091.211,310.2181,0,3747091.211,0
1733,3747091.211,310.4585,0,3747091.211,0
1734,3747091.211,310.6984,0,3747091.211,0
1735,3747091.211,310.9401,0,3747091.211,0
1736,4174348,311.0421,0,4174348,0
1737,4174348,311.1531,0,4174348,0
1738,4174348,311.2528,0,4174348,0
1739,4174348,311.3538,0,4174348,0
1740,4251936.45,311.4553,77588.45,4174348,0
1741,4541231.8052,311.7014,794140.5943,3747091.211,0
1742,3747091.211,311.9457,0,3747091.211,0
1743,3747091.211,312.1959,0,3747091.211,0
1744,3747091.211,312.4422,0,3747091.211,0
1745,3747091.211,312.6875,0,3747091.211,0
1746,3747091.211,312.9334,0,3747091.211,0
1747,4174348,313.0355,0,4174348,0
1748,4174348,313.1394,0,4174348,0
1749,4174348,313.241,0,4174348,0
1750,4174348,313.3423,0,4174348,0
1751,4312121.76,313.444,137773.76,4174348,0
1752,3747091.211,313.6885,0,3747091.211,0
1753,3747091.211,313.9334,0,3747091.211,0
1754,3747091.211,314.1777,0,3747091.211,0
1755,3747091.211,314.423,0,3747091.211,0
1756,3747091.211,314.6693,0,3747091.211,0
1757,4174348,314.7711,0,4174348,0
1758,4174348,314.8704,0,4174348,0
1759,4174348,314.9705,0,4174348,0
1760,4174348,315.0718,0,4174348,0
1761,4251936.45,315.1717,77588.45,4174348,0
1762,4541231.8052,315.4192,794140.5943,3747091.211,0
1763,3747091.211,315.6635,0,3747091.211,0
1764,3747091.211,315.9076,0,3747091.211,0
1765,3747091.211,316.1517,0,3747091.211,0
1766,3747091.211,316.3985,0,3747091.211,0
1767,3747091.211,316.6424,0,3747091.211,0
1768,4174348,316.745,0,4174348,0
1769,4174348,316.8443,0,4174348,0
1770,4174348,316.9444,0,4174348,0
1771,4174348,317.0441,0,4174348,0
1772,4312121.76,317.1437,137773.76,4174348,0
1773,3747091.211,317.3908,0,3747091.211,0
1774,3747091.211,317.6358,0,3747091.211,0
1775,3747091.211,317.8808,0,3747091.211,0
1776,3747091.211,318.1248,0,3747091.211,0
1777,3747091.211,318.3739,0,3747091.211,0
1778,4174348,318.4763,0,4174348,0
1779,4174348,318.5759,0,4174348,0
1780,4174348,318.6754,0,4174348,0
1781,4174348,318.7751,0,4174348,0
1782,4251936.45,318.8749,77588.45,4174348,0
1783,4541231.8052,319.1205,794140.5943,3747091.211,0
1784,3747091.211,319.3672,0,3747091.211,0
1785,3747091.211,319.6115,0,3747091.211,0
1786,3747091.211,319.8557,0,3747091.211,0
1787,3747091.211,320.1012,0,3747091.211,0
1788,3747091.211,320.3475,0,3747091.211,0
1789,4174348,320.4493,0,4174348,0
1790,4174348,320.549,0,4174348,0
1791,4174348,320.6496,0,4174348,0
1792,4174348,320.7493,0,4174348,0
1793,4312121.76,320.849,137773.76,4174348,0
1794,3747091.211,321.0941,0,3747091.211,0
1795,3747091.211,321.3398,0,3747091.211,0
1796,3747091.211,321.5846,0,3747091.211,0
1797,3747091.211,321.8288,0,3747091.211,0
1798,3747091.211,322.0733,0,3747091.211,0
1799,4174348,322.1753,0,4174348,0
1800,4174348,322.2764,0,4174348,0
1801,4174348,322.378,0,4174348,0
1802,4174348,322.4776,0,4174348,0
1803,4251936.45,322.5774,77588.45,4174348,0
1804,4541231.8052,322.8241,794140.5943,3747091.211,0
1805,3747091.211,323.0686,0,3747091.211,0
1806,3747091.211,323.3157,0,3747091.211,0
1807,3747091.211,323.5602,0,3747091.211,0
1808,3747091.211,323.8075,0,3747091.211,0
1809,3747091.211,324.0528,0,3747091.211,0
1810,4174348,324.1548,0,4174348,0
1811,4174348,324.2546,0,4174348,0
1812,4174348,324.3595,0,4174348,0
1813,4174348,324.4602,0,4174348,0
1814,4312121.76,324.5602,137773.76,4174348,0
1815,3747091.211,324.8048,0,3747091.211,0
1816,3747091.211,325.0496,0,3747091.211,0
1817,3747091.211,325.2973,0,3747091.211,0
1818,3747091.211,325.546,0,3747091.211,0
1819,3747091.211,325.7917,0,3747091.211,0
1820,4174348,325.8943,0,4174348,0
1821,4174348,325.9939,0,4174348,0
1822,4174348,326.0934,0,4174348,0
1823,4174348,326.1964,0,4174348,0
1824,4251936.45,326.2973,77588.45,4174348,0
1825,4541231.8052,326.5431,794140.5943,3747091.211,0
1826,3747091.211,326.7867,0,3747091.211,0
1827,3747091.211,327.0309,0,3747091.211,0
1828,3747091.211,327.2749,0,3747091.211,0
1829,3747091.211,327.5215,0,3747091.211,0
1830,4174348,327.7665,0,4174348,0
1831,4174348,327.8693,0,4174348,0
1832,4174348,327.969,0,4174348,0
1833,4174348,328.0688,0,4174348,0
1834,4174348,328.1692,0,4174348,0
1835,4312121.76,328.2703,137773.76,4174348,0
1836,4174348,328.5166,0,4174348,0
1837,4174348,328.7617,0,4174348,0
1838,4174348,329.0058,0,4174348,0
1839,4174348,329.25,0,4174348,0
1840,4174348,329.4961,0,4174348,0
1841,4174348,329.598,0,4174348,0
1842,4174348,329.6977,0,4174348,0
1843,4174348,329.7973,0,4174348,0
1844,4174348,329.8967,0,4174348,0
1845,4251936.45,329.9969,77588.45,4174348,0
1846,4251936.45,330.243,77588.45,4174348,0
1847,4174348,330.4893,0,4174348,0
1848,4174348,330.7348,0,4174348,0
1849,4174348,330.9795,0,4174348,0
1850,4174348,331.2251,0,4174348,0
1851,4174348,331.4711,0,4174348,0
1852,4174348,331.5723,0,4174348,0
1853,4174348,331.6721,0,4174348,0
1854,4174348,331.7741,0,4174348,0
1855,4174348,331.8738,0,4174348,0
1856,4312121.76,331.9735,137773.76,4174348,0
1857,4174348,332.218,0,4174348,0
1858,4174348,332.4639,0,4174348,0
1859,4174348,332.7078,0,4174348,0
1860,4174348,332.9532,0,4174348,0
1861,4174348,333.1985,0,4174348,0
1862,4174348,333.3013,0,4174348,0
1863,4174348,333.4019,0,4174348,0
1864,4174348,333.5016,0,4174348,0
1865,4174348,333.6011,0,4174348,0
1866,4251936.45,333.7019,77588.45,4174348,0
1867,4251936.45,333.9476,77588.45,4174348,0
1868,4174348,334.1913,0,4174348,0
1869,4174348,334.4403,0,4174348,0
1870,4174348,334.6851,0,4174348,0
1871,4174348,334.9294,0,4174348,0
1872,4174348,335.1734,0,4174348,0
1873,4174348,335.2754,0,4174348,0
1874,4174348,335.3765,0,4174348,0
1875,4174348,335.4762,0,4174348,0
1876,4174348,335.5754,0,4174348,0
1877,4312121.76,335.675,137773.76,4174348,0
1878,4174348,335.9198,0,4174348,0
1879,4174348,336.1656,0,4174348,0
1880,4174348,336.4151,0,4174348,0
1881,4174348,336.6593,0,4174348,0
1882,4174348,336.9042,0,4174348,0
1883,4174348,337.0116,0,4174348,0
1884,4174348,337.1114,0,4174348,0
1885,4174348,337.2119,0,4174348,0
1886,4174348,337.3143,0,4174348,0
1887,4251936.45,337.4141,77588.45,4174348,0
1888,4251936.45,337.6597,77588.45,4174348,0
1889,4174348,337.9036,0,4174348,0
1890,4174348,338.1477,0,4174348,0
1891,4174348,338.3934,0,4174348,0
1892,4174348,338.6375,0,4174348,0
1893,4174348,338.8821,0,4174348,0
1894,4174348,338.9837,0,4174348,0
1895,4174348,339.0835,0,4174348,0
1896,4174348,339.1829,0,4174348,0
1897,4174348,339.2827,0,4174348,0
1898,4312121.76,339.3838,137773.76,4174348,0
1899,4174348,339.6291,0,4174348,0
1900,4174348,339.8739,0,4174348,0
1901,4174348,340.119,0,4174348,0
1902,4174348,340.3669,0,4174348,0
1903,4174348,340.6116,0,4174348,0
1904,4174348,340.7132,0,4174348,0
1905,4174348,340.8126,0,4174348,0
1906,4174348,340.9123,0,4174348,0
1907,4174348,341.0119,0,4174348,0
1908,4251936.45,341.1115,77588.45,4174348,0
1909,4251936.45,341.3593,77588.45,4174348,0
1910,4098175.3679,341.5992,0,4098175.3679,0
1911,4098175.3679,341.8386,0,4098175.3679,0
1912,4098175.3679,342.0782,0,4098175.3679,0
1913,4098175.3679,342.3183,0,4098175.3679,0
1914,4098175.3679,342.5585,0,4098175.3679,0
1915,4174348,342.6583,0,4174348,0
1916,4174348,342.7559,0,4174348,0
1917,4174348,342.8535,0,4174348,0
1918,4174348,342.9512,0,4174348,0
1919,4312121.76,343.0488,137773.76,4174348,0
1920,3933069.8769,343.2895,0,3933069.8769,0
1921,3933069.8769,343.5299,0,3933069.8769,0
1922,3933069.8769,343.769,0,3933069.8769,0
1923,3933069.8769,344.0083,0,3933069.8769,0
1924,3933069.8769,344.2482,0,3933069.8769,0
1925,4174348,344.3475,0,4174348,0
1926,4174348,344.4451,0,4174348,0
1927,4174348,344.5428,0,4174348,0
1928,4174348,344.6406,0,4174348,0
1929,4251936.45,344.739,77588.45,4174348,0
1930,4541231.8052,344.9796,794140.5943,3747091.211,0
1931,3747091.211,345.2193,0,3747091.211,0
1932,3747091.211,345.4604,0,3747091.211,0
1933,3747091.211,345.7002,0,3747091.211,0
1934,3747091.211,345.9402,0,3747091.211,0
1935,3747091.211,346.1799,0,3747091.211,0
1936,4174348,346.2793,0,4174348,0
1937,4174348,346.377,0,4174348,0
1938,4174348,346.4747,0,4174348,0
1939,4174348,346.5724,0,4174348,0
1940,4312121.76,346.6704,137773.76,4174348,0
1941,3747091.211,346.9097,0,3747091.211,0
1942,3747091.211,347.15,0,3747091.211,0
1943,3747091.211,347.3906,0,3747091.211,0
1944,3747091.211,347.6303,0,3747091.211,0
1945,3747091.211,347.8716,0,3747091.211,0
1946,4174348,347.971,0,4174348,0
1947,4174348,348.0688,0,4174348,0
1948,4174348,348.1668,0,4174348,0
1949,4174348,348.2647,0,4174348,0
1950,4251936.45,348.3629,77588.45,4174348,0
1951,4541231.8052,348.6035,794140.5943,3747091.211,0
1952,3747091.211,348.845,0,3747091.211,0
1953,3747091.211,349.085,0,3747091.211,0
1954,3747091.211,349.3251,0,3747091.211,0
1955,3747091.211,349.565,0,3747091.211,0
1956,3747091.211,349.8051,0,3747091.211,0
1957,4174348,349.9045,0,4174348,0
1958,4174348,350.0022,0,4174348,0
1959,4174348,350.1013,0,4174348,0
1960,4174348,350.1994,0,4174348,0
1961,4312121.76,350.2972,137773.76,4174348,0
1962,3747091.211,350.5368,0,3747091.211,0
1963,3747091.211,350.7785,0,3747091.211,0
1964,3747091.211,351.0188,0,3747091.211,0
1965,3747091.211,351.2591,0,3747091.211,0
1966,3747091.211,351.4998,0,3747091.211,0
1967,4174348,351.5993,0,4174348,0
1968,4174348,351.6971,0,4174348,0
1969,4174348,351.7967,0,4174348,0
1970,4174348,351.895,0,4174348,0
1971,4251936.45,351.9932,77588.45,4174348,0
1972,4541231.8052,352.2339,794140.5943,3747091.211,0
1973,3747091.211,352.4745,0,3747091.211,0
1974,3747091.211,352.7169,0,3747091.211,0
1975,3747091.211,352.9572,0,3747091.211,0
1976,3747091.211,353.1986,0,3747091.211,0
1977,3747091.211,353.4387,0,3747091.211,0
1978,4174348,353.5381,0,4174348,0
1979,4174348,353.6358,0,4174348,0
1980,4174348,353.7337,0,4174348,0
1981,4174348,353.8329,0,4174348,0
1982,4312121.76,353.931,137773.76,4174348,0
1983,3747091.211,354.1707,0,3747091.211,0
1984,3747091.211,354.4112,0,3747091.211,0
1985,3747091.211,354.6511,0,3747091.211,0
1986,3747091.211,354.891,0,3747091.211,0
1987,3747091.211,355.1318,0,3747091.211,0
1988,4174348,355.2312,0,4174348,0
1989,4174348,355.3291,0,4174348,0
1990,4174348,355.4284,0,4174348,0
1991,4174348,355.5265,0,4174348,0
1992,4251936.45,355.6245,77588.45,4174348,0
1993,4541231.8052,355.8649,794140.5943,3747091.211,0
1994,3747091.211,356.1058,0,3747091.211,0
1995,3747091.211,356.3462,0,3747091.211,0
1996,3747091.211,356.5863,0,3747091.211,0
1997,3747091.211,356.827,0,3747091.211,0
1998,3747091.211,357.0678,0,3747091.211,0
1999,4174348,357.1673,0,4174348,0
2000,4174348,357.2651,0,4174348,0
2001,4174348,357.3629,0,4174348,0
