1,13556211129,0.035182,11492033140,0,2064177989
2,9740913645,0.048919,8717818320,0,1023095325
3,5943354020,0.062305,4991896100,0,951457920
4,4486278460,0.075663,3534820540,0,951457920
5,3684795685,0.089055,3367723285,0,317072400
6,2995530920,0.10239,2678458520,0,317072400
7,2461796944,0.11572,2147782060,0,314014884
8,2121701389,0.12901,1807686505,0,314014884
9,1822673499,0.14232,1459508030,49150585,314014884
10,248801758.138,0.15579,193377060.6072,1325404.6911,54099292.8397
11,213346335.7952,0.16937,157921638.2645,1325404.6911,54099292.8397
12,184597244.008,0.18298,115314984.6268,1325404.6911,67956854.6902
13,163641618.9319,0.19657,106427406.7861,2588162.5761,54626049.5696
14,150458621.3283,0.21011,91805215.444,4027356.3146,54626049.5696
15,150458621.3283,0.22363,91805215.444,4027356.3146,54626049.5696
16,152449104.0863,0.23721,92961490.5983,4861563.9184,54626049.5696
17,139052367.9995,0.25076,79564754.5115,4861563.9184,54626049.5696
18,151774084.4197,0.26438,92286470.9317,4861563.9184,54626049.5696
19,97156646.1287,0.27793,92295082.2103,4861563.9184,0
20,109374046.1933,0.29156,102812359.5606,6561686.6326,0
21,142211083.8917,0.30526,131921461.6912,10289622.2005,0
22,184273198.2649,0.31901,173983576.0644,10289622.2005,0
23,190918174.8498,0.33261,180628552.6492,10289622.2005,0
24,848381403,0.36502,642746920,205634483,0
25,620667926,0.39702,489534925,131133001,0
26,545738076,0.42889,414605075,131133001,0
27,479784611,0.46092,348651610,131133001,0
28,421025146,0.49302,289892145,131133001,0
29,373025146,0.5249,249892145,123133001,0
30,60829804.085,0.55692,33480897.8978,25187938.8472,2160967.34
31,49784937.3631,0.58912,31870706.1571,11984217.616,5930013.59
32,42069073.8123,0.62126,34366369.5413,1772690.681,5930013.59
33,36709818.0585,0.65348,29007113.7875,1772690.681,5930013.59
34,31350562.3047,0.68585,23647858.0338,1772690.681,5930013.59
35,26020405.3,0.71803,18317701.029,1772690.681,5930013.59
36,22251359.05,0.75024,18317701.029,1772690.681,2160967.34
37,19755695.6657,0.78246,15822037.6448,1772690.681,2160967.34
38,17983004.9848,0.81466,15822037.6448,0,2160967.34
39,17113093.2705,0.84682,14952125.9305,0,2160967.34
40,23171517.8143,0.87952,23171517.8143,0,0
41,16181723.1843,0.91163,16181723.1843,0,0
42,12511474.6389,0.94369,12511474.6389,0,0
43,11844559.9851,0.97576,11844559.9851,0,0
44,5521680.009,1.0077,5521680.009,0,0
45,5172190.2775,1.0397,5172190.2775,0,0
46,4854765.3551,1.0719,4854765.3551,0,0
47,4547369.9143,1.1042,4547369.9143,0,0
48,4509417.9507,1.1362,4509417.9507,0,0
49,4197880.1828,1.1682,4197880.1828,0,0
50,4804582,1.2007,4804582,0,0
51,4804582,1.2329,4804582,0,0
52,4804582,1.2659,4804582,0,0
53,4804582,1.2984,4804582,0,0
54,4564168.3646,1.3124,4564168.3646,0,0
55,6907338.1718,1.3261,4564168.3646,2343169.8071,0
56,16047557.6937,1.3399,11244970.851,4802586.8427,0
57,48884595.3921,1.3536,40354072.9816,8530522.4106,0
58,87930595.8866,1.3675,75778780.0639,12151815.8227,0
59,44184483.92,1.3999,42479689,1704794.92,0
60,15083738.9634,1.4322,11380565.1485,3703173.815,0
61,6425973.1064,1.4645,4619204.0967,1806769.0097,0
62,4619204.0967,1.4967,4619204.0967,0,0
63,4583921.075,1.5288,4583921.075,0,0
64,77044.0674,1.5609,77044.0674,0,0
65,35283.0217,1.5929,35283.0217,0,0
66,0,1.6249,0,0,0
