1,67807239241,0.039099,63378407885,0,4428831356
2,55672842270,0.057659,50988732935,0,4684109335
3,47804633861,0.076033,44858527025,0,2946106836
4,40317229216,0.09441,37747841095,0,2569388121
5,34785680941,0.11281,32181718210,0,2603962731
6,29579908989,0.13119,27285029050,36923135,2257956804
7,25804937269,0.1496,23478596395,68384070,2257956804
8,22637507229,0.16791,20478596395,68384070,2090526764
9,19665287828,0.18626,17824974550,68384070,1771929208
10,2983830521.5619,0.20478,2823488040.438,683840.7,159658640.4239
11,2655240047.6999,0.22332,2494897566.576,683840.7,159658640.4239
12,2333342001.5938,0.24183,2084366969.234,683840.7,248291191.6598
13,2023669309.2214,0.26039,1808142826.5383,683840.7,214842641.9831
14,1749337337.37,0.27889,1543237593.649,683840.7,205415903.021
15,1402327768.795,0.29743,1212657557.2451,1081533.2,188588678.3498
16,1214970980.1763,0.31596,1023971402.7233,1081533.2,189918044.253
17,1068205408.7185,0.33457,877205831.2655,1081533.2,189918044.253
18,963900177.9398,0.35319,821160161.0475,1220317.12,141519699.7723
19,866438737.7612,0.37177,757683267.5465,1220317.12,107535153.0947
20,808279065.1571,0.39051,632425832.5574,1220317.12,174632915.4798
21,749447732.2504,0.40903,599426891.6227,1899718.07,148121122.5577
22,700089892.1818,0.42761,550069051.5541,1899718.07,148121122.5577
23,653922926.2207,0.44621,503388230.593,2413573.07,148121122.5577
24,616437141.6868,0.46474,465902446.0591,2413573.07,148121122.5577
25,572183603.0439,0.48326,374837896.7035,2413573.07,194932133.2704
26,515291919.2052,0.50184,335348630.6044,2895572.82,177047715.7809
27,482271656.4486,0.52042,257543384.6004,2895572.82,221832699.0282
28,340769558.1489,0.539,263276014.8998,2895572.82,74597970.429
29,288928773.2892,0.55751,214741277.2955,3507330.15,70680165.8437
30,250575197.5202,0.57621,167876100.2045,4257576.9249,78441520.3907
31,190508501.6078,0.5947,107521650.3937,4545330.8233,78441520.3907
32,167564311.0629,0.61321,84008760.135,5114030.5372,78441520.3907
33,160798213.6032,0.63173,76629377.7753,5727315.4371,78441520.3907
34,161519152.5583,0.65024,76629377.7753,6448254.3923,78441520.3907
35,166770852.4765,0.66878,76629377.7753,7236409.376,82905065.3252
36,161244197.5826,0.68734,141058921.2765,8146840.5465,12038435.7596
37,120123502.828,0.70595,111976662.2815,8146840.5465,0
38,119402563.8729,0.7244,111976662.2815,7425901.5914,0
39,120312995.0434,0.74287,111976662.2815,8336332.7619,0
40,229609939.2429,0.76179,182026953.3498,47582985.8932,0
41,223606959.5837,0.78028,167782102.5445,52779639.4792,3045217.56
42,220060077.6421,0.79888,159038567.0168,57976293.0653,3045217.56
43,267719251.1668,0.81773,188956545.6119,58205548.6349,20557156.92
44,273459494.4905,0.83642,198197360.1793,54704977.3912,20557156.92
45,289533377.2298,0.85529,205691468.8567,59206696.1431,24635212.23
46,284852202.0609,0.87396,205691468.8567,54707983.2742,24452749.93
47,334536064.8635,0.89277,255192869.3593,54707983.2742,24635212.23
48,381915995.6673,0.9117,300959979.7631,54707983.2742,26248032.63
49,386031045.9072,0.93036,300959979.7631,58823033.5141,26248032.63
50,548511386.2767,0.94909,252104318.1095,117934578.9076,178472489.2596
51,3625268258,0.99391,1567088760,813955475,1244224023
52,2874314114,1.0379,1074185880,813955475,986172759
53,2195605062,1.0822,959798225,773955475,461851362
54,1835020742,1.1261,861324915,733955475,239740352
55,1574284180,1.1703,840328705,733955475,0
56,1428218610,1.2143,694263135,733955475,0
57,1337285440,1.2581,603329965,733955475,0
58,1248364395,1.3022,517717620,730646775,0
59,1173364395,1.3463,517717620,655646775,0
60,381734634.2956,1.3903,48561159.0331,333173475.2625,0
61,363008391.2398,1.4343,52185918.8812,310822472.3586,0
62,342171435.7901,1.4785,53699966.3355,288471469.4547,0
63,326529623.2773,1.5227,57363939.1665,266120466.5508,3045217.56
64,310447979.7839,1.5669,41282295.6731,266120466.5508,3045217.56
65,288096976.8799,1.6111,41282295.6731,243769463.6468,3045217.56
66,267632168.7305,1.6552,65770835.5285,201861333.202,0
67,246139284.927,1.6992,44277951.725,201861333.202,0
68,230687601.888,1.7434,51048334.2419,179639267.6461,0
69,208336598.984,1.7876,51048334.2419,157288264.7422,0
70,221264395.5241,1.8317,27601155.0892,193663240.4349,0
71,198616333.9643,1.8757,35151966.9888,163464366.9755,0
72,187487933.3187,1.9198,41919984.2291,145567949.0896,0
73,181448158.6268,1.9638,41919984.2291,139528174.3977,0
74,176586403.5268,2.008,39959758.921,133488399.7058,3138244.9
75,169252671.4929,2.0522,35764271.7871,133488399.7058,0
76,161943508.7147,2.096,58653982.4683,103289526.2464,0
77,155562336.5483,2.1402,52272810.302,103289526.2464,0
78,142603458.066,2.1835,39313931.8197,103289526.2464,0
79,136610504.8465,2.2273,33320978.6002,103289526.2464,0
80,130562722.5844,2.2707,33169230.3251,97393492.2593,0
81,126123276.8531,2.3138,34778486.4187,91344790.4344,0
82,118171021.4607,2.3568,32874932.8513,85296088.6095,0
83,112279071.3532,2.3997,31427562.796,80851508.5572,0
84,107677739.5835,2.4428,32874932.8513,74802806.7323,0
85,103409895.5099,2.4859,44617800.6328,58792094.8771,0
86,99312491.86,2.5291,46569098.8079,52743393.0521,0
87,95374816.7787,2.5728,42631423.7266,52743393.0521,0
88,91472220.4286,2.6173,38728827.3764,52743393.0521,0
89,87773306.3807,2.6614,38728827.3764,47565206.7843,1479272.22
90,100621844.5522,2.7059,66530499.9429,34091344.6093,0
91,95465206.3244,2.7501,58505884.7405,34091344.6093,2867976.9745
92,91935310.5988,2.7947,54975989.015,34091344.6093,2867976.9745
93,88405414.8732,2.8391,51446093.2894,34091344.6093,2867976.9745
94,84561423.2899,2.8832,47602101.7061,34091344.6093,2867976.9745
95,81031527.5644,2.9272,44072205.9806,34091344.6093,2867976.9745
96,78120385.4956,2.9713,41161063.9118,34091344.6093,2867976.9745
97,75405282.8475,3.0156,34110683.6039,38426622.2691,2867976.9745
98,72773989.8702,3.0598,30740153.4044,38426622.2691,3607214.1968
99,70887774.2563,3.1043,24643705.7957,42636854.2638,3607214.1968
100,73559957.1925,3.1488,19416404.0481,47322974.9666,6820578.1778
101,69489055.845,3.193,19416404.0481,47322974.9666,2749676.8303
102,68280603.2216,3.2371,20244227.3781,45286699.0132,2749676.8303
103,67378146.3042,3.2811,20257723.2639,45286699.0132,1833724.0271
104,66601251.0807,3.3251,20396780.8436,45286699.0132,917771.2239
105,65903757.7384,3.3691,24372256.62,40613729.8945,917771.2239
106,65075278.7519,3.4132,23543777.6334,40613729.8945,917771.2239
107,64404754.9225,3.4574,22873253.804,40613729.8945,917771.2239
108,63976016.7521,3.5016,22873253.804,40613729.8945,489033.0535
109,63580221.3901,3.5456,27289216.7133,35801971.6232,489033.0535
110,64276190.067,3.5899,30662091.4683,33517995.4487,96103.15
111,61853943.5877,3.6339,28239844.989,33517995.4487,96103.15
112,59443129.0958,3.6778,25829030.4971,33517995.4487,96103.15
113,58386861.5353,3.7219,24772762.9367,33517995.4487,96103.15
114,57867638.9377,3.766,21339089.2417,36432446.546,96103.15
115,57426512.732,3.8102,20897963.0361,36432446.546,96103.15
116,55371049.1308,3.8543,18842499.4349,36432446.546,96103.15
117,54956561.3657,3.8984,18428011.6697,36432446.546,96103.15
118,51937375.4359,3.9425,15408825.7399,36432446.546,96103.15
119,48503701.7409,3.9866,11975152.045,36432446.546,96103.15
120,52997185.0458,4.031,9081316.7506,42588813.1852,1327055.11
121,50834409.5314,4.0752,12927558.3196,36579796.1018,1327055.11
122,49291593.9794,4.1194,16988853.5017,30975685.3677,1327055.11
123,47379092.5379,4.1638,18963985.5622,27088051.8657,1327055.11
124,45636276.7449,4.208,17221169.7691,27088051.8657,1327055.11
125,44242942.053,4.2521,15827835.0773,27088051.8657,1327055.11
126,43011990.093,4.2961,15827835.0773,27088051.8657,96103.15
127,41652368.0528,4.3402,14564316.187,27088051.8657,0
128,39773339.1423,4.3843,12589184.1266,27088051.8657,96103.15
129,38491313.2818,4.4284,17316175.3495,21079034.7824,96103.15
130,45331228.6023,4.473,29866845.6025,15368279.8498,96103.15
131,43726374.4301,4.5173,28261991.4303,15368279.8498,96103.15
132,42619255.8132,4.5618,27154872.8135,15368279.8498,96103.15
133,42184813.6904,4.6062,26720430.6907,15368279.8498,96103.15
134,39020277.4728,4.6504,23555894.4731,15368279.8498,96103.15
135,36392912.7023,4.6945,16547482.0354,19749327.5169,96103.15
136,35642495.5769,4.7388,15797064.9099,19749327.5169,96103.15
137,32793934.3619,4.783,12948503.6949,19749327.5169,96103.15
138,32073767.5849,4.8271,9393945.2948,22583719.1401,96103.15
139,31639325.4621,4.8716,8959503.172,22583719.1401,96103.15
140,34921739.6128,4.916,5389844.7756,29435791.6872,96103.15
141,34749495.5366,4.9603,5503115.2457,29150277.1409,96103.15
142,34606756.1081,5.0047,5503115.2457,29007537.7124,96103.15
143,34493485.638,5.0491,5389844.7756,29007537.7124,96103.15
144,34397382.488,5.0938,5389844.7756,29007537.7124,0
145,32405436.6016,5.1379,3397898.8892,29007537.7124,0
146,30948517.8225,5.1821,5635347.7588,25313170.0636,0
147,29536464.8948,5.2262,9933585.7581,19602879.1367,0
148,28313792.5743,5.2696,8710913.4376,19602879.1367,0
149,26076343.7046,5.313,6473464.5679,19602879.1367,0
150,24960239.65,5.3564,10328765.6358,14631474.0142,0
151,24074642.0963,5.4004,9443168.0821,14631474.0142,0
152,22918250.9184,5.4436,14300773.148,8617477.7703,0
153,22032653.3647,5.4867,13415175.5944,8617477.7703,0
154,21792917.638,5.5298,13175439.8677,8617477.7703,0
155,20046649.6086,5.5731,11429171.8382,8617477.7703,0
156,19806913.8819,5.6172,11189436.1116,8617477.7703,0
157,18578562.863,5.6612,9961085.0926,8617477.7703,0
158,18060645.8524,5.7052,9443168.0821,8617477.7703,0
159,17820910.1258,5.7492,9203432.3554,8617477.7703,0
160,24212277.5684,5.7934,18669119.0539,5543158.5146,0
161,24005701.5341,5.8376,18462543.0195,5543158.5146,0
162,23799125.4997,5.8818,18255966.9852,5543158.5146,0
163,21239102.1944,5.9257,11827464.3667,9411637.8277,0
164,21087268.8092,5.9699,11675630.9815,9411637.8277,0
165,21074116.7405,6.0143,11469054.9472,9605061.7934,0
166,21074116.7405,6.0585,11469054.9472,9605061.7934,0
167,21074116.7405,6.1029,11469054.9472,9605061.7934,0
168,18518755.186,6.1468,8913693.3927,9605061.7934,0
169,18312179.1517,6.191,8707117.3583,9605061.7934,0
170,18435189.7101,6.2357,8016574.3183,10418615.3917,0
171,18435189.7101,6.2802,8016574.3183,10418615.3917,0
172,18244996.7836,6.3242,7826381.3918,10418615.3917,0
173,18054803.8571,6.3684,7636188.4654,10418615.3917,0
174,18035189.7101,6.4127,7826381.3918,10208808.3182,0
175,18035189.7101,6.4573,7826381.3918,10208808.3182,0
176,18015575.563,6.5014,8016574.3183,9999001.2447,0
177,18015575.563,6.546,8016574.3183,9999001.2447,0
178,18015575.563,6.5903,8016574.3183,9999001.2447,0
179,17825382.6366,6.6343,7826381.3918,9999001.2447,0
180,17744583.9513,6.6783,7051222.4463,10693361.505,0
181,17568960.6494,6.7223,6875599.1444,10693361.505,0
182,17393337.3475,6.7664,6699975.8425,10693361.505,0
183,17217714.0456,6.8105,6524352.5405,10693361.505,0
184,17042090.7436,6.8544,6348729.2386,10693361.505,0
185,16866467.4417,6.8984,6173105.9367,10693361.505,0
186,16690844.1398,6.9425,5997482.6348,10693361.505,0
187,16629465.552,6.9866,5936104.047,10693361.505,0
188,16515220.8378,7.0305,5821859.3328,10693361.505,0
189,16251453.0788,7.0745,5558091.5738,10693361.505,0
190,14575491.8448,7.1185,2031997.4967,12543494.3482,0
191,13424634.8505,7.1627,6145093.9239,7279540.9266,0
192,13298239.5083,7.2068,6281896.2529,7016343.2555,0
193,13171844.1662,7.251,6418698.5818,6753145.5844,0
194,13045448.824,7.2951,6555500.9107,6489947.9133,0
195,12919053.4819,7.3391,6692303.2396,6226750.2422,0
196,12792658.1397,7.3832,6829105.5685,5963552.5712,0
197,12666262.7975,7.4272,6965907.8975,5700354.9001,0
198,12539867.4554,7.4713,7102710.2264,5437157.229,0
199,12413472.1132,7.5154,7239512.5553,5173959.5579,0
200,11943078.9446,7.5597,5331253.5239,6611825.4208,0
201,10650414.2707,7.6038,704173.1373,9946241.1334,0
202,10417135.0564,7.6477,470893.9229,9946241.1334,0
203,10265384.5946,7.6917,319143.4612,9946241.1334,0
204,10032105.3803,7.7358,85864.2468,9946241.1334,0
205,9981794.0521,7.7798,35552.9187,9946241.1334,0
206,9946241.1334,7.8239,0,9946241.1334,0
207,9946241.1334,7.8681,0,9946241.1334,0
208,9946241.1334,7.9125,0,9946241.1334,0
209,9946241.1334,7.9569,0,9946241.1334,0
210,23863230,8.0017,0,23863230,0
211,8058026.9606,8.0213,3155699.8606,4902327.1,0
212,3636255.6663,8.0398,0,3636255.6663,0
213,14361529.3698,8.0582,0,14361529.3698,0
214,25474084.2642,8.0766,0,25474084.2642,0
215,47680902.2947,8.0957,22206818.0306,25474084.2642,0
216,47349928.2951,8.1142,21875844.0309,25474084.2642,0
217,70934973.8713,8.1324,36256940.264,34523860.0998,154173.5075
218,102185099.8473,8.1509,67507066.24,34523860.0998,154173.5075
219,141071530.1592,8.1698,101287314.4267,39784215.7325,0
220,194647648.51,8.1884,100820141.9631,90185969.8369,3641536.71
221,251910651.3,8.2319,1404208.59,246864906,3641536.71
222,181525151.3,8.2759,1404208.59,176479406,3641536.71
223,119073834.65,8.319,1299177.65,117774657,0
224,59499467.26,8.3632,1114716.26,58384751,0
225,24544658.6,8.4072,681428.6,23863230,0
226,13355949.97,8.4514,2542637.41,8340095,2473217.56
227,5435289.75,8.4954,2621977.19,340095,2473217.56
228,2971587.8,8.5396,1918275.24,340095,713217.56
229,1799609.09,8.5838,1459514.09,340095,0
230,85925005.2779,8.6281,85860733.2036,64272.0742,0
231,63168350.7428,8.672,63104078.6685,64272.0742,0
232,50243715.6042,8.716,50179443.5299,64272.0742,0
233,43851680.4219,8.7601,43691305.1976,64272.0742,96103.15
234,43392887.129,8.8044,43232511.9048,64272.0742,96103.15
235,37757913.8459,8.8485,37597538.6217,64272.0742,96103.15
236,37363542.0896,8.8926,37203166.8653,64272.0742,96103.15
237,36992473.2591,8.9368,36928201.1848,64272.0742,0
238,31639144.3838,8.9809,31574872.3096,64272.0742,0
239,26716412.7028,9.025,25140278.9609,1576133.7419,0
240,4187753.8253,9.0692,1836024.1015,2351729.7237,0
241,3190096.5196,9.1132,838366.7958,2351729.7237,0
242,3190096.5196,9.1573,838366.7958,2351729.7237,0
243,3190096.5196,9.2016,838366.7958,2351729.7237,0
244,2351729.7237,9.2456,0,2351729.7237,0
245,2351729.7237,9.2897,0,2351729.7237,0
246,2351729.7237,9.3339,0,2351729.7237,0
247,2351729.7237,9.3784,0,2351729.7237,0
248,2351729.7237,9.423,0,2351729.7237,0
249,31091739.4431,9.4422,0,31091739.4431,0
250,110572282,9.4611,323552,110248730,0
251,88652974.52,9.4794,3274161.96,78725595,6653217.56
252,86913673.45,9.4979,5355415.11,78725595,2832663.34
253,87419831.96,9.5165,5861573.62,78725595,2832663.34
254,88031698.3,9.5351,6473439.96,78725595,2832663.34
255,88968767.47,9.5538,7410509.13,78725595,2832663.34
256,89922472.56,9.5725,8364214.22,78725595,2832663.34
257,602527433.2992,9.617,591229802.2839,4644413.4552,6653217.56
258,492339126.2175,9.6613,481041495.2023,4644413.4552,6653217.56
259,229240627.8333,9.7054,224596214.3781,4644413.4552,0
260,175489345.4292,9.7499,173894365.4462,1594979.983,0
261,83680929.8872,9.7941,82085949.9041,1594979.983,0
262,34090555.6609,9.8381,32495575.6779,1594979.983,0
263,27714183.3332,9.8821,26119203.3501,1594979.983,0
264,23293740.4422,9.9263,21698760.4591,1594979.983,0
265,19256158.3917,9.9704,17661178.4087,1594979.983,0
266,17830148.6729,10.0145,17661178.4087,168970.2641,0
267,17438252.67,10.0586,17269282.4058,168970.2641,0
268,17106083.5774,10.1026,16937113.3132,168970.2641,0
269,10639056.8865,10.1467,10470086.6224,168970.2641,0
270,1247660.505,10.191,1043365.7641,204294.741,0
271,204294.741,10.2349,0,204294.741,0
272,197941.9123,10.2788,0,197941.9123,0
273,191589.0836,10.323,0,191589.0836,0
274,185236.2549,10.3669,0,185236.2549,0
275,185236.2549,10.4107,0,185236.2549,0
276,185236.2549,10.4549,0,185236.2549,0
277,185236.2549,10.499,0,185236.2549,0
278,185236.2549,10.5432,0,185236.2549,0
279,12122293.66,10.5624,459063.66,11663230,0
280,12926531.1515,10.5811,1704980.3586,11221550.793,0
281,14576532.2243,10.5996,3354981.4313,11221550.793,0
282,15121691.1971,10.6181,3900140.4041,11221550.793,0
283,16591594.6206,10.6367,5370043.8276,11221550.793,0
284,101538857.7301,10.681,101353621.4752,185236.2549,0
285,76972049.2849,10.7253,76786813.03,185236.2549,0
286,61664540.7154,10.7694,61479304.4605,185236.2549,0
287,45232564.2392,10.8134,45047327.9843,185236.2549,0
288,37359620.8127,10.8573,37174384.5578,185236.2549,0
289,29486677.3862,10.9013,29301441.1313,185236.2549,0
290,29366999.9188,10.9455,29250367.6188,116632.3,0
291,22807708.0927,10.9898,22691075.7927,116632.3,0
292,21754164.3283,11.034,21637532.0283,116632.3,0
293,21754164.3283,11.0783,21637532.0283,116632.3,0
294,21754164.3283,11.1228,21637532.0283,116632.3,0
295,21754164.3283,11.1675,21637532.0283,116632.3,0
296,21754164.3283,11.2122,21637532.0283,116632.3,0
297,13169825.009,11.2313,1846546.7161,11221550.793,101727.5
298,14146975.3702,11.2499,2823697.0772,11221550.793,101727.5
299,15849037.2119,11.2685,4525758.919,11221550.793,101727.5
300,41428198.8016,11.2871,33068586.226,8257885.0756,101727.5
301,54398465.4195,11.3059,46038852.8439,8257885.0756,101727.5
302,115295812.4265,11.3504,115077452.6265,116632.3,101727.5
303,84197206.8975,11.3946,83978847.0975,116632.3,101727.5
304,55606182.0812,11.4386,55387822.2812,116632.3,101727.5
305,28687351.4833,11.4829,28570719.1833,116632.3,0
306,14770332.3371,11.527,14653700.0371,116632.3,0
307,8592665.9719,11.5701,8476033.6719,116632.3,0
308,116632.3,11.6153,0,116632.3,0
309,116632.3,11.6585,0,116632.3,0
310,3742569.78,11.7028,79339.78,3663230,0
311,497912,11.7472,157817,340095,0
312,418572.22,11.7912,78477.22,340095,0
313,81817,11.8351,81817,0,0
314,3339.78,11.879,3339.78,0,0
315,0,11.9229,0,0,0
