1,17291340406,0.051012,15369756170,22488705,1899095531
2,12199163298,0.084422,11090862295,22488705,1085812298
3,9731903983,0.11761,8623602980,22488705,1085812298
4,8246262523,0.15078,7137961520,22488705,1085812298
5,6877850293,0.18407,5769549290,22488705,1085812298
6,5611242088,0.2172,4724542765,22488705,864210618
7,4587825783,0.25101,4125674415,22488705,439662663
8,4011873075,0.28467,3542585010,24396704,444891361
9,3636873075,0.31802,3167585010,24396704,444891361
10,512145479.0293,0.35148,339468308.3655,243967.04,172433203.6238
11,372878951.8294,0.38513,370226539.0316,243967.04,2408445.7577
12,308806455.6568,0.41903,305983861.5291,414148.37,2408445.7577
13,282507981.4345,0.4525,221829588.0103,414148.37,60264245.0542
14,259089069.7611,0.486,256266475.6333,414148.37,2408445.7577
15,259060224.9945,0.51948,255645953.0768,1005826.16,2408445.7577
16,259060224.9945,0.55315,255645953.0768,1005826.16,2408445.7577
17,259510801.7845,0.587,255645953.0768,1456402.95,2408445.7577
18,260164811.0545,0.62088,255645953.0768,2110412.22,2408445.7577
19,257019670.8485,0.64379,252500812.8708,2110412.22,2408445.7577
20,253005708.8282,0.66567,245968848.7282,2110412.22,4926447.88
21,228402567.9623,0.68722,211274588.4223,2110412.22,15017567.32
22,227951991.1723,0.7087,211274588.4223,1659835.43,15017567.32
23,228637183.1723,0.73057,211274588.4223,2345027.43,15017567.32
24,254295483.5106,0.75362,236467028.2006,2810887.99,15017567.32
25,254295483.5106,0.77564,236467028.2006,2810887.99,15017567.32
26,254403734.5083,0.79786,237166956.9883,2219210.2,15017567.32
27,1872197043,0.85038,1157631235,221921020,492644788
28,1570122278,0.90145,855556470,221921020,492644788
29,1294860043,0.95261,1053250595,221921020,19688428
30,164977860.2384,1.004,119541840.7813,38034179.3571,7401840.1
31,153234621.3951,1.0558,119541840.7813,26290940.5138,7401840.1
32,141578543.6011,1.1071,107885762.9873,26290940.5138,7401840.1
33,130408996.5389,1.1588,96716215.9252,26290940.5138,7401840.1
34,113915885.5172,1.2102,80223104.9034,26290940.5138,7401840.1
35,104727054.0334,1.2618,71034273.4196,26290940.5138,7401840.1
36,97752845.0445,1.3138,66492874.4452,26290940.5138,4969030.0854
37,90897400.8226,1.3652,66492874.4452,19435496.2919,4969030.0854
38,84281899.1333,1.4165,59985603.7903,19435496.2919,4860799.0511
39,77774628.4784,1.4677,53478333.1355,19435496.2919,4860799.0511
40,88024748.371,1.5193,39706482.6644,28338555.8404,19979709.8662
41,82523897.085,1.5706,34205631.3784,28338555.8404,19979709.8662
42,75939321.8428,1.6219,37620819.0844,28338555.8404,9979946.918
43,70438470.5568,1.6733,32119967.7984,28338555.8404,9979946.918
44,64937619.2708,1.7251,26619116.5124,28338555.8404,9979946.918
45,59594089.5811,1.778,21275586.8227,28338555.8404,9979946.918
46,54536961.3189,1.8302,21838275.0892,22718739.3117,9979946.918
47,50338779.4619,1.8816,21892840.7836,18465991.7604,9979946.918
48,46170069.3319,1.9333,17724130.6535,18465991.7604,9979946.918
49,42189697.3481,1.9852,13743758.6698,18465991.7604,9979946.918
50,43948702.7067,2.0376,9042810.4655,32343065.1206,2562827.1207
51,31169023.1921,2.0893,13770714.9547,14835481.1168,2562827.1207
52,25762288.6718,2.1406,19481702.015,3717759.5361,2562827.1207
53,18433319.2901,2.1919,12152732.6333,3717759.5361,2562827.1207
54,15033516.4019,2.2431,8752929.7451,3717759.5361,2562827.1207
55,12306010.0108,2.2947,8752929.7451,2882648.2168,670432.0489
56,10198229.0624,2.346,6645148.7967,2882648.2168,670432.0489
57,8566420.792,2.3974,5013340.5263,2882648.2168,670432.0489
58,6959190.8644,2.4489,3406110.5987,2882648.2168,670432.0489
59,5800349.1493,2.5,2247268.8836,2882648.2168,670432.0489
60,5507176.6862,2.5516,5179584.4688,0,327592.2175
61,3000332.9335,2.6028,2672740.7161,0,327592.2175
62,2466823.8959,2.6539,2139231.6784,0,327592.2175
63,2037448.1921,2.705,1709855.9746,0,327592.2175
64,1709855.9746,2.7576,1709855.9746,0,0
65,1399906.5111,2.8097,1399906.5111,0,0
66,1089957.0476,2.8609,1089957.0476,0,0
67,780007.5841,2.9119,780007.5841,0,0
68,479427.5055,2.963,479427.5055,0,0
69,390783.5087,3.015,390783.5087,0,0
70,837434,3.0664,837434,0,0
71,837434,3.1174,837434,0,0
72,837434,3.1685,837434,0,0
73,837434,3.2188,837434,0,0
74,822710.437,3.2404,822710.437,0,0
75,1273287.217,3.2615,822710.437,450576.78,0
76,1877296.487,3.2826,822710.437,1054586.05,0
77,2548974.277,3.3037,822710.437,1726263.84,0
78,3234166.277,3.3248,822710.437,2411455.84,0
79,2563697.84,3.3752,837434,1726263.84,0
80,71284013.7716,3.4256,273548.5023,71010465.2693,0
81,30613099.0656,3.4758,273548.5023,30339550.5633,0
82,273548.5023,3.526,273548.5023,0,0
83,198812.1014,3.5764,198812.1014,0,0
84,150819.5831,3.6265,150819.5831,0,0
85,68151.7736,3.6765,68151.7736,0,0
86,63139.4068,3.7264,12227.8468,0,50911.56
87,12227.8468,3.7766,12227.8468,0,0
88,12227.8468,3.8269,12227.8468,0,0
89,12227.8468,3.877,12227.8468,0,0
90,37434,3.9273,37434,0,0
91,37434,3.9775,37434,0,0
92,36775.8444,3.9993,36775.8444,0,0
93,487352.6244,4.0205,36775.8444,450576.78,0
94,1091361.8944,4.0415,36775.8444,1054586.05,0
95,1763039.6844,4.0626,36775.8444,1726263.84,0
96,2448231.6844,4.0837,36775.8444,2411455.84,0
97,1763697.84,4.134,37434,1726263.84,0
98,1092020.05,4.1841,37434,1054586.05,0
99,488010.78,4.2341,37434,450576.78,0
100,2871.4619,4.2843,2871.4619,0,0
101,2871.4619,4.3348,2871.4619,0,0
102,2871.4619,4.3854,2871.4619,0,0
103,2871.4619,4.4361,2871.4619,0,0
104,2871.4619,4.486,2871.4619,0,0
105,36775.8444,4.5081,36775.8444,0,0
106,17684570.3924,4.5294,17164389.0624,520181.33,0
107,38866416.8562,4.5507,37604589.8562,1261827,0
108,39551608.8562,4.5718,37604589.8562,1947019,0
109,40223286.6462,4.593,37604589.8562,2618696.79,0
110,185662623.8587,4.6435,209626.576,185452997.2826,0
111,134059434.9579,4.6937,449.1389,134058985.8191,0
112,134059434.9579,4.7444,449.1389,134058985.8191,0
113,66362338.8266,4.7946,449.1389,66361889.6877,0
114,449.1389,4.8449,449.1389,0,0
115,449.1389,4.895,449.1389,0,0
116,449.1389,4.9453,449.1389,0,0
117,449.1389,4.9957,449.1389,0,0
118,449.1389,5.0463,449.1389,0,0
119,36775.8444,5.0681,36775.8444,0,0
120,488010.78,5.091,37434,450576.78,0
121,1092020.05,5.1122,37434,1054586.05,0
122,19446337.38,5.1337,17871570,1574767.38,0
123,40593990.05,5.1549,38277577,2316413.05,0
124,169645069.9244,5.2053,459260.2385,169185809.6859,0
125,125128000.8545,5.2556,459260.2385,124668740.6159,0
126,51608437.3009,5.3057,214425.8374,51394011.4636,0
127,449.1389,5.3559,449.1389,0,0
128,449.1389,5.4059,449.1389,0,0
129,449.1389,5.4562,449.1389,0,0
130,37434,5.5071,37434,0,0
131,37434,5.5572,37434,0,0
132,37434,5.5788,37434,0,0
133,709111.79,5.6,37434,671677.79,0
134,1394303.79,5.6211,37434,1356869.79,0
135,1998313.06,5.6423,37434,1960879.06,0
136,1998313.06,5.6633,37434,1960879.06,0
137,1313121.06,5.7136,37434,1275687.06,0
138,641443.27,5.7639,37434,604009.27,0
139,641443.27,5.8145,37434,604009.27,0
140,91544.9336,5.8647,91544.9336,0,0
141,2184.6115,5.9149,2184.6115,0,0
142,2184.6115,5.9653,2184.6115,0,0
143,2184.6115,6.0162,2184.6115,0,0
144,2184.6115,6.0662,2184.6115,0,0
145,2184.6115,6.1163,2184.6115,0,0
146,37434,6.1381,37434,0,0
147,488010.78,6.1591,37434,450576.78,0
148,1173202.78,6.1802,37434,1135768.78,0
149,1844880.57,6.2013,37434,1807446.57,0
150,177604732.7933,6.2226,527519.4209,177077213.3724,0
151,129285639.6547,6.273,1517219.6442,127768420.0105,0
152,127770604.6221,6.3237,2184.6115,127768420.0105,0
153,63250117.9187,6.3739,2184.6115,63247933.3072,0
154,2184.6115,6.4241,2184.6115,0,0
155,2184.6115,6.4741,2184.6115,0,0
156,2184.6115,6.5243,2184.6115,0,0
157,2184.6115,6.5749,2184.6115,0,0
158,2184.6115,6.6254,2184.6115,0,0
159,759.5637,6.6473,759.5637,0,0
160,641443.27,6.6686,37434,604009.27,0
161,19795760.6,6.6898,18671570,1124190.6,0
162,20246337.38,6.7109,18671570,1574767.38,0
163,40593990.05,6.7321,38277577,2316413.05,0
164,149376204.5594,6.7829,1089654.5089,148286550.0504,0
165,92500216.4075,6.8333,1089654.5089,91410561.8986,0
166,42430340.7237,6.8835,2184.6115,42428156.1122,0
167,2184.6115,6.9337,2184.6115,0,0
168,2184.6115,6.9841,2184.6115,0,0
169,2184.6115,7.0343,2184.6115,0,0
170,37434,7.0852,37434,0,0
171,37434,7.1353,37434,0,0
172,37434,7.1568,37434,0,0
173,709111.79,7.178,37434,671677.79,0
174,1394303.79,7.1993,37434,1356869.79,0
175,2525520.79,7.2204,1168651,1356869.79,0
176,1998313.06,7.2415,37434,1960879.06,0
177,21552630.39,7.2628,19071570,2481060.39,0
178,22003207.17,7.2839,19071570,2931637.17,0
179,42350859.84,7.3053,38677577,3673282.84,0
180,90891865.8915,7.3268,59031811.8722,31860054.0192,0
181,42350859.84,7.3773,38677577,3673282.84,0
182,39309560.84,7.4277,35636278,3673282.84,0
183,34350859.84,7.4781,30677577,3673282.84,0
184,22617955,7.5281,19071570,3273282.84,273102.16
185,21932763,7.5784,19071570,2588090.84,273102.16
186,2378445.67,7.6286,37434,2067909.51,273102.16
187,1706767.88,7.6788,37434,1396231.72,273102.16
188,1256191.1,7.7289,37434,945654.94,273102.16
189,1176191.1,7.7793,37434,865654.94,273102.16
190,64694101.8713,7.8299,983496.0737,63710605.7975,0
191,64508619.7399,7.8804,798013.9424,63710605.7975,0
192,64495889.1555,7.9309,785283.358,63710605.7975,0
193,64483158.5712,7.9815,772552.7737,63710605.7975,0
194,64474685.4125,8.0322,764079.615,63710605.7975,0
195,42705117.8887,8.0824,1073958.3648,41631159.5239,0
196,42450506.2019,8.1328,819346.678,41631159.5239,0
197,42445057.3845,8.1834,813897.8606,41631159.5239,0
198,42445057.3845,8.2342,813897.8606,41631159.5239,0
199,42445057.3845,8.2849,813897.8606,41631159.5239,0
200,8085886.7765,8.3353,665464.5797,7420422.1968,0
201,7662794.6501,8.3856,242372.4533,7420422.1968,0
202,7487700.577,8.4359,67278.3802,7420422.1968,0
203,7453720.4016,8.4861,33298.2048,7420422.1968,0
204,7453720.4016,8.5366,33298.2048,7420422.1968,0
205,7453720.4016,8.5871,33298.2048,7420422.1968,0
206,5458772.8511,8.6372,0,5458772.8511,0
207,5458772.8511,8.6874,0,5458772.8511,0
208,5458772.8511,8.7383,0,5458772.8511,0
209,5458772.8511,8.7886,0,5458772.8511,0
210,5565493,8.8391,0,5565493,0
211,482720.54,8.8609,0,482720.54,0
212,4390778.0395,8.882,0,4390778.0395,0
213,8640771.1569,8.9032,0,8640771.1569,0
214,8640771.1569,8.9242,0,8640771.1569,0
215,14466538.3534,8.9453,0,14466538.3534,0
216,99623172,8.9956,0,99623172,0
217,50714483.17,9.0455,91312.17,50623171,0
218,5656805.17,9.0957,91312.17,5565493,0
219,5565493,9.1458,0,5565493,0
220,5565493,9.1961,0,5565493,0
221,5565493,9.2463,0,5565493,0
222,5165493,9.2963,0,5165493,0
223,5165493,9.3464,0,5165493,0
224,5165493,9.3971,0,5165493,0
225,5165493,9.4471,0,5165493,0
226,5165493,9.4974,0,5165493,0
227,448026.7194,9.519,0,448026.7194,0
228,4698019.8367,9.5402,0,4698019.8367,0
229,8606077.3362,9.5614,0,8606077.3362,0
230,99223172,9.5825,0,99223172,0
231,99482777.98,9.6034,259605.98,99223172,0
232,99223172,9.654,0,99223172,0
233,50314483.17,9.7039,91312.17,50223171,0
234,5256805.17,9.7542,91312.17,5165493,0
235,5165493,9.8045,0,5165493,0
236,5165493,9.8548,0,5165493,0
237,5165493,9.9052,0,5165493,0
238,4765493,9.9551,0,4765493,0
239,4765493,10.0054,0,4765493,0
240,4765493,10.056,0,4765493,0
241,4765493,10.106,0,4765493,0
242,4765493,10.1561,0,4765493,0
243,4765493,10.1778,0,4765493,0
244,5025098.98,10.1988,259605.98,4765493,0
245,5604636.08,10.22,839143.08,4765493,0
246,5695948.25,10.241,930455.25,4765493,0
247,6401521.62,10.2622,1636028.62,4765493,0
248,5695948.25,10.3125,930455.25,4765493,0
249,2215022.25,10.3626,850455.25,1364567,0
250,11242514.3342,10.4129,10401871.2673,840643.0669,0
251,1274972.5354,10.4629,434329.4685,840643.0669,0
252,840643.0669,10.513,0,840643.0669,0
253,840643.0669,10.5633,0,840643.0669,0
254,594222.6077,10.6134,0,594222.6077,0
255,594222.6077,10.6639,0,594222.6077,0
256,594222.6077,10.7143,0,594222.6077,0
257,594222.6077,10.7646,0,594222.6077,0
258,594222.6077,10.8151,0,594222.6077,0
259,964567,10.8369,0,964567,0
260,1670140.37,10.8582,705573.37,964567,0
261,2396644.52,10.8794,1432077.52,964567,0
262,2509283.45,10.9005,1544716.45,964567,0
263,2520595.62,10.9216,1556028.62,964567,0
264,33247354.2976,10.9719,32653131.6899,594222.6077,0
265,32511088.2198,11.0223,31916865.6121,594222.6077,0
266,13331418.6131,11.0724,12737196.0054,594222.6077,0
267,3363876.8142,11.1225,2769654.2065,594222.6077,0
268,1699206.2865,11.1726,1104983.6788,594222.6077,0
269,1028552.0762,11.2227,434329.4685,594222.6077,0
270,557256.6828,11.273,0,557256.6828,0
271,326165.7652,11.3232,0,326165.7652,0
272,326165.7652,11.3734,0,326165.7652,0
273,326165.7652,11.4235,0,326165.7652,0
274,326165.7652,11.4737,0,326165.7652,0
275,326165.7652,11.5242,0,326165.7652,0
276,564567,11.546,0,564567,0
277,1211071.15,11.567,646504.15,564567,0
278,1323710.08,11.588,759143.08,564567,0
279,2003835.28,11.6091,1439268.28,564567,0
280,116230178.4478,11.6304,103376420.332,12853758.1157,0
281,58413756.4139,11.6807,32056540.2647,26357216.1492,0
282,32382706.0299,11.7309,32056540.2647,326165.7652,0
283,11288617.7325,11.781,10962451.9673,326165.7652,0
284,326165.7652,11.8313,0,326165.7652,0
285,326165.7652,11.8823,0,326165.7652,0
286,326165.7652,11.9329,0,326165.7652,0
287,95074.8476,11.9829,0,95074.8476,0
288,0,12.033,0,0,0
