1,52892190157,0.06271,47629673640,0,5262516517
2,48007665345,0.10122,43032066855,0,4975598490
3,43441671946,0.14117,38780780200,0,4660891746
4,39640032636,0.18172,34793256870,0,4846775766
5,36555736359,0.22067,31793256870,0,4762479489
6,33644126201,0.25959,29009968985,0,4634157216
7,30817483379,0.29882,26022612435,0,4794870944
8,28372693124,0.33779,24314901930,0,4057791194
9,25933149318,0.37795,21903290875,0,4029858443
10,3946073311.5361,0.41749,3319857078.7338,0,626216232.8023
11,3594370043.7446,0.45646,2968153810.9422,0,626216232.8023
12,3289647934.866,0.49595,2712594088.3229,0,577053846.5431
13,3050074074.4543,0.53623,2474827293.0224,0,575246781.432
14,2708112861.9347,0.5754,2220293687.1765,0,487819174.7583
15,2470009174.4565,0.6147,1982189999.6982,0,487819174.7583
16,2300088614.5969,0.65482,1826619769.8377,0,473468844.7592
17,2135178138.376,0.69482,1671350970.5316,0,463827167.8444
18,1979849585.7364,0.73407,1516022417.892,0,463827167.8444
19,1843670104.41,0.77311,1379842936.5656,0,463827167.8444
20,1872822777.9447,0.81253,1121636734.4903,264399.44,750921644.0144
21,1774978804.7873,0.85153,1083608655.3896,264399.44,691105749.9577
22,1682517106.3057,0.89096,991146956.908,264399.44,691105749.9577
23,1606750411.7602,0.93182,843499061.9866,264399.44,762986950.3335
24,1413083307.9221,0.97106,912176626.7512,264399.44,500642281.7309
25,1328529196.1328,1.0101,818238545.7321,264399.44,510026250.9607
26,1248691253.6905,1.0494,781248008.2922,264399.44,467178845.9583
27,1178210437.0328,1.0894,720165046.4703,264399.44,457780991.1225
28,1123749805.5263,1.1293,696368660.3396,264399.44,427116745.7466
29,1087116391.0109,1.1692,694449064.6451,264399.44,392402926.9258
30,1130277659.6834,1.2099,589134955.4186,264399.44,540878304.8248
31,1079677306.4624,1.2495,638166402.0875,808849.14,440702055.2349
32,1055249987.1614,1.2885,698277532.5228,1265819.34,355706635.2986
33,1032420611.5191,1.3276,705460912.4027,1265819.34,325693879.7764
34,972639650.4161,1.3668,645640460.5097,1305310.13,325693879.7764
35,938005981.4818,1.4058,671363682.3081,1811234.77,264831064.4036
36,905903926.3777,1.4454,776202404.8397,2348588.83,127352932.708
37,886264077.3729,1.4845,756562555.835,2348588.83,127352932.708
38,881017687.8329,1.5247,756562555.835,2348588.83,122106543.1679
39,877471317.6889,1.5641,758200985.0352,2348588.83,116921743.8237
40,1071495621.1492,1.6035,1025584399.0113,2749233.67,43161988.4679
41,1073776046.113,1.6439,1027599954.0651,3014103.58,43161988.4679
42,1043889304.4468,1.6849,961277319.6224,2469653.88,80142330.9444
43,1009889823.3838,1.7246,892872256.7734,2012683.68,115004882.9304
44,1015885424.6226,1.7641,898588707.0518,2012683.68,115284033.8908
45,1023666060.8371,1.8064,898588707.0518,2012683.68,123064670.1053
46,1015906515.1728,1.8458,863794060.9231,1506759.04,150605695.2098
47,926631235.0402,1.8852,709078870.4869,969404.98,216582959.5733
48,923716039.8313,1.9246,713944311.4925,969404.98,208802323.3588
49,922166503.9924,1.9693,713944311.4925,969404.98,207252787.5198
50,957225828.2381,2.0085,637701856.2464,969404.98,318554567.0117
51,956825183.3981,2.048,637701856.2464,568760.14,318554567.0117
52,954754394.582,2.0878,635895937.3403,303890.23,318554567.0117
53,953735966.9776,2.1271,695320411.6139,848339.93,257567215.4337
54,960976187.7523,2.167,702203414.5787,1205557.74,257567215.4337
55,953997390.3873,2.206,697081527.3774,1205557.74,255710305.2698
56,969829259.3024,2.2457,705966601.3856,1446662.24,262415995.6768
57,963615435.2247,2.2862,737142286.2948,1952586.88,224520562.0499
58,984003802.7365,2.3256,809994966.9067,2409557.08,171599278.7497
59,1007806643.1829,2.3654,833797807.3532,2409557.08,171599278.7497
60,1020964285.7535,2.4047,891023762.4787,2409557.08,127530966.1948
61,1041061354.1467,2.4442,886365174.2172,2409557.08,152286622.8495
62,6001784234,2.5381,4866445570,240955708,894382956
63,5655743174,2.6326,4665795070,240955708,748992396
64,5338351959,2.7268,4388403855,200955708,748992396
65,5038407870,2.8203,4114899710,174515764,748992396
66,4778422130,2.9144,3854913970,174515764,748992396
67,4518960206,3.0074,3599401125,170566685,748992396
68,4240802691,3.103,3321243610,170566685,748992396
69,3982907152,3.1967,3192517870,170566685,619822597
70,582936544.6166,3.29,478026675.6668,7304462.0227,97605406.9271
71,552193342.999,3.3849,453726453.006,6271939.9545,92194950.0385
72,523016950.6099,3.4825,424550060.6169,6271939.9545,92194950.0385
73,497930035.2522,3.5763,418137623.1723,6271939.9545,73520472.1254
74,477982609.9959,3.6714,418137623.1723,6271939.9545,53573046.8691
75,459771209.1008,3.7656,399926222.2772,6271939.9545,53573046.8691
76,442204137.9356,3.8592,382359151.112,6271939.9545,53573046.8691
77,424716890.7532,3.9817,383546381.8427,6271939.9545,34898568.956
78,408803115.4476,4.0754,386307084.4502,6271939.9545,16224091.0429
79,393655090.4548,4.1687,370029163.2965,7401836.1153,16224091.0429
80,381573876.9889,4.2623,361784182.1943,2226172.3754,17563522.4192
81,351561195.7429,4.354,324184855.0402,1474058.528,25902282.1747
82,335849237.5457,4.4466,313101002.0276,1474058.528,21274176.9901
83,320809506.6841,4.5383,298061271.1659,1474058.528,21274176.9901
84,305769775.8225,4.63,283021540.3043,1474058.528,21274176.9901
85,290730044.9609,4.7215,267981809.4427,1474058.528,21274176.9901
86,275690314.0992,4.816,252942078.5811,1474058.528,21274176.9901
87,262804549.0521,4.9077,240056313.5339,1474058.528,21274176.9901
88,250570505.3622,5.0046,227822269.8441,1474058.528,21274176.9901
89,239159491.3455,5.0962,227822269.8441,1474058.528,9863162.9733
90,230899182.0789,5.188,220245610.2009,783955,9869616.878
91,220317368.5957,5.2798,209663796.7177,783955,9869616.878
92,210877339.0098,5.3724,200223767.1318,783955,9869616.878
93,201755602.0839,5.464,191102030.2059,783955,9869616.878
94,192831886.9128,5.5554,182178315.0348,783955,9869616.878
95,183963731.1904,5.647,162972919.7113,783955,20206856.4791
96,167710390.1891,5.7397,157056818.3111,783955,9869616.878
97,159241402.2247,5.8312,148587830.3467,783955,9869616.878
98,151540637.7361,5.9227,140967065.8581,703955,9869616.878
99,143862903.0476,6.0144,133346301.3696,646984.8,9869616.878
100,138622328.196,6.1068,137975343.396,646984.8,0
101,131207140.6226,6.1984,130560155.8226,646984.8,0
102,123791953.0491,6.2899,123144968.2491,646984.8,0
103,114575589.5341,6.3818,113928604.7341,646984.8,0
104,100931553.5629,6.4743,100284568.7629,646984.8,0
105,93340056.0014,6.566,92693071.2014,646984.8,0
106,85924868.428,6.6575,85277883.628,646984.8,0
107,78509680.8546,6.7502,77862696.0546,646984.8,0
108,71190803.2692,6.844,70623818.4692,566984.8,0
109,60274860.2243,6.9357,59707875.4243,566984.8,0
110,57429423.2134,7.0273,56862438.4134,566984.8,0
111,50917937.1558,7.119,50350952.3558,566984.8,0
112,44765850.2509,7.2131,44198865.4509,566984.8,0
113,39413987.434,7.3046,38847002.634,566984.8,0
114,34294799.1444,7.397,33727814.3444,566984.8,0
115,30190686.7146,7.4885,29623701.9146,566984.8,0
116,26339441.0668,7.5799,25772456.2668,566984.8,0
117,22675228.358,7.6713,22108243.558,566984.8,0
118,19758796.7348,7.7628,19191811.9348,566984.8,0
119,16973877.2747,7.8574,16406892.4747,566984.8,0
120,15902729.1447,7.9503,14008808.5146,1893920.6301,0
121,14222467.168,8.0461,12328546.5379,1893920.6301,0
122,12586020.0497,8.1378,10692099.4196,1893920.6301,0
123,8612524.9806,8.2303,6718604.3505,1893920.6301,0
124,7233499.9421,8.3222,5339579.312,1893920.6301,0
125,6721690.8959,8.4136,4827770.2658,1893920.6301,0
126,6274130.5608,8.5061,4380209.9307,1893920.6301,0
127,5887491.911,8.5978,3993571.281,1893920.6301,0
128,5500853.2613,8.6892,3606932.6312,1893920.6301,0
129,5114214.6116,8.7808,3220293.9815,1893920.6301,0
130,10722044.6824,8.8733,2097813.2202,7768192.3823,856039.08
131,9761990.9058,8.9648,2097813.2202,6808138.6056,856039.08
132,9510120.8357,9.057,1845943.1501,6808138.6056,856039.08
133,9258250.7657,9.1497,1594073.08,6808138.6056,856039.08
134,9006380.6956,9.2428,1342203.0099,6808138.6056,856039.08
135,8842510.6255,9.3348,1342203.0099,6956268.5356,544039.08
136,8590640.5554,9.4264,1090332.9399,6956268.5356,544039.08
137,8554728.2912,9.5183,1054420.6756,6956268.5356,544039.08
138,8244299.0595,9.6109,743991.4439,6956268.5356,544039.08
139,8244299.0595,9.7028,743991.4439,6956268.5356,544039.08
140,3584262.9129,9.7956,3584262.9129,0,0
141,2862317.7835,9.8872,2862317.7835,0,0
142,2397632.5669,9.9787,2397632.5669,0,0
143,1943366.3722,10.0701,1943366.3722,0,0
144,1683546.6225,10.1625,1683546.6225,0,0
145,1647449.366,10.2557,1647449.366,0,0
146,1611352.1095,10.3482,1611352.1095,0,0
147,1575254.8531,10.4398,1575254.8531,0,0
148,1539157.5966,10.5313,1539157.5966,0,0
149,1503060.3401,10.623,1503060.3401,0,0
150,16255674,10.7148,16255674,0,0
151,5644447.43,10.8101,4912566,187842.35,544039.08
152,5100408.35,10.9016,4912566,187842.35,0
153,2249666.35,11.0044,2061824,187842.35,0
154,569390.35,11.0959,381548,187842.35,0
155,284965.35,11.1873,97123,187842.35,0
156,204965.35,11.279,97123,107842.35,0
157,124965.35,11.3704,97123,27842.35,0
158,67932.35,11.4628,40090,27842.35,0
159,27842.35,11.5543,0,27842.35,0
160,2784235,11.6472,0,2784235,0
161,2784235,11.7389,0,2784235,0
162,2784235,11.8309,0,2784235,0
163,2784235,11.9225,0,2784235,0
164,27842.35,11.9615,0,27842.35,0
165,27842.35,11.9997,0,27842.35,0
166,335060.16,12.0378,0,335060.16,0
167,1485705,12.0778,0,1485705,0
168,38373113.4062,12.1161,36097515.809,1485705,789892.5972
169,34143262.01,12.2076,436308.61,33506016,200937.4
170,3490756.1274,12.3003,557548.3769,2732270.3505,200937.4
171,2732270.3505,12.3919,0,2732270.3505,0
172,2732270.3505,12.4836,0,2732270.3505,0
173,42720.7806,12.575,42720.7806,0,0
174,36428.9528,12.6674,36428.9528,0,0
175,31317.4481,12.7588,31317.4481,0,0
176,26205.9434,12.8511,26205.9434,0,0
177,21094.4387,12.9426,21094.4387,0,0
178,15982.934,13.0341,15982.934,0,0
179,10871.4293,13.1255,10871.4293,0,0
180,850742,13.2186,850742,0,0
181,850742,13.3112,850742,0,0
182,850742,13.4029,850742,0,0
183,850742,13.4955,850742,0,0
184,703852.0921,13.5346,703852.0921,0,0
185,703852.0921,13.5728,703852.0921,0,0
186,1011069.9021,13.611,703852.0921,307217.81,0
187,2161714.7421,13.6492,703852.0921,1457862.65,0
188,39049123.1483,13.6875,36801367.9011,1457862.65,789892.5972
189,2308604.65,13.7806,850742,1457862.65,0
190,19714028.9967,13.8747,313506.2344,19400522.7623,0
191,313506.2344,13.9715,313506.2344,0,0
192,166102.5635,14.0641,166102.5635,0,0
193,166102.5635,14.1559,166102.5635,0,0
194,166102.5635,14.2479,166102.5635,0,0
195,18698.8927,14.3396,18698.8927,0,0
196,0,14.4309,0,0,0
