1,12863208116,0.039962,10857586895,0,2005621221
2,10713738828,0.054447,8936442975,0,1777295853
3,8713069541,0.068786,7146980810,0,1566088731
4,7368239296,0.08306,6180623485,0,1187615811
5,6208446830,0.097734,5038734050,0,1169712780
6,5069495195,0.11212,4313268830,4531851,751694514
7,3849961242,0.12641,3481912000,4531851,363517391
8,2484365643,0.14033,2099348545,4531851,380485247
9,1572246674,0.15476,1348186500,4531851,219528323
10,197932924.2517,0.16917,166899624.9735,381185.08,30652114.1982
11,140474364.4969,0.18372,108952001.9187,870248.38,30652114.1982
12,92895305.8169,0.19845,61372943.2387,870248.38,30652114.1982
13,83047602.5756,0.21343,51525239.9974,870248.38,30652114.1982
14,83047602.5756,0.22837,51525239.9974,870248.38,30652114.1982
15,83047602.5756,0.24301,51525239.9974,870248.38,30652114.1982
16,83047602.5756,0.25744,51525239.9974,870248.38,30652114.1982
17,83047602.5756,0.27181,51525239.9974,870248.38,30652114.1982
18,503376826,0.30779,196823665,87024838,219528323
19,423438586,0.34284,156885425,47024838,219528323
20,52102679.428,0.37724,19562475.9139,5222328.4841,27317875.03
21,24784804.3979,0.41174,19562475.9139,5222328.4841,0
22,21317494.1252,0.44629,16598448.918,4719045.2072,0
23,18353467.1293,0.48115,13634421.9221,4719045.2072,0
24,15389440.1334,0.5157,10670394.9262,4719045.2072,0
25,12425413.1376,0.55036,7706367.9303,4719045.2072,0
26,10416307.0894,0.58504,5697261.8822,4719045.2072,0
27,8646393.5739,0.61988,3927348.3667,4719045.2072,0
28,7452280.0936,0.6544,2733234.8864,4719045.2072,0
29,6438009.6923,0.68872,1718964.485,4719045.2072,0
30,17393554.9957,0.72334,10513778.9279,6528317.8978,351458.17
31,12550602.0715,0.75853,11534806.2495,664337.652,351458.17
32,11529574.7499,0.79451,10513778.9279,664337.652,351458.17
33,11178116.5799,0.83049,10513778.9279,664337.652,0
34,11071315.5922,0.86635,10406977.9401,664337.652,0
35,11071315.5922,0.90112,10406977.9401,664337.652,0
36,11071315.5922,0.93595,10406977.9401,664337.652,0
37,11071315.5922,0.9714,10406977.9401,664337.652,0
38,10799883.8189,1.0069,10135546.1669,664337.652,0
39,9939348.4776,1.0408,9275010.8256,664337.652,0
40,2305482.0994,1.0748,0,2305482.0994,0
41,2278746.4375,1.1088,0,2278746.4375,0
42,2252010.7755,1.1424,0,2252010.7755,0
43,2225275.1136,1.176,0,2225275.1136,0
44,2198539.4516,1.2097,0,2198539.4516,0
45,2171803.7897,1.2435,0,2171803.7897,0
46,2145068.1278,1.2772,0,2145068.1278,0
47,2118332.4658,1.3109,0,2118332.4658,0
48,2091596.8039,1.3447,0,2091596.8039,0
49,2064861.1419,1.3804,0,2064861.1419,0
50,481705.47,1.4145,375375.47,106330,0
51,295600.05,1.4482,189270.05,106330,0
52,189270.05,1.4819,189270.05,0,0
53,109270.05,1.5156,109270.05,0,0
54,29270.05,1.5494,29270.05,0,0
55,0,1.5831,0,0,0
