1,8808391278,0.054522,7748486815,0,1059904463
2,7601709158,0.079859,6097665605,0,1504043553
3,6793604658,0.10509,5253862280,35698825,1504043553
4,6017638145,0.13022,4531048195,35698825,1450891125
5,5399886790,0.15666,3794072335,106579785,1499234670
6,4843346942,0.1903,3331371035,106579785,1405396122
7,4291676508,0.21566,2805984935,106579785,1379111788
8,3773499053,0.24092,2261567630,132819635,1379111788
9,3260923733,0.26652,1875363620,132819635,1252740478
10,581048559.1288,0.29215,202050411.7734,5409833.8035,373588313.5519
11,509932493.0509,0.31766,245183058.5374,5409833.8035,259339600.7099
12,449878545.8311,0.34299,191096324.6049,5409833.8035,253372387.4227
13,406745899.067,0.36839,147963677.8408,5409833.8035,253372387.4227
14,374250856.2638,0.39374,115468635.0376,5409833.8035,253372387.4227
15,343157607.5649,0.41912,158601281.8017,5547003.8931,179009321.8701
16,281953113.6695,0.44446,158601281.8017,5547003.8931,117804827.9747
17,238654563.4104,0.46991,144179152.1268,5547003.8931,88928407.3904
18,209681120.2566,0.49527,129406847.4713,5547003.8931,74727268.8922
19,189639776.3303,0.52077,109365503.545,5547003.8931,74727268.8922
20,177788572.6875,0.54627,120654194.0717,3983509.5815,53150869.0343
21,124637703.6532,0.57186,120654194.0717,3983509.5815,0
22,107838505.8175,0.59723,103854996.236,3983509.5815,0
23,107838505.8175,0.62264,103854996.236,3983509.5815,0
24,64585909.107,0.64782,60602399.5256,3983509.5815,0
25,64585909.107,0.67315,60602399.5256,3983509.5815,0
26,64585909.107,0.69842,60602399.5256,3983509.5815,0
27,64585909.107,0.72376,60602399.5256,3983509.5815,0
28,64585909.107,0.74923,60602399.5256,3983509.5815,0
29,461610154,0.81049,325422785,136187369,0
30,75829728.9776,0.8714,30612937.1875,45216791.7901,0
31,56577891.8093,0.93215,1717005.2192,45216791.7901,9644094.8
32,40771113.101,0.99304,7355393.5204,33415719.5806,0
33,33029653.9856,1.0539,7355393.5204,25674260.4652,0
34,27391265.6844,1.1145,1717005.2192,25674260.4652,0
35,25031051.2425,1.1751,1717005.2192,23314046.0233,0
36,22670836.8006,1.2355,1717005.2192,20953831.5814,0
37,20310622.3587,1.296,1717005.2192,18593617.1395,0
38,17950407.9168,1.3567,1717005.2192,16233402.6976,0
39,16415308.341,1.4173,181905.6434,16233402.6976,0
40,51086188.0541,1.4786,2859.3722,51083328.6818,0
41,51083328.6818,1.5399,0,51083328.6818,0
42,51083328.6818,1.6011,0,51083328.6818,0
43,21360399.7781,1.6615,815824.8592,20544574.9189,0
44,2318793.6728,1.7219,1254751.9398,1064041.7329,0
45,1254751.9398,1.7825,1254751.9398,0,0
46,811515.3556,1.8431,811515.3556,0,0
47,372588.275,1.9039,372588.275,0,0
48,0,1.9644,0,0,0
