1,21218760003,0.048487,16061254550,0,5157505453
2,18517157969,0.081093,14470733110,0,4046424859
3,16129235217,0.1137,12220733110,0,3908502107
4,13949059627,0.14594,10040557520,0,3908502107
5,11849059627,0.1788,9290557520,0,2558502107
6,10245313457,0.21125,7686811350,0,2558502107
7,8755651303,0.24349,6198401760,0,2557249543
8,7779083989,0.27587,5407717770,0,2371366219
9,6970764949,0.3083,4657717770,0,2313047179
10,1152793289.4833,0.34062,622437709.0232,819342.85,529536237.6101
11,1055591992.2497,0.37301,582621805.4613,819342.85,472150843.9384
12,986504328.8632,0.40555,527836081.5421,819342.85,457848904.4711
13,927563421.1189,0.43799,468895173.7978,819342.85,457848904.4711
14,874986874.9113,0.47068,416318627.5902,819342.85,457848904.4711
15,833315153.5837,0.50321,398680944.1117,819342.85,433814866.622
16,650689957.284,0.53562,314514128.2268,819342.85,335356486.2071
17,604759605.7446,0.5681,251667966.2869,819342.85,352272296.6077
18,542292481.4631,0.60057,251667966.2869,819342.85,289805172.3262
19,489294287.6684,0.63291,198669772.4921,819342.85,289805172.3262
20,598279456.8151,0.66596,128164147.6856,819342.85,469295966.2795
21,574860444.9745,0.69872,104745135.845,819342.85,469295966.2795
22,552796401.5765,0.73103,104745135.845,819342.85,447231922.8815
23,539889650.6524,0.76379,91838384.9209,819342.85,447231922.8815
24,532920922.1041,0.79643,84739475.3926,949523.83,447231922.8815
25,527556705.3793,0.8289,79375258.6678,949523.83,447231922.8815
26,487222841.5728,0.86141,83361475.5312,949523.83,402911842.2116
27,220102742.0503,0.89385,79362206.3215,949523.83,139791011.8988
28,160541084.5275,0.92648,79362206.3215,949523.83,80229354.376
29,124522414.3228,0.95918,71924031.206,949523.83,51648859.2868
30,106418594.2916,0.99172,69299949.908,949523.83,36169120.5536
31,78756098.7531,1.0242,41767635.3495,819342.85,36169120.5536
32,71149525.1019,1.0566,34136816.2983,843588.25,36169120.5536
33,65460400.0642,1.0892,28447691.2606,843588.25,36169120.5536
34,63621419.9164,1.1215,26608711.1128,843588.25,36169120.5536
35,61870672.1057,1.1541,61027083.8557,843588.25,0
36,50422524.4559,1.1871,49578936.2059,843588.25,0
37,40250557.1233,1.2194,39406968.8733,843588.25,0
38,40069971.928,1.2518,39226383.678,843588.25,0
39,39574942.3744,1.2845,38731354.1244,843588.25,0
40,67424611.6306,1.3169,65626400.2048,1798211.4258,0
41,65546850.7405,1.3492,62907301.5328,2639549.2077,0
42,65546850.7405,1.3815,62907301.5328,2639549.2077,0
43,65546850.7405,1.4139,62907301.5328,2639549.2077,0
44,65546850.7405,1.4465,62907301.5328,2639549.2077,0
45,65546850.7405,1.4791,62907301.5328,2639549.2077,0
46,296388442,1.5571,172560250,123828192,0
47,221388442,1.6345,172560250,48828192,0
48,181388442,1.713,132560250,48828192,0
49,141388442,1.7908,92560250,48828192,0
50,15351003.5849,1.8695,12118953.6554,3232049.9295,0
51,10499174.0848,1.9468,7267124.1553,3232049.9295,0
52,8104433.7894,2.0243,7267124.1553,837309.6341,0
53,6641550.6748,2.1021,5804241.0407,837309.6341,0
54,5451744.5826,2.1796,4614434.9486,837309.6341,0
55,4614434.9486,2.2571,4614434.9486,0,0
56,4147281.7085,2.3345,4147281.7085,0,0
57,3761893.8694,2.412,3761893.8694,0,0
58,881883.8987,2.4903,881883.8987,0,0
59,496496.0596,2.5678,496496.0596,0,0
60,358412,2.6452,358412,0,0
61,0,2.7225,0,0,0
