1,31823006726,0.84779
2,5469784194.4539,4.0318
3,5326159349.7217,4.8621
4,4808972210.6296,5.4477
5,4015585725.0287,6.0018
6,3719290944.268,6.5879
7,3588695068.6397,7.159
8,3510425736.2743,7.7098
9,3403392338.0969,8.2598
10,3270058904.3105,8.8111
11,3163100808.2336,9.361
12,3069013275.5586,9.9256
13,2992809807.3642,10.4819
14,2929365163.0331,11.0345
15,2859193920.826,11.5841
16,2799553094.598,12.1346
17,2789588463.3919,12.6853
18,2657246940.9656,13.2516
19,2614822501.8067,13.8019
20,2573329318.4429,14.3534
21,2543629717.3892,14.905
22,2530018000.4116,15.4551
23,2282998151.0247,16.0209
24,2273938240.4855,16.5724
25,2089173851.0692,17.1236
26,2053836720.8352,17.6721
27,1971426992.8234,18.2272
28,1919972531.4461,18.7767
29,1915163261.249,19.3406
30,1908143204.7321,19.8894
31,1879335951.0782,20.4387
32,1918365420.1222,20.9889
33,1947816541.9013,21.5379
34,1960941667.911,22.1088
35,1954152463.5611,22.6579
36,1963385159.233,23.2132
37,1791332898.4555,23.9736
38,1740210229.1233,24.6183
39,1664124023.0045,25.2722
40,1587777326.1049,25.9148
41,1526091046.8743,26.5576
42,1459690639.211,27.2006
43,1387762504.1271,27.8532
44,1276430482.3506,28.501
45,1213018532.9842,29.1437
46,1149621284.2299,29.7875
47,1089929259.6582,30.4328
48,1035479298.0711,31.0918
49,983187256.4598,31.7338
50,945887230.5375,32.3755
51,905504961.94,33.0178
52,855357551.4232,33.66
53,808769110.8894,34.3194
54,779838971.0937,34.9628
55,758889835.3445,35.6056
56,731273275.3558,36.2485
57,698213661.0479,36.9016
58,679074042.2364,37.5443
59,642563572.685,38.1867
60,617407776.0674,38.8282
61,554956863.5937,39.4702
62,539576163.3108,40.1335
63,518916291.5809,40.7737
64,480565842.6037,41.413
65,458644335.4474,42.0512
66,437823908.9585,42.6898
67,419695199.948,43.3326
68,401272076.1663,43.9765
69,383363624.3497,44.617
70,365900527.4877,45.2565
71,349809653.5352,45.8983
72,334374363.4389,46.5386
73,320519376.8082,47.1792
74,307721791.8597,47.8171
75,294313913.7332,48.4565
76,281604587.0882,49.0982
77,269061476.3531,49.7369
78,256424646.3958,50.3744
79,245744211.8904,51.0138
80,234014120.7663,51.6508
81,222154789.1901,52.291
82,211698816.6543,52.9291
83,202304669.8844,53.5678
84,194210686.2057,54.2056
85,186281347.4825,54.8445
86,178296493.8739,55.4839
87,170302235.3319,56.1214
88,162308366.725,56.7591
89,154360452.686,57.3977
90,146462904.4837,58.0412
91,138887916.9617,58.6793
92,131640997.2313,59.3182
93,124781132.5608,59.956
94,118515540.4949,60.5952
95,112254841.1313,61.238
96,105674567.6872,61.8751
97,101511807.3072,62.5118
98,96385254.4397,63.1497
99,88875509.5475,63.7871
100,83124839.4959,64.4276
101,77481711.0868,65.0648
102,72442051.4297,65.7019
103,67572434.9225,66.3388
104,62755183.2517,66.9784
105,50435108.4467,67.6158
106,46164918.1502,68.2531
107,41476960.8582,68.89
108,36868729.5594,69.5275
109,32897818.6911,70.1683
110,29577033.9214,70.8051
111,22650601.8932,71.444
112,19494846.2595,72.0804
113,16732786.7054,72.7176
114,14137295.2637,73.3585
115,11567422.692,73.9977
116,9474048.0246,74.6353
117,7444950.6202,75.2717
118,6263862.8509,75.9099
119,5742463.5567,76.548
120,5974054.8271,77.1853
121,6949359.705,77.8232
122,8848192.3398,78.4602
123,10888830.573,79.104
124,5364209.7057,79.7409
125,4761839.4521,80.3764
126,3661822.5388,81.0145
127,3422245.9761,81.6506
128,2194414.3791,82.2898
129,1903098.7462,82.9264
130,1710047.3931,83.564
131,1618729.2465,84.2016
132,1409709.0198,84.8401
133,1145577.1932,85.4797
134,905376.3019,86.1171
135,794169.7491,86.7579
136,569167.4162,87.3955
137,407750.7088,88.0348
138,252496.6408,88.672
139,176276.4696,89.3089
140,126996.8436,89.9462
141,181.31,90.5837
142,18131,91.2264
143,12618,91.8636
144,0,92.5014
