1,1.808728081810624e+18,0.62394
2,1.425587044202535e+18,2.8096
3,1.24366360977956e+18,3.4276
4,8.358226789883301e+17,3.8795
5,7.227273420655757e+17,4.3087
6,6.35685365643872e+17,4.7153
7,5.629415922214259e+17,5.119
8,4.918536683517242e+17,5.5237
9,4.20007822600226e+17,5.9273
10,3.528519732657897e+17,6.3307
11,3.152819583113117e+17,6.7336
12,3.010273516142417e+17,7.1372
13,2.884542513168989e+17,7.5437
14,2.816413541569454e+17,7.9474
15,2.77776338253475e+17,8.3503
16,2.751309678894582e+17,8.7531
17,2.744794703567828e+17,9.156
18,2.738410669431195e+17,9.5603
19,2.733859947628683e+17,9.9639
20,2.736172606658146e+17,10.367
21,2.740723328460658e+17,10.7724
22,2.555343869024195e+17,11.188
23,2.370821521687715e+17,11.5948
24,2.239632496968196e+17,11.9984
25,2.125447535044962e+17,12.4118
26,2.033092564294963e+17,12.8148
27,1.953743391758239e+17,13.2177
28,1.877215893908239e+17,13.6241
29,1.800107877825594e+17,14.0273
30,1.722851674594249e+17,14.431
31,1.652244599086479e+17,14.8351
32,1.595055964017362e+17,15.2381
33,1.540034632767362e+17,15.6411
34,1.486266137517362e+17,16.0445
35,1.433189856267362e+17,16.4513
36,1.386397131790597e+17,16.8626
37,1.345697013273864e+17,17.2711
38,1.309495732023864e+17,17.6784
39,1.274338509273864e+17,18.0824
40,1.239229213959485e+17,18.4851
41,1.204145689794158e+17,18.8912
42,1.165999358544158e+17,19.2943
43,1.124104265533911e+17,19.6997
44,1.089307031833911e+17,20.1016
45,1.056282803083911e+17,20.5047
46,1.024422050461127e+17,20.9079
47,9.941740987171243e+16,21.3101
48,9.646418759671243e+16,21.7223
49,9.372915022171243e+16,22.1244
50,9.106076977171243e+16,22.5282
51,8.844662561322437e+16,22.9322
52,8.564190224322438e+16,23.337
53,8.326326936822438e+16,23.7406
54,8.089394899189357e+16,24.1425
55,7.85710069244616e+16,24.5451
56,7.639363391155683e+16,24.9469
57,7.422948546368342e+16,25.3493
58,7.206640530744336e+16,25.7524
59,7.027180305744338e+16,26.1541
60,6.868955115744338e+16,26.555
61,6.718108198031678e+16,26.9565
62,6.576994938865832e+16,27.3588
63,6.403950534347278e+16,27.7599
64,6.266245726847278e+16,28.1614
65,6.133966294492662e+16,28.566
66,6.016027774492662e+16,28.9672
67,5.891893538763642e+16,29.3685
68,5.775910897263642e+16,29.771
69,5.666210675663642e+16,30.1725
70,5.560405535663642e+16,30.5743
71,5.456782183946755e+16,30.9923
72,5.310352634494736e+16,31.4122
73,5.217455663071814e+16,31.8292
74,5.135834171945133e+16,32.2412
75,5.054385166377171e+16,32.6537
76,4.977644051894259e+16,33.0658
77,4.901703821894259e+16,33.482
78,4.828284974152539e+16,33.8871
79,4.755016017652539e+16,34.2938
80,4.685975471152539e+16,34.7033
81,4.623956514652539e+16,35.1077
82,4.571433707252539e+16,35.5131
83,4.520664750752539e+16,35.9187
84,4.470216918150286e+16,36.324
85,4.420849307175541e+16,36.7291
86,3.921325750650286e+16,37.133
87,3.872029722360733e+16,37.5388
88,3.496256165835478e+16,37.9423
89,3.447050654475574e+16,38.3464
90,3.399141966975574e+16,38.7514
91,3.312573873063406e+16,39.1559
92,3.264755805463406e+16,39.5608
93,3.221137737863406e+16,39.9686
94,3.180110297315845e+16,40.375
95,3.140591340815845e+16,40.7801
96,3.101173273215845e+16,41.1842
97,3.062959523167865e+16,41.5893
98,3.013470280004672e+16,41.9933
99,2.981083996132168e+16,42.3971
100,2.908554158128973e+16,42.8042
101,2.854673086280848e+16,43.215
102,2.822852172313933e+16,43.6292
103,2.791165966280848e+16,44.0489
104,2.739873189898288e+16,44.4818
105,2.708052275931373e+16,44.9111
106,2.676720611616845e+16,45.3335
107,2.647701387325405e+16,45.7535
108,2.619432430825405e+16,46.1652
109,2.594001765668221e+16,46.5783
110,2.569721780467248e+16,46.9875
111,2.545474091467248e+16,47.3962
112,2.521855983967248e+16,47.8122
113,2.484863613967248e+16,48.223
114,2.465500378732218e+16,48.6348
115,2.447600076733191e+16,49.0488
116,2.427520091532218e+16,49.4627
117,2.409819789533191e+16,49.9126
118,2.392262285217591e+16,50.3363
119,2.374939477817591e+16,50.744
120,2.347784929217591e+16,51.1544
121,2.330547634495439e+16,51.5647
122,2.313528677995439e+16,51.9675
123,2.297358267877339e+16,52.3771
124,2.281478282676366e+16,52.7916
125,2.263977980677339e+16,53.2021
126,2.248815175458726e+16,53.6112
127,2.223660626858726e+16,54.0201
128,2.209184534858726e+16,54.4838
129,2.195478892458726e+16,54.894
130,2.172324343858726e+16,55.3029
131,2.159818701458726e+16,55.7151
132,2.138664152858726e+16,56.1242
133,2.126267824704694e+16,56.53
134,2.114407756694199e+16,56.9366
135,2.097154192557494e+16,57.3485
136,2.085848550157494e+16,57.759
137,2.066694001557494e+16,58.1677
138,2.055850611944686e+16,58.5835
139,2.045186407666505e+16,58.9954
140,2.035080765266505e+16,59.4128
141,2.017926216666505e+16,59.8239
142,2.009020574266505e+16,60.2285
