1,4.058870131158421e+17,0.6092
2,3.172012232235383e+17,2.7865
3,2.81689254888819e+17,3.4029
4,2.483499364724068e+17,3.8703
5,1.598357633272081e+17,4.2787
6,1.365318139067004e+17,4.7076
7,1.184708159227839e+17,5.1097
8,1.018490117011061e+17,5.511
9,8.849236868671091e+16,5.9131
10,8.087545796881715e+16,6.3147
11,7.799633731305614e+16,6.7185
12,5.800530116645892e+16,7.1364
13,5.53186921867519e+16,7.5463
14,5.4412797690397e+16,7.9554
15,5.53186921867519e+16,8.3684
16,5.705475528331082e+16,8.7864
17,4.848962982059272e+16,9.2633
18,4.454809984559273e+16,9.6676
19,4.136349732048748e+16,10.0856
20,3.916388027061571e+16,10.4957
21,3.723998136658373e+16,10.9001
22,3.536278677658374e+16,11.3035
23,3.368300846158374e+16,11.7039
24,3.207376256406698e+16,12.1142
25,3.046996303807608e+16,12.5231
26,2.873888217751488e+16,12.9472
27,2.716879289251488e+16,13.4223
28,2.569939966193158e+16,13.8298
29,2.424989766448648e+16,14.2273
30,2.301730837948648e+16,14.6273
31,2.18431890870308e+16,15.0284
32,2.075537513787447e+16,15.4447
33,1.971391497807331e+16,15.876
34,1.870399919925019e+16,16.2923
35,1.780939427925019e+16,16.7028
36,1.694417506425019e+16,17.1069
37,1.616158577925019e+16,17.5114
38,1.538180746425019e+16,17.9185
39,1.46661295970093e+16,18.3316
40,1.397654118352291e+16,18.7387
41,1.334793030821248e+16,19.1502
42,1.265238245072924e+16,19.5596
43,1.196942277572924e+16,19.9659
44,1.137005813944968e+16,20.3654
45,1.079296972596329e+16,20.7807
46,1.021879177596329e+16,21.1784
47,9659060295963290,21.5803
48,9186500670126264,21.9852
49,8747875815126264,22.3855
50,8312391240126264,22.7847
51,7906294861516322,23.186
52,7507457743787205,23.5886
53,7115330610230844,23.9877
54,6754753177659340,24.3911
55,6319734982659340,24.7955
56,5969399652909445,25.2059
57,5619253362857781,25.6173
58,5336986542857781,26.0302
59,5069442686117756,26.444
60,4817008548117756,26.8435
61,4566969048117756,27.2494
62,4341481938117656,27.6579
63,4116073878117656,28.0691
64,3871136021158132,28.4761
65,3650196542954260,28.876
66,3434399223441086,29.2766
67,3163836567289986,29.6826
68,2965629118614782,30.0907
69,2770966334231373,30.4913
70,2524953234109150,30.8986
71,2301287467384506,31.2953
72,2124415222384506,31.6969
73,1981994276479627,32.102
74,1844454776479627,32.5108
75,1731546716479627,32.9152
76,1622017389748602,33.3188
77,1497839439748602,33.7187
78,1399428417028793,34.1325
79,1321179657028793,34.5323
80,1248227472028793,34.939
81,1179970587028793,35.3387
82,1115598342028793,35.7416
83,1053236997028793,36.1459
84,992116663292232,36.5463
85,936553469649815,36.9573
86,881113697649815,37.3554
87,830552482218934,37.7595
88,780081916706913,38.1609
89,664498305720009,38.5737
90,623853039587513,38.9724
91,583875732924392,39.3882
92,552078502785972,39.7987
93,522094535694469,40.2039
94,413167571319893,40.6057
95,305405427623644,41.0073
96,276036615133644,41.4087
97,261769345076028,41.81
98,251183085076028,42.2158
99,243065691473212,42.621
100,236479431473212,43.0278
101,228636860862531,43.43
102,219449682862531,43.8334
103,212380364558780,44.236
104,206323304558780,44.6405
105,200934427279579,45.0466
106,193460813279579,45.4499
107,187371585851083,45.8602
108,181962699851083,46.2617
109,175793257851083,46.6722
110,170313255851083,47.0849
111,165126077851083,47.5628
112,160494235851083,47.97
113,156027442367642,48.377
114,151833178367642,48.7942
115,147663736367642,49.204
116,142254850367642,49.6603
117,136774848367642,50.071
118,132580584367642,50.4709
119,128411142367642,50.8829
120,124216878367642,51.2917
121,120430577142026,51.6977
122,116950575142026,52.1117
123,111541689142026,52.5202
124,107372247142026,52.9225
125,103177983142026,53.3262
126,99697981142026,53.7292
127,96289095142026,54.1309
128,92119653142026,54.546
129,87925389142026,54.9523
130,84738211142026,55.3557
131,81858755646641,55.7619
132,79034678698305,56.1651
133,75983787646641,56.5672
134,73814345646641,56.9687
135,71306837095922,57.3717
136,68482760147586,57.776
137,66501920646657,58.1787
138,64538498111368,58.5786
139,62717163939388,58.9869
140,60547721939388,59.3941
141,59646344490107,59.7976
142,58788778153228,60.2005
143,58111842490107,60.6164
144,57455917438443,61.0232
145,56631840490107,61.4218
146,55060651367884,61.8232
147,54124331939388,62.2311
148,53222954490107,62.6352
149,52567029438443,63.0417
150,51742952490107,63.4683
151,51087027438443,63.8908
152,50465180962173,64.318
153,50056544090173,64.7443
154,49763340250884,65.1548
155,49593898250884,65.5554
156,49503622640203,65.9554
157,49446754699303,66.3542
158,48971698786254,66.752
159,48931299796229,67.1525
160,48931299796229,67.5556
161,491205732224829,67.9569
162,48931299796229,68.3534
163,491205732224829,68.753
164,1208836829273425,69.1522
165,695316389536738,69.5487
166,694556359936738,69.9606
167,693797005336738,70.3625
168,693038325736738,70.7617
169,692280321136738,71.1615
170,691522991536738,71.5653
171,690766336936738,71.9648
172,690010357336738,72.3623
173,689255052736738,72.7601
174,688500423136738,73.1609
175,687746468536738,73.5647
176,686993188936738,73.9638
177,686240584336738,74.3718
178,685488654736738,74.7741
179,684737400136738,75.1752
180,683986820536738,75.5795
181,683236915936738,75.9874
182,682487686336738,76.3994
183,681739131736738,76.797
184,680991252136738,77.1951
185,680244047536738,77.5942
186,679497517936738,77.9932
187,678751663336738,78.392
188,678006483736738,78.79
189,677261979136738,79.1879
190,676518149536738,79.5898
191,675774994936738,79.9913
192,675032515336738,80.3898
193,674290710736738,80.7869
194,673549581136738,81.1863
195,672809126536738,81.5855
196,672069346936738,81.9862
197,671330242336738,82.3853
198,670591812736738,82.7828
199,669854058136738,83.1815
200,669116978536738,83.5811
201,668380573936738,83.9809
202,667644844336738,84.3794
203,666909789736738,84.7774
204,666175410136738,85.1767
205,665441705536738,85.5807
206,664708675936738,85.9803
207,663976321336738,86.378
208,663244641736738,86.7751
209,662513637136738,87.1739
210,661783307536738,87.5728
211,661053652936738,87.9729
212,660324673336738,88.3707
213,659596368736738,88.768
214,658868739136738,89.1667
215,658141784536738,89.5672
216,657415504936738,89.9662
217,656689900336738,90.3637
218,655964970736738,90.7613
219,655240716136738,91.1607
220,654517136536738,91.5591
221,653794231936738,91.9574
222,653072002336738,92.355
223,652350447736738,92.7535
224,651629568136738,93.1524
225,650909363536738,93.5518
226,650189833936738,93.9521
227,649470979336738,94.3499
228,648752799736738,94.7508
229,648035295136738,95.151
230,647318465536738,95.5536
231,646602310936738,95.953
232,645886831336738,96.3508
233,645172026736738,96.7491
234,644457897136738,97.1544
235,643744442536738,97.5535
236,643031662936738,97.9603
237,642319558336738,98.3633
238,641608128736738,98.761
239,640897374136738,99.1602
240,640187294536738,99.5646
241,639477889936738,99.9704
242,638769160336738,100.3687
243,638061105736738,100.7688
244,637353726136738,101.1686
245,636647021536738,101.5729
246,635940991936738,101.9818
247,635235637336738,102.3875
248,634530957736738,102.7903
249,633826953136738,103.1894
250,633123623536738,103.5894
251,632420968936738,103.9889
252,631718989336738,104.3948
253,631017684736738,104.7991
254,630317055136738,105.1975
255,629617100536738,105.5973
256,628917820936738,106.0039
257,628219216336738,106.4095
258,627521286736738,106.8075
259,626824032136738,107.2064
260,626127452536738,107.6094
261,625431547936738,108.0128
262,624736318336738,108.4114
263,624041763736738,108.81
264,623347884136738,109.2099
265,622654679536738,109.6134
266,621962149936738,110.0164
267,621270295336738,110.4235
268,620579115736738,110.8254
269,619888611136738,111.2232
270,619198781536738,111.6264
271,618509626936738,112.0272
272,617821147336738,112.4356
273,617133342736738,112.8348
274,616446213136738,113.2335
275,615759758536738,113.6352
276,615073978936738,114.0394
277,614388874336738,114.4455
278,613704444736738,114.855
279,613020690136738,115.2529
280,612337610536738,115.655
281,611655205936738,116.0591
282,610973476336738,116.4612
283,610292421736738,116.8593
284,609612042136738,117.2574
285,608932337536738,117.6591
286,608253307936738,118.0593
287,607574953336738,118.4592
288,606897273736738,118.8571
289,606220269136738,119.2556
290,605543939536738,119.6547
291,604868284936738,120.0544
292,604193305336738,120.4548
293,603519000736738,120.8555
294,602845371136738,121.2533
295,602172416536738,121.6531
296,601500136936738,122.0541
297,600828532336738,122.4598
298,600157602736738,122.8575
299,599487348136738,123.2556
300,598817768536738,123.6576
301,598148863936738,124.0628
302,597480634336738,124.466
303,596813079736738,124.8642
304,596146200136738,125.2627
305,595479995536738,125.6646
306,594814465936738,126.0738
307,594149611336738,126.4733
308,593485431736738,126.8831
309,592821927136738,127.2803
310,592159097536738,127.6814
311,591496942936738,128.093
312,590835463336738,128.4984
313,590174658736738,128.9018
314,589514529136738,129.2989
315,588855074536738,129.7003
316,588196294936738,130.1027
317,587538190336738,130.5042
318,586880760736738,130.9037
319,586224006136738,131.3025
320,585567926536738,131.7017
321,584912521936738,132.1031
322,584257792336738,132.5024
323,583603737736738,132.905
324,582950358136738,133.3046
325,582297653536738,133.7041
326,581645623936738,134.1049
327,580994269336738,134.5101
328,580343589736738,134.9092
329,579693585136738,135.3092
330,579044255536738,135.7083
331,578395600936738,136.1099
332,577747621336738,136.5124
333,577100316736738,136.9122
334,576453687136738,137.3101
335,575807732536738,137.7105
336,575162452936738,138.1113
337,574517848336738,138.5135
338,573873918736738,138.9136
339,573230664136738,139.3124
340,572588084536738,139.7113
341,571946179936738,140.1142
342,571304950336738,140.5189
343,570664395736738,140.918
344,570024516136738,141.3249
345,569385311536738,141.7241
346,568746781936738,142.1346
347,568108927336738,142.5348
348,567471747736738,142.9336
349,566835243136738,143.3359
350,566199413536738,143.7345
351,565564258936738,144.1367
352,564929779336738,144.5381
353,564295974736738,144.9472
354,563662845136738,145.3543
355,563030390536738,145.7543
356,562398610936738,146.156
357,561767506336738,146.5629
358,561137076736738,146.9709
359,560507322136738,147.3695
360,559878242536738,147.7679
361,559249837936738,148.1682
362,558622108336738,148.5709
363,557995053736738,148.9706
364,557368674136738,149.3698
365,556742969536738,149.7678
366,556117939936738,150.167
367,555493585336738,150.568
368,554869905736738,150.9692
369,554246901136738,151.367
370,553624571536738,151.7663
371,553002916936738,152.1657
372,552381937336738,152.5674
373,551761632736738,152.9697
374,551142003136738,153.3776
375,550523048536738,153.7771
376,549904768936738,154.1782
377,549287164336738,154.5786
378,548670234736738,154.9858
379,548053980136738,155.3846
380,547438400536738,155.7825
381,546823495936738,156.182
382,546209266336738,156.5868
383,545595711736738,156.9879
384,544982832136738,157.3922
385,544370627536738,157.7994
386,543759097936738,158.1989
387,543148243336738,158.6054
388,542538063736738,159.0115
389,541928559136738,159.4182
390,541319729536738,159.8184
391,540711574936738,160.2179
392,540104095336738,160.6177
393,539497290736738,161.0205
394,538891161136738,161.4289
395,538285706536738,161.8264
396,537680926936738,162.2258
397,537076822336738,162.6258
398,536473392736738,163.0323
399,535870638136738,163.4396
400,535268558536738,163.8406
401,534667153936738,164.2393
402,534066424336738,164.6427
403,533466369736738,165.0427
404,532866990136738,165.4442
405,532268285536738,165.8447
406,531670255936738,166.2433
407,531072901336738,166.6459
408,530476221736738,167.05
409,529880217136738,167.457
410,529284887536738,167.8566
411,528690232936738,168.2551
412,528096253336738,168.6566
413,527502948736738,169.063
414,526910319136738,169.4669
415,526318364536738,169.8747
416,525727084936738,170.2731
417,525136480336738,170.675
418,524546550736738,171.0749
419,523957296136738,171.4746
420,523368716536738,171.8734
421,522780811936738,172.2717
422,522193582336738,172.673
423,521607027736738,173.0739
424,521021148136738,173.4809
425,520435943536738,173.8794
426,519851413936738,174.2775
427,519267559336738,174.68
428,518684379736738,175.0855
429,518101875136738,175.4918
430,517520045536738,175.9002
431,516938890936738,176.2988
432,516358411336738,176.7001
433,515778606736738,177.1002
434,515199477136738,177.5005
435,514621022536738,177.9021
436,514043242936738,178.3016
437,513466138336738,178.7028
438,512889708736738,179.1031
439,512313954136738,179.5027
440,511738874536738,179.9022
441,511164469936738,180.3009
442,510590740336738,180.7007
443,510017685736738,181.1039
444,509445306136738,181.5068
445,508873601536738,181.9063
446,508302571936738,182.307
447,507732217336738,182.7076
448,507162537736738,183.1083
449,506593533136738,183.513
450,506025203536738,183.9145
451,505457548936738,184.3132
452,504890569336738,184.7124
453,504324264736738,185.1123
454,503758635136738,185.517
455,503193680536738,185.9153
456,502629400936738,186.3154
457,502065796336738,186.7149
458,501502866736738,187.1161
459,500940612136738,187.5222
460,500379032536738,187.9213
461,499818127936738,188.3214
462,499257898336738,188.7207
463,498698343736738,189.1203
464,498139464136738,189.5215
465,497581259536738,189.923
466,497023729936738,190.3223
467,496466875336738,190.7231
468,495910695736738,191.1226
469,495355191136738,191.5238
470,494800361536738,191.9232
471,494246206936738,192.3211
472,493692727336738,192.7199
473,493139922736738,193.1256
474,492587793136738,193.5351
475,492036338536738,193.9336
476,491485558936738,194.3311
477,490935454336738,194.7326
478,490386024736738,195.1358
479,489837270136738,195.5356
480,489289190536738,195.9445
481,488741785936738,196.3516
482,488195056336738,196.7506
483,487649001736738,197.1535
484,487103622136738,197.553
485,486558917536738,197.952
486,486014887936738,198.3505
487,485471533336738,198.7503
488,484928853736738,199.1515
489,484386849136738,199.5564
490,483845519536738,199.9649
491,483304864936738,200.3727
492,482764885336738,200.7722
493,482225580736738,201.1747
494,481686951136738,201.5818
495,481148996536738,201.9905
496,480611716936738,202.398
497,480075112336738,202.7954
498,479539182736738,203.1968
499,479003928136738,203.6017
500,478469348536738,204.0084
501,477935443936738,204.4083
502,477402214336738,204.8078
503,476869659736738,205.2096
504,476337780136738,205.6119
505,475806575536738,206.0122
506,475276045936738,206.4114
507,474746191336738,206.8096
508,474217011736738,207.2097
509,473688507136738,207.6104
510,473160677536738,208.0116
511,472633522936738,208.4109
512,472107043336738,208.809
513,471581238736738,209.2088
514,471056109136738,209.6095
515,470531654536738,210.0097
516,470007874936738,210.4091
517,469484770336738,210.8097
518,468962340736738,211.2112
519,468440586136738,211.6111
520,467919506536738,212.0112
521,467399101936738,212.41
522,466879372336738,212.8081
523,466360317736738,213.2079
524,465841938136738,213.6093
525,465324233536738,214.0102
526,464807203936738,214.4174
527,464290849336738,214.8158
528,463775169736738,215.2144
529,463260165136738,215.6146
530,462745835536738,216.0241
531,462232180936738,216.4231
532,461719201336738,216.8222
533,461206896736738,217.2214
534,460695267136738,217.6211
535,460184312536738,218.0208
536,459674032936738,218.4198
537,459164428336738,218.8202
538,458655498736738,219.2187
539,458147244136738,219.6187
540,457639664536738,220.0193
541,457132759936738,220.4188
542,456626530336738,220.8178
543,456120975736738,221.2165
544,455616096136738,221.6167
545,455111891536738,222.0163
546,454608361936738,222.4154
547,454105507336738,222.815
548,453603327736738,223.2146
549,453101823136738,223.6146
550,452600993536738,224.015
551,452100838936738,224.4157
552,451601359336738,224.8137
553,451102554736738,225.2135
554,450604425136738,225.6145
555,450106970536738,226.0163
556,449610190936738,226.4153
557,449114086336738,226.8138
558,448618656736738,227.2139
559,448123902136738,227.6138
560,447629822536738,228.0139
561,447136417936738,228.4128
562,446643688336738,228.8119
563,446151633736738,229.2117
564,445660254136738,229.6137
565,445169549536738,230.013
566,444679519936738,230.4118
567,444190165336738,230.8105
568,443701485736738,231.2095
569,443213481136738,231.6095
570,442726151536738,232.0107
571,442239496936738,232.4096
572,441753517336738,232.8075
573,441268212736738,233.2077
574,440783583136738,233.6082
575,440299628536738,234.0085
576,439816348936738,234.4076
577,439333744336738,234.8072
578,438851814736738,235.2066
579,438370560136738,235.6074
580,437889980536738,236.0073
581,437410075936738,236.4135
582,436930846336738,236.8117
583,436452291736738,237.2117
584,435974412136738,237.6119
585,435497207536738,238.0124
586,435020677936738,238.4121
587,434544823336738,238.8107
588,434069643736738,239.2104
589,433595139136738,239.6108
590,433121309536738,240.0111
591,432648154936738,240.41
592,432175675336738,240.8091
593,431703870736738,241.2089
594,431232741136738,241.6091
595,430762286536738,242.0089
596,430292506936738,242.4078
597,429823402336738,242.8059
598,429354972736738,243.205
599,428887218136738,243.606
600,428420138536738,244.0072
601,427953733936738,244.4061
602,427488004336738,244.8042
603,427022949736738,245.2036
604,426558570136738,245.6061
605,426094865536738,246.0052
606,425631835936738,246.4038
607,425169481336738,246.8026
608,424707801736738,247.2026
609,424246797136738,247.6024
610,423786467536738,248.0022
611,423326812936738,248.4004
612,422867833336738,248.8002
613,422409528736738,249.1995
614,421951899136738,249.5993
615,421494944536738,250.0006
616,421038664936738,250.3989
617,420583060336738,250.7975
618,420128130736738,251.1964
619,419673876136738,251.5963
620,419220296536738,251.996
621,418767391936738,252.3945
622,418315162336738,252.7931
623,417863607736738,253.1928
624,417412728136738,253.5923
625,416962523536738,253.9921
626,416512993936738,254.3904
627,416064139336738,254.7885
628,415615959736738,255.1881
629,415168455136738,255.5881
630,414721625536738,255.9892
631,414275470936738,256.3872
632,413829991336738,256.7858
633,413385186736738,257.1859
634,412941057136738,257.5854
635,412497602536738,257.9848
636,412054822936738,258.383
637,411612718336738,258.7821
638,411171288736738,259.1853
639,410730534136738,259.5849
640,410290454536738,259.9858
641,409851049936738,260.3843
642,409412320336738,260.7831
643,408974265736738,261.1828
644,408536886136738,261.5825
645,408100181536738,261.9857
646,407664151936738,262.3837
647,407228797336738,262.7824
648,406794117736738,263.1818
649,406360113136738,263.5811
650,405926783536738,263.9804
651,405494128936738,264.379
652,405062149336738,264.7811
653,404630844736738,265.1831
654,404200215136738,265.5827
655,403770260536738,265.9824
656,403340980936738,266.3804
657,402912376336738,266.7787
658,402484446736738,267.1827
659,402057192136738,267.5821
660,401630612536738,267.9836
661,401204707936738,268.382
662,400779478336738,268.7814
663,400354923736738,269.1809
664,399931044136738,269.5806
665,399507839536738,269.9802
666,399085309936738,270.3783
667,398663455336738,270.7774
668,398242275736738,271.1779
669,397821771136738,271.5774
670,397401941536738,271.9789
671,396982786936738,272.3781
672,396564307336738,272.7765
673,396146502736738,273.1763
674,395729373136738,273.5765
675,395312918536738,273.9771
676,394897138936738,274.3758
677,394482034336738,274.7745
678,394067604736738,275.1742
679,393653850136738,275.5738
680,393240770536738,275.9729
681,392828365936738,276.3702
682,392416636336738,276.7702
683,392005581736738,277.1735
684,391595202136738,277.5733
685,391185497536738,277.9727
686,390776467936738,278.3702
687,390368113336738,278.7692
688,389960433736738,279.1712
689,389553429136738,279.5706
690,389147099536738,279.9715
691,388741444936738,280.3691
692,388336465336738,280.7681
693,387932160736738,281.1678
694,387528531136738,281.5672
695,387125576536738,281.9659
696,386723296936738,282.3638
697,386321692336738,282.7622
698,385920762736738,283.1624
699,385520508136738,283.5621
700,385120928536738,283.9615
701,384722023936738,284.359
702,384323794336738,284.7576
703,383925997831738,285.1576
704,383528443231738,285.5573
705,383131096726738,285.9575
706,382734200221738,286.3558
707,382337320621738,286.7562
708,381940874116738,287.156
709,381544669516738,287.5551
710,381148673011738,287.9538
711,380753126506738,288.351
712,380357596906738,288.7498
713,379962500401738,289.1507
714,379567645801738,289.5504
715,379172999296738,289.9495
716,378778802791738,290.3471
717,378384623191738,290.7479
718,377990876686738,291.1476
719,377597372086738,291.5474
720,377204075581738,291.9479
721,376811229076738,292.3453
722,376418399476738,292.7442
723,376026002971738,293.1464
724,375633848371738,293.5467
725,375241901866738,293.9455
726,374850405361738,294.3432
727,374458925761738,294.7428
728,374067879256738,295.1441
729,373677074656738,295.5441
730,373286478151738,295.9426
731,372896331646738,296.3403
732,372506202046738,296.7395
733,372116505541738,297.1391
734,371727050941738,297.5404
735,371337804436738,297.9409
736,370949007931738,298.3391
737,370560228331738,298.7391
738,370171881826738,299.1382
739,369783777226738,299.5377
740,369395880721738,299.9373
741,369008434216738,300.3353
742,368621004616738,300.7346
743,368234008111738,301.1347
744,367847253511738,301.5343
745,367460707006738,301.9325
746,367074610501738,302.3297
747,366688530901738,302.73
748,366302884396738,303.1296
749,365917479796738,303.5289
750,365532283291738,303.9293
751,365147536786738,304.337
752,364762807186738,304.7361
753,364378510681738,305.1348
754,363994456081738,305.5342
755,363610609576738,305.9332
756,363227213071738,306.331
757,362843833471738,306.7324
758,362460886966738,307.1331
759,362078182366738,307.5385
760,361695685861738,307.9375
761,361313639356738,308.3356
762,360931609756738,308.7342
763,360550013251738,309.1342
764,360168658651738,309.5335
765,359787512146738,309.9342
766,359406815641738,310.3318
767,359026136041738,310.732
768,358645889536738,311.1311
769,358265884936738,311.5308
770,357886088431738,311.9299
771,357506741926738,312.3281
772,357127412326738,312.7278
773,356748515821738,313.1319
774,356369861221738,313.5316
775,355991414716738,313.9301
776,355613418211738,314.3275
777,355235438611738,314.7294
778,354857892106738,315.1292
779,354480587506738,315.5291
780,354103491001738,315.9308
781,353726844496738,316.3311
782,353350214896738,316.7309
783,352974018391738,317.1309
784,352598063791738,317.5306
785,352222317286738,317.9294
786,351847020781738,318.3277
787,351471741181738,318.7283
788,351096894676738,319.1331
789,350722290076738,319.5324
790,350347893571738,319.9326
791,349973947066738,320.3303
792,349600017466738,320.7302
793,349226520961738,321.1297
794,348853266361738,321.5302
795,348480219856738,321.9326
796,348107623351738,322.3306
797,347735043751738,322.731
798,347362897246738,323.1309
799,346990992646738,323.5304
800,346619296141738,323.9292
801,346248049636738,324.3265
802,345876820036738,324.7267
803,345506023531738,325.1297
804,345135468931738,325.5291
805,344765122426738,325.9291
806,344395225921738,326.3271
807,344025346321738,326.7283
808,343655899816738,327.1304
809,343286695216738,327.5308
810,342917698711738,327.932
811,342549152206738,328.3301
812,342180622606738,328.7294
813,341812526101738,329.1291
814,341444671501738,329.5332
815,341077024996738,329.9334
816,340709828491738,330.3321
817,340342648891738,330.7324
818,339975902386738,331.1331
819,339609397786738,331.5328
820,339243101281738,331.9318
821,338877254776738,332.33
822,338511425176738,332.7296
823,338146028671738,333.1298
824,337780874071738,333.5301
825,337415927566738,333.9306
826,337051431061738,334.3283
827,336686951461738,334.7282
828,336322904956738,335.1285
829,335959100356738,335.528
830,335595503851738,335.9268
831,335232357346738,336.3247
832,334869227746738,336.7241
833,334506531241738,337.1258
834,334144076641738,337.5251
835,333781830136738,337.9241
836,333420033631738,338.3219
837,333058254031738,338.7216
838,332696907526738,339.1264
839,332335802926738,339.5375
840,331974906421738,339.9572
841,331614459916738,340.379
842,331254030316738,340.8003
843,330894033811738,341.2145
844,330534279211738,341.6158
845,330174732706738,342.015
846,329815636201738,342.4124
847,329456556601738,342.8117
848,329097910096738,343.2108
849,328739505496738,343.6108
850,328381308991738,344.0098
851,328023562486738,344.4087
852,327665832886738,344.8097
853,327308536381738,345.2087
854,326951481781738,345.6095
855,326594635276738,346.0104
856,326238238771738,346.409
857,325881859171738,346.8074
858,325525912666738,347.2069
859,325170208066738,347.6167
860,324814711561738,348.0246
861,324459665056738,348.4285
862,324104635456738,348.8328
863,323750038951738,349.2359
864,323395684351738,349.6451
865,323041537846738,350.0495
866,322687841341738,350.4574
867,322334161741738,350.8621
868,321980915236738,351.2613
869,321627910636738,351.659
