1,1.520974938715384e+18,0.55636
2,1.944280584644002e+17,2.7042
3,1.510228945288616e+17,3.3559
4,1.039821215598005e+17,3.7937
5,8.288213695574688e+16,4.1995
6,7.167981186635974e+16,4.6233
7,5.954575320791146e+16,5.0244
8,5.4522427829257e+16,5.427
9,4.933499035306669e+16,5.8297
10,3.577133529870096e+16,6.231
11,3.466981755481716e+16,6.6289
12,3.361257532945886e+16,7.0297
13,3.300178806023509e+16,7.4299
14,3.133561961355055e+16,7.8295
15,2.995735165224098e+16,8.2302
16,2.889138766999061e+16,8.6324
17,2.80001685079418e+16,9.0342
18,2.771228799364426e+16,9.4347
19,2.730729442871455e+16,9.8356
20,2.748100938049386e+16,10.237
21,2.76170629704785e+16,10.6367
22,2.318794220743658e+16,11.0615
23,2.10930744774629e+16,11.4825
24,1.967235225243699e+16,11.8981
25,1.757135548838246e+16,12.3144
26,1.576080152523875e+16,12.7398
27,1.402817103078037e+16,13.1555
28,1.238996165333031e+16,13.5716
29,1.076043451814428e+16,13.9883
30,9338809591540616,14.4044
31,8217670321436639,14.8195
32,7185934549650474,15.2354
33,6432273184080347,15.6516
34,5611608469344433,16.0673
35,5009247718886258,16.4837
36,4553774741294048,16.9003
37,4274612454846829,17.3165
38,4129551980532945,17.7333
39,3718336309850310,18.1491
40,3190415359851229,18.5651
41,2803710975738305,18.9775
42,2867230625778987,19.3945
43,2536862731898143,19.8104
44,2607331577894456,20.2263
45,2376276555121756,20.6455
46,2060530485903288,21.0618
47,1751321754418009,21.4775
48,1458194664843607,21.8943
49,1244806121549372,22.3117
50,1064231510116731,22.7299
51,841240064472599.8,23.1435
52,709492556307581,23.5618
53,604022784443563.9,23.978
54,518919787544259.5,24.3943
55,453316176361395.4,24.8112
56,399135800589151.2,25.2277
57,358666764069968.9,25.6442
58,303379788129980.1,26.0606
59,261162309969448.5,26.4779
60,219321200485163.2,26.894
61,170212172402340.9,27.3076
62,139077665195604.8,27.7231
63,117097677163994.4,28.139
64,84783606125198.11,28.5555
65,68239574648869.73,28.9718
66,47808287026607.82,29.3879
67,33462042539374.75,29.8061
68,24506455480405.26,30.2221
69,19573518720769.92,30.6379
70,13651405834963.98,31.0542
71,8181588563336.242,31.4685
72,9449143913777.605,31.8844
73,10222764263199.29,32.3005
74,25246966538131.5,32.9534
75,13701166361777.53,33.3551
76,25383739576869.24,33.7576
77,155136165756803.5,36.1628
78,61528957890622.12,36.4879
79,167213732226216,38.91
80,41336873718189.8,41.241
81,664416714215654.8,43.5725
82,27522993876996.84,45.9026
83,527165168638170,48.2276
84,66451769991191.48,48.553
85,91809293591896.44,50.9637
86,14215059729636.8,51.3047
87,5231474241903.116,51.73
88,3797179135717.125,52.1516
89,1533575297912.965,52.5738
90,3452314662203.497,52.9949
91,2518851842912.35,53.4127
92,798215328036.2906,53.8417
93,229581137706.3939,54.2826
94,16926555305.9143,54.7039
95,0,55.1253
