1,1.195652835284455e+17,0.041164
2,7.842971260232709e+16,0.051141
3,4.612421648153022e+16,0.060958
4,1.805130231879358e+16,0.070772
5,5734800917373077,0.080524
6,4166183485793390,0.090308
7,2801717752474762,0.10006
8,2741380627547913,0.1098
9,2741380627547913,0.11954
10,2741380627547913,0.12929
11,2741380627547913,0.13973
12,2741380627547913,0.14964
13,2741380627547913,0.15942
14,2741380627547913,0.16996
15,2741380627547913,0.17997
16,2741380627547913,0.18975
17,2741380627547913,0.20034
18,2741380627547913,0.21041
19,2741380627547913,0.22015
20,2741380627547913,0.23072
21,2741380627547913,0.2406
22,2741380627547913,0.25047
23,2741380627547913,0.2609
24,2741380627547913,0.2708
25,2741380627547913,0.28055
26,2741380627547913,0.29097
27,2741380627547913,0.3009
28,2741380627547913,0.3108
29,2741380627547913,0.3212
30,2741380627547913,0.33116
31,2741380627547913,0.34092
32,2741380627547913,0.35141
33,2741380627547913,0.36132
34,2741380627547913,0.37108
35,2741380627547913,0.38147
36,2741380627547913,0.39152
37,2741380627547913,0.4013
38,2741380627547913,0.41172
39,2741380627547913,0.42164
40,2741380627547913,0.43154
41,2741380627547913,0.44201
42,2741380627547913,0.45213
43,2741380627547913,0.46209
44,2741380627547913,0.47279
45,2741380627547913,0.48284
46,2741380627547913,0.49302
47,2741380627547913,0.50357
48,2741380627547913,0.51367
49,2741380627547913,0.52384
50,2741380627547913,0.53423
51,2741380627547913,0.54414
52,2741380627547913,0.5541
53,2741380627547913,0.56449
54,2741380627547913,0.57459
55,2741380627547913,0.58435
56,2741380627547913,0.59491
57,2741380627547913,0.60485
58,2741380627547913,0.61467
59,2741380627547913,0.62507
60,2741380627547913,0.63499
61,2741380627547913,0.64475
62,2741380627547913,0.65516
63,2741380627547913,0.6651
64,2741380627547913,0.67502
65,2741380627547913,0.6854
66,2741380627547913,0.69528
67,2741380627547913,0.70511
68,2741380627547913,0.7155
69,2741380627547913,0.72541
70,2741380627547913,0.73547
71,2741380627547913,0.74589
72,2741380627547913,0.75584
73,2741380627547913,0.7658
74,2741380627547913,0.77621
75,2741380627547913,0.78641
76,2741380627547913,0.79614
77,2741380627547913,0.80654
78,2741380627547913,0.81643
79,2741380627547913,0.82625
80,2741380627547913,0.83687
81,2741380627547913,0.8468
82,2741380627547913,0.85655
83,2741380627547913,0.86706
84,2741380627547913,0.87699
85,2741380627547913,0.88685
86,2741380627547913,0.89732
87,2741380627547913,0.90726
88,2741380627547913,0.9172
89,2741380627547913,0.92773
90,2741380627547913,0.93779
91,2741380627547913,0.94752
92,2741380627547913,0.95806
93,2741380627547913,0.96814
94,2741380627547913,0.9781
95,2741380627547913,0.98863
96,2741380627547913,0.99877
97,2741380627547913,1.0087
98,2741380627547913,1.0192
99,2741380627547913,1.0293
100,2741380627547913,1.0393
101,2741380627547913,1.05
102,2741380627547913,1.0599
103,2741380627547913,1.0699
104,2741380627547913,1.0805
105,2741380627547913,1.0906
106,2741380627547913,1.1006
107,2741380627547913,1.1111
108,2741380627547913,1.1212
109,2741380627547913,1.131
110,2741380627547913,1.1416
111,2741380627547913,1.1518
112,2741380627547913,1.1616
113,2741380627547913,1.1723
114,2741380627547913,1.1822
115,2741380627547913,1.1921
116,2741380627547913,1.2028
117,2741380627547913,1.2128
118,2741380627547913,1.2225
119,2741380627547913,1.2331
120,2741380627547913,1.2432
121,2741380627547913,1.253
122,2741380627547913,1.2634
123,2741380627547913,1.2734
124,2741380627547913,1.2833
125,2741380627547913,1.2939
126,2741380627547913,1.3042
127,2741380627547913,1.3145
128,2741380627547913,1.3252
129,2741380627547913,1.3354
130,2741380627547913,1.3454
131,2741380627547913,1.356
132,2741380627547913,1.3662
133,2741380627547913,1.3764
134,2741380627547913,1.3869
135,2741380627547913,1.3968
136,2741380627547913,1.4067
137,2741380627547913,1.4171
138,2741380627547913,1.4273
139,2741380627547913,1.437
140,2741380627547913,1.4475
141,2741380627547913,1.4576
142,2741380627547913,1.4675
143,2741380627547913,1.478
144,2741380627547913,1.4879
145,2741380627547913,1.4978
146,2741380627547913,1.5083
147,2741380627547913,1.5187
148,2741380627547913,1.5287
149,2741380627547913,1.5391
150,2741380627547913,1.549
151,2741380627547913,1.5588
152,2741380627547913,1.5692
153,2741380627547913,1.5792
154,2741380627547913,1.5935
155,2741380627547913,1.6066
156,2741380627547913,1.6169
157,2741380627547913,1.627
158,2741380627547913,1.6395
159,2741380627547913,1.6496
160,2741380627547913,1.6596
161,2741380627547913,1.6719
162,2741380627547913,1.6822
163,2741380627547913,1.692
164,2741380627547913,1.7043
165,2741380627547913,1.7145
166,2741380627547913,1.7245
167,2741380627547913,1.7369
168,2741380627547913,1.7473
169,2741380627547913,1.7577
170,2741380627547913,1.7701
171,2741380627547913,1.7804
172,2741380627547913,1.7903
173,2741380627547913,1.8027
174,2741380627547913,1.8129
175,2741380627547913,1.8228
176,2741380627547913,1.8351
177,2741380627547913,1.845
178,2741380627547913,1.8549
179,2741380627547913,1.8672
180,2741380627547913,1.8774
181,2741380627547913,1.8872
182,2741380627547913,1.8995
183,2741380627547913,1.9094
184,2741380627547913,1.9194
185,2741380627547913,1.9316
186,2741380627547913,1.9417
187,2741380627547913,1.9515
188,2741380627547913,1.9638
189,2741380627547913,1.9737
190,2741380627547913,1.9837
191,2741380627547913,1.9959
192,2741380627547913,2.0059
193,2741380627547913,2.0157
194,2741380627547913,2.0282
195,2741380627547913,2.0382
196,2741380627547913,2.048
197,2741380627547913,2.0603
198,2741380627547913,2.0702
199,2741380627547913,2.08
200,2741380627547913,2.0925
201,2741380627547913,2.1026
202,2741380627547913,2.1126
203,2741380627547913,2.1249
204,2741380627547913,2.1348
205,2741380627547913,2.1446
206,2741380627547913,2.1569
207,2741380627547913,2.1673
208,2741380627547913,2.1774
209,2741380627547913,2.1909
210,2741380627547913,2.2085
211,2741380627547913,2.2209
212,2741380627547913,2.2318
213,2741380627547913,2.2471
214,2741380627547913,2.2572
215,2741380627547913,2.2695
216,2741380627547913,2.2797
217,2741380627547913,2.2899
218,2741380627547913,2.3054
219,2741380627547913,2.3165
220,2741380627547913,2.3266
221,2741380627547913,2.339
222,2741380627547913,2.3493
223,2741380627547913,2.3593
224,2741380627547913,2.3716
225,2741380627547913,2.3816
226,2741380627547913,2.3914
227,2741380627547913,2.4039
228,2741380627547913,2.414
229,2741380627547913,2.4237
230,2741380627547913,2.436
231,2741380627547913,2.4459
232,2741380627547913,2.4557
233,2741380627547913,2.4682
234,2741380627547913,2.4781
235,2741380627547913,2.488
236,2741380627547913,2.5004
237,2741380627547913,2.5105
238,2741380627547913,2.5202
239,2741380627547913,2.5326
240,2741380627547913,2.5426
241,2741380627547913,2.5528
242,2741380627547913,2.5653
243,2741380627547913,2.5755
244,2741380627547913,2.5856
245,2741380627547913,2.5981
246,2741380627547913,2.6083
247,2741380627547913,2.6183
248,2741380627547913,2.6306
249,2741380627547913,2.6406
250,2741380627547913,2.6504
251,2741380627547913,2.6628
252,2741380627547913,2.6727
253,2741380627547913,2.6825
254,2741380627547913,2.6948
255,2741380627547913,2.7048
256,2741380627547913,2.7145
257,2741380627547913,2.7269
258,2741380627547913,2.7369
259,2741380627547913,2.7467
260,2741380627547913,2.7591
261,2741380627547913,2.769
262,2741380627547913,2.7791
263,2741380627547913,2.7917
264,2741380627547913,2.8017
265,2741380627547913,2.8117
266,2741380627547913,2.824
267,2741380627547913,2.8341
268,2741380627547913,2.844
269,2741380627547913,2.8551
270,2741380627547913,2.8653
271,2741380627547913,2.8752
272,2741380627547913,2.8858
273,2741380627547913,2.8959
274,2741380627547913,2.9061
275,2741380627547913,2.9167
276,2741380627547913,2.9266
277,2741380627547913,2.9366
278,2741380627547913,2.9471
279,2741380627547913,2.9571
280,2741380627547913,2.967
281,2741380627547913,2.9775
282,2741380627547913,2.9879
283,2741380627547913,2.9976
284,2741380627547913,3.0083
285,2741380627547913,3.0185
286,2741380627547913,3.0285
287,2741380627547913,3.0389
288,2741380627547913,3.0488
289,2741380627547913,3.0587
290,2741380627547913,3.0693
291,2741380627547913,3.0794
292,2741380627547913,3.0892
293,2741380627547913,3.0997
294,2741380627547913,3.1096
295,2741380627547913,3.1197
296,2741380627547913,3.1303
297,2741380627547913,3.1402
298,2741380627547913,3.1505
299,2741380627547913,3.1611
300,2741380627547913,3.1712
301,2741380627547913,3.1813
302,2741380627547913,3.1918
303,2741380627547913,3.202
304,2741380627547913,3.2118
305,2741380627547913,3.2225
306,2741380627547913,3.2326
307,2741380627547913,3.2423
308,2741380627547913,3.2528
309,2741380627547913,3.2629
310,2741380627547913,3.2729
311,2741380627547913,3.2835
312,2741380627547913,3.2935
313,2741380627547913,3.3032
314,2741380627547913,3.3141
315,2741380627547913,3.3244
316,2741380627547913,3.3341
317,2741380627547913,3.3447
318,2741380627547913,3.3547
319,2741380627547913,3.3644
320,2741380627547913,3.3749
321,2741380627547913,3.3849
322,2741380627547913,3.395
323,2741380627547913,3.4054
324,2741380627547913,3.4154
325,2741380627547913,3.4253
326,2741380627547913,3.4358
327,2741380627547913,3.446
328,2741380627547913,3.4558
329,2741380627547913,3.4663
330,2741380627547913,3.4762
331,2741380627547913,3.486
332,2741380627547913,3.4967
333,2741380627547913,3.5068
334,2741380627547913,3.5169
335,2741380627547913,3.5274
336,2741380627547913,3.5376
337,2741380627547913,3.5477
338,2741380627547913,3.5585
339,2741380627547913,3.5685
340,2741380627547913,3.5783
341,2741380627547913,3.589
342,2741380627547913,3.5992
343,2741380627547913,3.6092
344,2741380627547913,3.6196
345,2741380627547913,3.6296
346,2741380627547913,3.6394
347,2741380627547913,3.6499
348,2741380627547913,3.66
349,2741380627547913,3.6697
350,2741380627547913,3.6803
351,2741380627547913,3.6903
352,2741380627547913,3.7003
353,2741380627547913,3.7108
354,2741380627547913,3.7208
355,2741380627547913,3.7305
356,2741380627547913,3.741
357,2741380627547913,3.7509
358,2741380627547913,3.7607
359,2741380627547913,3.7712
360,2741380627547913,3.7814
361,2741380627547913,3.7915
362,2741380627547913,3.802
363,2741380627547913,3.8121
364,2741380627547913,3.822
365,2741380627547913,3.8325
366,2741380627547913,3.8424
367,2741380627547913,3.8522
368,2741380627547913,3.8628
369,2741380627547913,3.8729
370,2741380627547913,3.8829
371,2741380627547913,3.8936
372,2741380627547913,3.9039
373,2741380627547913,3.9136
374,2741380627547913,3.9242
375,2741380627547913,3.9341
376,2741380627547913,3.9439
377,2741380627547913,3.9545
378,2741380627547913,3.9644
379,2741380627547913,3.9742
380,2741380627547913,3.9848
381,2741380627547913,3.9947
382,2741380627547913,4.005
383,2741380627547913,4.0156
384,2741380627547913,4.0255
385,2741380627547913,4.0353
386,2741380627547913,4.0458
387,2741380627547913,4.0562
388,2741380627547913,4.0659
389,2741380627547913,4.0764
390,2741380627547913,4.0863
391,2741380627547913,4.0961
392,2741380627547913,4.1066
393,2741380627547913,4.1166
394,2741380627547913,4.1266
395,2741380627547913,4.1372
396,2741380627547913,4.1472
397,2741380627547913,4.157
398,2741380627547913,4.1676
399,2741380627547913,4.1778
400,2741380627547913,4.1875
401,2741380627547913,4.1982
402,2741380627547913,4.2082
403,2741380627547913,4.218
404,2741380627547913,4.2285
405,2741380627547913,4.2385
406,2741380627547913,4.2484
407,2741380627547913,4.2589
408,2741380627547913,4.2688
409,2741380627547913,4.2786
410,2741380627547913,4.2891
411,2741380627547913,4.2995
412,2741380627547913,4.3095
413,2741380627547913,4.3199
414,2741380627547913,4.33
415,2741380627547913,4.3397
416,2741380627547913,4.3502
417,2741380627547913,4.3602
418,2741380627547913,4.3699
419,2741380627547913,4.3804
420,2741380627547913,4.3903
421,2741380627547913,4.4001
422,2741380627547913,4.4108
423,2741380627547913,4.4208
424,2741380627547913,4.4308
425,2741380627547913,4.4414
426,2741380627547913,4.4513
427,2741380627547913,4.4611
428,2741380627547913,4.4717
429,2741380627547913,4.4821
430,2741380627547913,4.492
431,2741380627547913,4.5027
432,2741380627547913,4.5127
433,2741380627547913,4.5226
434,2741380627547913,4.5333
435,2741380627547913,4.5433
436,2741380627547913,4.5531
437,2741380627547913,4.5636
438,2741380627547913,4.5739
439,2741380627547913,4.5839
440,2741380627547913,4.5944
441,2741380627547913,4.6045
442,2741380627547913,4.6142
443,2741380627547913,4.6253
444,2741380627547913,4.6352
445,2741380627547913,4.645
446,2741380627547913,4.6557
447,2741380627547913,4.6656
448,2741380627547913,4.6756
449,2741380627547913,4.6863
450,2741380627547913,4.6965
451,2741380627547913,4.7064
452,2741380627547913,4.7169
453,2741380627547913,4.727
454,2741380627547913,4.7369
455,2741380627547913,4.7474
456,2741380627547913,4.7575
457,2741380627547913,4.7673
458,2741380627547913,4.7777
459,2741380627547913,4.7879
460,2741380627547913,4.7981
461,2741380627547913,4.8085
462,2741380627547913,4.8187
463,2741380627547913,4.8287
464,2741380627547913,4.8392
465,2741380627547913,4.8495
466,2741380627547913,4.8593
467,2741380627547913,4.8699
468,2741380627547913,4.8798
469,2741380627547913,4.89
470,2741380627547913,4.9004
471,2741380627547913,4.9106
472,2741380627547913,4.9206
473,2741380627547913,4.9312
474,2741380627547913,4.9413
475,2741380627547913,4.9511
476,2741380627547913,4.9616
477,2741380627547913,4.9717
478,2741380627547913,4.9815
479,2741380627547913,4.992
480,2741380627547913,5.0021
481,2741380627547913,5.0119
482,2741380627547913,5.0225
483,2741380627547913,5.0325
484,2741380627547913,5.0423
485,2741380627547913,5.0527
486,2741380627547913,5.0627
487,2741380627547913,5.0725
488,2741380627547913,5.0831
489,2741380627547913,5.0933
490,2741380627547913,5.1031
491,2741380627547913,5.1135
492,2741380627547913,5.1235
493,2741380627547913,5.1332
494,2741380627547913,5.1437
495,2741380627547913,5.1538
496,2741380627547913,5.1636
497,2741380627547913,5.1741
498,2741380627547913,5.1843
499,2741380627547913,5.198
500,2741380627547913,5.2107
501,2741380627547913,5.2219
502,2741380627547913,5.2317
503,2741380627547913,5.2423
504,2741380627547913,5.2522
505,2741380627547913,5.2621
506,2741380627547913,5.2725
507,2741380627547913,5.2825
508,2741380627547913,5.2924
509,2741380627547913,5.3029
510,2741380627547913,5.3129
511,2741380627547913,5.3226
512,2741380627547913,5.3331
513,2741380627547913,5.3431
514,2741380627547913,5.3529
515,2741380627547913,5.3635
516,2741380627547913,5.3734
517,2741380627547913,5.3832
518,2741380627547913,5.3937
519,2741380627547913,5.4037
520,2741380627547913,5.4137
521,2741380627547913,5.4242
522,2741380627547913,5.4343
523,2741380627547913,5.4444
524,2741380627547913,5.455
525,2741380627547913,5.4653
526,2741380627547913,5.4752
527,2741380627547913,5.4859
528,2741380627547913,5.4966
529,2741380627547913,5.5068
530,2741380627547913,5.5174
531,2741380627547913,5.5275
532,2741380627547913,5.5373
533,2741380627547913,5.5479
534,2741380627547913,5.5581
535,2741380627547913,5.5678
536,2741380627547913,5.5784
537,2741380627547913,5.5886
538,2741380627547913,5.5989
539,2741380627547913,5.6115
540,2741380627547913,5.6217
541,2741380627547913,5.6318
542,2741380627547913,5.6447
543,2741380627547913,5.6549
544,2741380627547913,5.6652
545,2741380627547913,5.6776
546,2741380627547913,5.6878
547,2741380627547913,5.6981
548,2741380627547913,5.7107
549,2741380627547913,5.7209
550,2741380627547913,5.7306
551,2741380627547913,5.7432
552,2741380627547913,5.754
553,2741380627547913,5.7641
554,2741380627547913,5.7764
555,2741380627547913,5.7867
556,2741380627547913,5.7966
557,2741380627547913,5.809
558,2741380627547913,5.819
559,2741380627547913,5.8288
560,2741380627547913,5.8412
561,2741380627547913,5.8514
562,2741380627547913,5.8617
563,2741380627547913,5.8745
564,2741380627547913,5.8847
565,2741380627547913,5.8947
566,2741380627547913,5.9071
567,2741380627547913,5.9174
568,2741380627547913,5.9275
569,2741380627547913,5.94
570,2741380627547913,5.9503
571,2741380627547913,5.9605
572,2741380627547913,5.973
573,2741380627547913,5.9834
574,2741380627547913,5.9934
575,2741380627547913,6.0058
576,2741380627547913,6.016
577,2741380627547913,6.0262
578,2741380627547913,6.0386
579,2741380627547913,6.0488
580,2741380627547913,6.0589
581,2741380627547913,6.0714
582,2741380627547913,6.0816
583,2741380627547913,6.0916
584,2741380627547913,6.1041
585,2741380627547913,6.1141
586,2741380627547913,6.1241
587,2741380627547913,6.1365
588,2741380627547913,6.1467
589,2741380627547913,6.1567
590,2741380627547913,6.1696
591,2741380627547913,6.18
592,2741380627547913,6.19
593,2741380627547913,6.2025
594,2741380627547913,6.2126
595,2741380627547913,6.2223
596,2741380627547913,6.235
597,2741380627547913,6.2452
598,2741380627547913,6.2552
599,2741380627547913,6.2676
600,2741380627547913,6.2778
601,2741380627547913,6.2879
602,2741380627547913,6.3003
603,2741380627547913,6.3105
604,2741380627547913,6.3206
605,2741380627547913,6.3332
606,2741380627547913,6.3435
607,2741380627547913,6.3536
608,2741380627547913,6.3677
609,2741380627547913,6.3776
610,2741380627547913,6.3874
611,2741380627547913,6.4005
612,2741380627547913,6.4105
613,2741380627547913,6.4203
614,2741380627547913,6.4334
615,2741380627547913,6.4434
616,2741380627547913,6.4533
617,2741380627547913,6.4664
618,2741380627547913,6.4768
619,2741380627547913,6.4868
620,2741380627547913,6.5001
621,2741380627547913,6.5101
622,2741380627547913,6.52
623,2741380627547913,6.5333
624,2741380627547913,6.5432
625,2741380627547913,6.5532
626,2741380627547913,6.5666
627,2741380627547913,6.5769
628,2741380627547913,6.587
629,2741380627547913,6.6001
630,2741380627547913,6.6104
631,2741380627547913,6.6202
632,2741380627547913,6.631
633,2741380627547913,6.6412
634,2741380627547913,6.6518
635,2741380627547913,6.6624
636,2741380627547913,6.6723
637,2741380627547913,6.682
638,2741380627547913,6.6928
639,2741380627547913,6.7035
640,2741380627547913,6.7135
641,2741380627547913,6.7241
642,2741380627547913,6.7344
643,2741380627547913,6.7444
644,2741380627547913,6.7552
645,2741380627547913,6.7654
646,2741380627547913,6.7755
647,2741380627547913,6.7862
648,2741380627547913,6.7962
649,2741380627547913,6.8062
650,2741380627547913,6.8169
651,2741380627547913,6.8271
652,2741380627547913,6.8372
653,2741380627547913,6.8477
654,2741380627547913,6.8579
655,2741380627547913,6.8681
656,2741380627547913,6.8787
657,2741380627547913,6.8887
658,2741380627547913,6.8985
659,2741380627547913,6.9091
660,2741380627547913,6.919
661,2741380627547913,6.9289
662,2741380627547913,6.9394
663,2741380627547913,6.9496
664,2741380627547913,6.9596
665,2741380627547913,6.9702
666,2741380627547913,6.9804
667,2741380627547913,6.9905
668,2741380627547913,7.0012
669,2741380627547913,7.0113
670,2741380627547913,7.0217
671,2741380627547913,7.0323
672,2741380627547913,7.0424
673,2741380627547913,7.0529
674,2741380627547913,7.0637
675,2741380627547913,7.0738
676,2741380627547913,7.084
677,2741380627547913,7.0947
678,2741380627547913,7.1051
679,2741380627547913,7.1151
680,2741380627547913,7.1256
681,2741380627547913,7.1358
682,2741380627547913,7.1458
683,2741380627547913,7.1567
684,2741380627547913,7.1667
685,2741380627547913,7.1765
686,2741380627547913,7.1871
687,2741380627547913,7.1972
688,2741380627547913,7.2072
689,2741380627547913,7.2178
690,2741380627547913,7.2279
691,2741380627547913,7.2381
692,2741380627547913,7.2487
693,2741380627547913,7.2589
694,2741380627547913,7.2689
695,2741380627547913,7.2795
696,2741380627547913,7.2898
697,2741380627547913,7.2999
698,2741380627547913,7.3104
699,2741380627547913,7.3204
700,2741380627547913,7.3302
701,2741380627547913,7.3408
702,2741380627547913,7.3512
703,2741380627547913,7.3616
704,2741380627547913,7.3722
705,2741380627547913,7.3823
706,2741380627547913,7.3924
707,2741380627547913,7.403
708,2741380627547913,7.4137
709,2741380627547913,7.4239
710,2741380627547913,7.4345
711,2741380627547913,7.4444
712,2741380627547913,7.4542
713,2741380627547913,7.4649
714,2741380627547913,7.4753
715,2741380627547913,7.4855
716,2741380627547913,7.4961
717,2741380627547913,7.5062
718,2741380627547913,7.5161
719,2741380627547913,7.5268
720,2741380627547913,7.537
721,2741380627547913,7.5467
722,2741380627547913,7.5574
723,2741380627547913,7.5674
724,2741380627547913,7.5771
725,2741380627547913,7.5878
726,2741380627547913,7.598
727,2741380627547913,7.6081
728,2741380627547913,7.6194
729,2741380627547913,7.6296
730,2741380627547913,7.6397
731,2741380627547913,7.6521
732,2741380627547913,7.6623
733,2741380627547913,7.6723
734,2741380627547913,7.6849
735,2741380627547913,7.6951
736,2741380627547913,7.7051
737,2741380627547913,7.7176
738,2741380627547913,7.7276
739,2741380627547913,7.7374
740,2741380627547913,7.7498
741,2741380627547913,7.7601
742,2741380627547913,7.7701
743,2741380627547913,7.7825
744,2741380627547913,7.7927
745,2741380627547913,7.8029
746,2741380627547913,7.8153
747,2741380627547913,7.8254
748,2741380627547913,7.8352
749,2741380627547913,7.8477
750,2741380627547913,7.8579
751,2741380627547913,7.8677
752,2741380627547913,7.8801
753,2741380627547913,7.8905
754,2741380627547913,7.9007
755,2741380627547913,7.9132
756,2741380627547913,7.9234
757,2741380627547913,7.9335
758,2741380627547913,7.946
759,2741380627547913,7.9565
760,2741380627547913,7.9666
761,2741380627547913,7.9791
762,2741380627547913,7.9895
763,2741380627547913,7.9995
764,2741380627547913,8.012
765,2741380627547913,8.0225
766,2741380627547913,8.0325
767,2741380627547913,8.045
768,2741380627547913,8.0555
769,2741380627547913,8.0655
770,2741380627547913,8.078
771,2741380627547913,8.0886
772,2741380627547913,8.0989
773,2741380627547913,8.1114
774,2741380627547913,8.1215
775,2741380627547913,8.1316
776,2741380627547913,8.1443
777,2741380627547913,8.1546
778,2741380627547913,8.1645
779,2741380627547913,8.1769
780,2741380627547913,8.1888
781,2741380627547913,8.2026
782,2741380627547913,8.217
783,2741380627547913,8.2291
784,2741380627547913,8.2391
785,2741380627547913,8.2522
786,2741380627547913,8.2626
787,2741380627547913,8.2729
788,2741380627547913,8.2861
789,2741380627547913,8.2963
790,2741380627547913,8.306
791,2741380627547913,8.3193
792,2741380627547913,8.3299
793,2741380627547913,8.3398
794,2741380627547913,8.3504
795,2741380627547913,8.3606
796,2741380627547913,8.3704
797,2741380627547913,8.3811
798,2741380627547913,8.3913
799,2741380627547913,8.4012
800,2741380627547913,8.4117
801,2741380627547913,8.4218
802,2741380627547913,8.4317
803,2741380627547913,8.4424
804,2741380627547913,8.4529
805,2741380627547913,8.4627
806,2741380627547913,8.4733
807,2741380627547913,8.4837
808,2741380627547913,8.4937
809,2741380627547913,8.5044
810,2741380627547913,8.5144
811,2741380627547913,8.5244
812,2741380627547913,8.535
813,2741380627547913,8.5452
814,2741380627547913,8.5552
815,2741380627547913,8.5657
816,2741380627547913,8.5757
817,2741380627547913,8.5857
818,2741380627547913,8.5963
819,2741380627547913,8.6063
820,2741380627547913,8.6164
821,2741380627547913,8.6273
822,2741380627547913,8.6377
823,2741380627547913,8.6477
824,2741380627547913,8.6581
825,2741380627547913,8.6681
826,2741380627547913,8.6781
827,2741380627547913,8.6887
828,2741380627547913,8.6988
829,2741380627547913,8.709
830,2741380627547913,8.7195
831,2741380627547913,8.7296
832,2741380627547913,8.7397
833,2741380627547913,8.7501
834,2741380627547913,8.7603
835,2741380627547913,8.7701
836,2741380627547913,8.7805
837,2741380627547913,8.7906
838,2741380627547913,8.8006
839,2741380627547913,8.8112
840,2741380627547913,8.8212
841,2741380627547913,8.831
842,2741380627547913,8.8414
843,2741380627547913,8.8513
844,2741380627547913,8.8613
845,2741380627547913,8.8717
846,2741380627547913,8.8818
847,2741380627547913,8.8916
848,2741380627547913,8.902
849,2741380627547913,8.912
850,2741380627547913,8.9218
851,2741380627547913,8.9322
852,2741380627547913,8.9425
853,2741380627547913,8.9524
854,2741380627547913,8.9629
855,2741380627547913,8.9732
856,2741380627547913,8.9832
857,2741380627547913,8.9937
858,2741380627547913,9.004
859,2741380627547913,9.0143
860,2741380627547913,9.0248
861,2741380627547913,9.0351
862,2741380627547913,9.0451
863,2741380627547913,9.0556
864,2741380627547913,9.0658
865,2741380627547913,9.0757
866,2741380627547913,9.0861
867,2741380627547913,9.0962
868,2741380627547913,9.1061
869,2741380627547913,9.1165
870,2741380627547913,9.1264
871,2741380627547913,9.1362
872,2741380627547913,9.1466
873,2741380627547913,9.1565
874,2741380627547913,9.1663
875,2741380627547913,9.177
876,2741380627547913,9.1871
877,2741380627547913,9.1973
878,2741380627547913,9.2077
879,2741380627547913,9.2179
880,2741380627547913,9.2278
881,2741380627547913,9.2383
882,2741380627547913,9.2488
883,2741380627547913,9.2589
884,2741380627547913,9.2694
885,2741380627547913,9.2797
886,2741380627547913,9.2899
887,2741380627547913,9.3005
888,2741380627547913,9.3109
889,2741380627547913,9.3211
890,2741380627547913,9.3317
891,2741380627547913,9.3422
892,2741380627547913,9.3524
893,2741380627547913,9.363
894,2741380627547913,9.3739
895,2741380627547913,9.3841
896,2741380627547913,9.3946
897,2741380627547913,9.4053
898,2741380627547913,9.4154
899,2741380627547913,9.426
900,2741380627547913,9.4364
901,2741380627547913,9.4465
902,2741380627547913,9.4571
903,2741380627547913,9.4677
904,2741380627547913,9.478
905,2741380627547913,9.4886
906,2741380627547913,9.499
907,2741380627547913,9.5091
908,2741380627547913,9.5197
909,2741380627547913,9.5301
910,2741380627547913,9.5404
911,2741380627547913,9.551
912,2741380627547913,9.5616
913,2741380627547913,9.5719
914,2741380627547913,9.5825
915,2741380627547913,9.593
916,2741380627547913,9.6031
917,2741380627547913,9.614
918,2741380627547913,9.6244
919,2741380627547913,9.6345
920,2741380627547913,9.6451
921,2741380627547913,9.6555
922,2741380627547913,9.6655
923,2741380627547913,9.6761
924,2741380627547913,9.6866
925,2741380627547913,9.6969
926,2741380627547913,9.7074
927,2741380627547913,9.7177
928,2741380627547913,9.7276
929,2741380627547913,9.7383
930,2741380627547913,9.7488
931,2741380627547913,9.7594
932,2741380627547913,9.77
933,2741380627547913,9.7805
934,2741380627547913,9.7906
935,2741380627547913,9.8014
936,2741380627547913,9.8119
937,2741380627547913,9.8216
938,2741380627547913,9.8321
939,2741380627547913,9.8424
940,2741380627547913,9.8527
941,2741380627547913,9.8634
942,2741380627547913,9.8736
943,2741380627547913,9.8836
944,2741380627547913,9.8942
945,2741380627547913,9.9041
946,2741380627547913,9.914
947,2741380627547913,9.9244
948,2741380627547913,9.9343
949,2741380627547913,9.9442
950,2741380627547913,9.9548
951,2741380627547913,9.9648
952,2741380627547913,9.9746
953,2741380627547913,9.9851
954,2741380627547913,9.995
955,2741380627547913,10.0049
956,2741380627547913,10.0154
957,2741380627547913,10.0253
958,2741380627547913,10.0353
959,2741380627547913,10.0458
960,2741380627547913,10.0557
961,2741380627547913,10.0657
962,2741380627547913,10.0762
963,2741380627547913,10.0863
964,2741380627547913,10.0961
965,2741380627547913,10.1065
966,2741380627547913,10.1167
967,2741380627547913,10.1265
968,2741380627547913,10.137
969,2741380627547913,10.1469
970,2741380627547913,10.1567
971,2741380627547913,10.1671
972,2741380627547913,10.1771
973,2741380627547913,10.187
974,2741380627547913,10.1975
975,2741380627547913,10.2075
976,2741380627547913,10.2173
977,2741380627547913,10.2278
978,2741380627547913,10.2382
979,2741380627547913,10.2483
980,2741380627547913,10.2591
981,2741380627547913,10.2698
982,2741380627547913,10.2797
983,2741380627547913,10.2902
984,2741380627547913,10.3006
985,2741380627547913,10.3107
986,2741380627547913,10.3213
987,2741380627547913,10.3317
988,2741380627547913,10.3416
989,2741380627547913,10.3522
990,2741380627547913,10.3626
991,2741380627547913,10.3727
992,2741380627547913,10.3832
993,2741380627547913,10.3935
994,2741380627547913,10.4035
995,2741380627547913,10.4141
996,2741380627547913,10.4241
997,2741380627547913,10.434
998,2741380627547913,10.4444
999,2741380627547913,10.4547
1000,2741380627547913,10.4648
1001,2741380627547913,10.4754
1002,2741380627547913,10.486
1003,2741380627547913,10.496
1004,2741380627547913,10.5068
1005,2741380627547913,10.5174
1006,2741380627547913,10.5273
1007,2741380627547913,10.5382
1008,2741380627547913,10.5488
1009,2741380627547913,10.5589
1010,2741380627547913,10.5695
1011,2741380627547913,10.5799
1012,2741380627547913,10.59
1013,2741380627547913,10.6006
1014,2741380627547913,10.6111
1015,2741380627547913,10.6212
1016,2741380627547913,10.6318
1017,2741380627547913,10.6424
1018,2741380627547913,10.6525
1019,2741380627547913,10.6631
1020,2741380627547913,10.6736
1021,2741380627547913,10.6835
1022,2741380627547913,10.6943
1023,2741380627547913,10.7049
1024,2741380627547913,10.7149
1025,2741380627547913,10.7254
1026,2741380627547913,10.7358
1027,2741380627547913,10.7459
1028,2741380627547913,10.7566
1029,2741380627547913,10.7669
1030,2741380627547913,10.777
1031,2741380627547913,10.7876
1032,2741380627547913,10.798
1033,2741380627547913,10.8081
1034,2741380627547913,10.8186
1035,2741380627547913,10.8294
1036,2741380627547913,10.8398
1037,2741380627547913,10.8506
1038,2741380627547913,10.861
1039,2741380627547913,10.8713
1040,2741380627547913,10.8819
1041,2741380627547913,10.8924
1042,2741380627547913,10.9027
1043,2741380627547913,10.9135
1044,2741380627547913,10.924
1045,2741380627547913,10.9341
1046,2741380627547913,10.9447
1047,2741380627547913,10.9553
1048,2741380627547913,10.9656
1049,2741380627547913,10.9763
1050,2741380627547913,10.9867
1051,2741380627547913,10.9967
1052,2741380627547913,11.0074
1053,2741380627547913,11.0179
1054,2741380627547913,11.0281
1055,2741380627547913,11.0387
1056,2741380627547913,11.0491
1057,2741380627547913,11.0593
1058,2741380627547913,11.0702
1059,2741380627547913,11.0806
1060,2741380627547913,11.0905
1061,2741380627547913,11.1012
1062,2741380627547913,11.1111
1063,2741380627547913,11.1211
1064,2741380627547913,11.1315
1065,2741380627547913,11.1414
1066,2741380627547913,11.1514
1067,2741380627547913,11.1619
1068,2741380627547913,11.1718
1069,2741380627547913,11.1816
1070,2741380627547913,11.1958
1071,2741380627547913,11.2081
1072,2741380627547913,11.2192
1073,2741380627547913,11.2299
1074,2741380627547913,11.2398
1075,2741380627547913,11.2497
1076,2741380627547913,11.2603
1077,2741380627547913,11.2703
1078,2741380627547913,11.2801
1079,2741380627547913,11.2905
1080,2741380627547913,11.3004
1081,2741380627547913,11.3102
1082,2741380627547913,11.3207
1083,2741380627547913,11.3306
1084,2741380627547913,11.3404
1085,2741380627547913,11.3508
1086,2741380627547913,11.3607
1087,2741380627547913,11.3706
1088,2741380627547913,11.3811
1089,2741380627547913,11.391
1090,2741380627547913,11.401
1091,2741380627547913,11.4116
1092,2741380627547913,11.4221
1093,2741380627547913,11.432
1094,2741380627547913,11.4428
1095,2741380627547913,11.4533
1096,2741380627547913,11.4637
1097,2741380627547913,11.4743
1098,2741380627547913,11.4847
1099,2741380627547913,11.495
1100,2741380627547913,11.5055
1101,2741380627547913,11.516
1102,2741380627547913,11.5261
1103,2741380627547913,11.5368
1104,2741380627547913,11.5473
1105,2741380627547913,11.5573
1106,2741380627547913,11.5679
1107,2741380627547913,11.5783
1108,2741380627547913,11.5883
1109,2741380627547913,11.5989
1110,2741380627547913,11.6092
1111,2741380627547913,11.6195
1112,2741380627547913,11.6302
1113,2741380627547913,11.6404
1114,2741380627547913,11.6504
1115,2741380627547913,11.6608
1116,2741380627547913,11.6707
1117,2741380627547913,11.6805
1118,2741380627547913,11.691
1119,2741380627547913,11.7009
1120,2741380627547913,11.7107
1121,2741380627547913,11.7212
1122,2741380627547913,11.7311
1123,2741380627547913,11.7409
1124,2741380627547913,11.7513
1125,2741380627547913,11.7612
1126,2741380627547913,11.7711
1127,2741380627547913,11.7815
1128,2741380627547913,11.7914
1129,2741380627547913,11.8014
1130,2741380627547913,11.8118
1131,2741380627547913,11.8218
1132,2741380627547913,11.8316
1133,2741380627547913,11.842
1134,2741380627547913,11.8519
1135,2741380627547913,11.8616
1136,2741380627547913,11.8722
1137,2741380627547913,11.882
1138,2741380627547913,11.8918
1139,2741380627547913,11.9023
1140,2741380627547913,11.9124
1141,2741380627547913,11.9223
1142,2741380627547913,11.9327
1143,2741380627547913,11.9426
1144,2741380627547913,11.9523
1145,2741380627547913,11.9629
1146,2741380627547913,11.973
1147,2741380627547913,11.9828
1148,2741380627547913,11.9932
1149,2741380627547913,12.0032
1150,2741380627547913,12.013
1151,2741380627547913,12.0234
1152,2741380627547913,12.0333
1153,2741380627547913,12.0432
1154,2741380627547913,12.0538
1155,2741380627547913,12.0639
1156,2741380627547913,12.0737
1157,2741380627547913,12.0841
1158,2741380627547913,12.094
1159,2741380627547913,12.1038
1160,2741380627547913,12.1144
1161,2741380627547913,12.1244
1162,2741380627547913,12.1344
1163,2741380627547913,12.1455
1164,2741380627547913,12.1559
1165,2741380627547913,12.166
1166,2741380627547913,12.1766
1167,2741380627547913,12.1869
1168,2741380627547913,12.1969
1169,2741380627547913,12.2077
1170,2741380627547913,12.2181
1171,2741380627547913,12.2282
1172,2741380627547913,12.2387
1173,2741380627547913,12.2491
1174,2741380627547913,12.2592
1175,2741380627547913,12.2697
1176,2741380627547913,12.2801
1177,2741380627547913,12.2902
1178,2741380627547913,12.3007
1179,2741380627547913,12.3111
1180,2741380627547913,12.3214
1181,2741380627547913,12.332
1182,2741380627547913,12.3419
1183,2741380627547913,12.3517
1184,2741380627547913,12.3623
1185,2741380627547913,12.3722
1186,2741380627547913,12.3819
1187,2741380627547913,12.3924
1188,2741380627547913,12.4023
1189,2741380627547913,12.412
1190,2741380627547913,12.4224
1191,2741380627547913,12.4324
1192,2741380627547913,12.4424
1193,2741380627547913,12.4528
1194,2741380627547913,12.4627
1195,2741380627547913,12.4724
1196,2741380627547913,12.4829
1197,2741380627547913,12.4931
1198,2741380627547913,12.5029
1199,2741380627547913,12.5133
1200,2741380627547913,12.5233
1201,2741380627547913,12.5331
1202,2741380627547913,12.5435
1203,2741380627547913,12.5534
1204,2741380627547913,12.5634
1205,2741380627547913,12.5739
1206,2741380627547913,12.5839
1207,2741380627547913,12.5939
1208,2741380627547913,12.6049
1209,2741380627547913,12.6155
1210,2741380627547913,12.6257
1211,2741380627547913,12.6364
1212,2741380627547913,12.6473
1213,2741380627547913,12.6573
1214,2741380627547913,12.668
1215,2741380627547913,12.6782
1216,2741380627547913,12.6882
1217,2741380627547913,12.6989
1218,2741380627547913,12.7089
1219,2741380627547913,12.7189
1220,2741380627547913,12.7293
1221,2741380627547913,12.7393
1222,2741380627547913,12.7495
1223,2741380627547913,12.7601
1224,2741380627547913,12.7702
1225,2741380627547913,12.78
1226,2741380627547913,12.7906
1227,2741380627547913,12.8005
1228,2741380627547913,12.8104
1229,2741380627547913,12.8208
1230,2741380627547913,12.8307
1231,2741380627547913,12.8405
1232,2741380627547913,12.8509
1233,2741380627547913,12.861
1234,2741380627547913,12.8711
1235,2741380627547913,12.8816
1236,2741380627547913,12.8915
1237,2741380627547913,12.9012
1238,2741380627547913,12.9119
1239,2741380627547913,12.9219
1240,2741380627547913,12.9316
1241,2741380627547913,12.9421
1242,2741380627547913,12.9522
1243,2741380627547913,12.9622
1244,2741380627547913,12.9727
1245,2741380627547913,12.9827
1246,2741380627547913,12.9925
1247,2741380627547913,13.003
1248,2741380627547913,13.0132
1249,2741380627547913,13.0232
1250,2741380627547913,13.0339
1251,2741380627547913,13.0438
1252,2741380627547913,13.0535
1253,2741380627547913,13.0641
1254,2741380627547913,13.0742
1255,2741380627547913,13.0844
1256,2741380627547913,13.0952
1257,2741380627547913,13.1054
1258,2741380627547913,13.1154
1259,2741380627547913,13.126
1260,2741380627547913,13.1359
1261,2741380627547913,13.1458
1262,2741380627547913,13.1564
1263,2741380627547913,13.1665
1264,2741380627547913,13.1763
1265,2741380627547913,13.1869
1266,2741380627547913,13.1973
1267,2741380627547913,13.2074
1268,2741380627547913,13.218
1269,2741380627547913,13.2281
1270,2741380627547913,13.2379
1271,2741380627547913,13.2484
1272,2741380627547913,13.2588
1273,2741380627547913,13.2688
1274,2741380627547913,13.2794
1275,2741380627547913,13.2896
1276,2741380627547913,13.2996
1277,2741380627547913,13.31
1278,2741380627547913,13.3199
1279,2741380627547913,13.3296
1280,2741380627547913,13.3401
1281,2741380627547913,13.35
1282,2741380627547913,13.3597
1283,2741380627547913,13.3705
1284,2741380627547913,13.3804
1285,2741380627547913,13.3902
1286,2741380627547913,13.4009
1287,2741380627547913,13.411
1288,2741380627547913,13.4212
1289,2741380627547913,13.4316
1290,2741380627547913,13.4416
1291,2741380627547913,13.4516
1292,2741380627547913,13.4621
1293,2741380627547913,13.4721
1294,2741380627547913,13.482
1295,2741380627547913,13.4926
1296,2741380627547913,13.5027
1297,2741380627547913,13.5125
1298,2741380627547913,13.5229
1299,2741380627547913,13.5331
1300,2741380627547913,13.5434
1301,2741380627547913,13.5538
1302,2741380627547913,13.5637
1303,2741380627547913,13.5737
1304,2741380627547913,13.5842
1305,2741380627547913,13.5946
1306,2741380627547913,13.6044
1307,2741380627547913,13.6148
1308,2741380627547913,13.625
1309,2741380627547913,13.6348
1310,2741380627547913,13.6452
1311,2741380627547913,13.6553
1312,2741380627547913,13.6651
1313,2741380627547913,13.6756
1314,2741380627547913,13.6858
1315,2741380627547913,13.6957
1316,2741380627547913,13.7061
1317,2741380627547913,13.7163
1318,2741380627547913,13.7265
1319,2741380627547913,13.7369
1320,2741380627547913,13.747
1321,2741380627547913,13.7567
1322,2741380627547913,13.7671
1323,2741380627547913,13.777
1324,2741380627547913,13.7872
1325,2741380627547913,13.798
1326,2741380627547913,13.8079
1327,2741380627547913,13.8178
1328,2741380627547913,13.8283
1329,2741380627547913,13.8384
1330,2741380627547913,13.8482
1331,2741380627547913,13.8587
1332,2741380627547913,13.8687
1333,2741380627547913,13.8785
1334,2741380627547913,13.889
1335,2741380627547913,13.8989
1336,2741380627547913,13.9086
1337,2741380627547913,13.919
1338,2741380627547913,13.929
1339,2741380627547913,13.939
1340,2741380627547913,13.9496
1341,2741380627547913,13.9595
1342,2741380627547913,13.9692
1343,2741380627547913,13.9798
1344,2741380627547913,13.99
1345,2741380627547913,13.9997
1346,2741380627547913,14.0103
1347,2741380627547913,14.0202
1348,2741380627547913,14.03
1349,2741380627547913,14.0404
1350,2741380627547913,14.0503
1351,2741380627547913,14.0602
1352,2741380627547913,14.0707
1353,2741380627547913,14.0806
1354,2741380627547913,14.0905
1355,2741380627547913,14.101
1356,2741380627547913,14.111
1357,2741380627547913,14.1209
1358,2741380627547913,14.1313
1359,2741380627547913,14.1417
1360,2741380627547913,14.1515
1361,2741380627547913,14.1619
1362,2741380627547913,14.1719
1363,2741380627547913,14.1816
1364,2741380627547913,14.1948
1365,2741380627547913,14.2065
1366,2741380627547913,14.2187
1367,2741380627547913,14.2304
1368,2741380627547913,14.2404
1369,2741380627547913,14.2503
1370,2741380627547913,14.2607
1371,2741380627547913,14.2709
1372,2741380627547913,14.2807
1373,2741380627547913,14.2911
1374,2741380627547913,14.3013
1375,2741380627547913,14.3111
1376,2741380627547913,14.3217
1377,2741380627547913,14.3317
1378,2741380627547913,14.3417
1379,2741380627547913,14.3521
1380,2741380627547913,14.3621
1381,2741380627547913,14.372
1382,2741380627547913,14.3825
1383,2741380627547913,14.3927
1384,2741380627547913,14.4026
1385,2741380627547913,14.4132
1386,2741380627547913,14.4232
1387,2741380627547913,14.433
1388,2741380627547913,14.4435
1389,2741380627547913,14.4534
1390,2741380627547913,14.4633
1391,2741380627547913,14.4738
1392,2741380627547913,14.4839
1393,2741380627547913,14.494
1394,2741380627547913,14.5045
1395,2741380627547913,14.5144
1396,2741380627547913,14.5244
1397,2741380627547913,14.5348
1398,2741380627547913,14.5448
1399,2741380627547913,14.5547
1400,2741380627547913,14.5651
1401,2741380627547913,14.5753
1402,2741380627547913,14.5851
1403,2741380627547913,14.5958
1404,2741380627547913,14.6062
1405,2741380627547913,14.6162
1406,2741380627547913,14.6269
1407,2741380627547913,14.637
1408,2741380627547913,14.6472
1409,2741380627547913,14.6579
1410,2741380627547913,14.6681
1411,2741380627547913,14.678
1412,2741380627547913,14.6886
1413,2741380627547913,14.6987
1414,2741380627547913,14.7086
1415,2741380627547913,14.7191
1416,2741380627547913,14.7292
1417,2741380627547913,14.7394
1418,2741380627547913,14.7499
1419,2741380627547913,14.7599
1420,2741380627547913,14.7697
1421,2741380627547913,14.7802
1422,2741380627547913,14.7907
1423,2741380627547913,14.8006
1424,2741380627547913,14.811
1425,2741380627547913,14.8212
1426,2741380627547913,14.8309
1427,2741380627547913,14.8416
1428,2741380627547913,14.8517
1429,2741380627547913,14.8617
1430,2741380627547913,14.8721
1431,2741380627547913,14.8823
1432,2741380627547913,14.8921
1433,2741380627547913,14.9025
1434,2741380627547913,14.9128
1435,2741380627547913,14.9228
1436,2741380627547913,14.9337
1437,2741380627547913,14.9439
1438,2741380627547913,14.9537
1439,2741380627547913,14.9642
1440,2741380627547913,14.9744
1441,2741380627547913,14.9844
1442,2741380627547913,14.995
1443,2741380627547913,15.005
1444,2741380627547913,15.0152
1445,2741380627547913,15.0257
1446,2741380627547913,15.0359
1447,2741380627547913,15.046
1448,2741380627547913,15.0565
1449,2741380627547913,15.0665
1450,2741380627547913,15.0763
1451,2741380627547913,15.0869
1452,2741380627547913,15.0971
1453,2741380627547913,15.107
1454,2741380627547913,15.1176
1455,2741380627547913,15.1275
1456,2741380627547913,15.1372
1457,2741380627547913,15.1478
1458,2741380627547913,15.1579
1459,2741380627547913,15.1677
1460,2741380627547913,15.1782
1461,2741380627547913,15.1884
1462,2741380627547913,15.1982
1463,2741380627547913,15.2086
1464,2741380627547913,15.2188
1465,2741380627547913,15.2286
1466,2741380627547913,15.239
1467,2741380627547913,15.249
1468,2741380627547913,15.2591
1469,2741380627547913,15.2695
1470,2741380627547913,15.2795
1471,2741380627547913,15.2892
1472,2741380627547913,15.2998
1473,2741380627547913,15.3101
1474,2741380627547913,15.3202
1475,2741380627547913,15.3308
1476,2741380627547913,15.341
1477,2741380627547913,15.3509
1478,2741380627547913,15.3614
1479,2741380627547913,15.3715
1480,2741380627547913,15.3815
1481,2741380627547913,15.3919
1482,2741380627547913,15.402
1483,2741380627547913,15.4118
1484,2741380627547913,15.4222
1485,2741380627547913,15.4324
1486,2741380627547913,15.4422
1487,2741380627547913,15.4527
1488,2741380627547913,15.463
1489,2741380627547913,15.473
1490,2741380627547913,15.4834
1491,2741380627547913,15.4937
1492,2741380627547913,15.5035
1493,2741380627547913,15.5141
1494,2741380627547913,15.5244
1495,2741380627547913,15.5344
1496,2741380627547913,15.5451
1497,2741380627547913,15.5552
1498,2741380627547913,15.5652
1499,2741380627547913,15.5758
1500,2741380627547913,15.5861
1501,2741380627547913,15.5963
1502,2741380627547913,15.6069
1503,2741380627547913,15.6172
1504,2741380627547913,15.627
1505,2741380627547913,15.6375
1506,2741380627547913,15.6477
1507,2741380627547913,15.6575
1508,2741380627547913,15.6679
1509,2741380627547913,15.6781
1510,2741380627547913,15.6884
1511,2741380627547913,15.6989
1512,2741380627547913,15.709
1513,2741380627547913,15.719
1514,2741380627547913,15.7294
1515,2741380627547913,15.7398
1516,2741380627547913,15.7497
1517,2741380627547913,15.7602
1518,2741380627547913,15.7704
1519,2741380627547913,15.7802
1520,2741380627547913,15.7906
1521,2741380627547913,15.8007
1522,2741380627547913,15.8107
1523,2741380627547913,15.8212
1524,2741380627547913,15.8312
1525,2741380627547913,15.8412
1526,2741380627547913,15.8517
1527,2741380627547913,15.8618
1528,2741380627547913,15.8716
1529,2741380627547913,15.8821
1530,2741380627547913,15.8923
1531,2741380627547913,15.9021
1532,2741380627547913,15.9125
1533,2741380627547913,15.9227
1534,2741380627547913,15.9327
1535,2741380627547913,15.9432
1536,2741380627547913,15.9533
1537,2741380627547913,15.9631
1538,2741380627547913,15.9738
1539,2741380627547913,15.9837
1540,2741380627547913,15.9936
1541,2741380627547913,16.0041
1542,2741380627547913,16.0142
1543,2741380627547913,16.024
1544,2741380627547913,16.0346
1545,2741380627547913,16.0445
1546,2741380627547913,16.0543
1547,2741380627547913,16.0649
1548,2741380627547913,16.0749
1549,2741380627547913,16.0846
1550,2741380627547913,16.0952
1551,2741380627547913,16.1054
1552,2741380627547913,16.1155
1553,2741380627547913,16.126
1554,2741380627547913,16.1361
1555,2741380627547913,16.1461
1556,2741380627547913,16.1565
1557,2741380627547913,16.1667
1558,2741380627547913,16.1767
1559,2741380627547913,16.1872
1560,2741380627547913,16.1974
1561,2741380627547913,16.2073
1562,2741380627547913,16.2182
1563,2741380627547913,16.2282
1564,2741380627547913,16.2379
1565,2741380627547913,16.2485
1566,2741380627547913,16.2584
1567,2741380627547913,16.2681
1568,2741380627547913,16.2787
1569,2741380627547913,16.2886
1570,2741380627547913,16.2984
1571,2741380627547913,16.3088
1572,2741380627547913,16.3189
1573,2741380627547913,16.3287
1574,2741380627547913,16.3391
1575,2741380627547913,16.3491
1576,2741380627547913,16.3588
1577,2741380627547913,16.3693
1578,2741380627547913,16.3792
1579,2741380627547913,16.3889
1580,2741380627547913,16.3994
1581,2741380627547913,16.4093
1582,2741380627547913,16.4191
1583,2741380627547913,16.4295
1584,2741380627547913,16.4394
1585,2741380627547913,16.4492
1586,2741380627547913,16.4598
1587,2741380627547913,16.4699
1588,2741380627547913,16.4797
1589,2741380627547913,16.492
1590,2741380627547913,16.502
1591,2741380627547913,16.5117
1592,2741380627547913,16.5241
1593,2741380627547913,16.5342
1594,2741380627547913,16.5446
1595,2741380627547913,16.5569
1596,2741380627547913,16.5671
1597,2741380627547913,16.5769
1598,2741380627547913,16.5892
1599,2741380627547913,16.5995
1600,2741380627547913,16.6095
1601,2741380627547913,16.622
1602,2741380627547913,16.6322
1603,2741380627547913,16.6422
1604,2741380627547913,16.655
1605,2741380627547913,16.6651
1606,2741380627547913,16.675
1607,2741380627547913,16.6873
1608,2741380627547913,16.6972
1609,2741380627547913,16.707
1610,2741380627547913,16.7194
1611,2741380627547913,16.7297
1612,2741380627547913,16.7397
1613,2741380627547913,16.7519
1614,2741380627547913,16.7619
1615,2741380627547913,16.7718
1616,2741380627547913,16.7843
1617,2741380627547913,16.7945
1618,2741380627547913,16.8047
1619,2741380627547913,16.8173
1620,2741380627547913,16.8275
1621,2741380627547913,16.8373
1622,2741380627547913,16.8497
1623,2741380627547913,16.8596
1624,2741380627547913,16.8696
1625,2741380627547913,16.8823
1626,2741380627547913,16.8922
1627,2741380627547913,16.9021
1628,2741380627547913,16.9146
1629,2741380627547913,16.9248
1630,2741380627547913,16.9347
1631,2741380627547913,16.9471
1632,2741380627547913,16.9571
1633,2741380627547913,16.9668
1634,2741380627547913,16.9793
1635,2741380627547913,16.9896
1636,2741380627547913,16.9998
1637,2741380627547913,17.0123
1638,2741380627547913,17.0222
1639,2741380627547913,17.032
1640,2741380627547913,17.0447
1641,2741380627547913,17.0551
1642,2741380627547913,17.0651
1643,2741380627547913,17.0775
1644,2741380627547913,17.0874
1645,2741380627547913,17.0973
1646,2741380627547913,17.1097
1647,2741380627547913,17.1199
1648,2741380627547913,17.1299
1649,2741380627547913,17.1425
1650,2741380627547913,17.1527
1651,2741380627547913,17.1629
1652,2741380627547913,17.1753
1653,2741380627547913,17.1862
1654,2741380627547913,17.2002
1655,2741380627547913,17.2142
1656,2741380627547913,17.2255
1657,2741380627547913,17.2371
1658,2741380627547913,17.2499
1659,2741380627547913,17.2597
1660,2741380627547913,17.2695
1661,2741380627547913,17.2819
1662,2741380627547913,17.2918
1663,2741380627547913,17.3018
1664,2741380627547913,17.3141
1665,2741380627547913,17.3241
1666,2741380627547913,17.3338
1667,2741380627547913,17.3464
1668,2741380627547913,17.3564
1669,2741380627547913,17.3662
1670,2741380627547913,17.3786
1671,2741380627547913,17.3888
1672,2741380627547913,17.3989
1673,2741380627547913,17.4114
1674,2741380627547913,17.4216
1675,2741380627547913,17.4316
1676,2741380627547913,17.4442
1677,2741380627547913,17.4541
1678,2741380627547913,17.4639
1679,2741380627547913,17.4762
1680,2741380627547913,17.4862
1681,2741380627547913,17.496
1682,2741380627547913,17.5085
1683,2741380627547913,17.5187
1684,2741380627547913,17.5289
1685,2741380627547913,17.5412
1686,2741380627547913,17.5511
1687,2741380627547913,17.5611
1688,2741380627547913,17.5735
1689,2741380627547913,17.5836
1690,2741380627547913,17.5935
1691,2741380627547913,17.606
1692,2741380627547913,17.616
1693,2741380627547913,17.6258
1694,2741380627547913,17.6383
1695,2741380627547913,17.6483
1696,2741380627547913,17.658
1697,2741380627547913,17.6705
1698,2741380627547913,17.6807
1699,2741380627547913,17.6909
1700,2741380627547913,17.7033
1701,2741380627547913,17.7136
1702,2741380627547913,17.7239
1703,2741380627547913,17.7365
1704,2741380627547913,17.7467
1705,2741380627547913,17.7567
1706,2741380627547913,17.7692
1707,2741380627547913,17.7796
1708,2741380627547913,17.7896
1709,2741380627547913,17.8023
1710,2741380627547913,17.8125
1711,2741380627547913,17.8228
1712,2741380627547913,17.8353
1713,2741380627547913,17.8452
1714,2741380627547913,17.8553
1715,2741380627547913,17.8678
1716,2741380627547913,17.8786
1717,2741380627547913,17.8887
1718,2741380627547913,17.9013
1719,2741380627547913,17.9113
1720,2741380627547913,17.9213
1721,2741380627547913,17.9339
1722,2741380627547913,17.9438
1723,2741380627547913,17.9536
1724,2741380627547913,17.9661
1725,2741380627547913,17.9762
1726,2741380627547913,17.9861
1727,2741380627547913,17.9987
1728,2741380627547913,18.0089
1729,2741380627547913,18.0189
1730,2741380627547913,18.0315
1731,2741380627547913,18.0416
1732,2741380627547913,18.0514
1733,2741380627547913,18.0639
1734,2741380627547913,18.074
1735,2741380627547913,18.0839
1736,2741380627547913,18.0965
1737,2741380627547913,18.1066
1738,2741380627547913,18.1164
1739,2741380627547913,18.129
1740,2741380627547913,18.1391
1741,2741380627547913,18.1493
1742,2741380627547913,18.1617
1743,2741380627547913,18.1722
1744,2741380627547913,18.1825
1745,2741380627547913,18.195
1746,2741380627547913,18.2053
1747,2741380627547913,18.2153
1748,2741380627547913,18.2278
1749,2741380627547913,18.2382
1750,2741380627547913,18.2483
1751,2741380627547913,18.2607
1752,2741380627547913,18.2711
1753,2741380627547913,18.2811
1754,2741380627547913,18.2936
1755,2741380627547913,18.3038
1756,2741380627547913,18.3138
1757,2741380627547913,18.3265
1758,2741380627547913,18.3365
1759,2741380627547913,18.3464
1760,2741380627547913,18.3588
1761,2741380627547913,18.3688
1762,2741380627547913,18.3785
1763,2741380627547913,18.391
1764,2741380627547913,18.4009
1765,2741380627547913,18.4107
1766,2741380627547913,18.423
1767,2741380627547913,18.4331
1768,2741380627547913,18.443
1769,2741380627547913,18.4552
1770,2741380627547913,18.4653
1771,2741380627547913,18.4751
1772,2741380627547913,18.4876
1773,2741380627547913,18.4978
1774,2741380627547913,18.5078
1775,2741380627547913,18.5205
1776,2741380627547913,18.5305
1777,2741380627547913,18.5403
1778,2741380627547913,18.5527
1779,2741380627547913,18.5626
1780,2741380627547913,18.5724
1781,2741380627547913,18.5848
1782,2741380627547913,18.5949
1783,2741380627547913,18.6051
1784,2741380627547913,18.6174
1785,2741380627547913,18.6274
1786,2741380627547913,18.6372
1787,2741380627547913,18.6497
1788,2741380627547913,18.6598
1789,2741380627547913,18.67
1790,2741380627547913,18.6824
1791,2741380627547913,18.6923
1792,2741380627547913,18.7023
1793,2741380627547913,18.7148
1794,2741380627547913,18.7269
1795,2741380627547913,18.7374
1796,2741380627547913,18.7501
1797,2741380627547913,18.7605
1798,2741380627547913,18.7705
1799,2741380627547913,18.7831
1800,2741380627547913,18.7933
1801,2741380627547913,18.8033
1802,2741380627547913,18.8156
1803,2741380627547913,18.8255
1804,2741380627547913,18.8352
1805,2741380627547913,18.8476
1806,2741380627547913,18.8575
1807,2741380627547913,18.8674
1808,2741380627547913,18.8798
1809,2741380627547913,18.8901
1810,2741380627547913,18.9001
1811,2741380627547913,18.9125
1812,2741380627547913,18.9232
1813,2741380627547913,18.9332
1814,2741380627547913,18.9456
1815,2741380627547913,18.9558
1816,2741380627547913,18.966
1817,2741380627547913,18.9785
1818,2741380627547913,18.9889
1819,2741380627547913,18.999
1820,2741380627547913,19.0115
1821,2741380627547913,19.0217
1822,2741380627547913,19.0317
1823,2741380627547913,19.044
1824,2741380627547913,19.0543
1825,2741380627547913,19.0643
1826,2741380627547913,19.0766
1827,2741380627547913,19.0868
1828,2741380627547913,19.0969
1829,2741380627547913,19.1093
1830,2741380627547913,19.1194
1831,2741380627547913,19.1295
1832,2741380627547913,19.1418
1833,2741380627547913,19.152
1834,2741380627547913,19.1623
1835,2741380627547913,19.1747
1836,2741380627547913,19.1849
1837,2741380627547913,19.1949
1838,2741380627547913,19.2077
1839,2741380627547913,19.2181
1840,2741380627547913,19.228
1841,2741380627547913,19.2404
1842,2741380627547913,19.2504
1843,2741380627547913,19.2602
1844,2741380627547913,19.2725
1845,2741380627547913,19.2827
1846,2741380627547913,19.2929
1847,2741380627547913,19.3053
1848,2741380627547913,19.3155
1849,2741380627547913,19.3257
1850,2741380627547913,19.3381
1851,2741380627547913,19.3486
1852,2741380627547913,19.3587
1853,2741380627547913,19.3711
1854,2741380627547913,19.3812
1855,2741380627547913,19.3913
1856,2741380627547913,19.4036
1857,2741380627547913,19.4138
1858,2741380627547913,19.424
1859,2741380627547913,19.4364
1860,2741380627547913,19.4464
1861,2741380627547913,19.4564
1862,2741380627547913,19.4689
1863,2741380627547913,19.4789
1864,2741380627547913,19.4887
1865,2741380627547913,19.5011
1866,2741380627547913,19.5115
1867,2741380627547913,19.5216
1868,2741380627547913,19.534
1869,2741380627547913,19.5439
1870,2741380627547913,19.5537
1871,2741380627547913,19.5661
1872,2741380627547913,19.5762
1873,2741380627547913,19.5859
1874,2741380627547913,19.5984
1875,2741380627547913,19.6084
1876,2741380627547913,19.6183
1877,2741380627547913,19.631
1878,2741380627547913,19.6413
1879,2741380627547913,19.6514
1880,2741380627547913,19.6637
1881,2741380627547913,19.6742
1882,2741380627547913,19.6843
1883,2741380627547913,19.6954
1884,2741380627547913,19.7057
1885,2741380627547913,19.7158
1886,2741380627547913,19.7266
1887,2741380627547913,19.7368
1888,2741380627547913,19.747
1889,2741380627547913,19.7578
1890,2741380627547913,19.768
1891,2741380627547913,19.778
1892,2741380627547913,19.7887
1893,2741380627547913,19.7991
1894,2741380627547913,19.8092
1895,2741380627547913,19.8201
1896,2741380627547913,19.8303
1897,2741380627547913,19.8403
1898,2741380627547913,19.8526
1899,2741380627547913,19.863
1900,2741380627547913,19.873
1901,2741380627547913,19.8856
1902,2741380627547913,19.8958
1903,2741380627547913,19.9059
1904,2741380627547913,19.9181
1905,2741380627547913,19.9281
1906,2741380627547913,19.9378
1907,2741380627547913,19.9502
1908,2741380627547913,19.9603
1909,2741380627547913,19.9704
1910,2741380627547913,19.9829
1911,2741380627547913,19.9932
1912,2741380627547913,20.0032
1913,2741380627547913,20.0156
1914,2741380627547913,20.0258
1915,2741380627547913,20.0359
1916,2741380627547913,20.0483
1917,2741380627547913,20.0584
1918,2741380627547913,20.0684
1919,2741380627547913,20.0808
1920,2741380627547913,20.091
1921,2741380627547913,20.1013
1922,2741380627547913,20.1137
1923,2741380627547913,20.1239
1924,2741380627547913,20.134
1925,2741380627547913,20.1463
1926,2741380627547913,20.1567
1927,2741380627547913,20.167
1928,2741380627547913,20.1794
1929,2741380627547913,20.1913
1930,2741380627547913,20.2046
1931,2741380627547913,20.2186
1932,2741380627547913,20.2297
1933,2741380627547913,20.2397
1934,2741380627547913,20.2519
1935,2741380627547913,20.2618
1936,2741380627547913,20.2716
1937,2741380627547913,20.2838
1938,2741380627547913,20.2939
1939,2741380627547913,20.3041
1940,2741380627547913,20.3162
1941,2741380627547913,20.3261
1942,2741380627547913,20.3359
1943,2741380627547913,20.3481
1944,2741380627547913,20.3582
1945,2741380627547913,20.3679
1946,2741380627547913,20.3801
1947,2741380627547913,20.3901
1948,2741380627547913,20.3999
1949,2741380627547913,20.4122
1950,2741380627547913,20.4221
1951,2741380627547913,20.4319
1952,2741380627547913,20.4442
1953,2741380627547913,20.4541
1954,2741380627547913,20.4639
1955,2741380627547913,20.4762
1956,2741380627547913,20.4865
1957,2741380627547913,20.4964
1958,2741380627547913,20.5089
1959,2741380627547913,20.5189
1960,2741380627547913,20.5287
1961,2741380627547913,20.541
1962,2741380627547913,20.5509
1963,2741380627547913,20.5607
1964,2741380627547913,20.5729
1965,2741380627547913,20.5829
1966,2741380627547913,20.5928
1967,2741380627547913,20.6051
1968,2741380627547913,20.6154
1969,2741380627547913,20.6254
1970,2741380627547913,20.6377
1971,2741380627547913,20.6481
1972,2741380627547913,20.6581
1973,2741380627547913,20.6705
1974,2741380627547913,20.6807
1975,2741380627547913,20.6909
1976,2741380627547913,20.7033
1977,2741380627547913,20.7134
1978,2741380627547913,20.7237
1979,2741380627547913,20.7359
1980,2741380627547913,20.7463
1981,2741380627547913,20.7563
1982,2741380627547913,20.7685
1983,2741380627547913,20.7786
1984,2741380627547913,20.7885
1985,2741380627547913,20.8007
1986,2741380627547913,20.8106
1987,2741380627547913,20.8203
1988,2741380627547913,20.8325
1989,2741380627547913,20.8424
1990,2741380627547913,20.8524
1991,2741380627547913,20.8646
1992,2741380627547913,20.8745
1993,2741380627547913,20.8843
1994,2741380627547913,20.8966
1995,2741380627547913,20.907
1996,2741380627547913,20.9167
1997,2741380627547913,20.929
1998,2741380627547913,20.9391
1999,2741380627547913,20.9491
2000,2741380627547913,20.9613
2001,2741380627547913,20.9712
