1,31823006726,0.68906
2,28820949651,3.6158
3,26231234063,4.4046
4,24290975714,4.9865
5,22375086109,5.5397
6,20885974273,6.1225
7,19557055402,6.6769
8,18127983743,7.2232
9,16856253320,7.7693
10,15786273281,8.3151
11,14912283148,8.8619
12,14229778648,9.4075
13,13711480094,9.9617
14,13338204632,10.5079
15,12955028847,11.0545
16,12612747616,11.5995
17,12298100514,12.1461
18,12086720270,12.6989
19,12095700053,13.2459
20,11616893703,13.7926
21,11642994088,14.339
22,11549375799,14.8848
23,11639850603,15.4312
24,11733468892,15.9848
25,11639850603,16.5322
26,11549375799,17.0785
27,11639850603,17.6255
28,10887850603,18.2709
29,10209072653,18.9218
30,9572905182,19.5591
31,8947034102,20.1964
32,8422975298,20.8368
33,8030142428,21.4765
34,7661121693,22.1206
35,7298750787,22.7648
36,6952987644,23.4029
37,6594621519,24.0406
38,6232097629,24.6856
39,5907181257,25.3242
40,5667640611,25.9629
41,5431349391,26.6001
42,5197156221,27.2382
43,4979667906,27.8851
44,4375074729,28.5238
45,3779819447,29.1618
46,3594689015,29.7993
47,3370220301,30.4382
48,2918537576,31.0835
49,2745978969,31.7222
50,2410229204,32.3621
51,2252885814,32.9968
52,2100780549,33.6364
53,1949947770,34.2803
54,1819265718,34.9199
55,1690124433,35.5574
56,1562995893,36.1951
57,1460119458,36.8413
58,1359372978,37.4788
59,1264708613,38.1173
60,1170955933,38.7544
61,1090955933,39.3906
62,1015988213,40.0367
63,944160913,40.6752
64,876001968,41.3165
65,821138923,41.956
66,768620773,42.599
67,716506848,43.2459
68,668506848,43.8853
69,620843123,44.5258
70,573971813,45.166
71,533574498,45.8117
72,493574498,46.4518
73,455046343,47.0935
74,417879398,47.7335
75,382096113,48.374
76,348512388,49.0227
77,317469263,49.6635
78,288615973,50.3042
79,259926803,50.9448
80,234885458,51.5857
81,210526783,52.2325
82,187475593,52.8833
83,166707678,53.5232
84,146039303,54.1629
85,126188228,54.8121
86,108821383,55.4541
87,93141558,56.0986
88,80371388,56.7391
89,69756343,57.3796
90,59304883,58.0272
91,49305583,58.6669
92,42889308,59.3085
93,37843328,59.948
94,33843328,60.5886
95,29843328,61.2703
96,25843328,61.947
97,21843328,62.588
98,19562878,63.2273
99,17312268,63.8754
100,15312268,64.5156
101,13312268,65.1545
102,11312268,65.7936
103,9388288,66.4338
104,7388288,67.0831
105,5668738,67.7222
106,4160088,68.3656
107,2704908,69.0052
108,2304908,69.6542
109,2132208,70.2973
110,1732208,70.9366
111,1715523,71.5759
112,1315523,72.2163
113,1315523,72.8649
114,915523,73.5052
115,915523,74.1456
116,515523,74.7857
117,515523,75.4253
118,515523,76.0705
119,515523,76.7108
120,515523,77.3511
121,515523,77.9913
122,164156002,78.5395
123,330780069,79.0952
124,167139590,79.6443
125,515523,80.1943
126,164156002,80.7428
127,330780069,81.2915
128,164156002,81.8479
129,515523,82.3965
130,164156002,82.9454
131,330780069,83.4943
132,164156002,84.043
133,515523,84.5919
134,164156002,85.1478
135,330780069,85.6949
136,164156002,86.2436
137,515523,86.7924
138,164156002,87.3408
139,330780069,87.8969
140,164156002,88.5376
141,515523,89.1754
142,515523,89.8149
143,515523,90.4561
144,515523,91.1051
145,515523,91.7438
146,515523,92.3836
147,515523,93.0238
148,515523,93.6699
149,515523,94.3097
150,515523,94.9461
151,515523,95.5855
152,515523,96.2587
153,515523,96.9635
154,515523,97.6033
155,515523,98.2463
156,515523,98.8881
157,515523,99.5336
158,164156002,100.0993
159,330780069,100.6528
160,167139590,101.2033
161,515523,101.7514
162,164156002,102.3001
163,330780069,102.8585
164,164156002,103.4049
165,515523,103.9522
166,164156002,104.4972
167,330780069,105.0421
168,164156002,105.5982
169,515523,106.1509
170,164156002,106.7049
171,330780069,107.2535
172,164156002,107.7986
173,515523,108.3493
174,164156002,108.8995
175,330780069,109.4449
176,164156002,110.0814
177,515523,110.7163
178,515523,111.3514
179,515523,111.9893
180,515523,112.6237
181,515523,113.2583
182,515523,113.8931
183,515523,114.5288
184,515523,115.1638
185,515523,115.7981
186,515523,116.4336
187,515523,117.069
188,515523,117.7057
189,515523,118.3407
190,515523,118.9761
191,515523,119.611
192,515523,120.2519
193,515523,120.8932
194,164156002,121.4412
195,330780069,121.9847
196,167139590,122.5299
197,515523,123.0731
198,164156002,123.6168
199,330780069,124.1612
200,164156002,124.7036
201,515523,125.2472
202,164156002,125.7903
203,330780069,126.3333
204,164156002,126.8928
205,515523,127.4463
206,164156002,128.0022
207,330780069,128.5463
208,164156002,129.0956
209,515523,129.6417
210,164156002,130.1882
211,330780069,130.7406
212,164156002,131.3806
213,515523,132.0161
214,515523,132.65
215,515523,133.2904
216,515523,133.93
217,515523,134.5711
218,515523,135.2093
219,515523,135.8486
220,515523,136.482
221,515523,137.1168
222,515523,137.7562
223,515523,138.3906
224,515523,139.03
225,515523,139.6678
226,515523,140.3032
227,515523,140.94
228,515523,141.5764
229,515523,142.211
230,164156002,142.7601
231,330780069,143.3042
232,167139590,143.8561
233,515523,144.4083
234,164156002,144.9743
235,330780069,145.5288
236,164156002,146.0733
237,515523,146.627
238,164156002,147.1753
239,330780069,147.7296
240,164156002,148.2804
241,515523,148.8347
242,164156002,149.3951
243,330780069,149.9632
244,164156002,150.5108
245,515523,151.0586
246,164156002,151.6049
247,330780069,152.1498
248,164156002,152.7895
249,515523,153.4278
250,515523,154.0654
251,515523,154.6987
252,515523,155.3333
253,515523,155.9684
254,515523,156.607
255,515523,157.2488
256,515523,157.8882
257,515523,158.5248
258,515523,159.1588
259,515523,159.7992
260,515523,160.4372
261,515523,161.0712
262,515523,161.7203
263,515523,162.3617
264,515523,163.004
265,515523,163.6415
266,164156002,164.188
267,330780069,164.7343
268,167139590,165.2763
269,515523,165.8317
270,164156002,166.3754
271,330780069,166.9173
272,164156002,167.4592
273,515523,168.0027
274,164156002,168.5488
275,330780069,169.0935
276,164156002,169.6376
277,515523,170.1825
278,164156002,170.7257
279,330780069,171.2704
280,164156002,171.8206
281,515523,172.3664
282,164156002,172.912
283,330780069,173.4551
284,164156002,174.091
285,515523,174.7268
286,515523,175.3615
287,515523,175.996
288,515523,176.631
289,515523,177.2652
290,515523,177.901
291,515523,178.5345
292,515523,179.1692
293,515523,179.8051
294,515523,180.4406
295,515523,181.0759
296,515523,181.7116
297,515523,182.3458
298,515523,182.9813
299,515523,183.6146
300,515523,184.2507
301,515523,184.8835
302,164156002,185.4261
303,330780069,185.969
304,167139590,186.5112
305,515523,187.056
306,164156002,187.6017
307,330780069,188.1465
308,164156002,188.6955
309,515523,189.2386
310,164156002,189.7838
311,330780069,190.3255
312,164156002,190.8717
313,515523,191.4145
314,164156002,191.959
315,330780069,192.5031
316,164156002,193.0487
317,515523,193.5962
318,164156002,194.1473
319,330780069,194.6964
320,164156002,195.3385
321,515523,195.9878
322,515523,196.6246
323,515523,197.2631
324,515523,197.9045
325,515523,198.5548
326,515523,199.1979
327,515523,199.8417
328,515523,200.4875
329,515523,201.1246
330,515523,201.766
331,515523,202.4103
332,515523,203.0478
333,515523,203.6816
334,515523,204.3164
335,515523,204.9617
336,515523,205.6056
337,515523,206.2404
338,164156002,206.7834
339,330780069,207.3449
340,167139590,207.8984
341,515523,208.4498
342,164156002,208.9991
343,330780069,209.5478
344,164156002,210.0946
345,515523,210.64
346,164156002,211.1976
347,330780069,211.7625
348,164156002,212.3077
349,515523,212.8543
350,164156002,213.4461
351,330780069,214.0112
352,164156002,214.5763
353,515523,215.1444
354,164156002,215.7052
355,330780069,216.2493
