1,3.482041525732535e+17,0.81189
2,3.254265810532535e+17,1.0795
3,3.098986663172536e+17,1.3471
4,2.963807199968706e+17,1.6143
5,2.860494555368706e+17,1.893
6,2.762015408008706e+17,2.1642
7,2.663774456408706e+17,2.4329
8,2.569261811808706e+17,2.7006
9,2.476838698608706e+17,2.9681
10,2.391126054008706e+17,3.2357
11,2.314279931609769e+17,3.5032
12,2.239456818409769e+17,3.774
13,2.175339121983327e+17,4.0416
14,2.112841523571105e+17,4.3095
15,2.053231617733443e+17,4.5806
16,1.99874770112126e+17,4.8563
17,1.948241285935111e+17,5.1247
18,1.901542968775111e+17,5.3925
19,1.856321876375111e+17,5.66
20,1.811651732175111e+17,5.9307
21,1.769947295775111e+17,6.1983
22,1.728268148415112e+17,6.4663
23,1.649984572015111e+17,6.7336
24,1.603852234775111e+17,7.0012
25,1.562173087415112e+17,7.2687
26,1.510289511015111e+17,7.5367
27,1.472939224935111e+17,7.8044
28,1.435606887695111e+17,8.0784
29,1.393927740335112e+17,8.3463
30,1.357283357215112e+17,8.6141
31,1.320689164415112e+17,8.8817
32,1.284268072015112e+17,9.1496
33,1.248280266975112e+17,9.4175
34,1.213840278975112e+17,9.6848
35,1.180935842575112e+17,9.9521
36,1.148585698375112e+17,10.2192
37,1.120053361135112e+17,10.4873
38,1.092432268735112e+17,10.7551
39,1.066948692335111e+17,11.0232
40,1.025269544975112e+17,11.2916
41,1.000765405535112e+17,11.5588
42,9.766609691351115e+16,11.8261
43,9.530629326951115e+16,12.0935
44,9.308605145144216e+16,12.3617
45,9.094094084951115e+16,12.6299
46,8.879664229091587e+16,12.8985
47,8.666238049091586e+16,13.1669
48,8.457388608291584e+16,13.4349
49,8.256700199491584e+16,13.7024
50,8.059376827091584e+16,13.9706
51,7.871165903091584e+16,14.2385
52,7.687287852691584e+16,14.5079
53,7.524034560291584e+16,14.7751
54,7.366993165891584e+16,15.0425
55,7.213948801891584e+16,15.3098
56,7.065968437491585e+16,15.5775
57,6.92405918096667e+16,15.845
58,6.788490824966673e+16,16.112
59,6.655092568303177e+16,16.3794
60,6.528581508110074e+16,16.6467
61,6.405396965310075e+16,16.9153
62,6.290413793710075e+16,17.1828
63,6.127160501310075e+16,17.4508
64,6.016385138479577e+16,17.7177
65,5.907916971453028e+16,17.9854
66,5.802578678862648e+16,18.2524
67,5.697549477662648e+16,18.5194
68,5.597338553662648e+16,18.7876
69,5.497179439662648e+16,19.0554
70,5.355634131899718e+16,19.3225
71,5.265147788694136e+16,19.5904
72,5.18772392299868e+16,19.8587
73,5.11868252859868e+16,20.126
74,5.05363816459868e+16,20.3935
75,4.996979285589061e+16,20.6608
76,4.942158977189061e+16,20.9279
77,4.889422963186499e+16,21.196
78,4.84184303915808e+16,21.4634
79,4.79427468315808e+16,21.7309
80,4.75139809371808e+16,22.0091
81,4.65938378811808e+16,22.2769
82,4.60286041571808e+16,22.5457
83,4.53886382627808e+16,22.8135
84,4.48908952067808e+16,23.0816
85,4.425490893176205e+16,23.349
86,4.375574303736205e+16,23.616
87,4.332839998136205e+16,23.8833
88,4.290559770043794e+16,24.1502
89,4.249964768211474e+16,24.4176
90,4.209853940457904e+16,24.6848
91,4.174017351017904e+16,24.9554
92,4.138379011918224e+16,25.226
93,4.105142019913602e+16,25.4937
94,4.077330353339701e+16,25.766
95,4.050515573904208e+16,26.0343
96,4.027393336304208e+16,26.3052
97,4.004947135472454e+16,26.5757
98,3.983784843432056e+16,26.8432
99,3.963403874602091e+16,27.1108
100,3.944220868838842e+16,27.3823
101,3.92626820987899e+16,27.6499
102,3.90940214184544e+16,27.9172
103,3.897020868071989e+16,28.1845
104,3.885156603728586e+16,28.4523
105,3.870372655121685e+16,28.7196
106,3.861660623441685e+16,28.9886
107,3.856163995248586e+16,29.2562
108,3.851039446288586e+16,29.5235
109,3.83832836485657e+16,29.7906
110,3.833206177648586e+16,30.0584
111,3.828961476957341e+16,30.3262
112,3.825112307011251e+16,30.5954
113,3.821549401139112e+16,30.8627
114,3.818020553668208e+16,31.1298
115,3.815504273803637e+16,31.3969
116,3.814053296267518e+16,31.6639
117,3.813558990667518e+16,31.9326
118,3.780168025642786e+16,32.1999
119,3.777991671242786e+16,32.467
120,3.77754497556197e+16,32.7346
121,3.777147617614094e+16,33.0017
122,3.776989834086094e+16,33.2694
123,3.776835026558094e+16,33.5364
124,3.776682056933294e+16,33.81
125,3.776530225405294e+16,34.077
126,3.776378919780494e+16,34.3461
127,3.776229278155694e+16,34.6162
128,3.776080422627694e+16,34.8855
129,3.775932445002894e+16,35.1534
130,3.775786131378094e+16,35.4207
131,3.775640251850094e+16,35.6882
132,3.775495602225294e+16,35.9555
133,3.775352616600494e+16,36.2226
134,3.775209713072494e+16,36.4896
135,3.775068391447694e+16,36.757
136,3.774928463919694e+16,37.024
137,3.774788806294894e+16,37.2912
138,3.774650812670094e+16,37.5584
139,3.774513861142094e+16,37.8256
140,3.774377531517294e+16,38.0936
141,3.774242865892494e+16,38.3624
142,3.774108890364494e+16,38.6295
143,3.773975888739694e+16,38.8967
144,3.773844551114894e+16,39.1653
145,3.773713551586894e+16,39.4324
146,3.773583877962094e+16,39.6996
147,3.773455854434094e+16,39.9668
148,3.773327844809294e+16,40.2338
149,3.773201499184494e+16,40.501
150,3.773076451656494e+16,40.7688
151,3.772951770031694e+16,41.0374
152,3.772828752406894e+16,41.3048
153,3.772706680878894e+16,41.5729
154,3.772585327254094e+16,41.84
155,3.772465637629294e+16,42.1071
156,3.772346542101294e+16,42.3748
157,3.772228516476494e+16,42.6429
158,3.772112154851694e+16,42.91
159,3.771996035323694e+16,43.1805
160,3.771881337698894e+16,43.4476
161,3.771768194170894e+16,43.7151
162,3.771655160546094e+16,43.9837
163,3.771543790921294e+16,44.2525
164,3.771433623393294e+16,44.5196
165,3.771323917768494e+16,44.7869
166,3.771215876143694e+16,45.0547
167,3.771108684615694e+16,45.3224
168,3.771002306990894e+16,45.5898
169,3.770897042950894e+16,45.8569
170,3.770792329326094e+16,46.1238
171,3.770688113798094e+16,46.3912
172,3.770584161758094e+16,46.6585
173,3.770481038074094e+16,46.9272
174,3.770377988449294e+16,47.1953
175,3.770275348409294e+16,47.464
176,3.770173962784494e+16,47.7342
177,3.770072634744494e+16,48.0016
178,3.769971395216494e+16,48.2706
179,3.769871379176494e+16,48.5376
180,3.769771657551694e+16,48.8046
181,3.769672378789658e+16,49.0718
182,3.769573674749658e+16,49.3422
183,3.769475411221658e+16,49.6092
184,3.769377353596858e+16,49.8782
185,3.769279961556858e+16,50.1461
186,3.769183567932058e+16,50.4132
187,3.769087487892058e+16,50.6802
188,3.768992200364058e+16,50.9474
189,3.768897432324058e+16,51.2153
190,3.768802702699258e+16,51.4827
191,3.768709246659258e+16,51.7499
192,3.768616181034458e+16,52.0179
193,3.768523869506458e+16,52.2849
194,3.768431725466458e+16,52.5521
195,3.768340323841658e+16,52.8191
196,3.768249491801658e+16,53.0883
197,3.768159754176858e+16,53.3587
198,3.768070234136858e+16,53.6273
199,3.767980898608858e+16,53.8945
200,3.767892690568858e+16,54.1612
201,3.767804616944058e+16,54.4285
202,3.767717720904058e+16,54.6958
203,3.767631311279258e+16,54.9658
204,3.767544951751258e+16,55.2336
205,3.767459367711258e+16,55.5011
206,3.767374622086458e+16,55.7687
207,3.767290350046458e+16,56.0383
208,3.767206778362458e+16,56.3055
209,3.767123394834458e+16,56.5731
210,3.767040313209658e+16,56.8405
211,3.766957353169658e+16,57.1079
212,3.766875705129658e+16,57.3762
213,3.766794287504858e+16,57.6435
214,3.766713879976858e+16,57.9106
215,3.766633543936858e+16,58.179
216,3.766553790312058e+16,58.4467
217,3.766474766272058e+16,58.7139
218,3.766396676647258e+16,58.9828
219,3.766318964607258e+16,59.2506
220,3.766241533079258e+16,59.5178
221,3.766165107454458e+16,59.7864
222,3.766088707414458e+16,60.0538
223,3.766013619374458e+16,60.3208
224,3.765938857749658e+16,60.5879
225,3.765864402221658e+16,60.8549
226,3.765790626181658e+16,61.1228
227,3.765717528556858e+16,61.39
228,3.765645064516858e+16,61.6573
229,3.765572716991048e+16,61.9262
230,3.765501237463048e+16,62.1932
231,3.765429803838248e+16,62.4603
232,3.765358651798248e+16,62.7275
233,3.765288811758248e+16,62.9948
234,3.765219042133448e+16,63.2621
235,3.765150514093448e+16,63.5292
236,3.765082010565448e+16,63.7981
237,3.765013904940648e+16,64.0653
238,3.764946688900648e+16,64.3324
239,3.764880247275848e+16,64.6004
240,3.764814343235848e+16,64.8687
241,3.764748815707848e+16,65.1376
242,3.764683492823848e+16,65.4046
243,3.764618521939848e+16,65.6727
244,3.764553744315048e+16,65.941
245,3.764489125431048e+16,66.2083
246,3.764424533391048e+16,66.4753
247,3.764360266507048e+16,66.7428
248,3.764296351623048e+16,67.0098
249,3.764232788739048e+16,67.2769
250,3.764169508699048e+16,67.5443
251,3.764106297815048e+16,67.8114
252,3.764043184190248e+16,68.0792
253,3.763980325306248e+16,68.3466
254,3.763917773778248e+16,68.6139
255,3.763854876121448e+16,68.8809
256,3.763792369237448e+16,69.148
257,3.763730175580648e+16,69.4153
258,3.763668020696648e+16,69.6822
259,3.763606052656648e+16,69.9491
260,3.763544249772648e+16,70.2162
261,3.763482760115848e+16,70.4832
262,3.763421309231848e+16,70.7505
263,3.763359859607048e+16,71.0203
264,3.763298760723048e+16,71.2882
265,3.763237975066248e+16,71.5554
266,3.763176991538248e+16,71.8224
267,3.763116244654248e+16,72.0892
268,3.763055588614248e+16,72.357
269,3.762995154957448e+16,72.624
270,3.762934760073448e+16,72.8914
271,3.762874717189448e+16,73.1586
272,3.762814931564648e+16,73.4266
273,3.762755201907848e+16,73.694
274,3.762695511023848e+16,73.9621
275,3.762636166983848e+16,74.2299
276,3.762576828099848e+16,74.4969
277,3.762517802443048e+16,74.7641
278,3.762458738915048e+16,75.0315
279,3.762399752031048e+16,75.2984
280,3.762341078374248e+16,75.5656
281,3.762282443490248e+16,75.8331
282,3.762224160606248e+16,76.1007
283,3.762166038981448e+16,76.368
284,3.762108006941448e+16,76.6352
285,3.762050037284648e+16,76.9036
286,3.761992106400648e+16,77.176
287,3.761934527516648e+16,77.4432
288,3.761877261859848e+16,77.7105
289,3.761820118331848e+16,77.9778
290,3.761762983320948e+16,78.2447
291,3.761706069664148e+16,78.5116
292,3.761649349624148e+16,78.7786
293,3.761592891999348e+16,79.0457
294,3.761536447435348e+16,79.3137
295,3.761480237778548e+16,79.5811
296,3.761424497214548e+16,79.8486
297,3.761368991557748e+16,80.1169
298,3.761313583517748e+16,80.3841
299,3.761258359989748e+16,80.6509
300,3.761203206332948e+16,80.9183
301,3.761148169768948e+16,81.1856
302,3.761093376144148e+16,81.4525
303,3.761038926487348e+16,81.7197
304,3.760984593923348e+16,81.9901
305,3.760930497883348e+16,82.2577
306,3.760876752226548e+16,82.5246
307,3.760823123662548e+16,82.7918
308,3.760769702646548e+16,83.0598
309,3.760716047118548e+16,83.3275
310,3.760662565493748e+16,83.5948
311,3.760609144477748e+16,83.8621
312,3.760555750820948e+16,84.1293
313,3.760502826256948e+16,84.3966
314,3.760450042216948e+16,84.6649
315,3.760397325200948e+16,84.9319
316,3.760344635544148e+16,85.199
317,3.760292113919348e+16,85.466
318,3.760239748903348e+16,85.7338
319,3.760187309375348e+16,86.002
320,3.760134971718548e+16,86.2696
321,3.760082751154548e+16,86.5366
322,3.760030738138548e+16,86.8037
323,3.759979104481748e+16,87.0707
324,3.759927542856948e+16,87.3419
325,3.759875881840948e+16,87.6103
326,3.759824365276948e+16,87.8778
327,3.759772893236948e+16,88.1448
328,3.759721936220948e+16,88.4122
329,3.759670712692948e+16,88.6796
330,3.759619431036148e+16,88.9479
331,3.759568618472148e+16,89.2154
332,3.759518013456148e+16,89.4827
333,3.759467059831348e+16,89.7498
334,3.759416482174548e+16,90.0168
335,3.759366229158548e+16,90.2838
336,3.759316069118548e+16,90.5546
337,3.759265960554548e+16,90.8225
338,3.759216086897748e+16,91.0898
339,3.759166079369748e+16,91.358
340,3.759116178353748e+16,91.6289
341,3.759066184728948e+16,91.8977
342,3.759016635712948e+16,92.1655
343,3.758967114056148e+16,92.4329
344,3.758917709492148e+16,92.7005
345,3.758868861452148e+16,92.9673
346,3.758820016436148e+16,93.2347
347,3.758770982811348e+16,93.5019
348,3.758722165154548e+16,93.7688
349,3.758673373626548e+16,94.0359
350,3.758624528610548e+16,94.3031
351,3.758575828046548e+16,94.5701
352,3.758527362389748e+16,94.8387
353,3.758479221373748e+16,95.1066
354,3.758431147748948e+16,95.374
355,3.758383151184948e+16,95.6411
356,3.758335362168948e+16,95.9083
357,3.758287600512148e+16,96.1756
358,3.758240024984148e+16,96.4428
359,3.758192488944148e+16,96.7098
360,3.758145051928148e+16,96.977
361,3.758097642271348e+16,97.2447
362,3.758050349707348e+16,97.5134
363,3.758003236082548e+16,97.7806
364,3.757956151066548e+16,98.0521
365,3.757909445409748e+16,98.321
366,3.757862856845748e+16,98.5881
367,3.757816475829748e+16,98.8558
368,3.757770116301748e+16,99.1231
369,3.757723762644948e+16,99.3909
370,3.757677538604948e+16,99.6598
371,3.757631384980148e+16,99.927
372,3.757585003964148e+16,100.1937
373,3.757539119400148e+16,100.4609
374,3.757489902407048e+16,100.728
375,3.757438730602452e+16,100.997
376,3.757388239414452e+16,101.2647
377,3.757338452226452e+16,101.5318
378,3.757289369038452e+16,101.7987
379,3.757240989850452e+16,102.0656
380,3.757193314662452e+16,102.3327
381,3.757146343474452e+16,102.5998
382,3.757100076286452e+16,102.8668
383,3.757054399270452e+16,103.1344
384,3.757008749613652e+16,103.4027
385,3.756963186425652e+16,103.6701
386,3.756917753170452e+16,103.9386
387,3.756872455513652e+16,104.2066
388,3.756827261888852e+16,104.4742
389,3.756781936872852e+16,104.7412
390,3.756736441344852e+16,105.0083
391,3.756691468328852e+16,105.2771
392,3.756646522672052e+16,105.5451
393,3.756601610632052e+16,105.8131
394,3.756556751444052e+16,106.08
395,3.756511926188852e+16,106.3471
396,3.756467332532052e+16,106.6142
397,3.756423063516052e+16,106.8829
398,3.756378477891252e+16,107.1506
399,3.756334322703252e+16,107.4189
400,3.756290395175252e+16,107.6861
401,3.756246126159252e+16,107.9535
402,3.756201884502452e+16,108.2214
403,3.756157667247252e+16,108.4884
404,3.756113777590452e+16,108.7557
405,3.756070177550452e+16,109.0228
406,3.756026612534452e+16,109.2915
407,3.755982986909652e+16,109.5594
408,3.755939535721652e+16,109.8268
409,3.755896278466452e+16,110.0952
410,3.755852740809652e+16,110.3626
411,3.755809527793652e+16,110.6299
412,3.755766464265652e+16,110.8969
413,3.755723278608852e+16,111.1641
414,3.755680417592852e+16,111.4313
415,3.755637670404852e+16,111.6987
416,3.755595004780052e+16,111.9658
417,3.755552355524852e+16,112.2326
418,3.755509521868052e+16,112.4998
419,3.755467012852052e+16,112.7669
420,3.755424724812052e+16,113.035
421,3.755382595155252e+16,113.3026
422,3.755340551967252e+16,113.5695
423,3.755298510712052e+16,113.8366
424,3.755256663184052e+16,114.1039
425,3.755214506168052e+16,114.3715
426,3.755172376511252e+16,114.6392
427,3.755130670886452e+16,114.9074
428,3.755088865870452e+16,115.1746
429,3.755047440213652e+16,115.4419
430,3.755006006958452e+16,115.7096
431,3.754964667770452e+16,115.9785
432,3.754923566754452e+16,116.2465
433,3.754882493097652e+16,116.5135
434,3.754841509569652e+16,116.7808
435,3.754800533529652e+16,117.0477
436,3.754759784513652e+16,117.315
437,3.754718686888852e+16,117.5832
438,3.754677965232052e+16,117.8505
439,3.754637139976852e+16,118.118
440,3.754596504788852e+16,118.386
441,3.754553478269448e+16,118.6531
442,3.751807062955319e+16,118.9218
443,3.751618608842219e+16,119.1898
444,3.751575582322815e+16,119.4569
445,3.751535185306815e+16,119.7241
446,3.751494815650015e+16,119.9909
447,3.751454950394815e+16,120.2582
448,3.751414932738015e+16,120.525
449,3.751375147113215e+16,120.7923
450,3.751335102097215e+16,121.0593
451,3.751294982569215e+16,121.3263
452,3.751255289553215e+16,121.5941
453,3.751215623896415e+16,121.862
454,3.751175959856415e+16,122.1297
455,3.751136702601215e+16,122.3969
456,3.751097388944415e+16,122.6644
457,3.751058399928415e+16,122.9313
458,3.751019222303615e+16,123.1986
459,3.750980585287615e+16,123.4663
460,3.750941681759615e+16,123.7334
461,3.750902720102815e+16,124.0007
462,3.750864070847615e+16,124.2679
463,3.750825461190815e+16,124.535
464,3.750787109150815e+16,124.8025
465,3.750748824134815e+16,125.0711
466,3.750710606510015e+16,125.3387
467,3.750672673494015e+16,125.6059
468,3.750634767837215e+16,125.8767
469,3.750596726582015e+16,126.1442
470,3.750559039054015e+16,126.4116
471,3.750521133397215e+16,126.6787
472,3.750483552381215e+16,126.9484
473,3.750446294756415e+16,127.2166
474,3.750409065740415e+16,127.484
475,3.750371864083615e+16,127.7511
476,3.750334430828415e+16,128.02
477,3.750297390788415e+16,128.2884
478,3.750260541131615e+16,128.5554
479,3.750224016115615e+16,128.8235
480,3.750187192587615e+16,129.0912
481,3.750150694930815e+16,129.3583
482,3.750113869675615e+16,129.6256
483,3.750077572050815e+16,129.8925
484,3.750041047034815e+16,130.1595
485,3.750004901378015e+16,130.4271
486,3.749969036122815e+16,130.6949
487,3.749933215106815e+16,130.9658
488,3.749897421450015e+16,131.2652
489,3.749861693410015e+16,131.5336
490,3.749826085882015e+16,131.8007
491,3.749790616866015e+16,132.0678
492,3.749754927241215e+16,132.3363
493,3.749719485584415e+16,132.6037
494,3.749684228329215e+16,132.8709
495,3.749649111313215e+16,133.1389
496,3.749614021656415e+16,133.4061
497,3.749579605616415e+16,133.6735
498,3.749545192600415e+16,133.9424
499,3.749510462975615e+16,134.2097
500,3.749476071447615e+16,134.4769
501,3.749441333790815e+16,134.7446
502,3.749406684535615e+16,135.0152
503,3.749372271519615e+16,135.2828
504,3.749337885862815e+16,135.5572
505,3.749304176846815e+16,135.8281
506,3.749270407222015e+16,136.0952
507,3.749236717966815e+16,136.363
508,3.749202684310015e+16,136.6302
509,3.749169327294015e+16,136.8987
510,3.749135799766015e+16,137.1666
511,3.749102118109215e+16,137.4354
512,3.749069014069215e+16,137.7025
513,3.749035932814015e+16,137.9695
514,3.749002603157215e+16,138.2373
515,3.748969598141215e+16,138.5066
516,3.748936788516415e+16,138.7738
517,3.748904135500415e+16,139.041
518,3.748871509843615e+16,139.3081
519,3.748839036588415e+16,139.5753
520,3.748806725060415e+16,139.8433
521,3.748774099403615e+16,140.1108
522,3.748741798387615e+16,140.3782
523,3.748709876730815e+16,140.6455
524,3.748678011475615e+16,140.9127
525,3.748646161850815e+16,141.1812
526,3.748614212834815e+16,141.4487
527,3.748582420794815e+16,141.7159
528,3.748550851138015e+16,141.983
529,3.748519606122015e+16,142.2504
530,3.748488158594015e+16,142.5205
531,3.748456940937215e+16,142.7877
532,3.748425683682015e+16,143.0557
533,3.748394790666015e+16,143.3234
534,3.748363549041215e+16,143.5906
535,3.748332683384415e+16,143.8584
536,3.748302142368415e+16,144.1278
537,3.748271662328415e+16,144.395
538,3.748241365073215e+16,144.6634
539,3.748210851416415e+16,144.9311
540,3.748180619888415e+16,145.1993
541,3.748150430872415e+16,145.4667
542,3.748120149247615e+16,145.7339
543,3.748089987590815e+16,146.0022
544,3.748060150574815e+16,146.2693
545,3.748030461319615e+16,146.5365
546,3.748000651662815e+16,146.8057
547,3.747971483622815e+16,147.0825
548,3.747942350606815e+16,147.3512
549,3.747913028982015e+16,147.618
550,3.747883923325215e+16,147.8846
551,3.747854555797215e+16,148.1524
552,3.747825422781215e+16,148.4193
553,3.747796341526015e+16,148.6865
554,3.747767235869215e+16,148.9543
555,3.747738806853215e+16,149.2213
556,3.747710405196415e+16,149.4879
557,3.747681931941215e+16,149.7547
558,3.747653570316415e+16,150.0212
559,3.747625199809215e+16,150.2878
560,3.747595480281215e+16,150.5546
561,3.747567051265215e+16,150.8213
562,3.747538649608415e+16,151.0878
563,3.747510793568415e+16,151.3549
564,3.747483068552415e+16,151.6216
565,3.747455269024415e+16,151.8894
566,3.747426290517215e+16,152.1567
567,3.747398184892415e+16,152.4233
568,3.747370135235615e+16,152.6917
569,3.747342269980415e+16,152.9584
570,3.747314544964415e+16,153.2251
571,3.747286847307615e+16,153.4918
572,3.747259047779615e+16,153.7584
573,3.747231029272415e+16,154.0251
574,3.747203656256415e+16,154.2917
575,3.747176158631615e+16,154.5597
576,3.747148812974815e+16,154.8268
577,3.747121365446815e+16,155.0956
578,3.747093992430815e+16,155.3638
579,3.747066735175615e+16,155.6303
580,3.747039389518815e+16,155.8968
581,3.747012331011615e+16,156.1633
582,3.746985235483615e+16,156.4301
583,3.746958214467615e+16,156.6974
584,3.746931220810815e+16,156.9666
585,3.746904331186015e+16,157.2387
586,3.746877662170015e+16,157.5089
587,3.746851012914815e+16,157.7759
588,3.746824371258015e+16,158.0514
589,3.746797827218015e+16,158.3182
590,3.746771728710815e+16,158.5853
591,3.746744281182815e+16,158.8523
592,3.746717964166815e+16,159.1188
593,3.746691674510015e+16,159.3864
594,3.746665392885215e+16,159.6531
595,3.746639351630015e+16,159.9198
596,3.746613386614015e+16,160.1863
597,3.746587448957215e+16,160.4532
598,3.746561569429215e+16,160.7197
599,3.746534510922015e+16,160.9874
600,3.746508897906015e+16,161.2548
601,3.746483224281215e+16,161.5216
602,3.746457638624415e+16,161.7894
603,3.746432111096415e+16,162.0561
604,3.746406012589215e+16,162.3227
605,3.746380399573215e+16,162.5897
606,3.746354966318015e+16,162.8564
607,3.746329380661215e+16,163.1274
608,3.746304148621215e+16,163.3943
609,3.746278973093215e+16,163.661
610,3.746253712077215e+16,163.9316
611,3.746228478420415e+16,164.1988
612,3.746203412795615e+16,164.4669
613,3.746178274288415e+16,164.7338
614,3.746153365272415e+16,165.0001
615,3.746128189744415e+16,165.267
616,3.746103308087615e+16,165.5343
617,3.746078130832415e+16,165.8084
618,3.746053573816415e+16,166.0828
619,3.746029044159615e+16,166.3498
620,3.746004586534815e+16,166.619
621,3.745980369279615e+16,166.8868
622,3.745956164263615e+16,167.1548
623,3.745931985756415e+16,167.4217
624,3.745906458228415e+16,167.6885
625,3.745881928571615e+16,167.955
626,3.745858008531615e+16,168.2215
627,3.745834155515615e+16,168.4885
628,3.745810305890815e+16,168.7551
629,3.745786480234015e+16,169.0216
630,3.745762870978815e+16,169.2888
631,3.745739263450815e+16,169.5555
632,3.745714124943615e+16,169.822
633,3.745690271927615e+16,170.0901
634,3.745666446270815e+16,170.357
635,3.745643190742815e+16,170.6237
636,3.745619364235615e+16,170.8915
637,3.745595863219615e+16,171.1584
638,3.745572269594815e+16,171.4248
639,3.745548795938015e+16,171.6956
640,3.745525646922015e+16,171.9623
641,3.745502391394015e+16,172.2332
642,3.745479269737215e+16,172.5043
643,3.745455916482015e+16,172.7712
644,3.745433049974815e+16,173.0435
645,3.745410252958815e+16,173.3105
646,3.745387267334015e+16,173.5846
647,3.745364363806015e+16,173.8512
648,3.745341242149215e+16,174.118
649,3.745318445133215e+16,174.3867
650,3.745295837093215e+16,174.6541
651,3.745273419436415e+16,174.9208
652,3.745250674181215e+16,175.1883
653,3.745228581165215e+16,175.4562
654,3.745206515508415e+16,175.723
655,3.745184489883615e+16,175.991
656,3.745162231376415e+16,176.2578
657,3.745138623848415e+16,176.5249
658,3.745116530832415e+16,176.7917
659,3.745094745577215e+16,177.0604
660,3.745072679920415e+16,177.3369
661,3.745051290904415e+16,177.6039
662,3.745029603376415e+16,177.8706
663,3.745006736869215e+16,178.1372
664,3.744984967244415e+16,178.4052
665,3.744963253587615e+16,178.673
666,3.744941864571615e+16,178.9409
667,3.744920529043615e+16,179.2099
668,3.744898622536415e+16,179.4774
669,3.744877260879615e+16,179.7445
670,3.744855731624415e+16,180.0114
671,3.744834435584415e+16,180.2778
672,3.744813398568415e+16,180.5447
673,3.744792236943615e+16,180.8113
674,3.744771227286815e+16,181.0778
675,3.744749891758815e+16,181.3449
676,3.744728854742815e+16,181.6125
677,3.744707908235615e+16,181.8812
678,3.744687250578815e+16,182.1531
679,3.744666267050815e+16,182.4273
680,3.744645345795615e+16,182.6939
681,3.744624660779615e+16,182.9604
682,3.744604003122815e+16,183.2272
683,3.744583449498015e+16,183.4949
684,3.744563116482015e+16,183.7616
685,3.744543129974815e+16,184.0281
686,3.744522146446815e+16,184.2946
687,3.744501840790015e+16,184.561
688,3.744481527534815e+16,184.8283
689,3.744461543494815e+16,185.1028
690,3.744441562478815e+16,185.3709
691,3.744421608822015e+16,185.6373
692,3.744401663197215e+16,185.9052
693,3.744382034181215e+16,186.1748
694,3.744362618653215e+16,186.4415
695,3.744341672146015e+16,186.708
696,3.744322070489215e+16,186.9749
697,3.744302365234015e+16,187.2416
698,3.744283088218015e+16,187.5089
699,3.744263750593215e+16,187.7755
700,3.744244500936415e+16,188.0435
701,3.744225085408415e+16,188.3102
702,3.744205098901215e+16,188.578
703,3.744185821885215e+16,188.845
704,3.744166924228415e+16,189.1118
705,3.744147826973215e+16,189.3785
706,3.744128763445215e+16,189.645
707,3.744109838429215e+16,189.9126
708,3.744090940772415e+16,190.1793
709,3.744072211147615e+16,190.4457
710,3.744053184640415e+16,190.7124
711,3.744034473112415e+16,190.9816
712,3.744015548096415e+16,191.2486
713,3.743996876056415e+16,191.5153
714,3.743978330399615e+16,191.7836
715,3.743959841144415e+16,192.0501
716,3.743941620128415e+16,192.3168
717,3.743923426471615e+16,192.5839
718,3.743905304846815e+16,192.8508
719,3.743887238339615e+16,193.1174
720,3.743868174811615e+16,193.3844
721,3.743849953795615e+16,193.6509
722,3.743832112138815e+16,193.9205
723,3.743814230883615e+16,194.1883
724,3.743796713867615e+16,194.4557
725,3.743779200242815e+16,194.7292
726,3.743761710586015e+16,194.9958
727,3.743744215058015e+16,195.2629
728,3.743725188550815e+16,195.5295
729,3.743707671534815e+16,195.7961
730,3.743690311494815e+16,196.0712
731,3.743673173838015e+16,196.3391
732,3.743655900582815e+16,196.6055
733,3.743638757054815e+16,196.8752
734,3.743621042547615e+16,197.1437
735,3.743603877531615e+16,197.4107
736,3.743586619906815e+16,197.6773
737,3.743569482250015e+16,197.9439
738,3.743552669234015e+16,198.211
739,3.743535525706015e+16,198.4777
740,3.743518740049215e+16,198.7459
741,3.743501985542015e+16,199.016
742,3.743485320286815e+16,199.2827
743,3.743468859270815e+16,199.5497
744,3.743452067742815e+16,199.8165
745,3.743435282086015e+16,200.0874
746,3.743418632461215e+16,200.3549
747,3.743402171445215e+16,200.6216
748,3.743386089788415e+16,200.8885
749,3.743370032533215e+16,201.1555
750,3.743353984493215e+16,201.4222
751,3.743338189986015e+16,201.6889
752,3.743321398458015e+16,201.9554
753,3.743305289442015e+16,202.2219
754,3.743289207785215e+16,202.4883
755,3.743273166160415e+16,202.755
756,3.743257409144415e+16,203.0258
757,3.743242031487615e+16,203.2932
758,3.743226582232415e+16,203.5598
759,3.743211358704415e+16,203.8268
760,3.743194604197215e+16,204.0935
761,3.743179199181215e+16,204.3601
762,3.743163765556415e+16,204.6266
763,3.743148387899615e+16,204.8965
764,3.743133334883615e+16,205.163
765,3.743118111355615e+16,205.43
766,3.743102316848415e+16,205.6966
767,3.743087291191615e+16,205.967
768,3.743072449936415e+16,206.2345
769,3.743057713896415e+16,206.5038
770,3.743043012880415e+16,206.7706
771,3.743028141352415e+16,207.0375
772,3.743013115695615e+16,207.3045
773,3.742998290070815e+16,207.5716
774,3.742983455563615e+16,207.8383
775,3.742968754547615e+16,208.1052
776,3.742954235019615e+16,208.3718
777,3.742939561362815e+16,208.6383
778,3.742925212346815e+16,208.9062
779,3.742910979091615e+16,209.1745
780,3.742896657434815e+16,209.4411
781,3.742882439810015e+16,209.7077
782,3.742868442794015e+16,209.9827
783,3.742854568286815e+16,210.2492
784,3.742839696758815e+16,210.5157
785,3.742825727102015e+16,210.7838
786,3.742812082086015e+16,211.0543
787,3.742798456830815e+16,211.3288
788,3.742784839174015e+16,211.6025
789,3.742771229549215e+16,211.8703
790,3.742757805509215e+16,212.137
791,3.742744512493215e+16,212.404
792,3.742731208965215e+16,212.6709
793,3.742716374458015e+16,212.9375
794,3.742703108801215e+16,213.2052
795,3.742690091546015e+16,213.4721
796,3.742677150530015e+16,213.7388
797,3.742664148905215e+16,214.0071
798,3.742651197377215e+16,214.276
799,3.742637322870015e+16,214.5428
800,3.742624057213215e+16,214.8108
801,3.742611116197215e+16,215.0793
802,3.742598516669215e+16,215.3472
803,3.742585603012415e+16,215.6138
804,3.742573013996415e+16,215.8831
805,3.742560451489215e+16,216.1516
806,3.742547705864415e+16,216.4181
807,3.742535296609215e+16,216.6847
808,3.742522734952415e+16,216.9545
809,3.742510135424415e+16,217.2231
810,3.742497546408415e+16,217.4905
811,3.742485336751615e+16,217.7583
812,3.742473224711615e+16,218.0309
813,3.742461339695615e+16,218.2979
814,3.742449538440415e+16,218.5644
815,3.742437680783615e+16,218.8312
816,3.742425895158815e+16,219.098
817,3.742413940651615e+16,219.3726
818,3.742400989123615e+16,219.6401
819,3.742389104107615e+16,219.9066
820,3.742377598450815e+16,220.1736
821,3.742366405195615e+16,220.4435
822,3.742355224179615e+16,220.7107
823,3.742344046554815e+16,220.9831
824,3.742332892898015e+16,221.2504
825,3.742321509370015e+16,221.5201
826,3.742308594862815e+16,221.7902
827,3.742297413846815e+16,222.0568
828,3.742286612190015e+16,222.324
829,3.742275580662015e+16,222.594
830,3.742263978154815e+16,222.8606
831,3.742253149138815e+16,223.1283
832,3.742242227514015e+16,223.3967
833,3.742231427474015e+16,223.6633
834,3.742220842218815e+16,223.9312
835,3.742210040562015e+16,224.1979
836,3.742199361034015e+16,224.4711
837,3.742188532018015e+16,224.7377
838,3.742177889510815e+16,225.0043
839,3.742167439854015e+16,225.2712
840,3.742157112326015e+16,225.5379
841,3.742146635310015e+16,225.8058
842,3.742136321685215e+16,226.0725
843,3.742126196669215e+16,226.34
844,3.742116099012415e+16,226.6066
845,3.742105769757215e+16,226.8741
846,3.742096024100415e+16,227.1411
847,3.742086341593215e+16,227.4089
848,3.742075662065215e+16,227.6766
849,3.742065889049215e+16,227.943
850,3.742056183424415e+16,228.2096
851,3.742046695384415e+16,228.476
852,3.742037274368415e+16,228.7426
853,3.742027880711615e+16,229.0093
854,3.742018159456415e+16,229.276
855,3.742009117799615e+16,229.5425
856,3.742000006271615e+16,229.8091
857,3.741989363764415e+16,230.0767
858,3.741980294748415e+16,230.3439
859,3.741971197123615e+16,230.6112
860,3.741962435868415e+16,230.8779
861,3.741953394211615e+16,231.1525
862,3.741944634683615e+16,231.4199
863,3.741934952176415e+16,231.6867
864,3.741925883160415e+16,231.9534
865,3.741917193503615e+16,232.2199
866,3.741908785975615e+16,232.4867
867,3.741900068959615e+16,232.7532
868,3.741891579334815e+16,233.021
869,3.741882856827615e+16,233.2881
870,3.741874491811615e+16,233.5553
871,3.741866154154815e+16,233.8219
872,3.741857648899615e+16,234.0921
873,3.741849241371615e+16,234.3592
874,3.741840903714815e+16,234.6259
875,3.741832727674815e+16,234.8925
876,3.741824714658815e+16,235.1594
877,3.741816833034015e+16,235.4261
878,3.741809070526815e+16,235.6939
879,3.741801014998815e+16,235.9626
880,3.741793001982815e+16,236.2313
881,3.741785016326015e+16,236.4981
882,3.741777119070815e+16,236.7666
883,3.741769485414015e+16,237.04
884,3.741762176398015e+16,237.3168
885,3.741754902773215e+16,237.5841
886,3.741747945757215e+16,237.8545
887,3.741741008502015e+16,238.1213
888,3.741733726845215e+16,238.3888
889,3.741726535317215e+16,238.6556
890,3.741717812810015e+16,238.9242
891,3.741710883153215e+16,239.191
892,3.741704019113215e+16,239.4588
893,3.741697414097215e+16,239.7274
894,3.741690574569215e+16,239.9964
895,3.741683164062015e+16,240.2637
896,3.741676146437215e+16,240.531
897,3.741669488665215e+16,240.7978
898,3.741662883649215e+16,241.0644
899,3.741656305992415e+16,241.3313
900,3.741649466464415e+16,241.5978
901,3.741642785209215e+16,241.8649
902,3.741636207552415e+16,242.133
903,3.741629757045215e+16,242.4051
904,3.741623451273215e+16,242.6717
905,3.741616963745215e+16,242.9459
906,3.741610358729215e+16,243.2131
907,3.741603949104415e+16,243.4833
908,3.741597693064415e+16,243.7502
909,3.741591387292415e+16,244.0173
910,3.741585134276415e+16,244.284
911,3.741578908619615e+16,244.5506
912,3.741572835364415e+16,244.8174
913,3.741566961707615e+16,245.0856
914,3.741561359935615e+16,245.3524
915,3.741555711895615e+16,245.619
916,3.741550088367615e+16,245.8855
917,3.741542677860415e+16,246.1527
918,3.741536776844415e+16,246.4194
919,3.741530975219615e+16,246.6862
920,3.741525373447615e+16,246.9551
921,3.741519824431615e+16,247.2248
922,3.741514200903615e+16,247.4921
923,3.741507750396415e+16,247.7587
924,3.741501876739615e+16,248.0268
925,3.741496411484415e+16,248.294
926,3.741490889827615e+16,248.5604
927,3.741485618299615e+16,248.8309
928,3.741480016527615e+16,249.0974
929,3.741474467511615e+16,249.3645
930,3.741469273886815e+16,249.634
931,3.741463783379615e+16,249.9004
932,3.741458586363615e+16,250.1677
933,3.741453314835615e+16,250.4343
934,3.741447793178815e+16,250.7009
935,3.741442543406815e+16,250.97
936,3.741437151366815e+16,251.2375
937,3.741432253594815e+16,251.506
938,3.741427396339615e+16,251.7729
939,3.741422226682815e+16,252.0397
940,3.741417381666815e+16,252.3063
941,3.741412796042015e+16,252.5747
942,3.741408265534815e+16,252.8419
943,3.741402290006815e+16,253.1088
944,3.741397444990815e+16,253.376
945,3.741392627334015e+16,253.6428
946,3.741388081562015e+16,253.9097
947,3.741383297522015e+16,254.1774
948,3.741379048266815e+16,254.4453
949,3.741374582610015e+16,254.7118
950,3.741370175082015e+16,254.9799
951,3.741365036574815e+16,255.2552
952,3.741360490802815e+16,255.5218
953,3.741355997786815e+16,255.7923
954,3.741351668162015e+16,256.0678
955,3.741347527146015e+16,256.3345
956,3.741343119618015e+16,256.6009
957,3.741338653961215e+16,256.8698
958,3.741334460189215e+16,257.1372
959,3.741330281682015e+16,257.4043
960,3.741326105642015e+16,257.6712
961,3.741322050114015e+16,257.9378
962,3.741317856342015e+16,258.2044
963,3.741313715326015e+16,258.471
964,3.741309601669215e+16,258.7377
965,3.741305608414015e+16,259.0053
966,3.741301846757215e+16,259.2721
967,3.741298125132415e+16,259.5389
968,3.741294336116415e+16,259.8057
969,3.741290846344415e+16,260.074
970,3.741287278304415e+16,260.3409
971,3.741284059797215e+16,260.6116
972,3.741278948269215e+16,260.8856
973,3.741275458497215e+16,261.1581
974,3.741272021481215e+16,261.4253
975,3.741268611824415e+16,261.6921
976,3.741265226569215e+16,261.9586
977,3.741262035041215e+16,262.2264
978,3.741258208534015e+16,262.4931
979,3.741254742909215e+16,262.7598
980,3.741251305893215e+16,263.0277
981,3.741247896236415e+16,263.298
982,3.741244758464415e+16,263.574
983,3.741241566936415e+16,263.8406
984,3.741238481920415e+16,264.1075
985,3.741235424263615e+16,264.3739
986,3.741232464223615e+16,264.6406
987,3.741229326451615e+16,264.9089
988,3.741226459944415e+16,265.1759
989,3.741223268416415e+16,265.4425
990,3.741220410791615e+16,265.7091
991,3.741217325775615e+16,265.9767
992,3.741214540003615e+16,266.2492
993,3.741211762748415e+16,266.5195
994,3.741208705091615e+16,266.7861
995,3.741206324075615e+16,267.0527
996,3.741203970418815e+16,267.3207
997,3.741201618378815e+16,267.5886
998,3.741199184606815e+16,267.8553
999,3.741196857078815e+16,268.1219
1000,3.741193030571615e+16,268.3886
1001,3.741190780946815e+16,268.6553
