1,14357829004,0.057767,13426382360,43220670,888225974
2,8990791134,0.085754,8670799740,43220670,276770724
3,7172789740,0.11249,6817239160,78779856,276770724
4,5613304875,0.13883,5257754295,78779856,276770724
5,4373630225,0.1652,4018079645,78779856,276770724
6,3254032792,0.19195,2960408120,78779856,214844816
7,2422299907,0.2183,2128675235,78779856,214844816
8,1615531412,0.24471,1321906740,78779856,214844816
9,1365335546,0.2711,1276986330,78779856,9569360
10,1175173954,0.29733,1056703220,108901374,9569360
11,1048600509,0.32372,930129775,108901374,9569360
12,945934604,0.34997,827463870,108901374,9569360
13,952121749,0.37645,843220375,108901374,0
14,1020526904,0.40334,911625530,108901374,0
15,1038815703,0.42937,903225860,135589843,0
16,912176633,0.45178,761846910,150329723,0
17,843771478,0.47752,693441755,150329723,0
18,837584333,0.50348,677685250,150329723,9569360
19,912584333,0.52733,677685250,225329723,9569360
20,1032468026,0.54987,761661620,261237046,9569360
21,1150375983,0.57497,909691095,231115528,9569360
22,1194418986,0.59918,909691095,275158531,9569360
23,920294148,0.66391,671473580,239251208,9569360
24,701506703,0.72787,462255495,239251208,0
25,116938766.387,0.79179,60920342.3842,56018424.0028,0
26,96200679.4968,0.85703,45209340.8813,50991338.6155,0
27,76691974.0352,0.91265,25700635.4197,50991338.6155,0
28,61670960.513,0.95017,25700635.4197,35970325.0932,0
29,49543381.1618,0.98771,25700635.4197,23842745.7421,0
30,39874268.6272,1.0252,18759949.6497,21114318.9775,0
31,33683530.7035,1.0638,12569211.726,21114318.9775,0
32,28411957.4681,1.1014,7297638.4906,21114318.9775,0
33,23663691.9899,1.1388,2549373.0124,21114318.9775,0
34,20935265.2253,1.1763,2549373.0124,18385892.2129,0
35,18385892.2129,1.2137,0,18385892.2129,0
36,17845901.7486,1.2511,2188436.3003,15657465.4483,0
37,16364264.8088,1.2885,706799.3605,15657465.4483,0
38,15657465.4483,1.3263,0,15657465.4483,0
39,15415146.2278,1.3658,2486107.5441,12929038.6837,0
40,12929038.6837,1.4034,0,12929038.6837,0
41,12686719.4633,1.4407,2486107.5441,10200611.9192,0
42,10200611.9192,1.4782,0,10200611.9192,0
43,9958292.6987,1.5159,2486107.5441,7472185.1546,0
44,7472185.1546,1.5555,0,7472185.1546,0
45,7335763.8163,1.5929,0,7335763.8163,0
46,7199342.4781,1.6303,0,7199342.4781,0
47,7062921.1399,1.6677,0,7062921.1399,0
48,6926499.8017,1.7052,0,6926499.8017,0
49,6790078.4634,1.7426,0,6790078.4634,0
50,5591053.58,1.7804,2055080.16,688469,2847504.42
51,2023549.16,1.8178,1335080.16,688469,0
52,1388394,1.8552,699925,688469,0
53,757653.51,1.8953,757653.51,0,0
54,520172.12,1.9336,520172.12,0,0
55,440172.12,1.9721,440172.12,0,0
56,360172.12,2.0105,360172.12,0,0
57,280459.05,2.0486,280459.05,0,0
58,222730.54,2.0869,222730.54,0,0
59,200245.61,2.1261,200245.61,0,0
60,180905.65,2.1687,180905.65,0,0
61,169987.93,2.2068,169987.93,0,0
62,100905.65,2.245,100905.65,0,0
63,20905.65,2.283,20905.65,0,0
64,10179.45,2.327,10179.45,0,0
65,0,2.3716,0,0,0
