1,15518063100,0.11139,11559565325,0,3958497775
2,12767321238,0.13865,9016575930,0,3750745308
3,10223732193,0.16585,6323609925,0,3900122268
4,8641081107,0.19261,5727920815,13517114,2899643178
5,7573530820,0.21908,5089004820,25748822,2458777178
6,5337820036,0.24629,4993690390,25748822,318380824
7,4296409129,0.27315,3919146535,25748822,351513772
8,3666325759,0.29961,3289063165,25748822,351513772
9,3215633374,0.32662,2894390100,25748822,295494452
10,2934822239,0.35297,2613578965,25748822,295494452
11,2558281969,0.37969,2237038695,25748822,295494452
12,2283865929,0.40642,1962622655,25748822,295494452
13,2199126352,0.4335,1844925205,58706695,295494452
14,2199126352,0.46055,1844925205,58706695,295494452
15,2213062388,0.48706,1844925205,72642731,295494452
16,2250873409,0.51402,1844925205,110453752,295494452
17,2250873409,0.54084,1844925205,110453752,295494452
18,1963791709,0.60663,1557843505,110453752,295494452
19,1638162464,0.67048,1232214260,110453752,295494452
20,1427541884,0.73435,1021593680,110453752,295494452
21,1230384729,0.79822,824436525,110453752,295494452
22,1088732884,0.86211,682784680,110453752,295494452
23,975806934,0.92629,602784680,110453752,262568502
24,713238432,0.99034,602784680,110453752,0
25,104359771.5914,1.0547,88493546.7679,15866224.8235,0
26,90950890.8749,1.1203,80188598.4357,10762292.4392,0
27,78492084.8861,1.1846,67729792.4469,10762292.4392,0
28,69359388.4181,1.2487,58597095.9789,10762292.4392,0
29,60892932.5832,1.3133,50130640.144,10762292.4392,0
30,53359926.1914,1.3773,41272535.6722,10762292.4392,1325098.08
31,45853667.2808,1.4415,33016840.2742,11511728.9267,1325098.08
32,39092565.7703,1.5051,26255738.7636,11511728.9267,1325098.08
33,32493428.9818,1.573,19656601.9751,11511728.9267,1325098.08
34,26637926.8817,1.6368,19656601.9751,5656226.8266,1325098.08
35,21771202.7057,1.7016,15445209.8801,5000894.7455,1325098.08
36,17079247.5729,1.7655,10753254.7474,5000894.7455,1325098.08
37,12399301.065,1.8294,7398406.3195,5000894.7455,0
38,8702245.0774,1.8953,5859517.0755,2842728.0019,0
39,5977130.7151,1.9596,3134402.7131,2842728.0019,0
40,4380788.1658,2.0235,1538060.1639,2842728.0019,0
41,2842728.0019,2.0874,0,2842728.0019,0
42,1603829.5125,2.153,0,1603829.5125,0
43,749436.4874,2.2171,0,749436.4874,0
44,0,2.281,0,0,0
