1,17291340406,0.034969,15369756170,22488705,1899095531
2,12199163298,0.055833,11090862295,22488705,1085812298
3,9731903983,0.076595,8623602980,22488705,1085812298
4,8246262523,0.097286,7137961520,22488705,1085812298
5,6877850293,0.11796,5769549290,22488705,1085812298
6,5611242088,0.13866,4724542765,22488705,864210618
7,4587825783,0.1593,4125674415,22488705,439662663
8,4011873075,0.18006,3542585010,24396704,444891361
9,3636873075,0.20098,3167585010,24396704,444891361
10,3285089008,0.22184,2798782810,41414837,444891361
11,3031018204,0.24298,1580006035,41414837,1409597332
12,1817685115,0.26401,1756581850,41414837,19688428
13,1807531455,0.28511,1273471830,41414837,492644788
14,1532269220,0.30605,1471165955,41414837,19688428
15,1532269220,0.32686,1471165955,41414837,19688428
16,1576869790,0.34758,1515766525,41414837,19688428
17,1579614632,0.36844,1453110440,106815764,19688428
18,1624672311,0.38927,1453110440,151873443,19688428
19,1393129526,0.43926,1221567655,151873443,19688428
20,1313129526,0.48905,1141567655,151873443,19688428
21,1233129526,0.53881,1061567655,151873443,19688428
22,1161479961,0.58868,989918090,151873443,19688428
23,1079107886,0.63904,907546015,151873443,19688428
24,849192206,0.68877,677630335,151873443,19688428
25,104027776.2257,0.73916,76409556.5575,27161745.628,456474.0401
26,90414272.5977,0.78913,66818036.4485,23139762.1091,456474.0401
27,79192700.6298,0.8395,55596464.4807,23139762.1091,456474.0401
28,71134377.9145,0.89046,55596464.4807,15081439.3937,456474.0401
29,63980593.7923,0.9407,55596464.4807,7927655.2715,456474.0401
30,56998260.0911,0.9912,48614130.7795,7927655.2715,456474.0401
31,50409212.1041,1.0415,42230366.725,7927655.2715,251190.1077
32,44025448.0497,1.0914,35846602.6705,7927655.2715,251190.1077
33,37641683.9952,1.1411,29462838.6161,7927655.2715,251190.1077
34,31257919.9407,1.1913,23079074.5616,7927655.2715,251190.1077
35,26470553.339,1.2413,18291707.9599,7927655.2715,251190.1077
36,21851312.7393,1.2917,13672467.3602,7927655.2715,251190.1077
37,17917427.4627,1.3416,9738582.0836,7927655.2715,251190.1077
38,14639167.522,1.3914,6460322.1429,7927655.2715,251190.1077
39,11658890.0284,1.4412,6523645.8904,4884054.0303,251190.1077
40,8820240.0196,1.491,3684995.8816,4884054.0303,251190.1077
41,6297390.8288,1.5412,1162146.6908,4884054.0303,251190.1077
42,5198567.8855,1.5917,63323.7475,4884054.0303,251190.1077
43,4671853.4407,1.6424,63323.7475,4542818.7066,65710.9866
44,4600315.5995,1.6929,63323.7475,4471280.8653,65710.9866
45,4528777.7582,1.7426,63323.7475,4399743.0241,65710.9866
46,4457239.917,1.7923,63323.7475,4328205.1829,65710.9866
47,4385702.0758,1.8421,63323.7475,4256667.3417,65710.9866
48,4314164.2346,1.892,63323.7475,4185129.5004,65710.9866
49,4248453.248,1.9422,63323.7475,4185129.5004,0
50,292298.138,1.9923,292298.138,0,0
51,1182.8115,2.0425,1182.8115,0,0
52,0,2.0922,0,0,0
