1,52892190157,0.059744,47629673640,0,5262516517
2,48007665345,0.098773,43032066855,0,4975598490
3,43441671946,0.13719,38780780200,0,4660891746
4,39640032636,0.17582,34793256870,0,4846775766
5,36555736359,0.21451,31793256870,0,4762479489
6,33644126201,0.25292,29009968985,0,4634157216
7,30817483379,0.29246,26022612435,0,4794870944
8,28372693124,0.33124,24314901930,0,4057791194
9,25933149318,0.36976,21903290875,0,4029858443
10,23683149318,0.40917,19653290875,0,4029858443
11,21601093838,0.44777,17571235395,0,4029858443
12,19771828248,0.4871,16058342085,0,3713486163
13,18352638741,0.52622,14650781495,0,3701857246
14,16283201395,0.5648,13143962715,0,3139238680
15,14873646430,0.60312,11734407750,0,3139238680
16,13860335024,0.64298,10813444315,0,3046890709
17,12879109426,0.68196,9894265325,0,2984844101
18,11959576701,0.7205,8974732600,0,2984844101
19,11153404961,0.76158,8168560860,0,2984844101
20,10504630065,0.80217,7493346020,26439944,2984844101
21,9886918930,0.84053,6875634885,26439944,2984844101
22,9371123520,0.8792,5889239975,26439944,3455443601
23,8468511560,0.9178,6348055865,26439944,2094015751
24,8023077516,0.95623,5939977425,26439944,2056660147
25,1326769920.8814,0.99521,842953921.2675,264399.44,483551600.174
26,1262489419.5187,1.0336,805335397.0915,264399.44,456889622.9872
27,1179124733.9384,1.0722,712409010.7099,264399.44,466451323.7885
28,1124339606.6508,1.1106,688868906.9727,264399.44,435206300.2381
29,1087069389.0553,1.1493,686969984.9458,264399.44,399835004.6694
30,1064307012.8264,1.1881,664207608.7169,264399.44,399835004.6694
31,1044421397.9192,1.2266,660038774.7155,264399.44,384118223.7636
32,1030650109.9446,1.2653,716865700.2104,808849.14,312975560.5943
33,1017661263.6776,1.3037,725191161.1333,808849.14,291661253.4042
34,948369486.6029,1.3421,655859893.2687,848339.93,291661253.4042
35,935465104.9341,1.3809,685672833.9004,1354264.57,248438006.4637
36,935865749.7741,1.4195,685672833.9004,1754909.41,248438006.4637
37,937857598.6835,1.4582,687399812.8999,2019779.32,248438006.4637
38,940838590.7154,1.4969,687399812.8999,2019779.32,251418998.4956
39,943895257.4429,1.5353,757067974.1052,2476749.52,184350533.8177
40,5762266023,1.6308,4835435490,207674952,719155581
41,5442300533,1.7242,4508091725,207674952,726533856
42,5062662138,1.8166,4037590730,161977932,863093476
43,4762718049,1.9086,3764086585,135537988,863093476
44,4518011139,2.0037,3764086585,135537988,618386566
45,4284421399,2.0966,3911367425,135537988,237515986
46,4057934408,2.1888,3711367425,109050997,237515986
47,3866881873,2.2812,3520314890,109050997,237515986
48,3684623398,2.3732,3338056415,109050997,237515986
49,3502624633,2.4661,3156057650,109050997,237515986
50,536221036.7089,2.5583,499595276.4035,1700108.436,34925651.8694
51,486493900.8879,2.6523,447644916.2644,1700108.436,37148876.1876
52,457429874.3243,2.7452,433228035.2991,1700108.436,22501730.5892
53,429076190.9256,2.837,404874351.9005,1700108.436,22501730.5892
54,409846984.829,2.9296,385645145.8038,1700108.436,22501730.5892
55,391573829.6882,3.0216,367371990.6631,1700108.436,22501730.5892
56,374334548.728,3.1143,350132709.7028,1700108.436,22501730.5892
57,357904057.493,3.2071,333702218.4678,1700108.436,22501730.5892
58,343167821.5013,3.3004,326493777.9852,1700108.436,14973935.0801
59,328627989.5928,3.3936,312076897.0199,1577157.4928,14973935.0801
60,314211108.6276,3.4863,297660016.0546,1577157.4928,14973935.0801
61,300235408.5483,3.5791,283684315.9754,1577157.4928,14973935.0801
62,286614931.4055,3.6729,270063838.8326,1577157.4928,14973935.0801
63,273094094.7334,3.7655,256543002.1604,1577157.4928,14973935.0801
64,259809441.7846,3.8578,242126121.1951,1577157.4928,16106163.0967
65,247656383.2666,3.9537,229973062.6772,1577157.4928,16106163.0967
66,236160849.8557,4.0443,218477529.2662,1577157.4928,16106163.0967
67,222857612.5743,4.1348,205174291.9848,1577157.4928,16106163.0967
68,211362079.1634,4.2252,193678758.5739,1577157.4928,16106163.0967
69,200733108.0408,4.316,186458913.4374,1577157.4928,12697037.1106
70,169315308.5787,4.4066,167738151.0859,1577157.4928,0
71,156045355.3702,4.4982,154468197.8774,1577157.4928,0
72,146036074.437,4.5891,144458916.9442,1577157.4928,0
73,136404677.476,4.6805,132731529.4515,1577157.4928,2095990.5318
74,126975577.2448,4.7711,119467910.66,1577157.4928,5930509.0919
75,121810741.785,4.8616,117096793.4369,629207.4967,4084740.8514
76,114283756.6275,4.9519,109569808.2794,629207.4967,4084740.8514
77,106756771.4701,5.0424,102042823.122,629207.4967,4084740.8514
78,99229786.3126,5.1329,94515837.9645,629207.4967,4084740.8514
79,91702801.1552,5.224,86988852.8071,629207.4967,4084740.8514
80,84175815.9977,5.3144,79461867.6496,629207.4967,4084740.8514
81,77343868.8862,5.405,72629920.5381,629207.4967,4084740.8514
82,71159209.5677,5.4954,66445261.2196,629207.4967,4084740.8514
83,65781578.5438,5.587,61067630.1957,629207.4967,4084740.8514
84,61037763.8912,5.6776,56323815.5431,629207.4967,4084740.8514
85,56499956.575,5.7693,48796830.3856,629207.4967,7073918.6927
86,52010779.8303,5.8599,44307653.6409,629207.4967,7073918.6927
87,48488990.0354,5.9503,40785863.846,629207.4967,7073918.6927
88,45240790.1562,6.041,37537663.9668,629207.4967,7073918.6927
89,41760492.867,6.1318,34057366.6776,629207.4967,7073918.6927
90,38771315.0258,6.2224,34057366.6776,629207.4967,4084740.8514
91,35720871.6276,6.313,31006923.2795,629207.4967,4084740.8514
92,28495858.765,6.4034,23781910.4169,629207.4967,4084740.8514
93,25854767.6942,6.4938,23781910.4169,629207.4967,1443649.7806
94,23537525.0976,6.5843,21464667.8203,629207.4967,1443649.7806
95,20767476.0096,6.6748,18694618.7324,629207.4967,1443649.7806
96,18826988.1671,6.7659,18694618.7324,132369.4348,0
97,17484662.3282,6.8575,17352292.8934,132369.4348,0
98,16431173.2542,6.9492,16298803.8195,132369.4348,0
99,15678474.7385,7.0397,15546105.3037,132369.4348,0
100,15473320.4744,7.1301,14659910.1944,106569.48,706840.8
101,14680074.674,7.2204,13866664.394,106569.48,706840.8
102,13973233.874,7.3107,13866664.394,106569.48,0
103,13373115.6624,7.401,13266546.1824,106569.48,0
104,12848090.0645,7.4914,12741520.5845,106569.48,0
105,12367137.2033,7.5816,12260567.7233,106569.48,0
106,11908019.4242,7.6719,11801449.9442,106569.48,0
107,11471644.9939,7.7623,11365075.5139,106569.48,0
108,11075022.0937,7.8527,10968452.6137,106569.48,0
109,10678399.1935,7.943,10571829.7135,106569.48,0
110,10281776.2933,8.0331,10175206.8133,106569.48,0
111,9885153.3931,8.1234,9778583.9131,106569.48,0
112,9488530.4929,8.2137,9381961.0129,106569.48,0
113,9091907.5927,8.3056,8985338.1127,106569.48,0
114,8695284.6925,8.3974,8588715.2125,106569.48,0
115,8298661.7923,8.4877,8192092.3123,106569.48,0
116,7902038.8921,8.5792,7795469.4121,106569.48,0
117,7505415.9919,8.6696,7398846.5119,106569.48,0
118,7108793.0917,8.7598,7002223.6117,106569.48,0
119,6712170.1915,8.8499,6605600.7115,106569.48,0
120,6315547.2913,8.942,6208977.8113,106569.48,0
121,5946176.3505,9.0328,5839606.8705,106569.48,0
122,5663212.6833,9.1231,5556643.2033,106569.48,0
123,5381189.0123,9.2131,5274619.5323,106569.48,0
124,5192579.9499,9.3033,5086010.4699,106569.48,0
125,4873095.0672,9.394,4818565.4173,54529.6499,0
126,4481304.4337,9.4846,4426774.7838,54529.6499,0
127,4089513.8002,9.5749,4034984.1503,54529.6499,0
128,3697723.1667,9.6651,3643193.5168,54529.6499,0
129,3550770.3359,9.7561,3496240.686,54529.6499,0
130,3437567.3298,9.8464,3383037.6799,54529.6499,0
131,3158979.7025,9.9369,3104450.0526,54529.6499,0
132,3045776.6963,10.0273,2991247.0464,54529.6499,0
133,2767189.069,10.1189,2712659.4191,54529.6499,0
134,2653986.0628,10.2098,2599456.4129,54529.6499,0
135,2375398.4355,10.3014,2320868.7856,54529.6499,0
136,2262195.4293,10.3919,2207665.7794,54529.6499,0
137,1983607.802,10.482,1929078.1521,54529.6499,0
138,1870404.7959,10.5722,1815875.146,54529.6499,0
139,1591817.1685,10.6626,1537287.5186,54529.6499,0
140,1478614.1624,10.7528,1424084.5125,54529.6499,0
141,1300867.5673,10.8431,1246337.9174,54529.6499,0
142,1187664.5611,10.9332,1133134.9112,54529.6499,0
143,1077668.3613,11.0253,1023138.7114,54529.6499,0
144,740011.4396,11.1156,685481.7897,54529.6499,0
145,450292.0609,11.2071,395762.411,54529.6499,0
146,349451.0287,11.2972,294921.3788,54529.6499,0
147,171704.4336,11.3873,117174.7837,54529.6499,0
148,70863.4014,11.478,16333.7515,54529.6499,0
149,17657.1835,11.5683,16333.7515,1323.432,0
150,4833.171,11.6587,0,4833.171,0
151,0,11.7491,0,0,0
