1,38891135135,0.074862,29209676735,0,9681458400
2,35026766815,0.12828,26356223900,0,8670542915
3,31533952443,0.18478,23257498615,0,8276453828
4,28058947848,0.23813,21227671420,0,6831276428
5,25666470348,0.29163,18962399670,0,6704070678
6,23304776464,0.34473,17444581550,2251484,5857943430
7,21368706128,0.39788,15405662650,2251484,5960791994
8,18678655135,0.45123,13295003610,33242132,5350409393
9,17289246607,0.50445,11916611525,50888337,5321746745
10,15973898472,0.55982,10701946990,50888337,5221063145
11,14673960547,0.61338,9402009065,50888337,5221063145
12,13419172820,0.66804,8166973455,50888337,5201311028
13,12331690558,0.72153,7103737255,50888337,5177064966
14,11291552043,0.77504,6449882050,50888337,4790781656
15,10553203157,0.8287,6361238985,83958047,4108006125
16,9905356317,0.8819,5701030470,96319722,4108006125
17,9537474177,0.93743,5743418580,96319722,3697735875
18,9041124339,0.9926,5460986680,96319722,3483817937
19,8717348456,1.0459,5381859845,96319722,3239168889
20,8294235308,1.0995,4888135835,96319722,3309779751
21,8010229669,1.1561,4581311405,119138513,3309779751
22,7758197071,1.211,4831654485,119138513,2807404073
23,7503427696,1.2642,4694601310,119138513,2689687873
24,7254109842,1.3175,4414295805,119138513,2720675524
25,1467379388.2188,1.3765,575740682.4521,1975061.1558,889663644.611
26,1378411995.3402,1.4298,612733663.9779,1975061.1558,763703270.2066
27,1318260279.0574,1.4832,708372713.8166,3764391.664,606123173.5767
28,1262416352.6997,1.5368,712231980.3652,3764391.664,546419980.6705
29,1242401814.0464,1.594,704050831.9348,4831336.9179,533519645.1937
30,1222596359.7044,1.6474,727997295.6596,4831336.9179,489767727.1269
31,1203948315.5727,1.7025,709349251.5278,4831336.9179,489767727.1269
32,1171438356.5034,1.7569,677037990.6525,4831336.9179,489569028.933
33,1151542099.3016,1.8106,653091526.9277,4831336.9179,493619235.456
34,1146170011.862,1.864,647719439.4881,4831336.9179,493619235.456
35,1086789424.0003,1.9178,588847829.268,4322359.2763,493619235.456
36,1086789424.0003,1.9713,588847829.268,4322359.2763,493619235.456
37,1086900079.5438,2.0256,588847829.268,4694827.3044,493357422.9714
38,1087289253.8102,2.0794,588847829.268,5084001.5708,493357422.9714
39,1087696883.6075,2.1334,588847829.268,5491631.3681,493357422.9714
40,5967425053,2.2671,4317616470,334374638,1315433945
41,5480078091,2.3966,3531787650,225425821,1722864620
42,5013738018,2.5315,3185594950,225425821,1602717247
43,4710683103,2.6606,2882540035,225425821,1602717247
44,4434399238,2.79,2622273600,225425821,1586699817
45,4233219455,2.9184,2439212885,225425821,1568580749
46,4038074912,3.0471,2195484460,225425821,1617164631
47,3763380037,3.1778,2029465945,225425821,1508488271
48,3603380037,3.3066,1989465945,225425821,1388488271
49,3445319190,3.4375,1885114215,225425821,1334779154
50,667585978.0931,3.5687,292282508.8223,21877995.3717,353425473.8991
51,626580280.8336,3.6982,292282508.8223,22292880.8013,312004891.21
52,570423510.2786,3.8289,257665155.9072,22219659.987,290538694.3845
53,536618922.057,3.9601,273132179.3792,22219659.987,241267082.6908
54,482099223.415,4.0906,187138574.8715,15091183.5919,279869464.9515
55,447697500.6559,4.226,186700853.0557,15065011.7561,245931635.8442
56,413295777.8969,4.3598,186263131.2398,15038839.9202,211993806.7369
57,393544363.4033,4.4896,188207132.6139,15038839.9202,190298390.8692
58,358820441.3686,4.6213,189788282.3001,15038839.9202,153993319.1483
59,311700869.3205,4.7525,193772801.6144,15038839.9202,102889227.7859
60,281798796.5575,4.8826,186064349.7259,15038839.9202,80695606.9114
61,252982291.1078,5.0117,190441567.8843,15038839.9202,47501883.3034
62,215375950.5584,5.144,186064349.7259,15038839.9202,14272760.9124
63,201375944.0921,5.2741,172064343.2595,15038839.9202,14272760.9124
64,190286138.7785,5.4031,160974537.9459,15038839.9202,14272760.9124
65,179201376.4961,5.532,154653318.4134,15038839.9202,9509218.1625
66,168364465.5088,5.664,143816407.4261,15038839.9202,9509218.1625
67,157707087.2185,5.7952,133159029.1358,15038839.9202,9509218.1625
68,148706035.6949,5.9243,124157977.6122,15038839.9202,9509218.1625
69,139951599.378,6.0543,115403541.2954,15038839.9202,9509218.1625
70,133000550.2296,6.1861,115403541.2954,13414892.0945,4182116.8397
71,126312849.7483,6.3147,108715840.814,13414892.0945,4182116.8397
72,118341130.0737,6.4446,100744121.1394,13414892.0945,4182116.8397
73,112139955.202,6.5752,94542946.2677,13414892.0945,4182116.8397
74,106763076.715,6.7043,89166067.7807,13414892.0945,4182116.8397
75,151636882.8857,6.8343,116059455.2698,25761971.152,9815456.4639
76,143532759.1891,6.9637,107314722.6361,25761971.152,10456065.4009
77,136141688.9972,7.0947,107985951.0628,17699672.5334,10456065.4009
78,120816181.9047,7.2271,101304534.9385,17699672.5334,1811974.4327
79,113777855.3883,7.3636,94266208.4221,17699672.5334,1811974.4327
80,106813709.2944,7.4924,87302062.3283,17699672.5334,1811974.4327
81,100132293.1701,7.6239,80620646.2039,17699672.5334,1811974.4327
82,93450877.0458,7.754,73939230.0796,17699672.5334,1811974.4327
83,86769460.9214,7.8833,67257813.9553,17699672.5334,1811974.4327
84,80088044.7971,8.0121,60576397.831,17699672.5334,1811974.4327
85,73550544.6043,8.1418,53894981.7066,17843588.465,1811974.4327
86,67589992.3119,8.2718,47934429.4142,17843588.465,1811974.4327
87,61971488.2261,8.4021,41795399.7936,18364113.9998,1811974.4327
88,56471367.947,8.5316,35680287.1371,18979106.3772,1811974.4327
89,51106939.1178,8.6612,30315858.3079,18979106.3772,1811974.4327
90,46220012.7251,8.7902,25428931.9152,18979106.3772,1811974.4327
91,42008523.216,8.9191,21217442.4061,18979106.3772,1811974.4327
92,38372589.5219,9.049,18970628.3195,18979106.3772,422854.8252
93,34835535.5193,9.1802,15433574.3169,18979106.3772,422854.8252
94,31879343.7903,9.309,12477382.5878,18979106.3772,422854.8252
95,27880957.2133,9.4401,8478996.0109,18979106.3772,422854.8252
96,25121872.271,9.5715,5719911.0686,18979106.3772,422854.8252
97,23568614.8965,9.7005,5719911.0686,17425849.0027,422854.8252
98,22210180.6633,9.8292,3712589.8374,18074736.0006,422854.8252
99,19360559.9772,9.9587,3712589.8374,15225115.3145,422854.8252
100,78815305.2119,10.0899,1236427.5164,77343107.1296,235770.5659
101,62842874.0661,10.2238,11269966.6918,51337136.8084,235770.5659
102,47684454.939,10.3592,11269966.6918,32702593.9272,3711894.32
103,40300602.9128,10.4905,17763063.7986,18825644.7942,3711894.32
104,35947591.7846,10.6203,18396562.3034,13839135.1611,3711894.32
105,32169081.7322,10.75,18094176.0052,13839135.1611,235770.5659
106,29724153.7524,10.8817,19498233.8018,9990149.3847,235770.5659
107,27875946.5503,11.0106,20907783.0427,6732392.9417,235770.5659
108,26341862.8908,11.1641,19373699.3832,6732392.9417,235770.5659
109,24932313.6499,11.2902,17964150.1423,6732392.9417,235770.5659
110,24298815.1451,11.4159,17330651.6375,6732392.9417,235770.5659
111,23914815.2126,11.5472,16946651.705,6732392.9417,235770.5659
112,23600255.8128,11.6735,16946651.705,6417833.5419,235770.5659
113,23285696.413,11.8021,16946651.705,6103274.1422,235770.5659
114,21751612.7536,11.9309,15412568.0455,6103274.1422,235770.5659
115,21513757.5368,12.0597,15489272.2285,5788714.7424,235770.5659
116,21277986.9709,12.191,15489272.2285,5788714.7424,0
117,21141489.7679,12.3204,15352775.0255,5788714.7424,0
118,21064785.5849,12.4494,15276070.8426,5788714.7424,0
119,20342598.252,12.5811,14553883.5097,5788714.7424,0
120,18808514.5926,12.7107,13019799.8502,5788714.7424,0
121,18493955.1928,12.8393,13019799.8502,5474155.3426,0
122,18179395.793,12.9736,13019799.8502,5159595.9428,0
123,17864836.3932,13.1021,13019799.8502,4845036.543,0
124,17550276.9934,13.2355,13019799.8502,4530477.1433,0
125,22868514.0276,13.3707,8708633.0732,1956918.6544,12202962.3
126,10665551.7276,13.521,8708633.0732,1956918.6544,0
127,6793929.5841,13.6512,3573544.8162,3220384.7679,0
128,4600579.7254,13.7822,1380194.9575,3220384.7679,0
129,3220384.7679,13.9124,0,3220384.7679,0
130,3117127.6593,14.0475,0,3117127.6593,0
131,3013870.5507,14.1794,0,3013870.5507,0
132,2910613.4421,14.3082,0,2910613.4421,0
133,2807356.3335,14.4371,0,2807356.3335,0
134,2704099.2249,14.567,0,2704099.2249,0
135,2600842.1163,14.6964,0,2600842.1163,0
136,2497585.0077,14.8253,0,2497585.0077,0
137,2394327.8991,14.9545,0,2394327.8991,0
138,2291070.7905,15.0841,0,2291070.7905,0
139,2187813.682,15.2149,0,2187813.682,0
140,2084556.5734,15.3436,0,2084556.5734,0
141,1981299.4648,15.4724,0,1981299.4648,0
142,1878042.3562,15.603,0,1878042.3562,0
143,1774785.2476,15.7322,0,1774785.2476,0
144,1671528.139,15.8728,0,1671528.139,0
145,1577512.7998,16.002,0,1577512.7998,0
146,1488360.0959,16.1316,0,1488360.0959,0
147,1431641.9988,16.2665,0,1431641.9988,0
148,1418843.9932,16.4007,90459.103,1328384.8902,0
149,1328384.8902,16.5297,0,1328384.8902,0
150,4749299.73,16.6602,3368.73,4745931,0
151,1132072.09,16.7897,80588.09,1051484,0
152,736072.09,16.9195,84588.09,651484,0
153,340072.09,17.0481,88588.09,251484,0
154,92588.09,17.1798,92588.09,0,0
155,77219.36,17.3085,77219.36,0,0
156,73219.36,17.4384,73219.36,0,0
157,69219.36,17.5671,69219.36,0,0
158,65219.36,17.6968,65219.36,0,0
159,61219.36,17.8252,61219.36,0,0
160,57219.36,17.9538,57219.36,0,0
161,53219.36,18.0837,53219.36,0,0
162,49219.36,18.2143,49219.36,0,0
163,45219.36,18.3428,45219.36,0,0
164,41219.36,18.4729,41219.36,0,0
165,37219.36,18.6033,37219.36,0,0
166,33219.36,18.7331,33219.36,0,0
167,29219.36,18.8617,29219.36,0,0
168,25219.36,18.992,25219.36,0,0
169,21219.36,19.1222,21219.36,0,0
170,17219.36,19.2559,17219.36,0,0
171,13219.36,19.3903,13219.36,0,0
172,9219.36,19.52,9219.36,0,0
173,5219.36,19.6493,5219.36,0,0
174,1219.36,19.7782,1219.36,0,0
175,0,19.9074,0,0,0
