1,35736458734,0.065988,30863853830,0,4872604904
2,31811301412,0.11197,26675411495,7191549,5128698368
3,29111492047,0.15792,24505995270,7191549,4598305228
4,26530359936,0.20378,21913213615,7191549,4609954772
5,23989691871,0.24967,19372545550,7191549,4609954772
6,21751441551,0.29547,17122545550,7191549,4621704452
7,19673299641,0.34148,15044403640,7191549,4621704452
8,17811973992,0.38734,14168232565,7191549,3636549878
9,15908690607,0.4332,12264949180,7191549,3636549878
10,14213552195,0.47908,10465278860,7191549,3741081786
11,13036174470,0.52485,9287901135,7191549,3741081786
12,11568756419,0.57075,8316678345,7191549,3244886525
13,10884350258,0.6165,8316678345,81167823,2486504090
14,9304390118,0.66234,7566678345,81167823,1656543950
15,8622390998,0.70824,6884679225,81167823,1656543950
16,7993849913,0.75402,6256138140,81167823,1656543950
17,7415560121,0.79993,5853217460,81167823,1481174838
18,6855017189,0.84567,5521213400,81167823,1252635966
19,6351149659,0.89143,5017345870,81167823,1252635966
20,6016677333,0.93721,4721550840,81167823,1213958670
21,5925631084,0.98341,4721550840,230819138,973261106
22,5920658984,1.0293,4748289170,230819138,941550676
23,5917224143,1.0751,4748289170,156842864,1012092109
24,5934000693,1.1209,4765065720,156842864,1012092109
25,931969659.8251,1.1669,765279698.8279,6100830.88,160589130.1171
26,929275310.18,1.213,762585349.1829,6100830.88,160589130.1171
27,933151897.0476,1.2595,766043981.8749,6518785.0556,160589130.1171
28,937047020.6296,1.3056,769939105.4569,6518785.0556,160589130.1171
29,943265934.8866,1.3519,775346244.2804,7330560.4891,160589130.1171
30,950253278.6392,1.3981,794634148.816,8147272.1904,147471857.6328
31,5352671461,1.5113,4179784410,308244300,864642751
32,4936619262,1.6218,4062127100,308244300,566247862
33,4606114672,1.7325,3731622510,308244300,566247862
34,4318317602,1.8451,3443825440,308244300,566247862
35,3982303243,1.9559,3123623980,292431401,566247862
36,3766949408,2.0676,2908270145,292431401,566247862
37,3563177743,2.1782,2704498480,292431401,566247862
38,3363658728,2.2888,2504979465,292431401,566247862
39,3164916878,2.3998,2306237615,292431401,566247862
40,2975481793,2.5107,2116802530,292431401,566247862
41,2788959145,2.6218,2102003770,292431401,394523974
42,2433732285,2.7325,1961925060,292431401,179375824
43,2247885616,2.8433,1939920530,292431401,15533685
44,2064382586,2.9539,1756417500,292431401,15533685
45,1883439206,3.0648,1575474120,292431401,15533685
46,1715378811,3.1754,1407413725,292431401,15533685
47,1548848175,3.2859,1287316285,261531890,0
48,1399196860,3.398,1287316285,111880575,0
49,1301610750,3.5098,1189730175,111880575,0
50,202142784.4606,3.6203,190486325.2576,9616748.373,2039710.83
51,179794070.5131,3.7306,168137611.3101,9616748.373,2039710.83
52,158154273.0436,3.841,146497813.8406,9616748.373,2039710.83
53,143492017.7521,3.9514,130833662.8655,10618644.0566,2039710.83
54,128867305.4101,4.0619,116208950.5235,10618644.0566,2039710.83
55,115128185.2116,4.1725,102469830.3251,10618644.0566,2039710.83
56,101955234.2442,4.283,89296879.3576,10618644.0566,2039710.83
57,91153895.1834,4.3935,78495540.2969,10618644.0566,2039710.83
58,82177389.1593,4.5039,65710889.1528,10618644.0566,5847855.95
59,73311734.9781,4.6147,56845234.9716,10618644.0566,5847855.95
60,64517011.0297,4.7253,50690440.3212,7978714.7585,5847855.95
61,57292583.1995,4.8374,43466012.491,7978714.7585,5847855.95
62,50489326.0618,4.9492,36662755.3533,7978714.7585,5847855.95
63,44130660.0232,5.0604,36662755.3533,1620048.7199,5847855.95
64,38949554.0413,5.1712,31481649.3714,1620048.7199,5847855.95
65,34116887.4061,5.2817,27336626.5652,932404.8909,5847855.95
66,29344046.7221,5.3925,22563785.8812,932404.8909,5847855.95
67,25048907.7675,5.5032,19016682.5565,932404.8909,5099820.32
68,21076653.0865,5.6138,15044427.8755,932404.8909,5099820.32
69,17427401.6303,5.7245,11395176.4194,932404.8909,5099820.32
70,13897241.949,5.835,7865016.738,932404.8909,5099820.32
71,10674042.183,5.9457,4641816.9721,932404.8909,5099820.32
72,8651706.183,6.0562,4641816.9721,932404.8909,3077484.32
73,6845547.8105,6.1669,2835658.5996,932404.8909,3077484.32
74,5310355.1941,6.2778,1300465.9832,932404.8909,3077484.32
75,5512765.6117,6.3885,3608129.7721,1904635.8396,0
76,3553625.8771,6.4988,1648990.0375,1904635.8396,0
77,2253059.0457,6.609,348423.2061,1904635.8396,0
78,990349.6382,6.7195,348423.2061,641926.4321,0
79,348423.2061,6.8298,348423.2061,0,0
80,181805.9633,6.94,181805.9633,0,0
81,82152.6065,7.0502,82152.6065,0,0
82,0,7.1605,0,0,0
