1,40929240016,0.06761,38452933550,0,2476306466
2,36076589578,0.099815,33204934435,0,2871655143
3,31561051220,0.13199,28519150610,0,3041900610
4,26793203925,0.16423,25958763215,0,834440710
5,22219244115,0.19593,21384803405,0,834440710
6,18650128546,0.22776,17426333900,0,1223794646
7,15133209792,0.25977,14323883060,0,809326732
8,12446318660,0.29177,11794110085,0,652208575
9,10159715035,0.31433,9507506460,0,652208575
10,8633618270,0.33354,7981409695,0,652208575
11,7552394940,0.35272,6900186365,0,652208575
12,6582398300,0.37187,6043380445,0,539017855
13,5955684335,0.39165,5416666480,0,539017855
14,5499425625,0.41086,5026250345,0,473175280
15,5113062463,0.43005,3954821365,0,1158241098
16,4398917036,0.44921,3197558785,0,1201358251
17,4070761596,0.46848,3135326585,0,935435011
18,3738684331,0.4877,2803249320,0,935435011
19,3448220591,0.50787,2512785580,0,935435011
20,3164980349,0.52711,2292114310,0,872866039
21,2904841849,0.54636,2031975810,0,872866039
22,2652575421,0.56559,1820132430,0,832442991
23,2638396519,0.58475,1831994215,10767177,795635127
24,2563013618,0.6039,1719803450,10767177,832442991
25,472941317.5266,0.6236,259415909.202,400405.15,213125003.1746
26,448121228.6853,0.64327,234072164.0107,924061.5,213125003.1746
27,432684454.9191,0.66274,218635390.2446,924061.5,213125003.1746
28,424828226.1042,0.68409,244009578.4121,1024562.73,179794084.9621
29,380746416.3343,0.70378,321284869.4418,1226798.54,58234748.3525
30,365391885.9839,0.72351,305343889.2914,1813248.34,58234748.3525
31,364533586.1135,0.74294,353547472.6297,2563248.34,8422865.1438
32,364533586.1135,0.76232,353547472.6297,2563248.34,8422865.1438
33,370968788.3138,0.78177,359850196.6999,2695726.47,8422865.1438
34,370968788.3138,0.80119,359850196.6999,2695726.47,8422865.1438
35,386687505.5211,0.82068,375140600.0672,3124040.31,8422865.1438
36,2638699854,0.86797,2320586195,292180450,25933209
37,2227636869,0.91471,1949523210,252180450,25933209
38,1959075509,0.96154,1720961850,212180450,25933209
39,1748102859,1.0078,1549989200,172180450,25933209
40,1568632204,1.0547,1410518545,132180450,25933209
41,1442828244,1.1017,1284714585,132180450,25933209
42,1334354039,1.1486,1176240380,132180450,25933209
43,1229840431,1.1948,1081776895,122130327,25933209
44,1149840431,1.2409,1001776895,122130327,25933209
45,1081066609,1.2905,895108915,122130327,63827367
46,1030508679,1.3365,844550985,122130327,63827367
47,982508679,1.3827,804550985,114130327,63827367
48,934508679,1.4291,764550985,106130327,63827367
49,888772699,1.4809,718815005,106130327,63827367
50,122945572.6912,1.5316,109184134.9617,9177664.1924,4583773.5371
51,112948612.8224,1.578,99187175.0929,9177664.1924,4583773.5371
52,105523134.2231,1.6255,92716994.3071,8222366.379,4583773.5371
53,98097655.6239,1.6721,86246813.5213,7267068.5655,4583773.5371
54,90913914.0856,1.7184,79776632.7355,6311770.7521,4825510.598
55,84443733.2998,1.7649,73306451.9497,6311770.7521,4825510.598
56,77973552.514,1.8112,66836271.164,6311770.7521,4825510.598
57,71503371.7282,1.8575,60366090.3782,6311770.7521,4825510.598
58,65125297.201,1.9058,53988015.851,6311770.7521,4825510.598
59,61419786.7691,1.954,51237803.2325,5356472.9387,4825510.598
60,57924692.9701,2.0003,47742709.4335,5356472.9387,4825510.598
61,55029110.8554,2.0467,47742709.4335,5356472.9387,1929928.4833
62,47932277.0341,2.0947,41272528.6477,4729819.9031,1929928.4833
63,46103763.5054,2.1415,39444015.119,4729819.9031,1929928.4833
64,44565449.0608,2.1876,39444015.119,4729819.9031,391614.0386
65,43415647.9148,2.234,38685828.0117,4729819.9031,0
66,36381783.3542,2.2802,32215647.2259,3774522.0897,391614.0386
67,35426485.5408,2.3268,32215647.2259,2819224.2762,391614.0386
68,34533020.7024,2.3733,31322182.3875,2819224.2762,391614.0386
69,34141406.6638,2.4192,31322182.3875,2819224.2762,0
70,27374168.4694,2.4656,24852001.6017,2130552.829,391614.0386
71,26982554.4308,2.512,24852001.6017,2130552.829,0
72,24311395.9751,2.5586,21789229.1074,2130552.829,391614.0386
73,20588144.7323,2.6046,18381820.816,1814709.8777,391614.0386
74,20196530.6936,2.6508,18381820.816,1814709.8777,0
75,17976302.8321,2.6972,13404693.442,1365490.9801,3206118.41
76,14770184.4221,2.7484,13404693.442,1365490.9801,0
77,14274998.0247,2.796,9703388.6347,1365490.9801,3206118.41
78,11068879.6147,2.8427,9703388.6347,1365490.9801,0
79,10704820.6366,2.8885,9339329.6565,1365490.9801,0
80,10340761.6584,2.9348,8975270.6784,1365490.9801,0
81,9976702.6803,2.9811,8611211.7002,1365490.9801,0
82,9612643.7022,3.0274,8247152.7221,1365490.9801,0
83,9248584.724,3.0769,7883093.744,1365490.9801,0
84,8884525.7459,3.1417,7519034.7658,1365490.9801,0
85,8520466.7677,3.2183,7154975.7877,1365490.9801,0
86,8156407.7896,3.2953,6790916.8095,1365490.9801,0
87,7792348.8114,3.3721,6426857.8314,1365490.9801,0
88,7428289.8333,3.4485,6062798.8532,1365490.9801,0
89,7064230.8552,3.5249,5698739.8751,1365490.9801,0
90,6700171.877,3.6012,5334680.8969,1365490.9801,0
91,6357436.7434,3.6777,4991945.7633,1365490.9801,0
92,6103029.6578,3.7271,4991945.7633,1111083.8945,0
93,5927448.5634,3.7733,4816364.6689,1111083.8945,0
94,5738970.6796,3.8196,4627886.7852,1111083.8945,0
95,5563389.5852,3.8657,4452305.6907,1111083.8945,0
96,5374911.7015,3.9118,4263827.807,1111083.8945,0
97,5199330.6071,3.9581,4088246.7126,1111083.8945,0
98,5010852.7234,4.0038,3899768.8289,1111083.8945,0
99,4835271.6289,4.0499,3724187.7344,1111083.8945,0
100,5901146.3742,4.098,3151595.7065,2749550.6677,0
101,5808543.6983,4.1443,3058993.0306,2749550.6677,0
102,5757163.5777,4.1904,3007612.91,2749550.6677,0
103,5739118.2638,4.2362,2989567.5961,2749550.6677,0
104,5449078.4879,4.2852,2699527.8202,2749550.6677,0
105,5449078.4879,4.3324,2699527.8202,2749550.6677,0
106,5449078.4879,4.3788,2699527.8202,2749550.6677,0
107,5449078.4879,4.4254,2699527.8202,2749550.6677,0
108,5449078.4879,4.4733,2699527.8202,2749550.6677,0
109,2471481.4465,4.4933,2351825.0965,119656.35,0
110,2471481.4465,4.5123,2351825.0965,119656.35,0
111,31450853.8884,4.5314,31092319.7284,358534.16,0
112,77536537.0591,4.5506,76791151.1491,745385.91,0
113,40281136.1299,4.5698,39535750.2199,745385.91,0
114,89961451.0833,4.5892,89216065.1733,745385.91,0
115,130237781.1027,4.6086,129492395.1927,745385.91,0
116,141620934.5872,4.6279,140875548.6772,745385.91,0
117,198539369.6537,4.6476,197402056.1237,1137313.53,0
118,178831142.7489,4.6932,161703122.9944,17128019.7544,0
119,140352436.4939,4.7385,128713524.8561,11638911.6378,0
120,131511564.3712,4.7838,119872652.7334,11638911.6378,0
121,128822399.076,4.829,119021785.6431,9800613.4329,0
122,128514313.9862,4.8745,118713700.5534,9800613.4329,0
123,98915707.533,4.9197,89115094.1001,9800613.4329,0
124,79642217.7946,4.9647,69841604.3618,9800613.4329,0
125,49690480.1801,5.0099,44441956.0558,5248524.1243,0
126,19840865.8979,5.0548,14592341.7736,5248524.1243,0
127,12825330.0381,5.0999,7576805.9138,5248524.1243,0
128,12776106.8311,5.145,7576805.9138,5199300.9173,0
129,12776106.8311,5.1902,7576805.9138,5199300.9173,0
130,12776106.8311,5.2358,7576805.9138,5199300.9173,0
131,12776106.8311,5.2813,7576805.9138,5199300.9173,0
132,12726883.6241,5.3265,7576805.9138,5150077.7103,0
133,12726883.6241,5.3722,7576805.9138,5150077.7103,0
134,5150077.7103,5.4171,0,5150077.7103,0
135,5150077.7103,5.4627,0,5150077.7103,0
136,5150077.7103,5.5083,0,5150077.7103,0
137,5150077.7103,5.5535,0,5150077.7103,0
138,5150077.7103,5.5991,0,5150077.7103,0
139,418508.1,5.6189,0,418508.1,0
140,418508.1,5.638,0,418508.1,0
141,29397880.5419,5.6569,28740494.6319,657385.91,0
142,62954764.5171,5.6759,61683064.7671,1271699.75,0
143,108309495.196,5.695,84523047.107,1271699.75,22514748.3389
144,86305228.7983,5.7406,72902318.8493,12709702.039,693207.91
145,55762406.6061,5.7858,43052704.5672,12709702.039,0
146,5150077.7103,5.8328,0,5150077.7103,0
147,5100854.5033,5.8792,0,5100854.5033,0
148,5051631.2963,5.9242,0,5051631.2963,0
149,5051631.2963,5.9692,0,5051631.2963,0
150,41050810,6.0145,0,41050810,0
151,41050810,6.0613,0,41050810,0
152,41050810,6.107,0,41050810,0
153,410508.1,6.1267,0,410508.1,0
154,410508.1,6.1457,0,410508.1,0
155,29389880.5419,6.1646,28740494.6319,649385.91,0
156,74551905.3103,6.1836,73902519.4003,649385.91,0
157,108108789.2855,6.2026,106845089.5355,1263699.75,0
158,127289234.32,6.2488,919259.32,126369975,0
159,127285234.32,6.2943,915259.32,126369975,0
160,102973135.31,6.3395,490941.31,102482194,0
161,102969135.31,6.385,486941.31,102482194,0
162,41050810,6.4301,0,41050810,0
163,30851080.86,6.4751,965905.86,29885175,0
164,1335807.39,6.5205,1335807.39,0,0
165,1255807.39,6.5657,1255807.39,0,0
166,1255807.39,6.611,1255807.39,0,0
167,1251503.6,6.6562,1251503.6,0,0
168,1175807.39,6.7014,1175807.39,0,0
169,805905.86,6.7462,805905.86,0,0
170,725905.86,6.7911,725905.86,0,0
171,725905.86,6.8365,725905.86,0,0
172,725905.86,6.882,725905.86,0,0
173,725905.86,6.9275,725905.86,0,0
174,485905.86,6.9737,485905.86,0,0
175,191656.35,7.0189,0,191656.35,0
176,111656.35,7.0637,0,111656.35,0
177,31656.35,7.1087,0,31656.35,0
178,31656.35,7.1537,0,31656.35,0
179,31656.35,7.2005,0,31656.35,0
180,31656.35,7.246,0,31656.35,0
181,31656.35,7.2951,0,31656.35,0
182,31656.35,7.3158,0,31656.35,0
183,31656.35,7.3348,0,31656.35,0
184,26733033.2065,7.3537,26701376.8565,31656.35,0
185,64848773.726,7.3727,64206803.536,641970.19,0
186,104295875.8872,7.3917,103415027.8872,880848,0
187,96329016.19,7.4371,95687046,641970.19,0
188,56536101.19,7.4823,55894131,641970.19,0
189,31656.35,7.5273,0,31656.35,0
190,31656.35,7.5723,0,31656.35,0
191,31656.35,7.6174,0,31656.35,0
192,31656.35,7.6631,0,31656.35,0
193,31656.35,7.7088,0,31656.35,0
194,31656.35,7.7286,0,31656.35,0
195,45842532.8684,7.7477,45162024.7684,680508.1,0
196,45292569.9456,7.7666,37982687.3829,680508.1,6629374.4627
197,101830787.9065,7.7858,93953233.5737,1248179.87,6629374.4627
198,141277890.0676,7.8049,133161457.9249,1487057.68,6629374.4627
199,187280680.203,7.824,179164248.0603,1487057.68,6629374.4627
200,311727495.7761,7.8434,308907606.4797,2097371.52,722517.7764
201,300698322.52,7.8894,298600951,2097371.52,0
202,267993605.52,7.9348,266296234,1697371.52,0
203,184013336.75,7.9798,182883637,1129699.75,0
204,176297639.7,8.0251,174883637,1129699.75,284302.95
205,117626960.89,8.0703,116451836,890821.94,284302.95
206,49069255.89,8.1166,47894131,890821.94,284302.95
207,775124.89,8.1617,0,490821.94,284302.95
208,715124.89,8.2067,0,490821.94,224302.95
209,715124.89,8.2518,0,490821.94,224302.95
210,715124.89,8.2986,0,490821.94,224302.95
211,715124.89,8.3441,0,490821.94,224302.95
212,715124.89,8.3896,0,490821.94,224302.95
213,1284811.0728,8.4094,0,490821.94,793989.1328
214,65672653.9573,8.4286,64387842.8845,490821.94,793989.1328
215,1130811.0728,8.4476,0,336821.94,793989.1328
216,57269153.1395,8.4666,55899464.2567,575699.75,793989.1328
217,100732072.7206,8.4857,71570553.4035,575699.75,28585819.5671
218,141951835.9358,8.5048,113000630.4587,365385.91,28585819.5671
219,213495023.694,8.524,211692915.2712,1008119.29,793989.1328
220,126560659.66,8.5696,118119743,365385.91,8075530.75
221,125838434.53,8.6153,117216943,365385.91,8256105.62
222,119734475.66,8.6607,111293559,365385.91,8075530.75
223,61063796.85,8.7056,52861758,126508.1,8075530.75
224,44831554.05,8.7506,44480743,126508.1,224302.95
225,1725755.6714,8.7958,1164630.7814,336821.94,224302.95
226,561124.89,8.841,0,336821.94,224302.95
227,336821.94,8.886,0,336821.94,0
228,332821.94,8.9311,0,332821.94,0
229,332821.94,8.9761,0,332821.94,0
230,332821.94,9.0211,0,332821.94,0
231,332821.94,9.0663,0,332821.94,0
232,332821.94,9.1117,0,332821.94,0
233,3263318.667,9.1312,2930496.727,332821.94,0
234,59401660.7337,9.1503,58829960.9837,571699.75,0
235,66057830.4101,9.1693,65486130.6601,571699.75,0
236,99624300.2747,9.1883,99262914.3647,361385.91,0
237,168111855.5146,9.2074,167750469.6046,361385.91,0
238,103309142.7863,9.2528,102947756.8763,361385.91,0
239,45095698.2145,9.2978,44973190.1145,122508.1,0
240,38192437.8986,9.343,38069929.7986,122508.1,0
241,3161790.8624,9.3879,3039282.7624,122508.1,0
242,122508.1,9.433,0,122508.1,0
243,122508.1,9.4784,0,122508.1,0
244,118508.1,9.5233,0,118508.1,0
245,118508.1,9.5682,0,118508.1,0
246,118508.1,9.6132,0,118508.1,0
247,118508.1,9.6582,0,118508.1,0
248,118508.1,9.7036,0,118508.1,0
249,118508.1,9.7238,0,118508.1,0
250,12562711.53,9.7429,711901.53,11850810,0
251,12636288.58,9.7618,785478.58,11850810,0
252,13468098.15,9.7809,1617288.15,11850810,0
253,14619697.83,9.7999,2768887.83,11850810,0
254,160581780.1893,9.8452,160463272.0893,118508.1,0
255,78051721.8584,9.8902,77933213.7584,118508.1,0
256,7418638.379,9.9353,7300130.279,118508.1,0
257,118508.1,9.9803,0,118508.1,0
258,118508.1,10.0256,0,118508.1,0
259,118508.1,10.071,0,118508.1,0
260,114508.1,10.1161,0,114508.1,0
261,114508.1,10.1617,0,114508.1,0
262,114508.1,10.2067,0,114508.1,0
263,114508.1,10.2517,0,114508.1,0
264,114508.1,10.298,0,114508.1,0
265,11450810,10.3176,0,11450810,0
266,12282619.57,10.3365,831809.57,11450810,0
267,12990521.1,10.3555,1539711.1,11450810,0
268,13068098.15,10.3743,1617288.15,11450810,0
269,14219697.83,10.3934,2768887.83,11450810,0
270,160577780.1893,10.4388,160463272.0893,114508.1,0
271,78047721.8584,10.4839,77933213.7584,114508.1,0
272,7811508.3421,10.529,7697000.2421,114508.1,0
273,114508.1,10.574,0,114508.1,0
274,114508.1,10.6192,0,114508.1,0
275,8437706.32,10.6643,152531.32,8285175,0
276,452753.49,10.7092,167578.49,285175,0
277,375337.37,10.7543,90162.37,285175,0
278,300222.17,10.7995,15047.17,285175,0
279,19047.17,10.8447,19047.17,0,0
280,0,10.8898,0,0,0
