1,12345105599,0.04444,9995607225,0,2349498374
2,8664028015,0.065326,7459530120,14528058,1189969837
3,7291860320,0.086058,6087362425,14528058,1189969837
4,6004357540,0.10678,4799859645,14528058,1189969837
5,4926474993,0.12746,4256985710,14528058,654961225
6,3852532813,0.14818,3183043530,14528058,654961225
7,3056864578,0.16887,2387375295,14528058,654961225
8,2828371028,0.19006,2149418370,23991433,654961225
9,2656623828,0.21178,1977671170,23991433,654961225
10,2503699998,0.23368,1824747340,23991433,654961225
11,2478911535,0.25477,1838997190,81018232,558896113
12,2464757485,0.27613,1824843140,81018232,558896113
13,2540375976,0.29847,1492592190,110547785,937236001
14,2219305399,0.31984,1698194235,110547785,410563379
15,2265866874,0.34093,1731349920,123953575,410563379
16,2283676066,0.36249,1733602650,139510037,410563379
17,2232746410,0.38362,1534340260,139510037,558896113
18,2118833478,0.40473,1328738215,139510037,650585226
19,2264349027,0.42655,1434291565,179472236,650585226
20,2422186607,0.44775,1592129145,179472236,650585226
21,2593933807,0.469,1763876345,179472236,650585226
22,2809027795,0.49026,1939932020,122445437,746650338
23,2593933807,0.54414,1763876345,179472236,650585226
24,2369984795,0.59514,1723876345,179472236,466636214
25,327155903.3277,0.64624,221687024.2706,13590924.1117,91877954.9454
26,299428241.4861,0.69773,193959362.429,13590924.1117,91877954.9454
27,272624950.6197,0.74873,167156071.5626,13590924.1117,91877954.9454
28,247097448.9982,0.79972,144654794.0861,10564699.9667,91877954.9454
29,226620454.2266,0.85068,144654794.0861,10564699.9667,71400960.1738
30,214603847.1884,0.90176,133244004.3895,9958882.6252,71400960.1738
31,204059357.642,0.95312,127424975.175,9958882.6252,66675499.8419
32,193869742.3197,1.0042,121960820.1845,9958882.6252,61950039.51
33,183544925.9056,1.0551,121605945.9605,9958882.6252,51980097.3199
34,166300677.8041,1.106,120511380.7462,10564699.9667,35224597.0911
35,156141095.8689,1.157,113259492.6898,10564699.9667,32316903.2124
36,146188966.9548,1.2098,102542193.0736,11329870.6688,32316903.2124
37,138069604.9361,1.2624,94422831.0549,11329870.6688,32316903.2124
38,130245109.6893,1.3134,116331773.5454,11329870.6688,2583465.4752
39,115201190.3874,1.3643,103871319.7187,11329870.6688,0
40,108776343.8314,1.4153,98052290.5042,10724053.3272,0
41,102385085.1519,1.4667,92233261.2897,10151823.8622,0
42,96565834.8143,1.5176,86414010.9521,10151823.8622,0
43,90746805.5998,1.5684,80594981.7376,10151823.8622,0
44,84927776.3853,1.6192,74775952.5231,10151823.8622,0
45,79108747.1708,1.67,68956923.3086,10151823.8622,0
46,73644462.0248,1.7213,63137894.0941,10506567.9307,0
47,68291549.4159,1.7743,57784981.4852,10506567.9307,0
48,63134818.1031,1.8253,52628250.1724,10506567.9307,0
49,60550408.2938,1.8764,50043840.3631,10506567.9307,0
50,76901393.5099,1.9278,51656557.5004,25113625.1495,131210.86
51,73226064.7657,1.9787,47981228.7562,25113625.1495,131210.86
52,70390127.1681,2.0298,47604146.2095,18172916.9186,4613064.04
53,68481663.8432,2.0814,45695682.8846,18172916.9186,4613064.04
54,63601471.0278,2.1325,40815490.0692,18172916.9186,4613064.04
55,56989612.674,2.1847,34203631.7154,18172916.9186,4613064.04
56,52681738.2501,2.2366,27591773.3615,18172916.9186,6917047.97
57,49349879.8963,2.2877,20979915.0077,18172916.9186,10197047.97
58,45874257.3984,2.3388,22223612.1759,16784775.2724,6865869.95
59,41823163.5202,2.3922,18172518.2977,16784775.2724,6865869.95
60,38755021.874,2.4436,18172518.2977,15396633.6263,5185869.95
61,36123183.0596,2.4955,16928821.1295,14008491.9801,5185869.95
62,33797041.1347,2.5516,16928821.1295,11682350.0552,5185869.95
63,31938873.328,2.6037,16928821.1295,11504182.2484,3505869.95
64,30258385.8095,2.6545,15197155.5911,11504182.2484,3557047.97
65,28616322.6906,2.7066,15197155.5911,9862119.1296,3557047.97
66,27210103.5647,2.758,13790936.4651,9862119.1296,3557047.97
67,25821961.9185,2.8089,13790936.4651,8473977.4834,3557047.97
68,24467668.1956,2.8598,12436642.7422,8473977.4834,3557047.97
69,23334934.5483,2.911,12436642.7422,7341243.8361,3557047.97
70,21727030.6921,2.9622,12436642.7422,5953102.1899,3337285.76
71,19642808.9721,3.0132,12436642.7422,5953102.1899,1253064.04
72,18520955.7921,3.0644,12436642.7422,5953102.1899,131210.86
73,17822772.2929,3.1153,11869670.103,5953102.1899,0
74,15719045.439,3.1664,8246590.7429,7341243.8361,131210.86
75,24906619.2079,3.2197,5016209.4824,19759198.8655,131210.86
76,24696769.5507,3.2709,4806359.8252,19759198.8655,131210.86
77,24486919.8935,3.3219,4596510.168,19759198.8655,131210.86
78,23504147.4004,3.3729,4596510.168,18776426.3724,131210.86
79,23294297.7432,3.4238,4386660.5108,18776426.3724,131210.86
80,23093840.9566,3.4755,4186203.7242,18776426.3724,131210.86
81,22231292.4579,3.5266,4975662.3317,15040197.5462,2215432.58
82,20147070.7379,3.5774,4975662.3317,15040197.5462,131210.86
83,19357612.1304,3.6284,4186203.7242,15040197.5462,131210.86
84,19226401.2704,3.68,4186203.7242,15040197.5462,0
85,17999835.3192,3.7311,6695866.5991,11303968.7201,0
86,17990442.4485,3.782,6686473.7285,11303968.7201,0
87,17944337.9542,3.8331,6640369.2342,11303968.7201,0
88,17944337.9542,3.8842,6640369.2342,11303968.7201,0
89,17944337.9542,3.9357,6640369.2342,11303968.7201,0
90,17886352.8216,3.9867,6582384.1015,11303968.7201,0
91,17685896.035,4.0376,6381927.3149,11303968.7201,0
92,17499084.5937,4.0885,6381927.3149,11117157.2788,0
93,17499084.5937,4.1396,6381927.3149,11117157.2788,0
94,17499084.5937,4.1913,6381927.3149,11117157.2788,0
95,17499084.5937,4.2441,6381927.3149,11117157.2788,0
96,17476046.3778,4.295,6172077.6577,11303968.7201,0
97,17466653.5071,4.346,6162684.7871,11303968.7201,0
98,17466653.5071,4.3974,6162684.7871,11303968.7201,0
99,17466653.5071,4.4487,6162684.7871,11303968.7201,0
100,19706677.5446,4.4999,4042459.8821,15664217.6625,0
101,19619944.8072,4.5509,4214596.8524,15405347.9548,0
102,19485131.5068,4.603,4079783.552,15405347.9548,0
103,19226261.7991,4.6541,4079783.552,15146478.2471,0
104,19187265.0296,4.7054,4040786.7824,15146478.2471,0
105,19156258.3515,4.7566,4009780.1044,15146478.2471,0
106,19156258.3515,4.8101,4009780.1044,15146478.2471,0
107,17843444.5622,4.861,6832385.9502,11011058.6119,0
108,17843444.5622,4.9123,6832385.9502,11011058.6119,0
109,17843444.5622,4.9644,6832385.9502,11011058.6119,0
110,17843444.5622,5.0155,6832385.9502,11011058.6119,0
111,17741311.0394,5.0669,6730252.4275,11011058.6119,0
112,17654578.3021,5.1186,6902389.3978,10752188.9042,0
113,17654578.3021,5.1701,6902389.3978,10752188.9042,0
114,17395708.5943,5.223,6902389.3978,10493319.1965,0
115,17356711.8248,5.2745,6863392.6283,10493319.1965,0
116,17325705.1468,5.3256,6832385.9502,10493319.1965,0
117,17325705.1468,5.3785,6832385.9502,10493319.1965,0
118,17184574.8545,5.4296,6691255.658,10493319.1965,0
119,17184574.8545,5.4811,6691255.658,10493319.1965,0
120,17184574.8545,5.5324,6691255.658,10493319.1965,0
121,17184574.8545,5.5907,6691255.658,10493319.1965,0
122,17082441.3317,5.6453,6589122.1352,10493319.1965,0
123,16995708.5943,5.6968,6761259.1055,10234449.4888,0
124,16995708.5943,5.749,6761259.1055,10234449.4888,0
125,16905533.3358,5.8001,7623521.5597,9282011.7761,0
126,16861563.3136,5.8512,7579551.5375,9282011.7761,0
127,16826602.3581,5.9022,7544590.582,9282011.7761,0
128,16826602.3581,5.9538,7544590.582,9282011.7761,0
129,16667473.7388,6.0047,7385461.9627,9282011.7761,0
130,16667473.7388,6.056,7385461.9627,9282011.7761,0
131,16667473.7388,6.1074,7385461.9627,9282011.7761,0
132,16667473.7388,6.1587,7385461.9627,9282011.7761,0
133,16552315.1418,6.2127,7270303.3657,9282011.7761,0
134,16505533.3358,6.2664,7464392.9405,9041140.3953,0
135,16505533.3358,6.318,7464392.9405,9041140.3953,0
136,16264661.9551,6.3688,7464392.9405,8800269.0146,0
137,16220691.9328,6.4216,7420422.9182,8800269.0146,0
138,16185730.9774,6.4727,7385461.9627,8800269.0146,0
139,16185730.9774,6.5246,7385461.9627,8800269.0146,0
140,16026602.3581,6.5761,7226333.3435,8800269.0146,0
141,16026602.3581,6.6292,7226333.3435,8800269.0146,0
142,16026602.3581,6.6818,7226333.3435,8800269.0146,0
143,16026602.3581,6.733,7226333.3435,8800269.0146,0
144,15911443.7611,6.784,7111174.7464,8800269.0146,0
145,15670572.3803,6.8397,7111174.7464,8559397.6339,0
146,15511443.7611,6.8921,6952046.1272,8559397.6339,0
147,15464661.9551,6.9421,7146135.7019,8318526.2532,0
148,15420691.9328,6.9923,7102165.6797,8318526.2532,0
149,15305533.3358,7.0422,6987007.0826,8318526.2532,0
150,15485415.3075,7.0922,7977504.4978,7507910.8097,0
151,15485415.3075,7.1421,7977504.4978,7507910.8097,0
152,15485415.3075,7.2008,7977504.4978,7507910.8097,0
153,15485415.3075,7.2523,7977504.4978,7507910.8097,0
154,145653870,7.2742,87376440,58277430,0
155,302961919,7.2954,184657690,118304229,0
156,467963439,7.3164,349659210,118304229,0
157,661225829,7.3373,542921600,118304229,0
158,869179749,7.3581,750875520,118304229,0
159,91347087.3233,7.4081,59673422.5913,31673664.7319,0
160,57296104.0139,7.4582,25622439.282,31673664.7319,0
161,33130350.0917,7.5081,25622439.282,7507910.8097,0
162,15485415.3075,7.5581,7977504.4978,7507910.8097,0
163,15485415.3075,7.6081,7977504.4978,7507910.8097,0
164,15434959.5073,7.658,7927048.6976,7507910.8097,0
165,15302814.4943,7.708,7794903.6846,7507910.8097,0
166,15252358.6941,7.7578,7744447.8844,7507910.8097,0
167,15120213.6811,7.8076,7612302.8714,7507910.8097,0
168,15069757.881,7.8576,7561847.0713,7507910.8097,0
169,14937612.868,7.9079,7429702.0583,7507910.8097,0
170,14887157.0678,7.9583,7379246.2581,7507910.8097,0
171,14755012.0548,8.0085,7247101.2451,7507910.8097,0
172,14704556.2546,8.0584,7196645.4449,7507910.8097,0
173,14572411.2416,8.1083,7064500.4319,7507910.8097,0
174,14521955.4415,8.1586,7014044.6318,7507910.8097,0
175,14423225.3413,8.209,7281301.9772,7141923.3641,0
176,14369841.2558,8.2598,7227917.8917,7141923.3641,0
177,14230026.9898,8.3098,7088103.6256,7141923.3641,0
178,14176642.9043,8.3599,7034719.5401,7141923.3641,0
179,14036828.6382,8.41,6894905.2741,7141923.3641,0
180,13983444.5527,8.46,6841521.1886,7141923.3641,0
181,13843630.2867,8.51,6701706.9225,7141923.3641,0
182,13790246.2011,8.56,6648322.837,7141923.3641,0
183,13650431.9351,8.6105,6508508.571,7141923.3641,0
184,13597047.8496,8.6609,6455124.4855,7141923.3641,0
185,13457233.5835,8.7109,6315310.2194,7141923.3641,0
186,13403849.498,8.7613,6261926.1339,7141923.3641,0
187,13264035.232,8.8112,6122111.8678,7141923.3641,0
188,13210651.1465,8.8617,6068727.7823,7141923.3641,0
189,13070836.8804,8.9116,5928913.5163,7141923.3641,0
190,13017452.7949,8.9619,5875529.4308,7141923.3641,0
191,12877638.5289,9.0125,5735715.1647,7141923.3641,0
192,12824254.4434,9.0625,5682331.0792,7141923.3641,0
193,12684440.1773,9.1126,5542516.8132,7141923.3641,0
194,12684440.1773,9.1625,5542516.8132,7141923.3641,0
195,12684440.1773,9.2125,5542516.8132,7141923.3641,0
196,12684440.1773,9.2627,5542516.8132,7141923.3641,0
197,12684440.1773,9.3129,5542516.8132,7141923.3641,0
198,115653870,9.3345,57376440,58277430,0
199,272961919,9.3554,154657690,118304229,0
200,90699808.4768,9.3764,39425657.6702,51274150.8067,0
201,114443540.4646,9.3975,63169389.6579,51274150.8067,0
202,127457485.0709,9.4184,76183334.2643,51274150.8067,0
203,152852012.1624,9.4395,99427197.8225,53424814.3399,0
204,157277112.3091,9.4606,103852297.9692,53424814.3399,0
205,111827782.3286,9.5109,79132633.0016,32695149.327,0
206,85700007.7216,9.5616,53004858.3946,32695149.327,0
207,62712259.6085,9.6122,53004858.3946,9707401.2139,0
208,41990661.5434,9.6622,38037285.0966,3953376.4468,0
209,36168311.4079,9.7124,32214934.9611,3953376.4468,0
210,30693227.261,9.7624,29305328.6639,1387898.5971,0
211,25256638.689,9.8124,23868740.0919,1387898.5971,0
212,21901360.9855,9.8624,20513462.3884,1387898.5971,0
213,18891059.7076,9.9125,17503161.1104,1387898.5971,0
214,17235291.8752,9.9627,15847393.2781,1387898.5971,0
215,15027092.6764,10.0127,13639194.0793,1387898.5971,0
216,11093657.3139,10.063,9705758.7168,1387898.5971,0
217,8188180.6315,10.1138,6800282.0344,1387898.5971,0
218,6532412.7992,10.1642,5144514.2021,1387898.5971,0
219,4324213.6004,10.2143,2936315.0033,1387898.5971,0
220,3365723.2516,10.2642,1977824.6545,1387898.5971,0
221,2438207.4285,10.3141,1050308.8314,1387898.5971,0
222,1479717.0797,10.3641,91818.4826,1387898.5971,0
223,1479717.0797,10.4141,91818.4826,1387898.5971,0
224,1479717.0797,10.4643,91818.4826,1387898.5971,0
225,985250.7113,10.515,985250.7113,0,0
226,508207.108,10.5652,508207.108,0,0
227,476528.2046,10.6151,476528.2046,0,0
228,11796.0909,10.6649,11796.0909,0,0
229,0,10.7149,0,0,0
