1,79212597379,0.13627,70018265920,0,9194331459
2,71637859189,0.23045,62443527730,0,9194331459
3,64234177102,0.32468,55068607610,6071589,9159497903
4,57205644836,0.41897,46744019070,6071589,10455554177
5,51414771991,0.51312,40804673285,6071589,10604027117
6,46251289267,0.60868,35796353250,6071589,10448864428
7,42232280170,0.70439,31304559665,6071589,10921648916
8,38790348031,0.79864,27801406960,6071589,10982869482
9,35783296434,0.89272,26279683020,6071589,9497541825
10,33483644184,0.98679,23980030770,6071589,9497541825
11,31360618991,1.0875,22280392960,6071589,9074154442
12,29385522200,1.184,21406380250,6071589,7973070361
13,27633998084,1.2782,20005199490,6071589,7622727005
14,26091239876,1.3777,19245242800,6071589,6839925487
15,24258352113,1.4726,17389234415,6071589,6863046109
16,22999149743,1.5677,16130032045,6071589,6863046109
17,21643296053,1.6631,14774178355,6071589,6863046109
18,20206888033,1.7581,13402877850,6071589,6797938594
19,19063224053,1.8522,12259213870,6071589,6797938594
20,18084285418,1.9472,11252566875,6071589,6825646954
21,17269103003,2.0417,9970330165,6071589,7292701249
22,16463515644,2.1362,9151352545,19461850,7292701249
23,15707605479,2.2302,8623850545,19461850,7064293084
24,14965587359,2.3244,7967338920,19461850,6978786589
25,3875080629.7647,2.4188,941450357.7337,751455.14,2932878816.891
26,3611762081.7231,2.5131,987558031.6114,875502.66,2623328547.4517
27,3398750025.9494,2.6086,990860668.2346,1499848.67,2406389509.0448
28,3138581981.499,2.703,1050477910.5578,1499848.67,2086604222.2712
29,2930498380.9548,2.7974,1157911018.9367,2012257.57,1770575104.4481
30,2608822720.015,2.8919,1221400539.9919,3137938.03,1384284241.9931
31,2470508722.372,2.9863,1300884358.9058,3137938.03,1166486425.4362
32,2359306339.604,3.0807,1351735029.4884,3137938.03,1004433372.0855
33,2249558652.2661,3.1753,1371896984.4415,3863472.21,873798195.6146
34,2186039312.165,3.2703,1507147625.2935,3863472.21,675028214.6615
35,2128757653.3458,3.3651,1559522085.8686,4397261.46,564838306.0173
36,2081504110.2604,3.4597,1514421209.3271,4656163.72,562426737.2133
37,2041757233.4571,3.5564,1474674332.5238,4656163.72,562426737.2133
38,2006726046.4712,3.651,1439452368.8579,4846940.4,562426737.2133
39,1977222219.0306,3.7454,1409948541.4173,4846940.4,562426737.2133
40,1959005342.3245,3.8398,1391731664.7113,4846940.4,562426737.2133
41,1945950681.9024,3.9355,1378250098.7792,5273845.91,562426737.2133
42,1938674044.3873,4.03,1423061501.0225,5455614.65,510156928.7148
43,1938674044.3873,4.127,1423061501.0225,5455614.65,510156928.7148
44,1938674044.3873,4.222,1423061501.0225,5455614.65,510156928.7148
45,1937143895.1377,4.3212,1423061501.0225,6430863.84,507651530.2752
46,1937487220.3477,4.4162,1423061501.0225,6774189.05,507651530.2752
47,1941264832.6684,4.5109,1468282054.9152,7258574.21,465724203.5432
48,1922586422.0637,4.6063,1448897632.2105,7964586.31,465724203.5432
49,1920329855.8154,4.7026,1483115170.281,8583837.05,428630848.4844
50,2269496501.6747,4.7992,1955355657.1025,8583837.05,305557007.5223
51,2245725558.5793,4.8947,1879375693.5845,8050047.8,358299817.1948
52,2219068114.2734,4.99,1836327620.115,8675660.27,374064833.8884
53,2219068114.2734,5.0853,1836327620.115,8675660.27,374064833.8884
54,2219068114.2734,5.1806,1836327620.115,8675660.27,374064833.8884
55,2224216598.1225,5.2763,1841142701.1241,9009063.11,374064833.8884
56,2223241348.9325,5.3712,1841142701.1241,8033813.92,374064833.8884
57,2222898023.7225,5.4657,1841142701.1241,7690488.71,374064833.8884
58,2232468900.8799,5.5613,1850068603.3025,8200239.6,374200057.9773
59,2242303495.6867,5.6595,1897020819.6371,8778960,336503716.0497
60,2204550250.3098,5.755,1847381219.234,8159709.26,349009321.8158
61,2147624675.908,5.8494,1733696004.7818,7409709.26,406518961.8662
62,2059233873.2574,5.9438,1715320447.9477,7409709.26,336503716.0497
63,2073209904.7072,6.0386,1728830456.3176,7875732.34,336503716.0497
64,2064183031.2543,6.1329,1728830456.3176,8824619.72,326527955.2167
65,2064183031.2543,6.2283,1728830456.3176,8824619.72,326527955.2167
66,2059034547.4052,6.3232,1724015375.3085,8491216.88,326527955.2167
67,2059034547.4052,6.4178,1724015375.3085,8491216.88,326527955.2167
68,2059377872.6152,6.5126,1724015375.3085,8834542.09,326527955.2167
69,2049806995.4578,6.6085,1715089473.13,8324791.2,326392731.1278
70,2039972400.651,6.7046,1668137256.7954,7746070.8,364089073.0555
71,2040578513.501,6.7994,1668137256.7954,8352183.65,364089073.0555
72,2058957064.0298,6.8944,1686154375.3743,8713615.6,364089073.0555
73,2078087952.0787,6.9899,1705712168.9332,8286710.09,364089073.0555
74,2052962458.4095,7.0851,1631942777.2619,8286710.09,412732971.0576
75,2034944514.9549,7.1817,1561011048.8791,8286710.09,465646755.9858
76,2034944514.9549,7.2772,1561011048.8791,8286710.09,465646755.9858
77,2040233885.5695,7.3769,1565967016.6537,8620112.93,465646755.9858
78,2040233885.5695,7.4717,1565967016.6537,8620112.93,465646755.9858
79,2039890560.3595,7.5663,1565967016.6537,8276787.72,465646755.9858
80,2051408933.9992,7.6612,1576975639.3934,8786538.62,465646755.9858
81,2066360541.4446,7.7562,1625301653.1536,9365259.02,431693629.271
82,2065754428.5946,7.8511,1625301653.1536,8759146.17,431693629.271
83,2051383101.3277,7.9457,1611396348.9667,8293123.09,431693629.271
84,2069562912.7086,8.0414,1544486056.6144,8111354.35,516965501.7442
85,2033666764.7177,8.1368,1545555955.7651,7626969.19,480483839.7626
86,1999856499.6329,8.2313,1512451702.7803,6920957.09,480483839.7626
87,1999856499.6329,8.3282,1512451702.7803,6920957.09,480483839.7626
88,1988024178.7623,8.423,1500952784.7497,6587554.25,480483839.7626
89,1988024178.7623,8.5175,1500952784.7497,6587554.25,480483839.7626
90,1988367503.9723,8.6129,1500952784.7497,6930879.46,480483839.7626
91,1976849130.3326,8.7086,1489944162.01,6421128.56,480483839.7626
92,1957943408.2866,8.8046,1471399871.914,6059696.61,480483839.7626
93,1942991800.8412,8.899,1423073858.1538,5480976.21,514436966.4774
94,1955889899.6671,8.9947,1435365844.1298,6087089.06,514436966.4774
95,1970261226.934,9.0894,1449271148.3166,6553112.14,514436966.4774
96,1989969808.8228,9.1842,1468399585.2454,7133257.1,514436966.4774
97,2014015143.9686,9.2791,1492444920.3813,7133257.11,514436966.4774
98,11643166330,9.5145,8410995425,673325711,2558845194
99,10859171635,9.7485,7485538410,633325711,2740307514
100,1569853341.632,9.9807,1033186898.4868,36936653.1533,499729789.9919
101,1455360419.317,10.2155,1021894879.2915,36936653.1533,396528886.8723
102,1347453644.7312,10.4516,1031319535.3649,36936653.1533,279197456.2131
103,1237641579.8991,10.6835,964125584.0981,36936653.1533,236579342.6477
104,1154709904.2351,10.9158,955889387.1878,36936653.1533,161883863.8941
105,1087586421.324,11.1473,889489370.9134,36213186.5165,161883863.8941
106,1030361872.2532,11.3807,832264821.8426,36213186.5165,161883863.8941
107,984259378.7419,11.6124,786162328.3313,36213186.5165,161883863.8941
108,945656972.8633,11.8449,747559922.4527,36213186.5165,161883863.8941
109,844519138.8941,12.0777,646422088.4835,36213186.5165,161883863.8941
110,808274146.0974,12.3096,610177095.6868,36213186.5165,161883863.8941
111,772726541.8139,12.5431,576962360.7317,33880317.1881,161883863.8941
112,741731885.7824,12.7775,567268003.435,34812012.0668,139651870.2806
113,711825869.3977,13.0097,539694856.3788,32479142.7383,139651870.2806
114,683967470.2632,13.2438,526999768.6343,32479142.7383,124488558.8906
115,658120926.1025,13.4805,501153224.4736,32479142.7383,124488558.8906
116,624671400.1291,13.7131,480094990.2924,28830462.3813,115745947.4554
117,599510564.2451,13.9448,469065731.4699,28830462.3813,101614370.3939
118,575143082.9843,14.1779,444698250.2091,28830462.3813,101614370.3939
119,552765394.7605,14.409,422787135.851,28363888.5156,101614370.3939
120,533400828.7293,14.6417,403422569.8197,28363888.5156,101614370.3939
121,514281911.1758,14.8747,384303652.2663,28363888.5156,101614370.3939
122,496303434.9449,15.1051,384303652.2663,28363888.5156,83635894.163
123,479190380.9501,15.3376,366898989.6638,28655497.1234,83635894.163
124,463855960.5495,15.5699,351564569.2632,28655497.1234,83635894.163
125,461835887.8747,15.8019,371724341.7432,30353049.5358,59758496.5957
126,447395280.4076,16.0335,357283734.2761,30353049.5358,59758496.5957
127,434380327.9629,16.2658,344268781.8314,30353049.5358,59758496.5957
128,421821197.3282,16.5036,338205441.4989,30353049.5358,53262706.2936
129,409694516.663,16.7345,326078760.8337,30353049.5358,53262706.2936
130,397829740.5234,16.9662,318630973.4555,30353049.5358,48845717.5321
131,385175756.461,17.1982,318630973.4555,30353049.5358,36191733.4698
132,373031277.3132,17.43,318630973.4555,24491135.0837,29909168.774
133,336136824.3085,17.6628,311786154.1987,20634130.5791,3716539.5307
134,325129259.7355,17.895,301272803.3397,20139916.8652,3716539.5307
135,314417552.0029,18.1282,290561095.6071,20139916.8652,3716539.5307
136,303919563.4361,18.3616,280557320.7542,19645703.1512,3716539.5307
137,293478004.0424,18.5944,270115761.3605,19645703.1512,3716539.5307
138,283153825.6122,18.8257,259791582.9303,19645703.1512,3716539.5307
139,274216922.8374,19.0563,251348893.8694,19151489.4373,3716539.5307
140,265515555.0038,19.2913,242647526.0358,19151489.4373,3716539.5307
141,256902007.8336,19.5261,234033978.8656,19151489.4373,3716539.5307
142,248589135.676,19.7587,225681322.0716,19191274.0737,3716539.5307
143,240557134.1495,19.9905,218143534.2591,18697060.3598,3716539.5307
144,231218442.6118,20.2212,209299056.4352,18202846.6459,3716539.5307
145,223944354.7758,20.4541,202024968.5992,18202846.6459,3716539.5307
146,216957785.9908,20.6868,195038399.8142,18202846.6459,3716539.5307
147,210103648.8958,20.9207,188184262.7192,18202846.6459,3716539.5307
148,204040308.5632,21.153,182120922.3866,18202846.6459,3716539.5307
149,198833287.6848,21.3843,177114113.0437,18002635.1105,3716539.5307
150,224604929.8763,21.6194,196089567.617,26385070.5015,2130291.7578
151,215809896.3035,21.8499,182126839.9687,26385070.5015,7297985.8333
152,209846676.9302,22.0808,179785274.76,22763416.3368,7297985.8333
153,202720541.6595,22.3173,172659139.4894,22763416.3368,7297985.8333
154,196195331.1071,22.5535,166133928.9369,22763416.3368,7297985.8333
155,190237309.4003,22.7882,163576044.5476,19363279.0194,7297985.8333
156,183111174.1296,23.0184,156449909.2769,19363279.0194,7297985.8333
157,176686229.1912,23.2489,150024964.3385,19363279.0194,7297985.8333
158,168297206.4633,23.4798,141635941.6106,19363279.0194,7297985.8333
159,162635011.8674,23.7104,135973747.0147,19363279.0194,7297985.8333
160,157147184.0487,23.9406,135973747.0147,13875451.2007,7297985.8333
161,151872334.9893,24.1707,130698897.9553,13875451.2007,7297985.8333
162,141276000.769,24.4017,120102563.7349,13875451.2007,7297985.8333
163,136108306.6934,24.632,120102563.7349,13875451.2007,2130291.7578
164,131075492.3647,24.8625,115069749.4061,13875451.2007,2130291.7578
165,126629013.7736,25.0924,110623270.8151,13875451.2007,2130291.7578
166,122809597.1166,25.3241,106672768.5666,14006536.7921,2130291.7578
167,119333768.362,25.5545,103921270.645,13282205.9592,2130291.7578
168,112501908.471,25.785,97813741.5869,12557875.1263,2130291.7578
169,108995983.3749,26.0155,95032147.3238,11833544.2933,2130291.7578
170,102359360.1513,26.2454,88395524.1002,11833544.2933,2130291.7578
171,99250847.2097,26.4752,88395524.1002,8725031.3517,2130291.7578
172,96303335.1391,26.7077,85448012.0296,8725031.3517,2130291.7578
173,93815218.2864,26.9371,82959895.1768,8725031.3517,2130291.7578
174,91429202.0275,27.1667,80573878.9179,8725031.3517,2130291.7578
175,89391239.7111,27.3978,79714906.0831,9196065.9589,480267.669
176,87452034.3309,27.6284,77775700.703,9196065.9589,480267.669
177,85447273.9476,27.8588,77775700.703,7671573.2445,0
178,83523573.0132,28.0884,75614455.6393,7909117.3739,0
179,81808181.7442,28.3202,73880820.7555,7927360.9887,0
180,80347414.1201,28.5508,72713753.0565,7633661.0636,0
181,73541560.5347,28.7806,66671334.4488,6870226.0858,0
182,72246967.5102,29.0105,65220246.4152,7026721.095,0
183,71216775.2548,29.2399,64190054.1597,7026721.095,0
184,70001725.0088,29.4713,62975003.9138,7026721.095,0
185,68634221.9781,29.7018,61607500.883,7026721.095,0
186,67657563.394,29.9313,60630842.2989,7026721.095,0
187,66914375.0672,30.1618,59925825.721,6988549.3461,0
188,66171186.7404,30.3916,59220809.1431,6950377.5973,0
189,65466170.1625,30.6223,58515792.5652,6950377.5973,0
190,64761153.5846,30.8521,57810775.9873,6950377.5973,0
191,64056137.0067,31.0815,57105759.4094,6950377.5973,0
192,63351120.4287,31.3126,56400742.8315,6950377.5973,0
193,62721066.3211,31.5423,56400742.8315,6320323.4896,0
194,62171056.4506,31.7735,55850732.9609,6320323.4896,0
195,61691301.482,32.0037,55370977.9924,6320323.4896,0
196,61284715.7777,32.2333,54964392.2881,6320323.4896,0
197,60894035.7399,32.4632,54611883.9991,6282151.7408,0
198,60503355.702,32.693,54259375.7102,6243979.9919,0
199,60114043.3964,32.9233,53908235.1534,6205808.243,0
200,59772539.6056,33.1536,48511796.9347,6713340.8309,4547401.84
201,55606086.8056,33.3833,48511796.9347,6713340.8309,380949.04
202,55225137.7656,33.6145,48511796.9347,6713340.8309,0
203,54866431.3329,33.8439,48153090.502,6713340.8309,0
204,54507724.9002,34.0743,47794384.0694,6713340.8309,0
205,54149018.4675,34.3051,47435677.6367,6713340.8309,0
206,53592142.8726,34.536,46878802.0417,6713340.8309,0
207,49537512.7816,34.766,42824171.9507,6713340.8309,0
208,46785655.7005,34.996,39704673.3879,7080982.3126,0
209,46068242.8351,35.2263,38987260.5225,7080982.3126,0
210,45350829.9697,35.4559,38269847.6571,7080982.3126,0
211,44975881.3098,35.6875,37894898.9971,7080982.3126,0
212,44617174.8771,35.9179,37536192.5645,7080982.3126,0
213,44258468.4444,36.1476,37177486.1318,7080982.3126,0
214,43899762.0117,36.3785,36818779.6991,7080982.3126,0
215,43541055.579,36.6081,36460073.2664,7080982.3126,0
216,43182349.1463,36.8377,36101366.8337,7080982.3126,0
217,42823642.7136,37.0674,35742660.401,7080982.3126,0
218,42464936.2809,37.2984,35383953.9683,7080982.3126,0
219,42106229.8482,37.5292,35025247.5356,7080982.3126,0
220,41747523.4156,37.7588,34666541.1029,7080982.3126,0
221,41388816.9829,37.988,34307834.6702,7080982.3126,0
222,41030110.5502,38.2175,33949128.2375,7080982.3126,0
223,40671404.1175,38.4472,33590421.8049,7080982.3126,0
224,40312697.6848,38.6773,33231715.3722,7080982.3126,0
225,42242486.6632,38.9074,30548119.7012,11694366.962,0
226,41912747.2285,39.1369,30218380.2664,11694366.962,0
227,41583007.7937,39.367,29888640.8317,11694366.962,0
228,41253268.3589,39.5973,29558901.3969,11694366.962,0
229,40923528.9241,39.8279,29229161.9621,11694366.962,0
230,40593789.4894,40.0583,28899422.5273,11694366.962,0
231,40264050.0546,40.2885,28569683.0925,11694366.962,0
232,39934310.6198,40.5192,28239943.6578,11694366.962,0
233,39604571.185,40.7495,27910204.223,11694366.962,0
234,39274831.7503,40.9795,27580464.7882,11694366.962,0
235,38945092.3155,41.209,27250725.3534,11694366.962,0
236,38615352.8807,41.4389,26920985.9187,11694366.962,0
237,38285613.4459,41.6687,26591246.4839,11694366.962,0
238,37988750.6815,41.8987,26294383.7195,11694366.962,0
239,37693951.2616,42.129,25999584.2995,11694366.962,0
240,37364211.8268,42.3584,25669844.8648,11694366.962,0
241,37073976.3142,42.5896,25449869.9174,11624106.3968,0
242,36794821.3818,42.8197,25170714.985,11624106.3968,0
243,36476183.7447,43.0493,24790391.0478,11624106.3968,61686.3
244,36197028.8122,43.2795,24511236.1154,11624106.3968,61686.3
245,35937105.9323,43.5098,24251313.2355,11624106.3968,61686.3
246,35684380.8275,43.7401,23921573.8007,11624106.3968,138700.63
247,35456574.3928,43.9695,23262094.9312,11553845.8316,640633.63
248,34954641.3928,44.1994,23262094.9312,11553845.8316,138700.63
249,34726834.958,44.4297,22602616.0616,11483585.2664,640633.63
250,40493788.8767,44.66,17585669.9719,21619126.757,1288992.1477
251,40277009.2658,44.8907,17476054.5409,21619126.757,1181827.9679
252,39912628.7864,45.1158,17111674.0616,21619126.757,1181827.9679
253,34705677.7726,45.3398,11904723.0477,21619126.757,1181827.9679
254,33779721.9226,45.5652,11904723.0477,21619126.757,255872.1179
255,33150869.9873,45.7909,11275871.1125,21619126.757,255872.1179
256,32984501.3937,46.0164,11109502.5189,21619126.757,255872.1179
257,32842426.9149,46.2412,11109502.5189,21619126.757,113797.639
258,32704788.9753,46.4659,10971864.5793,21619126.757,113797.639
259,32567476.6182,46.6898,10966825.5524,21486853.4268,113797.639
260,32435203.2881,46.9138,10966825.5524,21354580.0966,113797.639
261,32302929.9579,47.1379,10966825.5524,21222306.7664,113797.639
262,32170656.6277,47.3616,10966825.5524,21090033.4362,113797.639
263,32038383.2975,47.5864,10966825.5524,20957760.1061,113797.639
264,31906109.9673,47.8116,10966825.5524,20825486.7759,113797.639
265,31773836.6372,48.0365,10966825.5524,20693213.4457,113797.639
266,31641563.307,48.2614,10966825.5524,20560940.1155,113797.639
267,31509289.9768,48.4863,10966825.5524,20428666.7853,113797.639
268,31377016.6466,48.7133,10966825.5524,20296393.4552,113797.639
269,31244743.3164,48.9385,10966825.5524,20164120.125,113797.639
270,31112469.9862,49.1628,10966825.5524,20031846.7948,113797.639
271,30980196.6561,49.3873,10966825.5524,19899573.4646,113797.639
272,30847923.3259,49.6116,10966825.5524,19767300.1344,113797.639
273,30715649.9957,49.8376,10966825.5524,19635026.8043,113797.639
274,30583376.6655,50.0638,10966825.5524,19502753.4741,113797.639
275,41681816.8429,50.2895,8910733.1089,32709397.4341,61686.3
276,39162282.188,50.5143,6391198.4539,32709397.4341,61686.3
277,37425621.954,50.7395,8526337.752,28837597.902,61686.3
278,36314840.3938,50.9633,10597802.257,25655351.8368,61686.3
279,35434685.9784,51.1874,11988624.0997,23384375.5787,61686.3
280,34815621.4462,51.414,11369559.5676,23384375.5787,61686.3
281,34491477.8033,51.6396,11045415.9247,23384375.5787,61686.3
282,32392809.0354,51.8639,8946747.1567,23384375.5787,61686.3
283,32137732.5121,52.0889,8946747.1567,23129299.0554,61686.3
284,31882655.9888,52.3156,8946747.1567,22874222.5321,61686.3
285,30496622.2839,52.5405,7841236.409,22593699.5749,61686.3
286,29634982.4328,52.7647,6979596.5579,22593699.5749,61686.3
287,29379905.9096,52.9888,6979596.5579,22338623.0516,61686.3
288,29124829.3863,53.2135,6979596.5579,22083546.5284,61686.3
289,28869752.863,53.4382,6979596.5579,21828470.0051,61686.3
290,28614676.3398,53.663,6979596.5579,21573393.4818,61686.3
291,28406901.4909,53.8874,7026898.2324,21318316.9586,61686.3
292,28248882.8601,54.1119,7026898.2324,21160298.3278,61686.3
293,28093281.7171,54.3366,7026898.2324,21004697.1847,61686.3
294,27949846.5998,54.5614,6883463.115,21004697.1847,61686.3
295,27806411.4824,54.7862,6740027.9977,21004697.1847,61686.3
296,27662976.3651,55.012,6596592.8803,21004697.1847,61686.3
297,27519541.2477,55.2374,6453157.763,21004697.1847,61686.3
298,27376106.1304,55.4625,6309722.6456,21004697.1847,61686.3
299,27232671.013,55.6869,6166287.5283,21004697.1847,61686.3
300,29213682.0934,55.9111,3893693.8566,25258301.9368,61686.3
301,29144870.883,56.1349,3893693.8566,25189490.7264,61686.3
302,28926920.765,56.3585,3984265.766,24880968.6989,61686.3
303,28809840.2691,56.5826,3867185.2702,24880968.6989,61686.3
304,28748153.9691,56.8062,3867185.2702,24880968.6989,0
305,28709029.395,57.0297,3828060.6961,24880968.6989,0
306,27225538.4591,57.2533,5653642.8196,21571895.6396,0
307,25517036.8315,57.477,3945141.1919,21571895.6396,0
308,25426464.9221,57.7026,3854569.2825,21571895.6396,0
309,25335893.0127,57.9274,3763997.3731,21571895.6396,0
310,25245321.1033,58.1523,3673425.4638,21571895.6396,0
311,25154749.1939,58.3778,3582853.5544,21571895.6396,0
312,25091663.8212,58.6023,3519768.1816,21571895.6396,0
313,25054271.8877,58.8259,3482376.2481,21571895.6396,0
314,25018913.2935,59.0494,3447017.654,21571895.6396,0
315,24989044.7157,59.2732,3417149.0761,21571895.6396,0
316,24961694.4898,59.4985,3389798.8502,21571895.6396,0
317,24936912.8832,59.725,3365017.2437,21571895.6396,0
318,24879035.1688,59.9512,3307139.5293,21571895.6396,0
319,24865140.7586,60.1774,3293245.1191,21571895.6396,0
320,24846636.0118,60.4031,3274740.3723,21571895.6396,0
321,24832741.6016,60.6272,3260845.9621,21571895.6396,0
322,24823711.1294,60.8525,3251815.4899,21571895.6396,0
323,24805255.065,61.0766,3233359.4255,21571895.6396,0
324,24742169.6923,61.3012,3170274.0527,21571895.6396,0
325,26177938.3423,61.5268,1793505.7295,24384432.6128,0
326,26177938.3423,61.7529,1793505.7295,24384432.6128,0
327,26177938.3423,61.9778,1793505.7295,24384432.6128,0
328,26177938.3423,62.2021,1793505.7295,24384432.6128,0
329,11406413.3428,62.2948,11126732.8828,279680.46,0
330,11406413.3428,62.3862,11126732.8828,279680.46,0
331,11749738.5428,62.4775,11126732.8828,623005.66,0
332,12355851.3928,62.5695,11126732.8828,1229118.51,0
333,32401668.7025,62.6612,30436166.9425,1965501.76,0
334,108956363.9434,62.8847,1793505.7295,107162858.2139,0
335,56111349.5061,63.108,1793505.7295,54317843.7766,0
336,26177938.3423,63.3318,1793505.7295,24384432.6128,0
337,26177938.3423,63.5581,1793505.7295,24384432.6128,0
338,26172828.1651,63.7853,1788395.5524,24384432.6128,0
339,26162384.2198,64.0097,1777951.607,24384432.6128,0
340,26162384.2198,64.2361,1777951.607,24384432.6128,0
341,26162384.2198,64.4635,1777951.607,24384432.6128,0
342,26162384.2198,64.6883,1777951.607,24384432.6128,0
343,26162384.2198,64.9135,1777951.607,24384432.6128,0
344,11309917.0991,65.0066,11030236.6391,279680.46,0
345,11309917.0991,65.0982,11030236.6391,279680.46,0
346,11916029.9491,65.1902,11030236.6391,885793.31,0
347,11916029.9491,65.2822,11030236.6391,885793.31,0
348,25602480.0115,65.3742,23980303.4515,1622176.56,0
349,145297673.8504,65.6011,3865358.5098,141432315.3406,0
350,86591993.1026,65.8259,369140.7839,86222852.3187,0
351,27593151.9914,66.0512,369140.7839,27224011.2075,0
352,27593151.9914,66.276,369140.7839,27224011.2075,0
353,27593151.9914,66.5003,369140.7839,27224011.2075,0
354,27592091.0093,66.7254,368079.8018,27224011.2075,0
355,27592091.0093,66.9503,368079.8018,27224011.2075,0
356,27592091.0093,67.1763,368079.8018,27224011.2075,0
357,27592091.0093,67.4025,368079.8018,27224011.2075,0
358,27592091.0093,67.6287,368079.8018,27224011.2075,0
359,11278214.0635,67.722,10998533.6035,279680.46,0
360,11278214.0635,67.8143,10998533.6035,279680.46,0
361,11278214.0635,67.9067,10998533.6035,279680.46,0
362,11884326.9135,67.9985,10998533.6035,885793.31,0
363,25570776.9759,68.0906,23948600.4159,1622176.56,0
364,158693003.5939,68.3168,790828.912,157902174.6819,0
365,158693003.5939,68.5427,790828.912,157902174.6819,0
366,86590932.1205,68.7672,368079.8018,86222852.3187,0
367,27592091.0093,68.9915,368079.8018,27224011.2075,0
368,27592091.0093,69.2152,368079.8018,27224011.2075,0
369,27592091.0093,69.4392,368079.8018,27224011.2075,0
370,27592091.0093,69.6645,368079.8018,27224011.2075,0
371,27592091.0093,69.8914,368079.8018,27224011.2075,0
372,11278214.0635,69.9867,10998533.6035,279680.46,0
373,11278214.0635,70.0796,10998533.6035,279680.46,0
374,11278214.0635,70.1716,10998533.6035,279680.46,0
375,16477369.4133,70.2631,13492900.5662,693559.8071,2290909.04
376,28025652.0556,70.3561,22300032.0222,2241831.3534,3483788.68
377,29883000.0493,70.5805,368079.8018,27224011.2075,2290909.04
378,27592091.0093,70.805,368079.8018,27224011.2075,0
379,27592091.0093,71.0293,368079.8018,27224011.2075,0
380,27592091.0093,71.2534,368079.8018,27224011.2075,0
381,27592091.0093,71.4774,368079.8018,27224011.2075,0
382,27592091.0093,71.7027,368079.8018,27224011.2075,0
383,14186460.3733,71.7958,13492900.5662,693559.8071,0
384,14186460.3733,71.8872,13492900.5662,693559.8071,0
385,14186460.3733,71.9788,13492900.5662,693559.8071,0
386,15689516.7947,72.0708,13492900.5662,2196616.2285,0
387,33402645.2564,72.1629,29379924.2481,4022721.0084,0
388,86590932.1205,72.3877,368079.8018,86222852.3187,0
389,27592091.0093,72.6126,368079.8018,27224011.2075,0
390,27592091.0093,72.8389,368079.8018,27224011.2075,0
391,27592091.0093,73.0629,368079.8018,27224011.2075,0
392,27592091.0093,73.2887,368079.8018,27224011.2075,0
393,27592091.0093,73.5161,368079.8018,27224011.2075,0
394,14186460.3733,73.6098,13492900.5662,693559.8071,0
395,14186460.3733,73.7018,13492900.5662,693559.8071,0
396,14186460.3733,73.7938,13492900.5662,693559.8071,0
397,16477369.4133,73.8855,13492900.5662,693559.8071,2290909.04
398,28025652.0556,73.9771,22300032.0222,2241831.3534,3483788.68
399,29883000.0493,74.2008,368079.8018,27224011.2075,2290909.04
400,25649872.9147,74.4247,170423.1774,25479449.7373,0
401,25649872.9147,74.6485,170423.1774,25479449.7373,0
402,25649872.9147,74.8721,170423.1774,25479449.7373,0
403,25649872.9147,75.0961,170423.1774,25479449.7373,0
404,25649872.9147,75.3205,170423.1774,25479449.7373,0
405,14186460.3733,75.4133,13492900.5662,693559.8071,0
406,14186460.3733,75.5051,13492900.5662,693559.8071,0
407,14186460.3733,75.5973,13492900.5662,693559.8071,0
408,15689516.7947,75.689,13492900.5662,2196616.2285,0
409,33610348.2405,75.781,29305575.8451,3460711.4354,844060.96
410,78759714.9914,76.0048,370146.4579,71918776.1754,6470792.3581
411,25649872.9147,76.2297,170423.1774,25479449.7373,0
412,25649872.9147,76.4548,170423.1774,25479449.7373,0
413,25649872.9147,76.6787,170423.1774,25479449.7373,0
414,25649872.9147,76.9026,170423.1774,25479449.7373,0
415,25649872.9147,77.1273,170423.1774,25479449.7373,0
416,14186460.3733,77.2205,13492900.5662,693559.8071,0
417,14186460.3733,77.3116,13492900.5662,693559.8071,0
418,14186460.3733,77.4032,13492900.5662,693559.8071,0
419,16477369.4133,77.4946,13492900.5662,693559.8071,2290909.04
420,28025652.0556,77.5883,22300032.0222,2241831.3534,3483788.68
421,43212581.548,77.8154,170423.1774,25479449.7373,17562708.6333
422,25649872.9147,78.0419,170423.1774,25479449.7373,0
423,25649872.9147,78.2678,170423.1774,25479449.7373,0
424,25649872.9147,78.4931,170423.1774,25479449.7373,0
425,27920580.4906,78.7183,138360.1,27782220.3906,0
426,27920580.4906,78.9425,138360.1,27782220.3906,0
427,14186460.3733,79.0349,13492900.5662,693559.8071,0
428,14186460.3733,79.1263,13492900.5662,693559.8071,0
429,14186460.3733,79.2186,13492900.5662,693559.8071,0
430,15689516.7947,79.3113,13492900.5662,2196616.2285,0
431,33610348.2405,79.4032,29305575.8451,3460711.4354,844060.96
432,79563188.9244,79.628,300507.84,78418620.1244,844060.96
433,27920580.4906,79.8539,138360.1,27782220.3906,0
434,27920580.4906,80.0813,138360.1,27782220.3906,0
435,27920580.4906,80.3076,138360.1,27782220.3906,0
436,27920580.4906,80.5335,138360.1,27782220.3906,0
437,27920580.4906,80.7593,138360.1,27782220.3906,0
438,14186460.3733,80.8522,13492900.5662,693559.8071,0
439,14186460.3733,80.9439,13492900.5662,693559.8071,0
440,14186460.3733,81.0361,13492900.5662,693559.8071,0
441,16477369.4133,81.1277,13492900.5662,693559.8071,2290909.04
442,28025652.0556,81.2194,22300032.0222,2241831.3534,3483788.68
443,30211489.5306,81.4431,138360.1,27782220.3906,2290909.04
444,27920580.4906,81.6693,138360.1,27782220.3906,0
445,27920580.4906,81.8937,138360.1,27782220.3906,0
446,27920580.4906,82.1189,138360.1,27782220.3906,0
447,27920580.4906,82.3447,138360.1,27782220.3906,0
448,27920580.4906,82.5695,138360.1,27782220.3906,0
449,14186460.3733,82.6622,13492900.5662,693559.8071,0
450,14526909.0618,82.7542,13159583.3104,1367325.7514,0
451,14526909.0618,82.8457,13159583.3104,1367325.7514,0
452,17490125.3982,82.937,13159583.3104,4330542.0878,0
453,36248352.3653,83.0287,28581635.5721,6822655.8332,844060.96
454,79563188.9244,83.2536,300507.84,78418620.1244,844060.96
455,27920580.4906,83.4777,138360.1,27782220.3906,0
456,27920580.4906,83.7033,138360.1,27782220.3906,0
457,27920580.4906,83.9283,138360.1,27782220.3906,0
458,27920580.4906,84.1528,138360.1,27782220.3906,0
459,27920580.4906,84.3777,138360.1,27782220.3906,0
460,14526909.0618,84.4707,13159583.3104,1367325.7514,0
461,14526909.0618,84.5629,13159583.3104,1367325.7514,0
462,14526909.0618,84.6545,13159583.3104,1367325.7514,0
463,16817818.1018,84.7463,13159583.3104,1367325.7514,2290909.04
464,29652621.4054,84.8382,21749150.8057,4419681.9197,3483788.68
465,30211489.5306,85.062,138360.1,27782220.3906,2290909.04
466,27920580.4906,85.2891,138360.1,27782220.3906,0
467,27920580.4906,85.5165,138360.1,27782220.3906,0
468,27920580.4906,85.7415,138360.1,27782220.3906,0
469,27920580.4906,85.9655,138360.1,27782220.3906,0
470,27920580.4906,86.1899,138360.1,27782220.3906,0
471,14526909.0618,86.2825,13159583.3104,1367325.7514,0
472,14526909.0618,86.3741,13159583.3104,1367325.7514,0
473,14526909.0618,86.4662,13159583.3104,1367325.7514,0
474,17490125.3982,86.5581,13159583.3104,4330542.0878,0
475,58007864.0874,86.6508,22610232.1503,34553570.9771,844060.96
476,79563188.9244,86.8757,300507.84,78418620.1244,844060.96
477,27920580.4906,87.0999,138360.1,27782220.3906,0
478,27920580.4906,87.3242,138360.1,27782220.3906,0
479,27920580.4906,87.549,138360.1,27782220.3906,0
480,27920580.4906,87.7742,138360.1,27782220.3906,0
481,27920580.4906,87.9977,138360.1,27782220.3906,0
482,17335091.6412,88.0912,10410224.177,6924867.4643,0
483,17335091.6412,88.1832,10410224.177,6924867.4643,0
484,17335091.6412,88.2747,10410224.177,6924867.4643,0
485,19626000.6812,88.3671,10410224.177,6924867.4643,2290909.04
486,43072637.8137,88.46,17205220.7282,22383628.4055,3483788.68
487,30211489.5306,88.684,138360.1,27782220.3906,2290909.04
488,27920580.4906,88.9082,138360.1,27782220.3906,0
489,27920580.4906,89.1318,138360.1,27782220.3906,0
490,27920580.4906,89.3572,138360.1,27782220.3906,0
491,27920580.4906,89.5832,138360.1,27782220.3906,0
492,27920580.4906,89.8076,138360.1,27782220.3906,0
493,17335091.6412,89.9006,10410224.177,6924867.4643,0
494,17335091.6412,89.9925,10410224.177,6924867.4643,0
495,17335091.6412,90.0843,10410224.177,6924867.4643,0
496,32342400.8921,90.1765,10410224.177,21932176.7151,0
497,58007864.0874,90.2686,22610232.1503,34553570.9771,844060.96
498,79563188.9244,90.4932,300507.84,78418620.1244,844060.96
499,27920580.4906,90.7181,138360.1,27782220.3906,0
500,27967810.7852,90.9429,138360.1,27829450.6852,0
501,27967810.7852,91.1679,138360.1,27829450.6852,0
502,27967810.7852,91.3936,138360.1,27829450.6852,0
503,27967810.7852,91.6196,138360.1,27829450.6852,0
504,17335091.6412,91.7126,10410224.177,6924867.4643,0
505,17335091.6412,91.8041,10410224.177,6924867.4643,0
506,17335091.6412,91.8955,10410224.177,6924867.4643,0
507,19626000.6812,91.9872,10410224.177,6924867.4643,2290909.04
508,43072637.8137,92.079,17205220.7282,22383628.4055,3483788.68
509,30258719.8252,92.3031,138360.1,27829450.6852,2290909.04
510,27967810.7852,92.5275,138360.1,27829450.6852,0
511,27967810.7852,92.7522,138360.1,27829450.6852,0
512,27967810.7852,92.9767,138360.1,27829450.6852,0
513,27967810.7852,93.2014,138360.1,27829450.6852,0
514,27967810.7852,93.4271,138360.1,27829450.6852,0
515,17335091.6412,93.5205,10410224.177,6924867.4643,0
516,17335091.6412,93.6125,10410224.177,6924867.4643,0
517,17335091.6412,93.7055,10410224.177,6924867.4643,0
518,32342400.8921,93.7981,10410224.177,21932176.7151,0
519,58007864.0874,93.8898,22610232.1503,34553570.9771,844060.96
520,79696502.0463,94.1134,300507.84,78551933.2463,844060.96
521,27967810.7852,94.3391,138360.1,27829450.6852,0
522,27967810.7852,94.5636,138360.1,27829450.6852,0
523,27967810.7852,94.7873,138360.1,27829450.6852,0
524,27967810.7852,95.0124,138360.1,27829450.6852,0
525,27968044.8364,95.2369,138360.1,27829684.7364,0
526,17335091.6412,95.3297,10410224.177,6924867.4643,0
527,17335091.6412,95.4212,10410224.177,6924867.4643,0
528,17335091.6412,95.5127,10410224.177,6924867.4643,0
529,19626000.6812,95.6052,10410224.177,6924867.4643,2290909.04
530,43072637.8137,95.6976,17205220.7282,22383628.4055,3483788.68
531,30258953.8764,95.9216,138360.1,27829684.7364,2290909.04
532,27968044.8364,96.1471,138360.1,27829684.7364,0
533,27968044.8364,96.372,138360.1,27829684.7364,0
534,27968044.8364,96.5974,138360.1,27829684.7364,0
535,27968044.8364,96.8221,138360.1,27829684.7364,0
536,27968044.8364,97.0462,138360.1,27829684.7364,0
537,17335091.6412,97.1394,10410224.177,6924867.4643,0
538,17335091.6412,97.2312,10410224.177,6924867.4643,0
539,17335091.6412,97.3244,10410224.177,6924867.4643,0
540,32342400.8921,97.4163,10410224.177,21932176.7151,0
541,58007864.0874,97.5083,22610232.1503,34553570.9771,844060.96
542,79697162.6834,97.7335,300507.84,78552593.8834,844060.96
543,27968044.8364,97.9573,138360.1,27829684.7364,0
544,27968044.8364,98.1829,138360.1,27829684.7364,0
545,27968044.8364,98.4081,138360.1,27829684.7364,0
546,27968044.8364,98.6335,138360.1,27829684.7364,0
547,27968044.8364,98.8587,138360.1,27829684.7364,0
548,17335091.6412,98.9511,10410224.177,6924867.4643,0
549,17335091.6412,99.0424,10410224.177,6924867.4643,0
550,19481349.4263,99.134,8308924.3943,11172425.032,0
551,21772258.4663,99.2254,8308924.3943,11172425.032,2290909.04
552,53329383.5475,99.3169,13732353.4812,36113241.3862,3483788.68
553,30258953.8764,99.5421,138360.1,27829684.7364,2290909.04
554,27968044.8364,99.7666,138360.1,27829684.7364,0
555,27968044.8364,99.9913,138360.1,27829684.7364,0
556,27968044.8364,100.2156,138360.1,27829684.7364,0
557,27968044.8364,100.4414,138360.1,27829684.7364,0
558,27968044.8364,100.6673,138360.1,27829684.7364,0
559,19481349.4263,100.7614,8308924.3943,11172425.032,0
560,19481349.4263,100.8543,8308924.3943,11172425.032,0
561,19481349.4263,100.9474,8308924.3943,11172425.032,0
562,43693803.802,101.0405,8308924.3943,35384879.4077,0
563,74638378.7034,101.1329,18046365.4077,55747952.3357,844060.96
564,79697162.6834,101.3562,300507.84,78552593.8834,844060.96
565,27968044.8364,101.581,138360.1,27829684.7364,0
566,27968044.8364,101.8068,138360.1,27829684.7364,0
567,27968044.8364,102.0326,138360.1,27829684.7364,0
568,27968044.8364,102.2571,138360.1,27829684.7364,0
569,27968044.8364,102.482,138360.1,27829684.7364,0
570,19481349.4263,102.5757,8308924.3943,11172425.032,0
571,19481349.4263,102.6672,8308924.3943,11172425.032,0
572,19481349.4263,102.7592,8308924.3943,11172425.032,0
573,21772258.4663,102.851,8308924.3943,11172425.032,2290909.04
574,53329383.5475,102.9425,13732353.4812,36113241.3862,3483788.68
575,35518489.0953,103.1676,138360.1,26859552.3631,8520576.6322
576,26997912.4631,103.3933,138360.1,26859552.3631,0
577,26997912.4631,103.6182,138360.1,26859552.3631,0
578,26997912.4631,103.8441,138360.1,26859552.3631,0
579,26997912.4631,104.0702,138360.1,26859552.3631,0
580,26997912.4631,104.2949,138360.1,26859552.3631,0
581,19481349.4263,104.3884,8308924.3943,11172425.032,0
582,19481349.4263,104.4803,8308924.3943,11172425.032,0
583,19481349.4263,104.5717,8308924.3943,11172425.032,0
584,43693803.802,104.6635,8308924.3943,35384879.4077,0
585,74638378.7034,104.7559,18046365.4077,55747952.3357,844060.96
586,79254103.1867,104.9814,300507.84,75814279.9193,3139315.4274
587,26997912.4631,105.2053,138360.1,26859552.3631,0
588,26997912.4631,105.4294,138360.1,26859552.3631,0
589,26997912.4631,105.6559,138360.1,26859552.3631,0
590,26997912.4631,105.8799,138360.1,26859552.3631,0
591,26997912.4631,106.1048,138360.1,26859552.3631,0
592,19481349.4263,106.1982,8308924.3943,11172425.032,0
593,19481349.4263,106.2893,8308924.3943,11172425.032,0
594,19481349.4263,106.3815,8308924.3943,11172425.032,0
595,21772258.4663,106.4731,8308924.3943,11172425.032,2290909.04
596,53329383.5475,106.5655,13732353.4812,36113241.3862,3483788.68
597,35518489.0953,106.79,138360.1,26859552.3631,8520576.6322
598,26997912.4631,107.0149,138360.1,26859552.3631,0
599,26997912.4631,107.2397,138360.1,26859552.3631,0
600,27963074.2166,107.4636,138360.1,27824714.1166,0
601,27963074.2166,107.6901,138360.1,27824714.1166,0
602,27963074.2166,107.914,138360.1,27824714.1166,0
603,19481349.4263,108.0068,8308924.3943,11172425.032,0
604,19481349.4263,108.0983,8308924.3943,11172425.032,0
605,19481349.4263,108.1899,8308924.3943,11172425.032,0
606,43693803.802,108.2818,8308924.3943,35384879.4077,0
607,74638378.7034,108.3733,18046365.4077,55747952.3357,844060.96
608,79683132.5181,108.5969,300507.84,78538563.7181,844060.96
609,27963074.2166,108.8214,138360.1,27824714.1166,0
610,27963074.2166,109.0472,138360.1,27824714.1166,0
611,27963074.2166,109.2721,138360.1,27824714.1166,0
612,27963074.2166,109.4976,138360.1,27824714.1166,0
613,27963074.2166,109.7228,138360.1,27824714.1166,0
614,19481349.4263,109.817,8308924.3943,11172425.032,0
615,19481349.4263,109.9093,8308924.3943,11172425.032,0
616,19481349.4263,110.0014,8308924.3943,11172425.032,0
617,21772258.4663,110.0931,8308924.3943,11172425.032,2290909.04
618,53329383.5475,110.1851,13732353.4812,36113241.3862,3483788.68
619,30253983.2566,110.4109,138360.1,27824714.1166,2290909.04
620,27963074.2166,110.6363,138360.1,27824714.1166,0
621,27963074.2166,110.8614,138360.1,27824714.1166,0
622,27963074.2166,111.0863,138360.1,27824714.1166,0
623,27963074.2166,111.312,138360.1,27824714.1166,0
624,27963074.2166,111.537,138360.1,27824714.1166,0
625,21940639.1663,111.6321,5901149.7866,16039489.3798,0
626,21940639.1663,111.7249,5901149.7866,16039489.3798,0
627,21940639.1663,111.8175,5901149.7866,16039489.3798,0
628,56700810.1861,111.9095,5901149.7866,50799660.3996,0
629,91563775.4391,112.0014,37160941.7195,50799660.3996,3603173.32
630,32299173.8466,112.2271,871286.41,27824714.1166,3603173.32
631,24149421.41,112.4529,1442720.13,0,22706701.28
632,5205893.45,112.6777,1602720.13,0,3603173.32
633,869793.82,112.9043,869793.82,0,0
634,773871.24,113.1309,773871.24,0,0
635,693871.24,113.3568,693871.24,0,0
636,671989.22,113.583,671989.22,0,0
637,665203.13,113.8069,665203.13,0,0
638,661203.13,114.0308,661203.13,0,0
639,657203.13,114.2547,657203.13,0,0
640,653203.13,114.4788,653203.13,0,0
641,649203.13,114.7029,649203.13,0,0
642,645203.13,114.9271,645203.13,0,0
643,641203.13,115.1515,641203.13,0,0
644,637203.13,115.3762,637203.13,0,0
645,637203.13,115.6003,637203.13,0,0
646,637203.13,115.8251,637203.13,0,0
647,637203.13,116.0499,637203.13,0,0
648,637203.13,116.274,637203.13,0,0
649,27177134.9876,116.3668,27177134.9876,0,0
650,63720313,116.4585,63720313,0,0
651,63720313,116.55,63720313,0,0
652,64326425.85,116.6413,63720313,606112.85,0
653,66617334.89,116.7328,63720313,606112.85,2290909.04
654,2928112.17,116.9569,637203.13,0,2290909.04
655,637203.13,117.1812,637203.13,0,0
656,637203.13,117.406,637203.13,0,0
657,637203.13,117.6314,637203.13,0,0
658,637203.13,117.8563,637203.13,0,0
659,637203.13,118.081,637203.13,0,0
660,63720313,118.1749,63720313,0,0
661,63720313,118.266,63720313,0,0
662,63720313,118.3579,63720313,0,0
663,74846720.29,118.4499,72751400,624346.01,1470974.28
664,60596137.13,118.5414,32196230,824026.47,27575880.66
665,61202249.98,118.6336,32196230,1430139.32,27575880.66
666,63215064.38,118.7254,32196230,1430139.32,29588695.06
667,80542501.91,118.8172,48411004,1939890.21,30191607.7
668,107165009.06,118.9097,96502134,2567140.94,8095734.12
669,204838702.5818,119.1342,874710.47,193283840.8318,10680151.28
670,153359792.6003,119.359,712562.73,142569991.2303,10077238.64
671,133836755.9287,119.5835,768114.43,122704278.3587,10364363.14
672,112661387.6039,119.8085,368114.43,82909272.1339,29384001.04
673,98010139.9439,120.0331,1009861.5,82909272.1339,14091006.31
674,37709478.3473,120.258,1009861.5,22608610.5373,14091006.31
675,368992222.1246,120.4826,2141513.24,13624752.9111,353225955.9735
676,278275178.628,120.7074,2152225.2577,13624752.9111,262498200.4592
677,207119334.1085,120.932,2152225.2577,13624752.9111,191342355.9397
678,158994681.0015,121.1569,2152225.2577,13624752.9111,143217702.8327
679,153549715.2893,121.3814,2152225.2577,13624752.9111,137772737.1205
680,153224744.7276,121.6099,1827254.696,13624752.9111,137772737.1205
681,153222119.0246,121.8358,1824628.993,13624752.9111,137772737.1205
682,91636893.9131,122.0602,1729128.2754,13624752.9111,76283012.7266
683,78009700.5366,122.2842,1726687.81,0,76283012.7266
684,8798253.1783,122.5081,8189.4982,0,8790063.6801
685,4588503.6324,122.7324,8189.4982,0,4580314.1342
686,8189.4982,122.9574,8189.4982,0,0
687,103.1835,123.1824,103.1835,0,0
688,0,123.4074,0,0,0
