1,18949771211,0.032864,17674681755,0,1275089456
2,15955937375,0.050344,14728350760,0,1227586615
3,13635105329,0.067816,12478350760,0,1156754569
4,11819702355,0.085443,10595898365,0,1223803990
5,9877151112,0.10274,9095898365,0,781252747
6,8377151112,0.12093,7595898365,0,781252747
7,6981610027,0.13933,6049196490,0,932413537
8,5950469371,0.15668,4785621280,0,1164848091
9,5075238126,0.17391,3914214285,0,1161023841
10,4364330225,0.19126,3173139800,0,1191190425
11,3706059713,0.20856,2730818675,25275029,949966009
12,3137002888,0.22589,2161761850,25275029,949966009
13,2743576264,0.24357,1754718040,38892215,949966009
14,2426915149,0.26083,1438056925,38892215,949966009
15,2143528322,0.27829,1438056925,51331184,654140213
16,1650146645,0.29554,1235326180,51331184,363489281
17,1488132005,0.31278,1073311540,51331184,363489281
18,1488132005,0.33049,1073311540,51331184,363489281
19,1525829290,0.34762,1073311540,51331184,401186566
20,1576812077,0.36478,1073311540,102313971,401186566
21,1631915669,0.38204,1073311540,157417563,401186566
22,1407915669,0.42373,993311540,157417563,257186566
23,1307873494,0.46461,893269365,157417563,257186566
24,1142758294,0.50542,728154165,157417563,257186566
25,146503101.2639,0.54629,96328462.1721,23842246.8278,26332392.264
26,90175598.5886,0.5875,66333351.7608,23842246.8278,0
27,79718621.1392,0.62853,55876374.3114,23842246.8278,0
28,69523581.0321,0.66923,45681334.2043,23842246.8278,0
29,61932935.4768,0.71007,45681334.2043,16251601.2725,0
30,54449221.0457,0.75115,38197619.7733,16251601.2725,0
31,47426225.7836,0.79228,38197619.7733,9228606.0104,0
32,41226687.4725,0.83373,33100099.7197,8126587.7528,0
33,36115880.0958,0.87508,27989292.343,8126587.7528,0
34,31018360.0422,0.9161,22891772.2895,8126587.7528,0
35,25920839.9887,0.95698,17794252.2359,8126587.7528,0
36,20823319.9352,1.0022,12696732.1824,8126587.7528,0
37,15885693.156,1.0449,7759105.4032,8126587.7528,0
38,11249724.18,1.0861,4225154.6848,7024569.4952,0
39,9158057.8314,1.1273,2073735.514,7024569.4952,59752.8223
40,7282259.3828,1.1682,2073735.514,5148771.0466,59752.8223
41,5568763.0149,1.2104,2073735.514,3435274.6786,59752.8223
42,3855337.3698,1.2514,1462328.1265,2333256.421,59752.8223
43,2753319.1122,1.2925,1462328.1265,1231238.1634,59752.8223
44,1697719.1034,1.3334,1462328.1265,175638.1546,59752.8223
45,692815.0274,1.3744,457424.0504,175638.1546,59752.8223
46,239291.217,1.4154,3900.24,175638.1546,59752.8223
47,179538.3947,1.4564,3900.24,175638.1546,0
48,124437.4818,1.4976,3900.24,120537.2417,0
49,69336.5689,1.5386,3900.24,65436.3289,0
50,448308.2212,1.5799,0,448308.2212,0
51,448308.2212,1.6208,0,448308.2212,0
52,448308.2212,1.6618,0,448308.2212,0
53,448308.2212,1.7029,0,448308.2212,0
54,475029,1.7216,0,475029,0
55,47913998,1.7389,0,47913998,0
56,98896785,1.756,0,98896785,0
57,160204217,1.7732,0,160204217,0
58,160204217,1.7905,0,160204217,0
59,103077633.1503,1.8324,0,103077633.1503,0
60,56292726.1712,1.8732,0,45218795.5112,11073930.66
61,11522238.8812,1.914,0,448308.2212,11073930.66
62,6751790.7212,1.955,0,448308.2212,6303482.5
63,5210443.4712,1.9961,0,448308.2212,4762135.25
64,4818109.2712,2.0371,0,448308.2212,4369801.05
65,4440609.606,2.0782,0,70808.556,4369801.05
66,4190486.706,2.1191,0,70808.556,4119678.15
67,4130486.706,2.1607,0,70808.556,4059678.15
68,4090486.706,2.2021,0,70808.556,4019678.15
69,4090486.706,2.2436,0,70808.556,4019678.15
70,4090486.706,2.2862,0,70808.556,4019678.15
71,1450486.706,2.3276,0,70808.556,1379678.15
72,1450486.706,2.3705,0,70808.556,1379678.15
73,727247.156,2.4115,0,70808.556,656438.6
74,183310.256,2.4524,0,70808.556,112501.7
75,28981.9853,2.4934,0,28981.9853,0
76,0,2.534,0,0,0
