1,17825338248,0.036219,14988173405,0,2837164843
2,15808494157,0.059754,14259383115,0,1549111042
3,14192564147,0.08325,12575947940,0,1616616207
4,12692564147,0.10654,11075947940,0,1616616207
5,11362050727,0.12967,9740923390,0,1621127337
6,9690936317,0.15294,8387286750,24608060,1279041507
7,8547573871,0.17611,6887286750,24608060,1635679061
8,7495189552,0.19942,6887286750,25843381,582059421
9,6516196446,0.22255,5952101590,25843381,538251475
10,5679362296,0.24577,5202101590,25843381,451417325
11,4929362296,0.26906,4452101590,25843381,451417325
12,4318863136,0.2921,3841602430,25843381,451417325
13,3767048356,0.31558,3289787650,25843381,451417325
14,3327822493,0.33868,2797851445,78553723,451417325
15,2952822493,0.36202,2422851445,78553723,451417325
16,2530198312,0.38513,1950948820,78553723,500695769
17,2226347852,0.40857,1647098360,78553723,500695769
18,1923056675,0.4319,1298653425,78553723,545849527
19,1622151775,0.45542,997748525,78553723,545849527
20,1380790875,0.47875,756387625,78553723,545849527
21,1179373095,0.50235,539894040,93629528,545849527
22,990351212,0.52568,396025915,93629528,500695769
23,879272613,0.54907,313902420,106395052,458975141
24,764055180,0.57246,313902420,106395052,343757708
25,156602457.6927,0.59594,25792568.8775,14815562.2609,115994326.5543
26,87548599.4888,0.61955,14123501.6741,14815562.2609,58609535.5538
27,68600545.7337,0.64296,14123501.6741,14815562.2609,39661481.7987
28,36454723.5092,0.66677,21639161.2483,14815562.2609,0
29,27921047.2303,0.69011,11848212.8383,16072834.392,0
30,22673799.6954,0.71377,13940905.827,8732893.8683,0
31,16903434.1014,0.73729,4332553.264,12570880.8374,0
32,13974015.7582,0.76088,1403134.9209,12570880.8374,0
33,13974015.7582,0.78417,1403134.9209,12570880.8374,0
34,13974015.7582,0.80771,1403134.9209,12570880.8374,0
35,13974015.7582,0.83116,1403134.9209,12570880.8374,0
36,13974015.7582,0.85464,1403134.9209,12570880.8374,0
37,75199508,0.91276,0,75199508,0
38,62433984,0.96846,0,62433984,0
39,53405131,1.0239,0,53405131,0
40,45405131,1.0795,0,45405131,0
41,37405131,1.1348,0,37405131,0
42,36169810,1.1902,0,36169810,0
43,36169810,1.2457,0,36169810,0
44,36169810,1.3019,0,36169810,0
45,36169810,1.3581,0,36169810,0
46,36169810,1.4147,0,36169810,0
47,5036663.4721,1.4392,0,5036663.4721,0
48,5036663.4721,1.463,0,5036663.4721,0
49,5036663.4721,1.4863,0,5036663.4721,0
50,36169810,1.5102,0,36169810,0
51,16921932.41,1.5332,313872.41,16608060,0
52,1608468.16,1.5567,1429334.26,0,179133.9
53,1074294.71,1.58,895160.81,0,179133.9
54,1074294.71,1.6034,895160.81,0,179133.9
55,1074294.71,1.6268,895160.81,0,179133.9
56,1074294.71,1.6505,895160.81,0,179133.9
57,1074294.71,1.6741,895160.81,0,179133.9
58,326267932,1.7309,290644200,17710342,17913390
59,299712867,1.7873,264089135,17710342,17913390
60,281799477,1.8432,264089135,17710342,0
61,268354542,1.8993,250644200,17710342,0
62,260793062,1.9551,243082720,17710342,0
63,50148862,2.0105,32438520,17710342,0
64,17710342,2.066,0,17710342,0
65,17710342,2.1216,0,17710342,0
66,17710342,2.1773,0,17710342,0
67,17710342,2.233,0,17710342,0
68,17710342,2.2888,0,17710342,0
69,13374213.41,2.313,663872.41,12710341,0
70,13374213.41,2.3364,663872.41,12710341,0
71,13374213.41,2.361,663872.41,12710341,0
72,13374213.41,2.3846,663872.41,12710341,0
73,13374213.41,2.4083,663872.41,12710341,0
74,17710342,2.4657,0,17710342,0
75,313872.41,2.5224,313872.41,0,0
76,0,2.5793,0,0,0
