1,21218760003,0.047026,16061254550,0,5157505453
2,18517157969,0.078753,14470733110,0,4046424859
3,16129235217,0.11011,12220733110,0,3908502107
4,13949059627,0.14162,10040557520,0,3908502107
5,11849059627,0.17324,9290557520,0,2558502107
6,10245313457,0.20458,7686811350,0,2558502107
7,8755651303,0.23599,6198401760,0,2557249543
8,7779083989,0.26739,5407717770,0,2371366219
9,6970764949,0.29853,4657717770,0,2313047179
10,6295764949,0.33017,4657717770,0,1638047179
11,5666390617,0.36167,3930866760,0,1735523857
12,5191024837,0.39298,2926044260,0,2264980577
13,4305473637,0.42484,2790493060,0,1514980577
14,3834589442,0.45626,2492549605,0,1342039837
15,3381525076,0.48757,2082586590,0,1298938486
16,2940468711,0.51886,1641530225,0,1298938486
17,2547037031,0.54998,1248098545,0,1298938486
18,2258649206,0.58135,959710720,0,1298938486
19,2028646201,0.61261,489431235,0,1539214966
20,1587993753,0.64375,489431235,0,1098562518
21,1438165681,0.67511,489431235,0,948734446
22,1101467176,0.70651,440183190,0,661283986
23,1000324026,0.73762,281246090,57793950,661283986
24,912680781,0.76885,193602845,57793950,661283986
25,398657394.5097,0.80041,8213619.1256,8902786.0167,381540989.3674
26,246839729.1172,0.83217,8213619.1256,8902786.0167,229723323.9749
27,95933962.4726,0.86411,21349776.6498,11402116.1992,63182069.6237
28,32751892.8489,0.89566,21349776.6498,11402116.1992,0
29,19026382.4484,0.92826,7624266.2492,11402116.1992,0
30,18351009.9339,0.95994,6948893.7347,11402116.1992,0
31,18351009.9339,0.99136,6948893.7347,11402116.1992,0
32,18351009.9339,1.0229,6948893.7347,11402116.1992,0
33,18351009.9339,1.054,6948893.7347,11402116.1992,0
34,18351009.9339,1.0855,6948893.7347,11402116.1992,0
35,195027007,1.1624,14965040,180061967,0
36,155027007,1.2384,14965040,140061967,0
37,115557640,1.3133,14965040,100592600,0
38,104384660,1.388,3792060,100592600,0
39,96384660,1.463,3792060,92592600,0
40,96384660,1.5381,3792060,92592600,0
41,96384660,1.6134,3792060,92592600,0
42,96384660,1.6887,3792060,92592600,0
43,96384660,1.7641,3792060,92592600,0
44,6024146.5911,1.7968,160878.5064,5863268.0847,0
45,6024146.5911,1.8289,160878.5064,5863268.0847,0
46,6024146.5911,1.8607,160878.5064,5863268.0847,0
47,6024146.5911,1.8921,160878.5064,5863268.0847,0
48,6024146.5911,1.9238,160878.5064,5863268.0847,0
49,96384660,2.0001,3792060,92592600,0
50,88979569.1407,2.0763,29838.1901,88949730.9505,0
51,88963831.9476,2.1515,14100.9971,88949730.9505,0
52,73317275.8371,2.2267,1461427.8215,71855848.0155,0
53,71869949.0126,2.3018,14100.9971,71855848.0155,0
54,71855848.0155,2.3773,0,71855848.0155,0
55,27754786,2.4535,0,0,27754786
56,2768573.6319,2.5289,2768573.6319,0,0
57,0,2.6054,0,0,0
